-29
-28
-28
-24
-25
-26
-27
-28
-31
-30
-27
-30
-28
-26
-27
-27
-27
-29
-27
-27
-23
-26
-28
-24
-24
-23
-24
-27
-26
-24
-29
-28
-23
-23
-24
-23
-23
-26
-22
-22
-23
-25
-24
-23
-22
-27
-24
-21
-22
-25
-26
-22
-25
-20
-19
-24
-23
-21
-24
-22
-22
-19
-20
-22
-23
-24
-23
-22
-19
-18
-18
-19
-27
-29
-22
-16
-16
-20
-20
-17
-21
-21
-23
-15
-14
-18
-18
-19
-17
-17
-16
-15
-18
-14
-17
-22
-21
-16
-18
-21
-18
-16
-13
-18
-25
-24
-20
-17
-19
-21
-23
-24
-21
-24
-29
-29
-27
-28
-25
-24
-24
-24
-26
-27
-25
-22
-24
-28
-26
-23
-24
-26
-28
-29
-26
-27
-29
-27
-29
-29
-27
-24
-24
-27
-28
-25
-25
-23
-20
-20
-18
-16
-17
-19
-19
-19
-15
-14
-18
-20
-19
-17
-14
-15
-15
-11
-11
-14
-15
-12
-11
-16
-16
-17
-19
-21
-19
-20
-18
-14
-18
-23
-26
-25
-17
-16
-20
-22
-27
-27
-25
-25
-26
-22
-24
-22
-22
-21
-24
-27
-28
-24
-21
-18
-20
-25
-24
-20
-22
-26
-25
-23
-21
-17
-20
-23
-22
-22
-24
-24
-20
-20
-20
-22
-23
-21
-23
-24
-21
-19
-23
-21
-23
-30
-30
-27
-27
-29
-29
-29
-31
-29
-29
-31
-33
-35
-32
-29
-30
-29
-30
-28
-27
-30
-28
-30
-30
-29
-29
-30
-28
-28
-29
-27
-23
-23
-27
-27
-24
-22
-20
-20
-22
-26
-24
-21
-21
-24
-20
-19
-26
-25
-24
-23
-20
-21
-24
-25
-21
-19
-20
-21
-22
-20
-21
-21
-20
-18
-21
-20
-23
-23
-22
-24
-25
-25
-26
-24
-23
-25
-24
-25
-24
-23
-26
-25
-24
-24
-24
-25
-25
-28
-23
-24
-26
-25
-25
-29
-27
-25
-28
-28
-29
-28
-26
-27
-32
-30
-27
-27
-23
-26
-29
-28
-28
-29
-28
-24
-22
-24
-28
-28
-25
-27
-27
-26
-27
-23
-21
-26
-27
-25
-23
-25
-26
-25
-25
-25
-27
-29
-27
-27
-28
-28
-28
-26
-23
-27
-31
-29
-32
-37
-35
-37
-31
-31
-33
-34
-33
-31
-32
-35
-31
-24
-25
-27
-31
-33
-27
-27
-28
-30
-30
-31
-29
-28
-27
-29
-29
-31
-33
-29
-27
-28
-31
-30
-30
-28
-28
-32
-35
-34
-34
-32
-30
-27
-25
-27
-27
-28
-29
-32
-34
-34
-30
-27
-26
-29
-30
-30
-32
-33
-34
-32
-28
-26
-28
-31
-29
-29
-26
-29
-32
-30
-27
-27
-27
-23
-26
-28
-27
-29
-30
-24
-27
-28
-27
-26
-25
-24
-24
-25
-25
-25
-25
-24
-23
-22
-23
-22
-19
-19
-21
-22
-23
-24
-21
-21
-23
-21
-17
-20
-21
-22
-23
-22
-21
-19
-18
-17
-17
-19
-17
-15
-17
-16
-18
-18
-16
-17
-19
-22
-20
-15
-16
-15
-17
-17
-12
-12
-13
-13
-12
-14
-15
-13
-10
-8
-11
-13
-13
-11
-9
-12
-14
-8
-9
-7
-5
-7
-6
-8
-9
-10
-12
-10
-10
-8
-5
-3
-3
-5
-10
-11
-8
-8
-7
-7
-8
-9
-11
-13
-15
-13
-10
-11
-13
-12
-10
-9
-9
-10
-10
-8
-9
-12
-10
-10
-6
-5
-8
-7
-8
-6
-8
-9
-8
-6
-4
-4
-3
-4
-3
-4
-5
-5
-3
-6
-5
-5
-3
-1
-1
-5
-6
-7
-4
-2
-1
0
0
0
-2
2
-1
0
0
-4
-1
-1
0
-2
-1
-2
-3
-3
-2
-4
-7
-9
-5
-4
-3
-1
-3
-6
-5
-4
-7
-7
-6
-6
-3
-2
-5
-8
-12
-10
-7
-7
-8
-6
-8
-7
-8
-7
-5
-5
-3
-6
-10
-9
-4
-5
-4
-1
-2
-1
-2
-3
-2
-2
-1
0
-1
0
3
5
5
3
-1
-4
-1
1
2
1
-2
-3
-3
-3
-2
-5
-4
-5
-5
-6
-4
-2
-4
-4
-3
-5
-1
-3
-3
0
2
1
0
1
-3
-2
1
4
3
5
4
2
3
3
4
4
7
4
4
4
4
5
7
7
8
7
8
6
5
4
3
4
3
3
3
3
6
11
10
8
5
4
4
5
5
4
4
7
5
3
3
4
4
2
1
2
6
6
7
5
4
3
2
4
7
6
6
6
6
9
12
7
7
5
7
8
7
7
7
6
5
8
7
7
3
1
0
3
5
5
2
-1
1
2
1
0
-2
-4
-3
-6
-3
-6
-5
-3
-1
-2
-5
-4
-4
-3
-4
-3
-9
-9
-8
-7
-4
-6
-7
-6
-5
-7
-7
-9
-7
-8
-6
-4
-3
0
-3
-3
-4
-5
-5
-4
-3
-6
-6
-7
-7
-6
-6
-8
-10
-8
-5
-5
-9
-10
-10
-10
-12
-15
-15
-15
-14
-15
-16
-15
-15
-15
-13
-13
-13
-13
-11
-13
-14
-14
-13
-12
-12
-10
-11
-14
-15
-17
-17
-17
-16
-15
-15
-14
-18
-15
-15
-17
-15
-16
-16
-13
-13
-15
-14
-17
-17
-17
-18
-18
-19
-22
-20
-18
-18
-20
-23
-23
-19
-17
-22
-25
-23
-18
-14
-16
-19
-19
-18
-18
-16
-17
-18
-18
-19
-18
-17
-15
-19
-21
-20
-19
-16
-14
-18
-20
-22
-23
-20
-20
-18
-20
-21
-26
-25
-23
-22
-23
-23
-27
-26
-25
-23
-24
-24
-24
-25
-23
-21
-24
-25
-26
-28
-25
-23
-25
-23
-21
-22
-24
-25
-25
-24
-20
-21
-22
-17
-16
-16
-17
-18
-18
-16
-17
-20
-16
-16
-12
-8
-10
-11
-16
-17
-16
-16
-11
-10
-12
-15
-15
-15
-15
-15
-18
-19
-16
-16
-15
-16
-15
-13
-12
-15
-13
-13
-7
-7
-6
-9
-11
-9
-10
-11
-12
-13
-13
-14
-16
-18
-16
-15
-13
-15
-17
-17
-14
-15
-16
-15
-17
-17
-16
-16
-18
-15
-16
-17
-15
-16
-17
-19
-22
-21
-19
-20
-14
-17
-18
-19
-17
-16
-15
-20
-19
-19
-17
-14
-14
-13
-14
-13
-13
-15
-15
-13
-12
-12
-14
-15
-19
-19
-15
-16
-15
-15
-13
-15
-13
-9
-11
-9
-11
-14
-11
-11
-8
-9
-9
-12
-9
-9
-6
-6
-6
-8
-8
-6
-5
-3
-4
-7
-5
-4
-4
-3
-6
-9
-13
-11
-6
-6
-5
-8
-9
-8
-8
-7
-8
-8
-9
-7
-9
-10
-11
-10
-11
-12
-15
-14
-11
-8
-10
-14
-15
-12
-9
-9
-8
-9
-7
-9
-14
-13
-8
-5
-3
-3
-4
-4
-1
-5
-5
-4
-2
-3
-4
-3
-4
-5
-5
-6
-5
-1
0
-1
-1
1
-1
-2
-2
0
-3
-7
-9
-9
-6
-5
-5
-2
-4
-4
-5
-8
-7
-9
-8
-7
-5
-5
-3
-3
-6
-6
-6
-7
-8
-12
-15
-17
-16
-13
-19
-18
-22
-26
-20
-16
-15
-13
-13
-16
-16
-15
-9
-9
-11
-10
-11
-10
-12
-14
-15
-11
-9
-8
-9
-8
-12
-14
-14
-11
-8
-9
-10
-10
-9
-8
-8
-9
-11
-10
-9
-10
-11
-12
-14
-12
-11
-12
-11
-13
-11
-8
-7
-9
-11
-13
-13
-9
-10
-11
-11
-14
-13
-11
-12
-13
-13
-13
-12
-11
-11
-12
-10
-8
-9
-6
-8
-12
-12
-10
-10
-12
-15
-16
-14
-12
-10
-14
-16
-17
-18
-20
-19
-23
-22
-20
-24
-25
-23
-18
-21
-24
-22
-21
-25
-23
-26
-24
-22
-24
-26
-29
-29
-26
-24
-27
-27
-22
-16
-18
-22
-22
-26
-26
-27
-28
-30
-26
-28
-27
-26
-28
-30
-36
-35
-34
-34
-32
-34
-33
-33
-32
-28
-30
-31
-34
-38
-39
-41
-38
-36
-37
-39
-39
-39
-37
-39
-46
-44
-43
-43
-48
-51
-49
-48
-50
-47
-45
-45
-45
-49
-48
-47
-46
-49
-46
-50
-51
-45
-44
-47
-50
-45
-45
-41
-43
-40
-37
-42
-45
-42
-42
-38
-41
-40
-36
-43
-41
-43
-45
-47
-44
-40
-43
-42
-44
-40
-41
-49
-49
-51
-47
-43
-36
-33
-34
-36
-38
-39
-43
-43
-45
-46
-42
-39
-37
-32
-36
-37
-35
-37
-43
-43
-37
-37
-33
-36
-35
-36
-40
-34
-38
-39
-42
-46
-42
-42
-47
-35
-30
-33
-36
-35
-35
-38
-36
-34
-34
-34
-32
-25
-22
-29
-30
-28
-29
-37
-42
-31
-24
-29
-21
-25
-27
-26
-29
-22
-23
-29
-27
-22
-23
-29
-26
-21
-19
-20
-28
-25
-22
-19
-33
-31
-24
-26
-30
-23
-11
-10
-17
-25
-20
-19
-22
-26
-20
-19
-15
-24
-20
-18
-23
-21
-25
-29
-29
-22
-17
-20
-25
-26
-25
-27
-26
-25
-20
-15
-23
-31
-19
-20
-30
-30
-24
-17
-16
-19
-22
-15
-14
-20
-18
-24
-20
-16
-19
-20
-21
-15
-18
-27
-25
-15
-22
-18
-20
-25
-14
-16
-20
-28
-20
-18
-19
-15
-21
-19
-18
-17
-15
-18
-14
-10
-16
-22
-20
-14
-11
-21
-25
-17
-9
-21
-21
-25
-22
-21
-25
-19
-15
-14
-21
-22
-12
-6
-13
-14
-11
-15
-17
-19
-14
-10
-9
-9
-15
-12
-25
-22
-19
-21
-24
-24
-19
-20
-22
-19
-20
-25
-28
-26
-22
-19
-21
-23
-16
-11
-14
-10
-16
-21
-16
-17
-24
-13
-9
-11
-16
-13
-9
-20
-16
-19
-30
-29
-27
-25
-26
-19
-19
-21
-25
-31
-26
-24
-21
-26
-25
-11
-9
-21
-14
-14
-17
-12
-13
-19
-14
-16
-16
-7
-6
-13
-17
-20
-18
-10
-15
-19
-22
-28
-24
-21
-16
-15
-23
-25
-23
-23
-28
-18
-21
-25
-23
-30
-24
-27
-27
-20
-18
-27
-32
-27
-24
-29
-33
-25
-31
-30
-26
-38
-41
-25
-27
-31
-28
-30
-38
-29
-30
-30
-22
-25
-29
-28
-19
-20
-19
-15
-23
-33
-25
-6
-22
-36
-16
-17
-20
-25
-22
-12
-21
-29
-21
-21
-26
-27
-23
-14
-8
-25
-34
-25
-23
-27
-29
-19
-15
-19
-28
-21
-21
-26
-27
-39
-32
-32
-32
-24
-25
-31
-38
-29
-23
-37
-40
-24
-31
-43
-40
-28
-19
-28
-40
-38
-37
-24
-42
-41
-30
-31
-32
-40
-33
-20
-26
-36
-43
-35
-29
-38
-39
-24
-13
-22
-31
-29
-27
-29
-14
-16
-24
-24
-29
-30
-21
-23
-26
-28
-35
-37
-21
-19
-19
-34
-41
-24
-22
-31
-32
-25
-19
-24
-31
-42
-38
-32
-33
-34
-41
-27
-27
-39
-35
-16
-14
-31
-34
-30
-30
-21
-10
-12
-19
-17
-29
-30
-21
-15
-25
-25
-26
-31
-23
-19
-21
-16
-23
-33
-32
-36
-34
-24
-26
-33
-35
-24
-13
-33
-42
-29
-17
-26
-44
-34
-28
-22
-9
-23
-34
-21
-23
-45
-42
-26
-18
-25
-25
-28
-8
-10
-26
-20
-18
-16
-12
-23
-31
-23
-13
-8
-18
-23
-17
-19
-22
-20
-11
-12
-29
-30
-26
-21
-8
-7
-21
-26
-20
-17
-27
-27
-22
-15
-26
-33
-20
-16
-20
-21
-35
-27
-20
-24
-27
-31
-28
-20
-26
-21
-13
-17
-15
-29
-16
-12
-21
-26
-32
-26
-13
-10
-21
-30
-25
-18
-18
-17
-10
-19
-17
-18
-31
-19
-22
-3
-3
-20
-11
-3
-15
-29
-25
-23
-17
-28
-22
-9
1
-4
-21
-12
-11
-21
-20
-21
-20
-11
-10
-21
-15
-8
-18
-15
-18
-24
-18
-16
-7
-8
-16
-12
-15
-18
-17
-11
-8
-14
-17
-14
-3
-9
-20
-10
-10
-16
-23
-26
-21
-17
-14
-23
-19
-2
-12
-28
-25
-16
-15
-18
-26
-19
-12
-7
-13
-10
-14
-22
-23
-24
-18
-14
-19
-16
-10
-9
-9
-7
-12
-22
-16
-13
-11
-13
-24
-25
-14
-16
-19
-14
-11
-11
-18
-23
-16
-3
-10
-16
-11
5
4
1
2
0
3
3
0
-2
-4
-6
-5
-9
-11
-2
2
-1
-7
-1
6
9
4
-1
-1
6
11
2
-2
-9
-7
0
-8
-4
7
1
-7
-15
-11
-8
-14
-17
-12
-4
-4
-7
-5
-10
-9
-5
-16
-13
-9
-8
-5
2
4
0
-4
-8
-6
-5
0
0
0
-7
-5
6
5
0
-3
-1
8
5
4
8
6
6
3
-2
-1
8
9
5
3
8
1
-4
2
-3
0
-2
-1
11
9
6
6
4
1
6
3
-2
10
9
10
10
8
5
1
-3
-2
1
0
-4
-2
-1
-5
-2
3
-2
-10
-8
-7
-9
-15
-16
-5
1
-11
-12
-8
-5
-7
-15
-15
-7
0
-12
-17
-10
-2
-1
-4
-10
-14
-7
-10
-10
-11
-15
-6
-1
5
5
-4
0
2
4
7
1
5
3
-6
2
8
1
-5
-8
-4
-1
-7
-9
1
-1
-13
-9
-3
0
1
-8
-2
4
0
-2
0
-4
0
5
-7
-8
-4
-8
-9
-5
-1
-11
-13
-12
-19
-16
-8
-7
-3
-17
-20
-5
-5
-11
-12
-11
-11
-10
-15
-11
-9
-20
-20
-16
-16
-11
-19
-27
-16
-15
-14
-18
-16
-13
-11
-8
-7
-4
-2
-10
-10
-15
-10
-2
-9
-10
-5
-8
-8
-11
-17
-23
-18
-11
-16
-18
-11
-6
-11
-14
-11
-12
-13
-16
-24
-13
-7
-13
-14
-18
-16
-11
-14
-20
-19
-16
-17
-18
-20
-13
-9
-14
-15
-16
-17
-16
-15
-16
-18
-19
-17
-10
-11
-15
-13
-13
-16
-16
-16
-9
-6
-16
-15
-10
-10
-11
-21
-26
-14
-14
-16
-12
-12
-15
-17
-21
-15
-15
-15
-19
-15
-12
-12
-18
-16
-12
-10
-14
-16
-14
-13
-13
-13
-19
-16
-15
-21
-20
-20
-14
-6
-6
-15
-19
-15
-15
-21
-21
-16
-13
-12
-14
-20
-18
-10
-16
-20
-24
-27
-26
-28
-25
-13
-12
-20
-25
-25
-22
-24
-15
-20
-26
-24
-27
-24
-24
-25
-20
-22
-22
-21
-24
-27
-24
-23
-24
-22
-20
-21
-19
-20
-19
-16
-20
-26
-26
-22
-18
-12
-16
-23
-25
-28
-24
-15
-15
-21
-20
-17
-17
-18
-22
-16
-15
-16
-19
-19
-18
-16
-12
-12
-15
-17
-18
-22
-16
-15
-13
-10
-11
-13
-13
-14
-10
-9
-9
-10
-11
-18
-18
-11
-7
-2
-11
-20
-16
-12
-14
-17
-12
-7
-9
-15
-14
-8
-2
-2
-8
-12
-17
-12
-11
-10
-13
-10
-11
-8
-5
-16
-13
-6
-11
-11
-17
-14
-10
-6
0
0
-2
-5
-10
-8
-2
2
-2
-5
-1
1
-7
-8
-5
0
1
-1
-1
-1
1
2
2
1
-1
5
6
3
4
4
7
4
2
3
4
2
6
8
9
13
8
1
8
9
3
2
7
4
0
-1
-4
-5
0
2
-1
0
-3
-1
-3
-3
6
1
-1
1
-2
6
6
2
1
1
3
-4
-2
-2
-6
-3
-8
-9
-7
-11
-15
-11
-6
-4
-2
-1
-2
-2
-7
-8
-3
-4
-3
0
2
-1
-2
-5
-10
-9
-9
-9
-4
-5
-4
-2
-4
-4
-2
-8
-9
-5
-4
-4
-6
-9
-8
-6
-5
-4
-6
-11
-12
-9
-8
-9
-7
-10
-13
-15
-14
-11
-9
-15
-11
-6
-6
-3
-4
-6
-7
-9
-8
-8
-8
-9
-11
-6
-6
-5
-6
-7
-4
-4
-11
-14
-7
-3
-5
-5
1
-2
-6
-10
-14
-15
-9
-5
-6
-7
-8
-9
-5
-1
-4
-7
-7
-5
-2
1
2
4
-2
-7
-9
-7
0
5
-1
2
1
1
7
7
6
1
-5
-4
-5
1
-1
-1
4
4
3
2
-2
2
4
4
5
1
3
6
8
9
6
1
-2
-6
-8
-2
4
3
0
-3
0
0
2
2
-3
-1
-2
-3
0
1
5
5
1
-2
0
1
0
1
2
3
2
1
-1
-4
-5
-5
-5
-3
-3
0
2
3
3
0
-2
0
0
3
6
7
4
6
5
5
2
3
5
7
10
9
9
11
11
4
1
3
6
6
2
2
2
0
6
5
3
6
10
11
10
9
10
7
5
4
3
6
7
4
0
2
5
5
5
5
9
10
8
8
7
12
12
8
11
13
12
12
12
11
12
16
15
11
14
15
13
14
9
7
11
10
11
13
8
10
11
9
8
8
9
7
7
6
6
8
10
12
10
6
9
11
11
7
8
9
10
11
9
4
3
5
7
5
6
5
9
8
9
13
8
5
2
-2
-1
1
1
2
4
8
7
3
2
2
2
5
5
1
0
1
1
6
6
4
4
0
-2
0
6
9
5
-1
-2
-1
1
4
2
3
3
0
0
0
1
3
3
3
1
1
1
6
11
9
7
4
0
0
2
1
5
3
1
2
0
-3
0
3
3
4
2
2
3
4
4
0
0
2
1
-1
-1
0
-2
-2
0
3
1
-3
-2
-1
0
-1
-4
-2
-1
1
0
-3
-5
-9
-12
-13
-7
-4
-2
-7
-12
-12
-9
-8
-8
-9
-7
-6
-5
-5
-9
-11
-8
-7
-9
-9
-5
-6
-12
-11
-10
-8
-7
-8
-7
-2
0
-1
-3
-5
-4
-6
-6
-4
-3
-3
-3
-2
0
2
0
-2
-5
-6
-2
1
-3
-5
-3
-3
-2
-1
-3
-2
-3
-4
-3
-1
2
2
0
-4
2
3
2
1
1
3
3
0
2
6
7
6
5
5
4
3
2
2
2
3
3
4
3
5
3
3
5
8
6
5
3
4
5
5
3
2
1
3
5
5
6
7
8
6
2
4
8
7
3
2
2
5
10
9
8
5
3
5
6
6
9
7
8
9
7
8
7
6
4
3
1
1
2
3
3
3
3
5
7
7
6
4
4
5
4
1
0
2
5
4
2
3
6
8
8
5
6
6
5
6
9
10
8
5
5
10
14
14
10
4
5
6
5
6
8
8
8
4
5
8
8
7
7
4
5
6
6
7
9
7
7
3
-1
0
4
7
9
10
9
9
8
7
7
8
9
10
7
8
10
8
8
8
6
4
3
4
5
5
8
9
6
6
6
9
9
9
9
9
8
6
5
9
14
13
11
9
9
10
9
9
9
11
8
5
7
9
11
12
12
10
8
8
8
7
7
11
11
9
5
4
6
4
5
6
6
5
3
4
5
6
4
2
0
2
5
5
2
1
4
2
2
4
5
5
2
-1
-3
-3
2
3
2
3
0
1
2
5
5
5
2
-3
-3
-3
-1
3
3
5
3
4
5
6
5
3
3
3
5
7
7
7
8
5
2
0
1
2
3
1
-1
0
2
3
3
2
4
5
0
2
2
4
8
4
2
4
3
0
-1
1
-1
3
3
-2
-1
2
4
3
2
2
4
5
3
0
0
1
-2
-5
-3
2
2
2
2
2
1
-1
-3
0
3
2
0
-2
-3
-2
0
0
-2
-1
-1
-4
-3
-3
-4
-1
0
0
-1
-2
-3
-5
-6
-6
-6
-7
-4
-1
-1
0
-1
2
5
2
1
2
4
5
5
3
6
6
4
3
3
4
5
1
0
3
5
6
3
2
0
0
3
3
1
1
0
-1
0
2
5
7
7
4
2
1
1
3
9
13
12
10
7
9
12
12
8
8
10
13
13
11
8
11
14
12
14
16
18
20
18
16
16
16
16
18
20
19
17
18
17
16
15
14
14
15
17
17
16
17
19
20
19
16
14
15
17
17
17
16
14
16
16
17
17
15
14
16
17
15
18
18
18
16
17
19
22
22
22
21
21
21
22
19
15
14
13
16
20
22
24
26
25
22
22
21
20
22
19
22
23
24
24
23
22
23
23
23
25
22
21
23
23
26
28
27
27
30
29
24
25
25
27
29
30
30
31
34
32
32
27
30
33
30
26
26
27
29
29
30
30
32
30
31
32
30
31
33
31
30
32
31
30
27
29
30
31
31
31
33
33
32
33
30
31
34
32
31
30
31
31
30
30
33
33
32
31
31
33
33
34
34
33
34
33
34
33
33
36
36
35
32
27
27
29
30
31
29
28
28
28
29
30
30
29
28
25
25
27
29
32
30
27
25
26
28
31
29
27
26
27
28
28
30
30
31
31
30
28
29
29
32
33
32
33
32
32
34
34
32
34
33
34
33
32
31
34
34
33
32
31
31
33
32
31
32
30
29
27
27
28
28
28
27
26
29
32
32
33
32
31
31
29
29
30
29
32
32
29
29
28
28
31
33
34
31
29
28
29
30
29
29
30
33
34
32
29
29
29
28
26
24
24
24
25
25
23
23
25
28
28
29
28
27
27
27
26
26
26
27
27
30
32
29
27
26
30
30
28
25
25
25
26
29
30
31
28
27
30
31
33
34
31
29
27
26
26
26
26
28
28
27
27
27
27
26
26
26
27
28
28
24
23
25
26
27
26
24
24
22
25
26
26
23
23
25
26
27
30
28
27
25
23
22
21
20
21
22
21
21
21
22
22
22
20
19
19
20
19
18
17
16
15
16
16
14
13
14
16
16
14
14
14
13
13
12
12
12
13
14
14
15
16
15
13
10
12
16
14
14
16
18
19
18
14
14
13
13
13
13
15
16
15
14
15
16
17
16
14
12
12
13
14
12
10
11
12
11
12
14
12
13
13
12
12
14
16
15
13
12
13
14
13
11
12
13
15
14
15
15
15
16
14
13
10
9
8
10
13
15
16
14
14
13
10
10
8
9
9
7
9
7
9
9
8
8
6
5
6
6
7
7
5
4
5
3
2
3
6
8
9
5
4
5
7
8
4
5
6
5
6
7
8
10
12
10
7
6
5
5
6
5
5
5
6
3
4
7
7
8
6
5
2
4
9
10
8
7
5
5
8
7
6
3
2
2
2
1
1
3
2
2
0
-1
-1
0
1
0
0
-1
-1
-2
-3
-3
-2
-2
-2
-4
-3
-1
0
0
-2
-4
-4
-3
-3
-5
-6
-6
-6
-6
-10
-10
-8
-7
-7
-8
-11
-11
-9
-8
-8
-9
-11
-12
-11
-10
-9
-9
-9
-8
-11
-12
-10
-8
-7
-8
-10
-13
-13
-11
-10
-10
-9
-10
-11
-10
-10
-6
-6
-7
-9
-13
-15
-15
-15
-15
-15
-16
-16
-17
-15
-15
-15
-18
-19
-18
-15
-17
-19
-19
-18
-18
-17
-17
-16
-16
-17
-18
-19
-19
-17
-17
-16
-14
-13
-14
-14
-13
-13
-14
-13
-13
-12
-10
-10
-12
-13
-13
-14
-12
-10
-9
-9
-10
-12
-11
-9
-5
-6
-9
-10
-8
-7
-6
-7
-10
-10
-8
-7
-7
-11
-13
-11
-9
-8
-8
-7
-9
-10
-9
-5
-4
-4
-4
-6
-8
-8
-8
-8
-7
-6
-8
-8
-7
-8
-8
-8
-8
-10
-9
-11
-9
-8
-9
-9
-10
-9
-5
-6
-8
-7
-7
-8
-11
-10
-10
-12
-11
-12
-14
-12
-10
-9
-9
-10
-10
-8
-8
-8
-7
-6
-6
-8
-9
-7
-5
-5
-5
-4
-3
-2
-3
-5
-3
1
2
-1
-3
-4
-4
-2
0
-3
-3
-3
-3
-2
-2
-2
-4
-4
-4
-2
-1
-1
-3
-5
-4
-2
-2
-2
-5
-7
-5
-6
-2
-2
-2
-2
-3
-2
-2
-3
-2
0
0
1
-1
-2
1
1
4
3
1
2
2
3
3
1
0
1
1
2
3
3
3
2
2
2
0
-1
0
0
2
2
1
2
3
6
6
5
3
1
1
0
1
0
-3
-4
-4
-3
-3
-5
-4
-1
-2
-3
-6
-6
-4
-3
-4
-5
-6
-6
-8
-8
-8
-7
-4
-3
-5
-8
-9
-10
-8
-7
-7
-5
-5
-5
-8
-9
-9
-9
-7
-8
-7
-8
-10
-9
-7
-7
-5
-7
-7
-5
-2
-4
-7
-10
-10
-9
-7
-5
-7
-8
-8
-8
-9
-7
-7
-7
-7
-5
-4
-4
-3
-3
-6
-4
-1
-4
-1
-1
1
3
2
0
0
2
1
0
-1
-2
-5
-7
-8
-9
-8
-5
-5
-6
-6
-7
-8
-6
-6
-5
-3
-2
-4
-6
-6
-6
-5
-4
-6
-6
-4
-2
0
-1
0
0
2
2
1
1
2
2
2
0
1
3
5
5
2
3
5
6
6
5
1
4
4
5
7
8
8
9
9
10
9
8
8
9
10
11
9
10
12
13
14
15
15
13
13
15
17
19
17
16
15
15
17
19
20
21
19
18
16
18
18
18
17
14
14
17
19
20
18
16
14
15
14
15
17
17
18
17
18
18
21
23
23
20
20
25
29
30
29
24
22
23
24
23
24
27
29
31
30
27
26
25
24
24
28
30
30
29
28
31
31
28
26
26
27
30
27
26
25
25
28
26
25
23
24
25
24
23
22
24
25
25
25
25
22
20
20
22
25
24
25
24
24
24
21
20
21
25
28
31
30
29
27
27
30
31
30
28
26
24
25
27
28
27
22
21
23
25
24
25
24
22
24
26
25
25
26
25
25
23
24
24
24
26
29
28
27
24
23
27
29
26
25
24
24
26
26
25
25
27
29
27
26
26
28
27
27
27
27
28
30
29
28
29
30
30
28
27
27
30
30
30
29
30
33
35
32
28
25
28
31
33
34
30
31
30
28
26
26
30
30
31
30
29
28
27
28
29
30
30
28
27
26
29
26
22
23
23
26
28
29
28
27
26
28
29
32
31
29
30
34
37
34
32
31
31
30
29
27
29
30
30
28
27
31
33
32
31
28
31
32
30
26
27
30
30
27
25
24
27
26
24
24
24
25
25
25
25
25
25
26
27
29
27
26
25
27
28
31
30
27
28
27
27
25
25
24
24
26
28
27
27
24
23
24
24
25
23
21
20
19
18
18
19
18
18
19
21
23
21
19
23
26
25
22
22
22
25
25
22
22
25
27
26
24
21
24
25
24
24
24
24
25
22
23
26
27
27
26
26
26
24
23
20
18
18
21
23
22
22
20
21
23
19
17
19
21
21
20
20
19
20
19
19
20
21
21
20
20
21
19
20
20
20
22
25
23
21
21
18
17
19
18
17
16
17
17
19
20
18
17
16
16
18
16
15
11
11
10
10
12
13
14
14
14
15
14
11
11
7
8
8
9
10
12
13
14
13
11
8
10
10
11
12
12
12
10
11
12
11
11
13
10
8
11
12
13
13
11
7
8
10
11
12
12
11
9
9
8
9
10
9
8
5
4
6
9
10
8
6
5
5
4
3
4
5
8
6
3
2
3
8
9
9
9
7
5
6
6
6
7
9
10
9
8
9
11
14
15
13
10
7
8
11
11
12
13
12
12
11
9
8
10
12
13
12
11
9
8
9
8
8
11
11
11
14
12
13
11
7
6
9
13
15
12
12
12
12
12
12
11
12
14
11
11
13
13
15
15
13
14
12
14
14
13
14
14
14
14
14
15
14
15
15
14
15
17
14
12
13
13
14
13
13
13
14
13
12
14
16
15
14
13
13
15
16
17
16
15
16
15
13
13
12
8
9
8
8
7
6
5
6
7
6
4
3
4
4
5
5
3
1
3
4
3
2
0
-1
-3
-3
-2
-1
1
2
2
0
-3
-4
-3
1
3
2
0
0
-1
-2
-1
-1
0
1
1
0
-1
0
1
1
1
1
1
1
2
3
3
4
1
-2
-1
0
0
2
0
-3
-4
-5
-4
-2
-2
-5
-7
-5
-3
-4
-5
-7
-7
-5
-7
-10
-10
-9
-8
-9
-13
-14
-13
-11
-9
-9
-7
-5
-6
-9
-8
-7
-7
-8
-11
-13
-11
-8
-8
-8
-8
-7
-5
-5
-7
-9
-7
-6
-4
-6
-9
-10
-6
-4
-8
-10
-9
-7
-6
-6
-7
-7
-6
-7
-8
-7
-5
-7
-7
-8
-7
-4
-2
-3
-3
-6
-5
-5
-4
-3
-3
0
0
0
2
2
1
-4
-5
-1
1
2
-1
-4
-2
4
5
3
1
1
3
5
4
4
5
6
6
5
4
4
3
2
3
2
4
3
2
3
5
2
2
2
3
6
5
2
-2
-4
-1
3
4
3
1
-2
-1
1
5
6
3
0
1
5
8
5
3
2
3
6
6
5
5
7
8
7
7
6
6
5
4
2
4
5
4
3
2
2
1
-1
-1
1
3
3
3
2
3
5
5
1
-2
-3
-1
0
-1
-1
-2
-3
-2
-2
0
0
-4
-6
-7
-5
-2
-2
-3
-5
-2
0
2
1
1
-1
-1
0
0
-3
1
1
0
-2
0
2
1
2
2
2
3
2
1
1
0
1
1
2
0
3
2
3
2
3
4
4
6
3
4
5
5
6
6
5
7
5
4
0
1
3
4
5
3
1
-1
0
1
2
2
4
5
2
1
1
-1
-1
-1
-1
-1
-2
1
1
2
1
2
2
0
-1
-1
-2
-1
0
2
0
1
2
4
2
0
-2
-1
1
0
-1
0
3
4
6
6
9
10
10
6
3
5
6
8
8
7
7
6
9
10
8
9
9
12
9
10
5
8
8
7
6
6
4
6
5
4
1
-1
2
2
2
0
1
2
7
4
5
3
3
2
4
3
7
6
5
2
0
2
3
3
3
4
4
7
9
11
8
11
10
11
12
12
9
8
9
11
12
13
11
11
14
15
17
12
12
11
13
13
14
14
15
14
12
10
11
13
12
10
11
14
16
16
13
15
16
18
16
17
14
12
13
14
14
15
13
13
14
13
14
13
11
12
8
7
6
8
10
10
11
9
7
6
5
6
7
5
6
5
6
7
7
5
3
4
4
3
4
4
5
7
6
8
10
10
9
7
6
8
7
6
6
7
9
11
9
10
10
9
9
9
12
10
13
11
10
11
11
13
11
9
11
12
12
12
11
12
14
14
12
11
10
12
11
11
10
10
11
12
13
11
10
9
9
9
10
9
10
11
12
11
9
8
9
10
10
10
12
11
14
15
13
10
10
9
10
10
12
14
16
16
14
14
16
15
17
15
14
14
15
17
16
13
11
12
13
14
11
10
9
13
15
15
16
15
17
16
18
15
18
16
17
15
18
15
17
13
12
11
11
14
12
14
14
17
17
13
12
11
12
18
15
14
11
12
13
15
13
6
8
5
9
8
9
9
8
7
6
3
8
7
10
7
9
8
7
8
4
7
6
8
8
9
9
12
12
13
9
9
7
9
12
11
9
7
9
7
10
7
10
9
9
8
6
9
11
8
10
8
6
9
9
7
6
6
6
8
6
6
7
5
6
8
8
8
7
7
4
5
8
8
9
7
7
5
7
7
7
5
5
8
10
12
10
4
3
0
-1
0
4
5
4
2
-1
0
1
2
2
-2
4
3
7
6
6
4
3
6
5
6
6
5
7
6
5
8
9
11
7
10
9
14
17
15
14
14
18
19
17
15
13
15
16
15
16
14
16
12
13
11
12
14
12
13
11
11
11
13
13
13
11
13
11
11
10
9
11
10
9
7
5
5
9
6
8
9
10
8
7
3
2
2
1
1
4
5
10
6
3
0
-1
-2
-3
-3
-7
-4
-1
-2
-1
-3
-6
-9
-11
-10
-8
-2
-4
-2
-2
-2
-1
1
2
2
2
2
2
2
2
5
7
7
10
8
10
10
12
13
17
17
18
16
18
18
21
23
25
24
26
25
24
25
26
31
30
30
29
32
33
36
37
34
34
33
34
34
36
32
34
29
33
30
32
30
31
24
25
20
20
19
15
17
13
13
9
7
7
9
5
7
1
2
-1
-4
-6
-9
-9
-14
-9
-16
-15
-18
-24
-25
-24
-21
-21
-23
-21
-27
-28
-26
-26
-27
-35
-36
-42
-34
-36
-33
-39
-43
-43
-48
-45
-49
-47
-52
-51
-52
-51
-54
-50
-53
-49
-47
-46
-42
-44
-42
-37
-32
-30
-28
-33
-28
-28
-25
-26
-25
-24
-21
-18
-16
-9
-5
1
5
12
25
34
47
59
65
76
88
96
106
108
118
127
135
142
142
150
152
164
163
164
166
163
168
165
168
168
169
167
160
157
152
146
135
123
112
101
93
82
70
56
41
24
13
-3
-18
-36
-54
-72
-93
-110
-129
-143
-163
-178
-199
-212
-229
-250
-268
-296
-315
-340
-348
-360
-372
-381
-396
-405
-410
-419
-420
-416
-387
-341
-293
-252
-232
-211
-192
-161
-120
-80
-33
-7
25
56
86
118
138
149
159
176
199
227
252
263
274
276
284
297
301
307
303
297
300
297
296
290
275
259
241
220
207
197
186
181
177
174
171
162
152
143
138
134
132
130
128
127
124
125
128
124
119
105
96
88
83
81
77
75
62
55
35
19
-4
-28
-49
-67
-90
-107
-129
-158
-180
-218
-242
-279
-315
-358
-389
-428
-451
-477
-506
-527
-565
-581
-594
-589
-560
-506
-450
-411
-386
-370
-335
-283
-229
-159
-104
-43
1
51
93
130
154
167
178
215
249
293
316
328
340
350
361
370
372
368
357
340
324
321
305
296
268
239
207
171
140
119
109
104
102
95
91
81
71
64
59
58
60
66
73
81
85
84
81
75
71
71
73
83
91
99
110
123
128
130
125
114
103
97
94
95
89
80
69
49
33
12
-10
-31
-53
-66
-85
-95
-113
-125
-146
-171
-202
-239
-271
-310
-343
-367
-404
-418
-445
-470
-497
-514
-535
-510
-484
-410
-360
-326
-294
-292
-237
-196
-124
-74
-11
31
62
119
138
179
187
190
203
232
262
301
312
319
332
340
362
376
378
359
347
318
328
318
309
289
243
212
179
153
122
97
68
59
57
54
50
37
16
13
9
18
26
31
35
40
49
59
67
72
76
79
81
93
103
116
132
143
151
155
148
146
146
146
151
154
150
140
120
108
84
65
38
12
-15
-46
-64
-101
-138
-177
-222
-263
-305
-363
-411
-468
-499
-538
-560
-575
-596
-557
-514
-435
-415
-389
-396
-379
-320
-260
-175
-112
-50
-21
42
84
128
166
154
176
193
242
294
333
341
361
359
386
405
422
434
416
395
377
386
381
378
336
294
254
213
192
159
138
110
87
76
69
59
40
25
16
13
24
27
33
39
48
57
70
76
72
69
60
65
78
92
111
127
136
142
139
135
123
124
120
125
137
131
131
117
97
71
37
3
-21
-52
-65
-95
-130
-164
-221
-260
-318
-370
-421
-476
-516
-553
-589
-603
-615
-600
-572
-507
-482
-454
-452
-434
-383
-314
-226
-175
-80
-58
4
73
101
158
166
164
198
237
285
343
354
362
384
383
426
445
449
453
444
413
445
426
432
409
353
323
282
249
217
190
153
137
119
101
97
64
44
32
22
30
33
37
41
46
51
61
64
54
53
49
51
67
75
92
102
107
104
109
101
100
99
95
105
114
110
111
90
76
47
17
-14
-31
-63
-70
-110
-132
-180
-227
-284
-327
-386
-421
-481
-517
-571
-600
-619
-638
-592
-560
-485
-473
-446
-439
-409
-352
-273
-212
-138
-47
-22
69
110
136
196
174
205
228
267
300
348
337
379
387
403
447
435
448
445
413
403
406
383
397
361
322
304
247
214
185
156
136
128
102
96
83
69
64
57
48
47
44
46
61
75
86
98
101
102
102
99
104
113
119
133
148
153
157
153
143
141
127
117
113
94
95
80
68
50
27
-3
-27
-58
-85
-107
-149
-190
-239
-286
-338
-389
-449
-506
-550
-607
-639
-665
-671
-634
-595
-523
-501
-473
-465
-423
-372
-284
-212
-143
-46
-20
73
127
164
217
201
217
238
279
314
370
367
404
415
428
472
462
459
444
416
402
416
389
394
357
316
285
234
194
150
119
100
96
79
78
54
45
31
31
28
22
22
16
22
40
58
81
88
80
83
70
72
84
88
99
115
126
138
142
130
121
105
97
96
89
73
59
35
28
1
-19
-50
-81
-110
-145
-180
-223
-273
-329
-371
-426
-470
-525
-577
-623
-662
-666
-656
-616
-570
-508
-503
-474
-463
-427
-354
-272
-188
-98
-7
38
132
158
204
246
231
276
284
334
372
411
408
442
421
458
491
423
485
405
390
390
370
351
344
296
265
224
184
136
93
54
23
17
-5
-3
-23
-41
-42
-41
-34
-25
-36
-43
-33
-31
10
35
51
64
66
73
85
99
104
117
125
131
136
145
150
151
141
140
128
101
85
47
13
-20
-42
-75
-86
-122
-140
-178
-235
-278
-353
-401
-461
-512
-561
-588
-640
-646
-657
-630
-582
-534
-493
-505
-485
-491
-421
-353
-260
-166
-78
13
73
192
221
281
281
269
298
328
373
429
461
479
521
517
559
554
533
491
458
399
396
385
361
358
295
277
229
175
127
73
14
-4
-28
-51
-44
-62
-58
-54
-53
-47
-41
-61
-56
-63
-52
-28
-3
27
53
77
91
110
125
137
161
160
168
171
167
187
199
201
200
182
151
120
77
47
0
-35
-76
-128
-158
-187
-244
-285
-344
-421
-492
-544
-607
-662
-747
-747
-724
-691
-616
-549
-515
-523
-495
-517
-479
-388
-314
-236
-104
-29
80
225
250
340
349
311
364
385
402
495
499
533
609
611
677
690
644
606
552
476
472
418
391
388
322
309
273
213
177
111
39
8
-56
-76
-84
-109
-100
-85
-79
-60
-52
-51
-50
-69
-60
-63
-48
-33
-13
14
47
80
113
136
173
188
193
200
184
190
185
189
192
179
172
134
87
53
4
-52
-94
-159
-227
-286
-354
-425
-468
-554
-605
-674
-747
-770
-776
-754
-692
-651
-575
-539
-509
-474
-469
-490
-443
-376
-320
-190
-81
15
142
254
286
364
366
378
387
388
431
463
518
538
606
651
729
713
702
642
574
485
475
409
316
326
255
216
212
211
168
110
80
43
-26
-53
-77
-110
-128
-96
-41
24
52
96
118
104
137
163
108
60
62
39
15
53
117
140
195
200
210
263
218
157
108
54
62
21
3
-44
-100
-134
-232
-303
-368
-490
-612
-734
-865
-1012
-1065
-1227
-1249
-1323
-1300
-1159
-979
-689
-364
-171
128
212
251
368
339
289
390
387
549
774
873
1033
1106
1028
1024
804
642
454
183
29
-9
-102
-35
-18
-9
106
94
44
-3
-175
-293
-395
-480
-399
-299
-175
19
196
377
508
549
530
495
390
357
303
326
363
434
486
581
592
574
462
354
187
89
-22
-68
-79
-61
-17
73
145
207
218
190
148
95
41
1
-34
-27
-2
1
39
-24
-69
-192
-328
-443
-580
-726
-845
-957
-1049
-1053
-1130
-1115
-1202
-1229
-1284
-1297
-1160
-1034
-748
-322
21
418
718
880
1092
1139
969
972
804
825
859
836
930
1018
918
896
679
460
287
-129
-434
-617
-753
-751
-701
-658
-393
-206
-20
110
119
114
81
-5
-15
-5
25
178
299
500
709
868
952
914
756
618
432
270
95
-73
-86
-32
71
163
190
185
181
109
42
-57
-142
-187
-178
-78
98
286
464
556
620
670
662
549
408
200
129
32
24
-72
-97
-168
-175
-296
-380
-567
-673
-855
-972
-1092
-1191
-1227
-1309
-1276
-1313
-1234
-1235
-1015
-905
-622
-280
136
537
820
965
1093
1255
1164
1102
887
826
821
794
711
687
657
574
405
137
27
-220
-469
-743
-887
-894
-762
-707
-560
-348
-77
212
356
435
461
482
473
438
384
390
418
431
487
563
682
750
681
553
430
301
147
-71
-282
-367
-359
-295
-233
-153
-30
102
200
242
253
256
264
258
281
349
492
601
686
712
767
770
710
522
332
165
21
-164
-373
-523
-607
-674
-754
-838
-875
-877
-917
-1025
-1086
-1187
-1221
-1332
-1373
-1343
-1129
-896
-661
-246
248
795
1105
1272
1303
1463
1324
1139
778
596
498
481
322
329
341
359
269
42
-73
-223
-459
-770
-976
-1039
-884
-817
-676
-450
-58
344
669
781
890
958
967
878
686
531
451
349
295
290
377
489
514
431
368
315
208
-10
-296
-475
-540
-521
-502
-421
-268
7
231
396
500
608
679
670
580
511
532
550
533
505
538
634
654
564
435
348
242
49
-254
-465
-596
-679
-833
-924
-931
-805
-779
-773
-805
-765
-810
-905
-1089
-1144
-1158
-1066
-963
-782
-293
219
741
1036
1318
1453
1667
1431
1198
773
535
313
174
-92
-49
-70
31
11
-37
-14
-42
-265
-495
-694
-748
-693
-784
-740
-530
-152
264
591
755
1024
1185
1284
1178
965
756
576
311
118
-38
-28
26
28
11
113
192
220
71
-128
-230
-295
-362
-462
-486
-350
-85
121
343
539
797
965
1015
939
904
827
744
568
408
335
339
286
227
180
219
216
94
-87
-211
-313
-424
-631
-785
-819
-778
-754
-758
-757
-666
-618
-619
-715
-789
-872
-876
-945
-841
-763
-419
-43
394
748
1085
1301
1522
1504
1301
1053
732
531
241
-26
-211
-198
-261
-173
-248
-94
-53
-53
-226
-277
-375
-345
-503
-570
-509
-302
-39
213
391
642
919
1092
1157
1044
923
762
556
298
66
-115
-184
-282
-323
-302
-205
-143
-122
-176
-155
-127
-98
-167
-213
-175
-10
141
305
446
673
903
1087
1139
1155
1134
1095
939
706
491
360
224
78
-50
-79
-50
-48
-109
-122
-124
-139
-231
-367
-448
-468
-522
-612
-679
-714
-649
-688
-706
-787
-764
-832
-809
-936
-801
-773
-502
-241
138
457
802
1018
1249
1370
1312
1225
947
756
538
328
77
-36
-215
-169
-210
-145
-128
-125
-179
-157
-220
-230
-328
-422
-423
-356
-217
-11
126
283
508
718
884
925
863
796
675
515
296
70
-104
-278
-434
-515
-519
-527
-513
-537
-475
-402
-307
-269
-205
-127
59
241
438
590
779
954
1131
1227
1286
1284
1262
1168
1007
799
621
439
237
37
-109
-166
-212
-267
-281
-258
-205
-194
-232
-270
-259
-296
-321
-423
-467
-490
-526
-613
-663
-721
-709
-756
-809
-870
-846
-773
-686
-510
-229
155
450
750
948
1261
1365
1379
1171
1018
819
726
401
198
-37
-76
-134
-146
-203
-131
-174
-167
-236
-270
-305
-386
-513
-536
-490
-338
-160
-79
79
309
606
810
879
824
833
761
637
345
91
-119
-253
-460
-577
-667
-624
-615
-585
-541
-384
-262
-157
-109
19
210
415
534
640
807
1026
1214
1287
1316
1352
1374
1303
1102
847
625
427
198
-49
-227
-322
-363
-400
-374
-298
-208
-142
-98
-48
4
6
-39
-97
-114
-134
-158
-270
-347
-436
-454
-575
-706
-891
-975
-1040
-1012
-1017
-899
-648
-255
127
479
778
1130
1383
1492
1450
1330
1164
1006
756
495
283
123
-10
-142
-244
-250
-261
-330
-399
-457
-434
-443
-524
-594
-542
-415
-219
-115
-7
171
419
627
741
748
778
805
753
608
396
230
75
-114
-333
-475
-549
-571
-622
-627
-546
-394
-272
-184
-96
69
258
408
510
636
817
1005
1118
1190
1250
1314
1326
1238
1067
894
706
477
201
-54
-216
-336
-432
-486
-434
-317
-178
-64
81
224
339
373
348
307
258
167
6
-147
-325
-428
-606
-719
-898
-977
-1062
-1069
-1113
-1069
-987
-834
-602
-301
62
404
718
1002
1308
1502
1603
1523
1393
1229
1079
793
472
148
-69
-260
-445
-598
-656
-678
-654
-621
-554
-454
-377
-356
-318
-250
-109
-8
36
99
264
471
650
726
780
877
966
956
802
608
445
278
32
-228
-456
-587
-686
-747
-763
-675
-542
-395
-279
-138
31
208
309
364
447
591
739
827
900
1000
1144
1229
1205
1108
1015
926
753
511
256
76
-64
-175
-276
-286
-241
-132
-39
84
203
312
355
360
305
268
179
78
-61
-172
-257
-304
-386
-506
-602
-678
-723
-821
-944
-997
-978
-894
-812
-614
-302
68
368
608
883
1156
1311
1230
1092
961
902
703
414
125
7
-91
-188
-354
-399
-391
-352
-372
-351
-306
-197
-163
-164
-132
-8
137
213
196
258
443
633
695
634
644
765
840
709
496
341
286
137
-121
-393
-536
-630
-722
-842
-864
-785
-673
-602
-496
-325
-93
94
208
310
474
657
764
800
860
1027
1207
1289
1270
1256
1300
1295
1137
863
618
410
182
-105
-340
-470
-496
-484
-415
-285
-65
163
359
494
595
653
647
544
387
247
109
-19
-214
-363
-476
-516
-606
-758
-906
-1000
-1049
-1163
-1261
-1332
-1220
-1016
-707
-427
-57
297
753
1061
1330
1414
1484
1427
1385
1191
967
679
478
271
93
-86
-171
-260
-324
-364
-352
-311
-300
-320
-335
-273
-189
-102
-100
-36
81
272
389
468
488
591
687
737
638
512
402
324
154
-64
-281
-434
-562
-681
-776
-791
-761
-698
-618
-476
-280
-72
82
224
396
589
749
816
852
904
1030
1125
1147
1083
1074
1110
1135
1043
887
721
602
447
255
37
-128
-238
-293
-313
-259
-142
2
162
339
516
645
691
654
575
480
330
126
-136
-368
-522
-651
-780
-935
-1042
-1068
-1081
-1129
-1219
-1257
-1202
-1116
-1011
-848
-493
-126
276
580
987
1372
1708
1821
1833
1789
1768
1598
1265
856
533
267
-29
-363
-627
-735
-795
-807
-835
-770
-640
-474
-400
-322
-217
-24
83
97
96
227
393
490
450
460
580
713
683
534
431
420
340
119
-137
-309
-408
-538
-701
-804
-786
-704
-623
-549
-395
-157
107
304
462
631
842
981
1017
985
1029
1093
1117
1034
968
990
1045
1008
887
772
705
609
429
212
20
-116
-231
-318
-382
-380
-320
-196
-54
87
240
385
477
509
504
464
387
223
37
-140
-259
-387
-508
-654
-683
-722
-692
-766
-770
-804
-753
-753
-718
-708
-592
-375
-96
178
444
744
1083
1366
1526
1571
1540
1489
1347
1095
766
452
163
-121
-403
-589
-681
-728
-769
-741
-654
-509
-405
-346
-308
-202
-71
11
-8
-18
62
204
290
284
285
390
533
585
520
462
474
468
354
169
29
-53
-143
-275
-377
-390
-339
-295
-269
-187
-37
138
263
341
437
575
701
731
697
703
776
842
817
764
772
859
904
852
757
693
643
523
336
128
-15
-124
-227
-337
-378
-335
-232
-138
-36
114
311
471
561
608
662
694
624
487
322
226
98
-64
-264
-380
-434
-487
-590
-694
-735
-761
-785
-866
-885
-882
-805
-709
-467
-198
128
369
673
980
1280
1422
1433
1367
1321
1240
1026
714
394
167
-60
-307
-550
-691
-785
-811
-837
-785
-691
-540
-434
-334
-199
17
177
237
246
349
519
618
579
523
571
684
701
595
504
502
506
407
233
102
9
-93
-218
-332
-379
-362
-338
-298
-216
-74
99
233
330
439
576
690
717
667
652
688
692
613
493
457
508
510
470
419
447
471
448
361
293
210
133
41
-36
-80
-73
-42
42
157
314
476
595
682
750
790
782
687
520
350
223
95
-59
-247
-360
-419
-456
-514
-615
-649
-693
-685
-775
-801
-874
-828
-851
-793
-719
-482
-251
16
219
524
820
1099
1224
1258
1277
1293
1250
1046
802
560
386
150
-101
-327
-439
-536
-598
-673
-642
-568
-469
-433
-366
-235
-29
92
128
158
288
444
511
460
428
488
574
560
482
439
488
512
463
379
341
326
266
143
26
-34
-82
-168
-283
-324
-291
-229
-214
-195
-121
39
186
255
287
361
484
571
581
562
588
640
693
678
656
658
683
650
571
482
408
327
214
108
25
-1
0
2
-4
74
199
315
364
433
532
623
633
581
497
437
370
252
63
-88
-195
-268
-393
-523
-604
-648
-679
-733
-789
-822
-804
-786
-767
-753
-667
-515
-299
-82
141
360
624
883
1067
1170
1204
1238
1199
1093
902
705
474
252
-21
-237
-401
-497
-598
-652
-636
-510
-380
-275
-189
-59
112
239
271
251
263
317
354
317
290
323
414
484
515
545
627
679
662
565
491
419
283
62
-147
-299
-379
-480
-595
-658
-601
-470
-334
-238
-116
54
239
377
448
498
564
615
623
582
549
547
530
474
432
444
475
476
420
406
413
431
385
309
262
272
271
226
179
198
260
307
323
353
424
502
543
531
525
522
501
398
259
125
34
-101
-249
-413
-504
-574
-635
-713
-765
-771
-764
-762
-803
-776
-752
-651
-630
-530
-426
-164
60
327
489
749
978
1204
1280
1276
1238
1214
1122
932
711
508
377
182
10
-140
-196
-261
-308
-383
-347
-311
-255
-276
-262
-197
-75
-35
-13
-11
81
182
234
223
240
307
397
405
374
381
416
415
347
258
220
178
85
-35
-134
-166
-179
-226
-276
-280
-221
-118
-47
19
101
230
372
465
496
548
603
636
598
533
484
448
393
324
277
277
310
324
319
334
366
402
379
346
308
279
246
209
161
126
132
153
154
159
200
258
284
307
339
364
378
370
335
285
240
200
117
23
-63
-125
-189
-253
-303
-347
-374
-382
-408
-423
-453
-431
-439
-419
-425
-354
-257
-84
73
209
375
574
774
884
941
965
998
963
886
729
594
449
289
82
-77
-202
-291
-412
-498
-512
-464
-423
-404
-387
-295
-162
-74
-55
-46
28
139
193
201
213
277
368
406
415
445
502
536
517
477
472
445
367
247
128
53
-16
-121
-232
-300
-294
-260
-253
-240
-178
-76
31
84
108
152
214
239
219
180
184
188
165
124
125
162
220
232
279
346
446
503
512
522
547
573
550
496
459
460
457
440
403
398
416
434
418
401
391
402
380
345
306
285
263
217
153
109
81
42
-16
-96
-129
-171
-222
-313
-386
-459
-495
-559
-612
-640
-646
-595
-584
-521
-448
-278
-125
64
193
383
563
722
832
869
906
926
901
821
707
577
467
305
150
5
-113
-217
-318
-407
-435
-449
-450
-456
-447
-381
-289
-219
-163
-102
3
127
197
229
280
346
418
430
417
423
430
407
359
298
252
188
90
-7
-105
-183
-266
-361
-433
-468
-461
-431
-399
-348
-240
-109
33
136
235
351
461
526
552
554
568
558
517
475
436
425
403
387
392
423
465
484
489
504
527
534
510
466
429
409
394
355
305
289
310
313
311
308
334
352
354
339
325
308
291
228
166
109
61
-20
-104
-187
-221
-290
-341
-405
-443
-440
-454
-444
-460
-424
-395
-358
-346
-319
-292
-265
-221
-162
-60
42
135
244
357
497
597
656
682
711
717
684
587
483
377
262
143
17
-90
-177
-254
-315
-346
-350
-343
-332
-321
-279
-215
-162
-133
-133
-99
-51
-15
-12
-19
2
43
63
76
95
119
154
172
183
207
226
242
230
221
218
221
204
177
141
137
141
135
120
121
154
198
224
245
282
329
367
380
378
388
384
370
350
334
338
334
334
340
377
412
450
472
503
541
568
564
543
518
495
453
389
315
250
193
132
72
24
3
-7
-2
4
32
62
94
112
136
154
158
131
85
52
10
-22
-88
-141
-187
-220
-242
-290
-297
-324
-303
-331
-311
-333
-310
-330
-325
-331
-304
-231
-163
-74
-11
122
253
380
450
515
570
625
643
591
528
446
371
253
113
5
-98
-180
-272
-336
-370
-353
-350
-332
-315
-244
-159
-100
-67
-29
23
73
84
76
79
95
107
90
89
120
174
192
221
260
331
386
414
427
446
460
461
427
385
355
323
287
233
196
182
164
141
120
123
150
160
152
151
171
199
206
201
216
244
282
299
318
350
393
419
429
433
446
452
419
373
327
304
277
227
166
132
125
117
90
73
90
116
123
121
135
169
188
182
165
173
179
168
122
74
57
32
0
-63
-107
-129
-155
-191
-249
-277
-304
-313
-381
-406
-441
-417
-442
-440
-432
-380
-330
-260
-188
-79
35
141
254
332
440
508
554
565
583
576
560
488
421
336
254
176
67
-42
-123
-192
-230
-272
-301
-307
-294
-270
-216
-185
-132
-96
-51
-2
43
65
92
111
145
176
201
247
286
323
365
407
449
484
481
490
475
464
431
378
316
265
210
166
118
74
53
48
56
67
81
120
158
203
228
263
283
311
311
315
305
299
284
258
239
226
212
186
169
156
158
156
146
137
145
159
163
152
161
179
202
214
225
239
265
291
308
308
301
303
296
277
244
204
170
126
77
25
-20
-51
-86
-126
-144
-160
-161
-188
-210
-213
-214
-210
-231
-246
-246
-234
-236
-243
-260
-254
-233
-225
-179
-146
-72
-11
62
138
222
287
341
365
384
405
374
344
275
229
176
112
52
-3
-49
-79
-84
-99
-87
-83
-52
-20
5
43
69
95
110
124
128
147
138
138
138
148
173
181
197
225
258
290
316
325
342
351
347
350
329
322
300
272
250
234
220
211
193
189
192
189
196
191
192
192
178
172
163
154
147
128
120
122
125
130
136
148
181
202
233
254
281
315
341
361
377
387
395
395
387
383
365
346
328
299
280
254
224
191
158
130
99
52
12
-25
-65
-102
-150
-186
-207
-220
-232
-233
-233
-205
-191
-173
-154
-138
-124
-112
-129
-124
-136
-143
-148
-171
-173
-167
-168
-141
-116
-84
-22
8
64
117
155
211
233
245
266
249
237
222
175
164
125
96
82
45
34
29
15
31
36
38
60
54
68
74
65
82
86
90
104
106
121
155
166
197
217
237
274
281
289
290
274
270
251
220
197
172
158
156
140
153
162
176
193
204
227
255
267
279
286
291
301
291
291
286
284
279
274
268
282
286
288
293
298
310
311
300
287
274
264
244
212
185
167
164
155
144
144
153
167
174
171
173
173
172
152
128
103
82
49
8
-30
-62
-84
-120
-140
-155
-148
-150
-152
-139
-111
-86
-71
-72
-72
-63
-71
-87
-121
-136
-156
-177
-209
-230
-236
-232
-219
-220
-200
-170
-121
-97
-60
-26
32
76
104
130
153
187
199
195
181
186
180
178
162
156
159
161
172
169
175
185
196
192
193
189
188
181
166
157
147
140
132
121
126
134
144
145
156
176
195
199
199
204
207
219
207
200
193
208
223
235
246
273
303
332
357
375
397
403
398
379
359
342
316
278
247
217
202
179
155
134
130
133
142
130
139
145
165
171
168
165
165
162
154
144
134
131
125
124
118
120
123
121
109
93
70
46
12
-21
-59
-89
-122
-140
-153
-145
-133
-122
-101
-73
-33
-4
20
27
34
25
17
-14
-52
-96
-143
-185
-218
-246
-257
-267
-255
-229
-198
-158
-120
-82
-38
3
34
60
77
100
113
126
135
145
152
162
173
185
200
208
218
214
220
221
218
207
195
179
170
162
152
140
133
135
140
141
147
156
173
186
197
199
213
218
221
209
200
197
193
188
188
201
210
227
239
255
274
296
313
312
319
321
320
307
294
279
269
253
235
217
199
194
175
157
137
134
123
108
96
92
88
92
90
90
98
107
123
124
130
139
135
128
124
111
105
88
71
51
32
15
-4
-27
-44
-50
-59
-65
-72
-73
-71
-77
-73
-75
-74
-64
-64
-62
-58
-60
-54
-62
-62
-62
-62
-56
-49
-47
-43
-37
-41
-42
-54
-58
-67
-77
-85
-96
-101
-96
-85
-80
-69
-52
-26
4
27
53
72
96
106
121
125
136
133
133
135
139
149
154
166
180
201
210
222
226
232
235
230
228
216
211
202
192
177
172
163
164
162
158
163
166
173
180
180
186
197
212
220
225
227
232
238
233
228
214
219
215
209
197
188
186
180
174
161
151
141
134
123
114
113
113
113
114
118
120
130
130
128
122
123
120
110
96
77
73
60
53
42
29
27
23
24
23
20
18
4
-4
-5
-14
-21
-34
-29
-31
-22
-17
-11
9
21
42
45
54
59
55
49
35
35
16
5
-14
-24
-31
-44
-57
-68
-71
-71
-76
-79
-86
-80
-72
-63
-57
-44
-19
0
17
27
38
62
74
93
97
119
135
152
165
179
194
197
202
201
200
194
182
171
158
153
149
147
139
142
148
156
154
165
170
183
193
199
204
209
212
211
210
208
213
205
197
193
190
188
180
169
164
163
167
168
162
159
156
160
158
157
151
146
138
134
134
129
131
127
123
125
125
131
127
124
121
116
106
90
74
60
51
42
37
33
31
42
43
54
71
74
86
85
95
97
98
93
79
69
60
38
16
-7
-17
-27
-28
-31
-30
-15
-7
6
14
15
25
14
8
-16
-36
-52
-74
-90
-102
-105
-95
-83
-72
-47
-27
-5
9
25
35
43
41
36
29
34
33
28
34
41
54
73
85
97
117
137
149
154
154
160
167
167
164
159
159
159
151
148
146
147
149
141
138
139
142
136
133
129
132
130
124
116
116
125
130
131
134
141
153
163
165
171
181
193
197
196
191
188
182
166
151
134
123
105
91
85
84
82
78
77
78
88
92
98
97
100
103
103
98
91
82
78
67
66
61
61
64
65
69
69
72
72
73
78
76
75
63
52
42
31
18
2
-7
-14
-20
-25
-28
-30
-29
-21
-17
-8
2
5
11
16
19
16
19
13
16
13
15
7
-3
-11
-18
-20
-28
-36
-39
-35
-27
-16
-6
4
22
37
52
68
84
104
113
131
138
149
158
162
156
149
140
135
122
113
106
103
109
109
119
122
133
133
138
140
143
148
149
156
163
166
164
162
161
167
164
158
152
150
150
145
134
123
117
112
110
100
101
108
116
118
114
115
111
107
105
105
111
112
113
109
109
110
106
102
95
91
88
85
81
72
67
57
48
43
40
48
51
56
54
59
59
65
70
62
69
62
58
50
52
52
50
49
45
41
32
25
5
-16
-31
-46
-53
-59
-53
-41
-25
-13
-2
2
13
22
28
20
13
7
8
9
14
22
25
37
40
44
47
53
53
50
49
52
54
53
54
52
61
72
78
89
101
115
125
128
127
129
130
126
123
116
111
103
92
78
62
56
44
36
36
38
47
55
64
68
77
80
79
80
80
91
101
108
114
123
132
134
141
144
148
148
144
139
133
123
110
94
84
79
72
66
59
53
45
46
47
50
51
58
65
71
82
85
91
94
92
93
81
71
62
59
48
36
27
19
16
4
-5
-18
-19
-27
-36
-39
-42
-40
-44
-43
-41
-33
-28
-20
-12
2
17
26
27
42
53
64
65
67
74
73
73
64
57
50
46
28
18
13
11
13
8
10
15
22
27
22
23
29
32
35
34
42
50
58
62
67
77
81
89
87
93
100
103
98
87
82
78
77
69
60
58
62
61
55
58
72
79
84
85
91
102
111
114
113
120
122
121
116
115
113
113
110
107
105
110
112
99
89
81
75
64
56
40
38
43
41
42
38
41
41
38
35
35
41
45
54
58
64
68
72
67
65
67
62
60
56
49
43
41
34
31
22
16
14
10
9
3
-4
-7
-10
-5
-1
2
9
19
26
35
41
41
42
37
30
27
22
19
10
4
3
9
16
25
27
34
40
39
43
48
50
57
56
63
64
68
68
64
63
60
54
50
53
54
59
58
59
63
70
73
75
71
70
62
53
48
43
45
46
52
61
74
85
87
93
94
102
103
103
97
89
83
74
72
68
68
69
71
77
81
90
100
109
114
118
115
112
106
95
81
61
44
35
31
32
36
43
55
63
61
58
57
60
56
49
48
44
50
56
57
60
66
72
74
73
71
68
60
52
47
45
43
34
26
20
17
12
7
6
10
18
16
12
6
7
9
5
1
2
11
26
28
27
33
34
39
36
35
40
49
56
55
57
58
66
70
73
74
77
81
80
82
78
77
72
64
62
59
60
61
62
60
62
65
69
70
67
62
62
67
67
66
60
61
57
58
52
46
45
42
39
37
37
36
42
46
53
62
72
75
87
92
101
104
103
105
105
104
95
86
82
79
78
75
74
67
64
58
53
50
50
49
46
43
45
48
46
39
38
47
53
58
54
52
52
53
55
52
53
54
56
56
62
62
62
55
48
42
34
24
13
-2
-11
-15
-15
-12
-6
6
20
37
48
60
66
72
77
74
67
57
52
53
54
54
59
63
67
64
53
41
33
23
14
8
8
18
25
30
39
49
64
73
79
77
78
77
73
67
65
64
61
60
52
49
48
45
40
33
31
35
33
30
30
35
37
43
48
55
65
74
76
76
82
88
85
82
80
80
81
75
67
61
57
52
49
50
58
65
66
65
65
64
62
55
50
47
47
50
53
62
68
70
70
68
68
69
67
62
59
57
54
51
46
40
37
33
28
23
20
23
26
32
36
40
44
48
51
52
51
53
53
53
54
56
52
50
45
43
45
46
44
40
35
36
36
32
25
17
10
10
5
-1
-6
-5
2
8
15
22
34
42
44
44
43
47
47
47
45
49
53
54
51
51
55
58
57
52
49
49
50
48
44
41
41
40
39
39
38
40
43
42
46
50
53
55
55
52
48
45
41
36
35
31
29
26
25
26
27
30
29
25
22
21
22
22
22
22
25
27
32
34
37
39
36
34
36
38
36
31
30
28
30
27
22
16
15
12
12
12
17
19
17
18
17
18
16
11
7
2
1
-2
-3
-6
-6
-2
7
12
19
30
33
36
34
36
34
29
21
16
16
16
12
10
11
12
13
13
12
18
22
23
23
24
23
20
15
11
8
6
6
5
4
4
1
3
9
12
17
19
21
21
25
25
25
22
25
30
31
31
31
32
35
33
28
25
22
22
20
17
16
10
5
1
5
13
17
22
27
37
45
50
52
57
57
53
44
29
19
13
7
1
0
5
12
19
22
29
32
32
29
25
22
24
24
27
28
29
26
25
24
27
30
31
30
29
22
19
13
11
8
4
0
-3
-5
-5
-4
-1
-3
-2
0
3
8
16
17
21
20
19
17
16
17
16
18
22
30
33
41
42
40
32
26
21
16
10
1
-6
-10
-11
-9
-8
-5
1
5
5
6
6
5
5
4
5
5
8
9
11
15
21
26
29
29
29
22
13
5
-1
-3
-4
-6
-6
-5
-1
4
10
16
26
29
30
30
29
28
29
29
24
24
27
30
31
33
36
35
35
35
32
28
24
21
22
22
24
22
20
24
26
23
18
12
8
1
-6
-8
-6
-3
0
4
10
16
20
20
22
20
18
11
5
0
0
0
1
5
9
15
21
26
33
37
40
41
37
34
33
27
23
21
22
24
27
28
28
31
31
31
31
27
20
12
11
9
8
3
3
3
2
2
1
0
0
1
4
9
13
14
16
15
18
20
19
22
21
23
27
28
29
28
28
26
28
31
32
30
29
29
28
27
27
24
20
17
11
13
15
21
24
23
26
28
27
25
21
19
18
19
21
24
25
24
25
24
28
32
33
33
29
29
29
28
25
19
10
6
0
0
2
5
8
13
17
21
24
20
18
17
17
16
12
5
3
4
9
13
11
11
11
12
13
8
5
2
-4
-7
-11
-12
-8
-7
-6
-1
8
18
22
26
28
33
34
35
34
29
24
18
12
11
11
11
10
12
13
12
14
12
11
9
3
0
-7
-11
-14
-15
-13
-9
-4
1
7
14
24
30
35
38
41
40
37
36
33
28
24
22
23
25
26
25
21
22
21
13
9
6
7
7
9
11
16
24
26
26
26
30
32
29
26
23
20
18
15
10
9
12
16
19
22
27
29
30
33
30
28
28
26
27
28
26
23
22
25
26
26
25
23
22
23
20
14
13
10
11
11
9
12
17
19
19
17
16
9
5
-1
-3
-5
-8
-10
-11
-6
1
5
9
13
19
24
25
27
21
21
24
26
29
30
33
36
43
47
48
47
44
43
40
33
27
23
19
17
15
10
6
5
6
6
8
11
13
12
11
8
7
9
12
17
18
19
22
23
22
23
22
22
23
23
20
18
16
14
12
9
8
9
11
15
19
27
36
42
44
46
47
48
42
34
27
21
23
22
23
24
31
37
40
41
39
38
37
31
22
14
9
4
0
-7
-10
-11
-9
-5
0
5
10
13
13
12
13
11
7
4
2
2
2
3
5
8
10
13
16
17
18
15
12
8
3
0
-5
-6
-5
0
2
3
6
10
17
23
25
25
22
19
17
12
7
3
1
0
3
7
10
18
21
23
25
24
22
17
11
6
5
2
-1
-5
-5
-1
3
6
8
15
20
23
31
35
34
32
26
20
19
18
15
10
8
7
7
9
7
4
4
1
-2
-5
-4
-5
0
6
10
15
21
25
27
28
27
26
25
23
23
20
18
13
11
10
10
11
8
6
8
7
6
5
2
0
-2
-1
1
3
2
2
4
9
12
15
13
11
10
12
12
9
9
9
10
12
12
10
6
1
-4
-5
-4
-2
-3
0
4
10
13
12
14
16
19
20
18
14
14
15
11
8
4
2
2
-1
-5
-8
-10
-10
-10
-10
-4
-2
2
4
4
8
14
14
14
14
15
13
13
13
13
17
18
22
25
26
28
25
22
21
17
14
11
4
0
-10
-11
-12
-9
-9
-6
-1
2
7
8
9
10
9
6
4
6
9
8
8
7
10
13
13
11
9
9
12
11
9
8
6
5
5
4
6
8
12
14
17
19
20
21
20
19
14
9
3
-2
-5
-11
-10
-14
-15
-14
-13
-10
-7
-7
-9
-11
-10
-11
-9
-6
-3
1
4
-1
-1
0
2
3
5
5
4
5
7
3
3
2
1
0
-3
-3
-2
1
3
3
7
6
8
5
4
3
3
-1
-4
-9
-14
-13
-14
-13
-13
-12
-9
-5
-2
-4
-5
-1
-1
-1
-4
-6
-7
-6
-6
-6
-4
-3
0
-1
-4
-3
-5
-3
-4
-9
-11
-12
-9
-7
-4
-2
-1
-1
-1
-4
-4
-4
-7
-8
-12
-13
-12
-15
-15
-12
-13
-11
-11
-11
-10
-10
-9
-10
-8
-9
-8
-8
-9
-10
-10
-7
-7
-8
-5
-5
-2
-1
-2
-3
-2
-2
-3
-1
-3
-5
-4
-7
-8
-10
-11
-9
-8
-8
-10
-12
-13
-10
-10
-10
-12
-14
-17
-14
-12
-7
-5
-7
-7
-7
-4
-4
-5
-9
-10
-9
-7
-7
-8
-10
-12
-12
-8
-10
-12
-15
-15
-15
-14
-15
-14
-12
-12
-9
-9
-4
-1
0
-1
-3
-3
-6
-6
-3
-4
-2
0
3
6
10
9
6
6
2
2
0
-1
2
4
4
7
9
12
14
15
18
20
19
16
12
9
4
1
1
2
5
7
7
9
12
14
12
8
7
5
5
1
-3
-8
-12
-11
-10
-7
-1
0
0
6
9
16
21
20
21
22
23
19
15
10
9
9
9
10
8
10
8
4
3
2
3
3
3
3
5
7
9
8
11
13
14
17
18
19
21
21
22
21
17
13
10
9
8
9
8
6
4
3
3
0
-3
-5
-6
-8
-6
-6
-2
0
5
10
15
19
22
24
27
30
30
28
27
24
23
20
17
13
10
11
12
11
11
13
13
13
10
8
9
6
7
4
5
6
7
10
13
16
18
21
22
24
24
21
17
17
14
12
14
17
24
26
26
26
26
26
25
22
20
17
14
10
9
10
10
13
15
15
17
20
22
21
23
23
27
27
24
19
15
11
8
9
9
10
11
9
12
14
17
18
21
20
19
19
16
13
11
11
9
10
12
15
15
18
16
17
20
22
22
20
18
16
12
12
9
8
9
10
13
11
10
13
14
14
11
8
6
4
3
2
3
4
7
11
17
26
29
33
31
32
33
31
25
20
16
15
14
12
12
10
9
13
13
14
15
11
11
9
5
3
2
0
0
2
7
12
17
21
21
25
29
28
27
22
19
13
14
17
17
14
17
21
20
24
24
30
25
22
19
12
8
3
0
0
1
5
5
7
12
13
17
19
17
19
18
16
14
7
4
-2
-3
-2
-3
-5
-8
-6
-2
-2
4
4
4
6
5
6
7
5
6
2
-1
-1
-4
-2
-1
2
6
5
9
12
12
11
7
4
3
-2
-8
-12
-9
-9
-8
-10
-10
-8
-4
-2
-4
-4
-4
0
2
2
1
3
3
7
7
8
9
10
10
7
8
4
2
0
-1
-2
-2
-4
-1
3
5
4
4
5
6
6
2
3
3
3
0
-3
-5
-4
0
1
4
4
5
5
3
3
3
2
1
1
-2
-4
-4
-1
3
4
5
5
5
9
3
0
-1
-4
-6
-7
-3
-3
-1
2
1
4
5
6
7
7
5
4
5
0
-3
-6
-6
-6
-7
-8
-7
-7
-6
-3
-2
0
-2
-2
-2
-3
-5
-9
-9
-7
-2
-5
-5
-6
-2
-1
-2
-6
-9
-10
-9
-11
-11
-12
-13
-13
-9
-6
-4
-5
-6
-6
-5
1
2
2
-1
-5
-6
-8
-8
-6
-8
-9
-10
-8
-5
-4
-5
-4
-4
0
2
4
4
2
1
-2
-2
-2
-2
-3
-6
-7
-10
-8
-6
-5
-3
-5
-5
-5
-6
-5
-6
-7
-9
-10
-10
-8
-9
-11
-14
-16
-14
-13
-12
-14
-14
-15
-16
-15
-17
-14
-15
-17
-14
-13
-6
-4
-2
0
-1
2
2
2
2
-2
-1
-2
-2
-5
-8
-11
-13
-8
-8
-8
-7
-8
-7
-4
-6
-5
-4
-3
-6
-9
-9
-9
-12
-13
-15
-14
-14
-13
-13
-11
-6
-9
-10
-9
-11
-12
-13
-16
-16
-18
-18
-16
-14
-13
-13
-12
-10
-7
-6
-7
-6
-5
-5
-5
-7
-7
-9
-9
-10
-12
-14
-17
-18
-18
-20
-19
-18
-19
-19
-22
-20
-18
-16
-16
-16
-14
-12
-9
-8
-10
-12
-10
-8
-7
-11
-10
-12
-11
-11
-12
-11
-13
-13
-15
-15
-13
-11
-11
-13
-15
-18
-18
-21
-21
-21
-21
-18
-16
-14
-12
-12
-9
-9
-10
-9
-7
-9
-8
-13
-14
-16
-19
-18
-18
-17
-19
-19
-20
-21
-17
-15
-16
-17
-17
-16
-14
-14
-15
-12
-11
-8
-7
-6
-7
-10
-11
-12
-9
-7
-9
-14
-16
-17
-16
-18
-20
-24
-28
-30
-34
-34
-33
-33
-31
-30
-30
-27
-24
-23
-21
-19
-20
-16
-11
-9
-9
-9
-7
-6
-6
-12
-14
-16
-14
-13
-14
-16
-17
-17
-19
-18
-18
-18
-18
-21
-20
-20
-20
-18
-17
-21
-21
-22
-19
-16
-17
-17
-17
-15
-15
-12
-13
-18
-19
-21
-20
-20
-21
-22
-25
-25
-22
-21
-20
-19
-20
-19
-17
-16
-12
-11
-10
-12
-14
-14
-15
-15
-19
-15
-13
-13
-16
-16
-17
-19
-19
-20
-22
-21
-19
-18
-18
-16
-14
-15
-14
-14
-14
-13
-11
-10
-8
-6
-5
-7
-8
-8
-4
-4
-7
-7
-7
-5
-5
-8
-10
-10
-8
-11
-12
-14
-18
-20
-23
-24
-22
-20
-20
-23
-23
-23
-19
-19
-19
-19
-19
-18
-17
-18
-17
-16
-14
-12
-13
-15
-17
-17
-14
-13
-14
-16
-16
-15
-15
-12
-13
-13
-14
-12
-10
-12
-12
-12
-15
-15
-13
-11
-11
-11
-12
-10
-9
-12
-14
-14
-12
-9
-6
-6
-8
-9
-10
-11
-13
-15
-16
-15
-14
-13
-13
-14
-15
-15
-16
-13
-11
-10
-11
-9
-6
-8
-9
-10
-8
-7
-7
-11
-10
-11
-14
-15
-16
-18
-17
-18
-19
-20
-20
-18
-18
-18
-19
-19
-20
-20
-19
-19
-21
-20
-20
-19
-21
-18
-17
-14
-12
-12
-15
-15
-13
-10
-15
-18
-22
-24
-22
-21
-22
-22
-25
-24
-24
-24
-23
-23
-22
-21
-20
-19
-19
-20
-21
-23
-23
-22
-21
-22
-22
-23
-24
-22
-22
-22
-24
-25
-25
-27
-27
-29
-29
-28
-26
-27
-29
-29
-27
-25
-26
-24
-24
-22
-22
-22
-21
-20
-21
-21
-22
-21
-20
-23
-25
-24
-25
-23
-23
-25
-27
-30
-30
-30
-31
-32
-34
-34
-33
-33
-31
-29
-29
-29
-27
-26
-24
-21
-21
-21
-22
-19
-18
-19
-19
-20
-20
-21
-24
-26
-27
-28
-26
-30
-30
-33
-31
-29
-28
-26
-24
-21
-18
-16
-16
-17
-18
-21
-22
-22
-19
-18
-20
-20
-22
-22
-20
-24
-26
-25
-26
-24
-25
-26
-29
-27
-26
-26
-22
-22
-21
-24
-24
-23
-23
-22
-22
-22
-24
-21
-23
-23
-23
-26
-25
-24
-21
-18
-19
-23
-23
-22
-19
-17
-18
-20
-18
-17
-15
-14
-15
-15
-14
-12
-9
-5
-4
-3
-5
-7
-6
-4
-3
-6
-9
-8
-8
-8
-10
-11
-9
-9
-6
-4
-5
-6
-9
-11
-12
-12
-10
-10
-7
-8
-6
-5
-5
-5
-11
-13
-13
-11
-7
-13
-15
-15
-14
-14
-13
-12
-10
-9
-10
-13
-12
-12
-11
-11
-13
-11
-10
-8
-7
-4
-3
-5
-6
-7
-8
-9
-12
-12
-12
-15
-16
-16
-14
-13
-16
-20
-18
-16
-12
-8
-8
-10
-9
-9
-9
-11
-14
-14
-12
-10
-7
-10
-10
-12
-12
-12
-13
-11
-12
-15
-14
-17
-13
-11
-11
-11
-11
-11
-13
-14
-16
-16
-14
-10
-10
-9
-8
-8
-10
-12
-12
-11
-10
-12
-13
-12
-13
-13
-16
-18
-20
-21
-20
-20
-17
-15
-13
-13
-17
-17
-17
-19
-18
-15
-13
-13
-11
-11
-10
-6
-7
-10
-10
-9
-11
-13
-14
-14
-13
-11
-13
-14
-15
-12
-10
-9
-8
-11
-12
-13
-13
-14
-13
-12
-10
-9
-9
-9
-12
-12
-13
-17
-16
-15
-16
-13
-16
-15
-17
-17
-14
-13
-13
-15
-17
-21
-19
-19
-19
-15
-19
-17
-18
-16
-15
-17
-16
-18
-19
-18
-15
-15
-13
-12
-16
-16
-16
-18
-16
-19
-20
-20
-21
-19
-18
-11
-10
-15
-16
-19
-15
-12
-13
-10
-9
-9
-8
-12
-12
-11
-10
-9
-10
-11
-11
-11
-11
-12
-10
-11
-11
-10
-13
-13
-14
-14
-13
-11
-11
-13
-14
-16
-15
-14
-10
-10
-10
-9
-11
-10
-13
-15
-16
-17
-19
-19
-19
-20
-19
-20
-17
-16
-17
-16
-18
-17
-18
-21
-18
-18
-16
-19
-20
-19
-17
-16
-17
-17
-19
-19
-17
-17
-16
-16
-18
-17
-17
-15
-16
-17
-18
-19
-17
-15
-14
-17
-18
-17
-16
-15
-16
-19
-21
-22
-23
-25
-25
-25
-26
-25
-28
-29
-30
-26
-26
-24
-26
-28
-30
-30
-30
-29
-27
-24
-26
-24
-22
-20
-18
-19
-20
-20
-19
-20
-21
-23
-22
-22
-25
-26
-25
-21
-20
-18
-18
-17
-15
-14
-11
-11
-11
-12
-18
-18
-19
-18
-16
-20
-17
-18
-19
-18
-20
-21
-21
-19
-19
-20
-18
-18
-16
-16
-17
-19
-23
-24
-23
-22
-19
-21
-23
-22
-20
-16
-16
-16
-17
-19
-20
-20
-18
-14
-15
-16
-18
-18
-17
-16
-17
-17
-18
-20
-20
-21
-19
-16
-18
-18
-20
-21
-18
-19
-21
-24
-25
-24
-20
-21
-21
-22
-19
-18
-17
-14
-15
-19
-20
-22
-21
-21
-22
-26
-30
-32
-30
-31
-29
-28
-29
-26
-21
-21
-21
-21
-21
-19
-19
-19
-20
-23
-26
-26
-25
-25
-22
-21
-22
-26
-27
-25
-22
-19
-20
-23
-24
-26
-26
-25
-28
-28
-27
-25
-23
-23
-22
-23
-25
-24
-24
-24
-26
-27
-29
-27
-25
-24
-26
-27
-27
-28
-28
-29
-29
-28
-26
-27
-28
-29
-31
-29
-30
-30
-25
-22
-21
-19
-20
-21
-23
-22
-21
-23
-24
-22
-24
-25
-24
-25
-26
-25
-23
-22
-23
-21
-24
-23
-25
-26
-26
-27
-24
-23
-20
-22
-24
-25
-27
-25
-25
-27
-25
-27
-28
-28
-30
-31
-30
-28
-29
-30
-29
-30
-30
-31
-30
-29
-29
-30
-31
-33
-34
-36
-33
-33
-32
-32
-34
-29
-26
-28
-29
-34
-32
-30
-28
-26
-28
-27
-27
-26
-27
-28
-30
-30
-30
-29
-29
-29
-32
-33
-33
-33
-33
-34
-33
-32
-33
-34
-34
-34
-36
-35
-35
-33
-30
-28
-26
-27
-26
-25
-25
-24
-24
-28
-25
-23
-21
-21
-23
-21
-23
-21
-20
-20
-18
-18
-20
-23
-21
-23
-21
-21
-24
-25
-25
-25
-24
-24
-21
-23
-22
-24
-20
-16
-18
-20
-22
-20
-22
-22
-24
-24
-26
-25
-24
-26
-25
-24
-24
-25
-25
-25
-24
-23
-25
-24
-23
-23
-23
-24
-24
-22
-20
-22
-24
-26
-28
-26
-24
-25
-26
-30
-34
-33
-30
-29
-28
-30
-30
-29
-29
-28
-29
-27
-27
-25
-25
-27
-28
-28
-30
-32
-32
-35
-35
-35
-37
-38
-35
-32
-29
-26
-28
-29
-31
-29
-28
-30
-28
-26
-25
-24
-23
-22
-25
-27
-27
-27
-22
-22
-21
-21
-23
-24
-27
-25
-25
-24
-23
-24
-21
-23
-24
-27
-25
-21
-22
-20
-18
-17
-18
-20
-21
-24
-24
-25
-25
-22
-22
-23
-26
-29
-27
-26
-26
-26
-26
-28
-28
-29
-32
-30
-30
-30
-32
-34
-33
-32
-29
-30
-30
-28
-28
-29
-31
-34
-31
-29
-28
-29
-32
-34
-33
-30
-27
-28
-26
-29
-25
-27
-24
-27
-23
-28
-30
-30
-29
-27
-27
-28
-30
-34
-32
-35
-32
-34
-31
-31
-34
-32
-33
-28
-33
-34
-32
-33
-29
-32
-32
-29
-31
-32
-34
-35
-36
-35
-34
-35
-34
-34
-34
-30
-33
-33
-31
-31
-32
-31
-30
-31
-33
-31
-30
-30
-30
-31
-33
-34
-34
-33
-31
-32
-31
-31
-32
-31
-31
-33
-32
-30
-27
-29
-28
-30
-30
-27
-27
-28
-30
-29
-27
-24
-22
-26
-29
-30
-27
-27
-28
-31
-31
-31
-28
-28
-30
-29
-32
-33
-31
-31
-29
-30
-31
-33
-35
-32
-33
-31
-34
-36
-37
-36
-33
-32
-35
-38
-37
-38
-37
-35
-36
-37
-39
-39
-39
-40
-37
-36
-40
-41
-38
-38
-38
-36
-39
-40
-40
-41
-39
-37
-36
-38
-42
-44
-42
-39
-36
-38
-38
-37
-34
-32
-33
-34
-34
-34
-34
-35
-34
-32
-30
-30
-32
-34
-32
-30
-29
-28
-28
-24
-24
-22
-23
-26
-25
-26
-25
-25
-24
-26
-26
-25
-27
-27
-26
-29
-29
-29
-30
-30
-29
-29
-29
-30
-31
-29
-29
-29
-28
-29
-29
-31
-29
-30
-31
-31
-32
-33
-34
-34
-32
-32
-31
-33
-35
-35
-35
-33
-32
-35
-34
-34
-32
-32
-33
-34
-36
-35
-35
-36
-37
-35
-35
-37
-39
-39
-38
-38
-37
-39
-38
-34
-36
-36
-38
-39
-40
-40
-38
-35
-35
-39
-44
-44
-43
-40
-40
-43
-41
-43
-44
-42
-42
-42
-42
-43
-46
-46
-44
-42
-40
-40
-41
-42
-42
-40
-40
-42
-44
-43
-42
-40
-38
-39
-41
-42
-39
-37
-34
-35
-36
-37
-40
-38
-38
-40
-40
-42
-42
-38
-36
-39
-41
-41
-41
-38
-38
-39
-39
-37
-39
-40
-40
-40
-39
-38
-40
-39
-40
-39
-39
-38
-38
-38
-36
-34
-33
-33
-33
-34
-33
-32
-32
-30
-29
-27
-26
-25
-25
-28
-30
-30
-30
-30
-32
-33
-33
-32
-32
-33
-33
-34
-32
-33
-31
-33
-33
-35
-36
-34
-35
-34
-35
-35
-36
-36
-36
-34
-32
-32
-34
-35
-33
-35
-33
-34
-34
-32
-33
-32
-31
-29
-30
-32
-29
-29
-28
-25
-25
-24
-24
-24
-23
-23
-23
-26
-28
-28
-28
-28
-26
-26
-28
-29
-29
-29
-28
-29
-29
-28
-28
-27
-26
-26
-28
-30
-32
-29
-28
-29
-32
-31
-31
-29
-26
-28
-29
-28
-26
-25
-23
-24
-26
-27
-25
-22
-21
-22
-23
-23
-22
-20
-19
-21
-23
-24
-25
-21
-23
-25
-26
-28
-26
-26
-26
-27
-28
-27
-25
-21
-20
-23
-24
-23
-23
-24
-24
-24
-24
-23
-22
-21
-19
-21
-22
-23
-25
-23
-22
-22
-22
-22
-22
-22
-22
-23
-23
-22
-20
-21
-22
-23
-24
-22
-22
-24
-24
-25
-24
-24
-24
-24
-25
-25
-29
-30
-33
-33
-33
-32
-31
-35
-37
-39
-41
-39
-38
-38
-39
-39
-38
-36
-33
-35
-36
-35
-36
-35
-36
-38
-37
-37
-36
-33
-34
-31
-32
-35
-35
-37
-35
-35
-37
-39
-41
-42
-45
-44
-45
-44
-40
-38
-39
-42
-40
-40
-40
-40
-42
-40
-36
-36
-34
-31
-32
-33
-35
-37
-36
-35
-34
-35
-32
-29
-29
-28
-30
-32
-32
-31
-30
-29
-27
-27
-26
-26
-27
-30
-30
-30
-30
-31
-33
-34
-33
-34
-36
-36
-36
-33
-34
-33
-34
-35
-38
-40
-38
-39
-37
-38
-40
-40
-40
-37
-37
-34
-33
-34
-33
-37
-35
-33
-33
-33
-36
-37
-36
-36
-35
-36
-37
-38
-36
-36
-38
-39
-40
-41
-44
-45
-44
-41
-41
-42
-44
-44
-44
-42
-44
-43
-44
-43
-42
-44
-41
-41
-40
-40
-41
-39
-38
-38
-41
-45
-43
-42
-42
-41
-42
-42
-42
-42
-42
-44
-48
-49
-49
-51
-50
-48
-49
-47
-47
-49
-51
-52
-52
-53
-52
-52
-53
-54
-53
-50
-48
-48
-50
-53
-54
-53
-49
-47
-48
-48
-49
-48
-47
-48
-46
-47
-47
-46
-45
-45
-47
-47
-47
-47
-45
-41
-39
-43
-46
-47
-45
-44
-43
-46
-48
-49
-50
-50
-50
-50
-49
-47
-45
-45
-46
-45
-45
-44
-44
-43
-44
-42
-39
-38
-39
-39
-37
-38
-39
-39
-41
-39
-38
-40
-42
-42
-42
-43
-46
-51
-53
-53
-54
-53
-51
-50
-51
-50
-47
-47
-48
-51
-51
-51
-50
-49
-48
-47
-45
-44
-46
-47
-50
-49
-47
-45
-41
-41
-41
-43
-43
-42
-42
-41
-44
-43
-42
-37
-39
-38
-38
-40
-40
-41
-40
-39
-38
-35
-36
-37
-37
-37
-39
-39
-38
-42
-44
-47
-47
-43
-39
-37
-41
-40
-37
-38
-38
-38
-36
-29
-26
-25
-27
-27
-28
-29
-32
-35
-36
-31
-29
-29
-30
-29
-28
-27
-28
-31
-29
-27
-27
-28
-31
-29
-29
-28
-31
-34
-32
-31
-31
-27
-30
-29
-29
-31
-30
-31
-32
-37
-39
-35
-35
-34
-37
-38
-36
-32
-28
-27
-24
-26
-26
-27
-30
-30
-31
-31
-29
-26
-30
-29
-29
-29
-27
-31
-37
-41
-40
-38
-36
-36
-39
-36
-35
-35
-34
-37
-39
-41
-40
-38
-36
-36
-35
-36
-40
-43
-45
-46
-46
-45
-46
-46
-46
-44
-45
-45
-43
-43
-46
-45
-48
-44
-42
-43
-40
-43
-41
-40
-41
-40
-39
-36
-37
-39
-38
-37
-34
-32
-30
-31
-34
-33
-35
-32
-32
-32
-33
-32
-29
-31
-32
-32
-30
-25
-27
-29
-29
-29
-30
-32
-30
-28
-29
-32
-35
-35
-31
-34
-37
-39
-36
-34
-35
-34
-32
-31
-30
-31
-33
-31
-30
-30
-27
-26
-27
-27
-29
-30
-32
-32
-32
-29
-26
-28
-25
-25
-24
-23
-24
-24
-25
-24
-22
-21
-22
-26
-28
-29
-28
-25
-26
-28
-29
-25
-26
-29
-31
-33
-33
-33
-33
-31
-29
-30
-32
-34
-34
-35
-35
-36
-36
-32
-31
-31
-29
-30
-31
-31
-32
-33
-30
-30
-29
-29
-27
-25
-23
-24
-28
-28
-27
-27
-28
-29
-26
-27
-24
-24
-24
-24
-24
-26
-26
-27
-28
-25
-24
-26
-27
-25
-26
-24
-27
-30
-30
-30
-32
-32
-30
-28
-26
-25
-24
-24
-25
-27
-26
-27
-25
-25
-24
-25
-26
-26
-28
-27
-30
-31
-28
-28
-27
-25
-26
-25
-27
-29
-28
-28
-26
-23
-24
-25
-27
-30
-27
-24
-26
-29
-30
-29
-25
-22
-22
-22
-22
-22
-20
-23
-24
-23
-22
-23
-24
-25
-26
-26
-27
-27
-25
-23
-20
-20
-21
-21
-23
-22
-21
-24
-24
-26
-25
-24
-26
-26
-24
-23
-24
-28
-29
-30
-30
-28
-31
-31
-32
-32
-32
-33
-32
-35
-37
-39
-39
-38
-38
-35
-33
-33
-31
-31
-33
-33
-34
-34
-34
-33
-30
-29
-28
-29
-26
-26
-27
-27
-30
-30
-31
-30
-29
-28
-27
-27
-28
-29
-32
-32
-35
-36
-37
-35
-33
-31
-31
-32
-35
-35
-36
-38
-36
-37
-37
-32
-32
-32
-32
-34
-35
-35
-35
-37
-36
-35
-34
-33
-31
-31
-30
-30
-31
-31
-30
-29
-29
-31
-32
-30
-27
-28
-27
-30
-30
-29
-29
-28
-28
-29
-28
-28
-29
-30
-28
-30
-30
-29
-28
-28
-27
-26
-29
-31
-32
-30
-27
-23
-24
-24
-22
-21
-23
-26
-24
-26
-26
-28
-29
-23
-22
-21
-23
-26
-28
-27
-23
-21
-21
-23
-22
-20
-18
-22
-24
-24
-23
-23
-28
-28
-26
-23
-21
-21
-22
-19
-19
-21
-23
-26
-25
-24
-23
-23
-23
-20
-20
-22
-25
-28
-28
-25
-22
-22
-24
-23
-23
-22
-23
-25
-26
-25
