20
18
19
18
16
16
17
18
20
20
20
19
20
21
19
19
18
17
16
17
17
16
16
15
15
14
15
17
19
18
18
17
17
17
18
17
18
19
18
18
18
18
19
19
20
19
18
18
18
18
18
19
18
20
21
19
19
19
21
22
22
19
16
16
18
19
19
18
17
17
17
19
19
19
21
21
20
20
21
22
24
24
22
22
21
22
23
22
20
20
20
20
22
22
21
22
22
21
21
20
21
22
20
19
19
21
23
23
21
21
23
25
25
26
26
27
25
25
25
25
22
22
22
24
25
23
23
25
24
23
23
23
24
26
23
23
22
22
23
23
21
19
19
18
18
18
19
19
20
18
18
19
21
21
18
17
16
18
20
20
20
19
19
18
19
20
17
16
19
20
21
22
21
21
20
21
20
21
22
19
18
19
22
22
20
17
16
17
19
19
21
19
17
16
17
18
18
17
16
18
19
21
23
24
25
23
21
20
20
20
22
23
22
22
20
19
20
21
20
21
22
22
21
17
16
16
17
19
19
20
19
20
20
20
20
21
21
20
18
21
21
21
23
25
26
25
22
20
20
21
22
22
24
25
24
23
21
23
24
27
29
27
27
28
27
26
24
23
22
22
24
24
25
24
23
22
24
25
25
22
22
24
26
25
24
23
23
23
23
23
23
24
24
25
25
26
24
25
26
27
29
30
31
28
29
31
31
31
30
28
27
26
25
26
29
30
30
30
28
27
28
29
27
28
29
27
27
27
26
27
26
27
28
27
28
28
28
31
30
31
30
29
30
29
28
30
31
31
30
29
31
32
32
32
31
32
34
32
31
31
31
31
30
29
28
30
32
32
32
32
31
29
29
29
30
32
32
30
31
32
32
31
30
31
31
32
32
33
32
30
32
35
35
35
33
32
34
36
36
34
34
33
32
32
33
35
34
33
32
32
32
33
33
34
33
33
36
36
38
37
34
33
34
35
33
32
29
30
31
33
32
31
31
30
30
31
31
32
32
34
35
33
32
32
31
32
34
32
32
32
32
31
30
28
29
31
29
25
23
22
24
25
27
27
25
22
22
24
25
26
25
24
22
23
23
24
23
24
24
23
22
21
22
22
23
24
22
20
21
21
23
24
21
21
21
22
21
21
21
20
20
21
22
23
24
22
22
22
21
20
19
20
20
21
24
23
21
20
19
19
18
19
20
21
23
21
18
15
17
20
20
19
19
19
18
19
19
18
17
19
19
18
17
18
15
14
15
17
19
21
20
17
15
17
16
17
17
13
11
11
14
16
15
13
15
15
14
14
14
14
12
13
12
11
9
7
5
5
7
10
11
10
8
6
8
10
11
11
9
8
7
9
8
8
7
8
7
9
9
7
7
7
6
7
8
6
6
6
7
7
9
9
9
8
7
8
9
9
9
9
9
9
11
11
11
10
11
12
11
10
9
7
7
8
10
10
10
9
6
7
9
9
8
8
7
7
8
9
10
9
9
8
8
10
11
10
9
10
12
13
12
9
7
9
12
15
14
14
13
13
11
12
13
14
13
14
13
15
18
17
15
15
16
17
17
13
13
12
11
11
10
9
10
10
12
12
13
14
12
11
14
15
14
14
16
18
16
13
10
8
11
13
15
12
10
9
11
14
16
13
12
12
14
15
13
11
11
11
13
14
14
13
11
12
14
15
15
13
11
13
13
13
10
8
10
11
14
15
16
16
15
17
19
21
21
20
19
18
19
18
18
16
17
19
19
19
21
19
16
14
13
16
17
16
15
15
16
17
17
18
19
20
19
17
15
17
18
18
18
18
20
20
21
21
21
20
19
17
17
18
20
24
24
23
22
21
20
19
21
20
20
19
18
20
20
20
20
20
19
19
19
18
18
17
17
18
18
18
17
17
17
16
13
14
13
15
14
15
13
14
16
16
15
14
13
14
14
13
13
15
15
14
14
15
14
14
14
14
14
13
13
13
12
15
16
16
16
14
14
15
15
13
14
14
13
15
16
17
16
16
16
16
17
17
14
12
13
13
14
14
11
8
6
7
9
10
9
8
9
10
12
13
12
9
9
9
11
11
11
11
10
14
16
14
12
12
13
15
15
13
14
16
17
19
21
20
18
17
16
16
15
15
15
15
16
17
21
19
17
14
14
14
17
18
16
14
15
15
14
13
12
12
14
15
14
14
15
15
15
14
13
11
12
11
12
14
14
14
13
14
14
14
16
16
16
16
16
17
18
17
17
16
16
18
19
17
14
13
14
16
16
14
12
12
13
15
16
16
17
16
16
17
18
19
19
18
18
18
18
19
18
19
23
25
24
22
19
19
18
19
20
20
20
22
22
21
21
20
22
22
21
20
19
22
22
21
20
19
21
23
26
26
27
27
26
25
24
25
26
27
27
27
27
26
25
24
23
25
26
29
28
28
29
28
28
28
25
26
27
29
31
32
29
27
26
26
28
29
28
26
25
25
28
29
27
25
25
25
24
24
27
25
27
29
30
30
30
30
29
28
31
30
29
28
29
30
30
30
28
28
27
28
28
28
26
27
26
28
29
30
29
27
27
26
27
28
27
26
28
28
28
27
25
24
24
24
23
24
24
21
21
21
25
23
23
23
26
26
26
28
25
25
25
24
24
26
25
25
27
28
28
27
28
29
29
28
27
29
27
26
25
26
27
26
27
28
31
32
32
31
30
27
31
30
30
30
28
29
32
33
34
34
33
34
34
32
30
30
29
28
27
28
30
31
31
31
30
30
27
28
28
27
28
31
32
31
29
29
29
28
28
28
27
28
30
30
29
26
27
28
29
31
34
33
32
28
28
28
31
30
29
29
28
30
32
32
31
30
29
31
30
30
29
28
28
28
27
26
24
24
25
25
26
24
22
26
23
24
24
24
24
25
26
26
25
25
22
22
23
23
23
26
25
26
26
26
24
25
26
26
26
25
25
26
26
25
26
25
27
28
28
27
25
25
26
25
28
27
29
30
31
31
31
32
31
32
33
32
30
28
27
27
29
28
28
30
31
33
32
32
29
29
30
30
31
30
29
29
30
29
29
32
33
29
29
27
28
28
29
30
29
28
28
27
24
25
26
28
29
28
29
28
28
29
29
29
28
29
29
28
28
27
27
28
30
30
30
30
30
26
25
25
26
27
27
26
26
25
27
26
26
24
24
24
26
25
25
25
26
25
25
26
24
25
25
25
28
29
29
28
28
29
32
31
31
32
33
31
30
28
28
30
33
33
32
29
30
33
32
32
30
31
31
31
31
30
26
26
25
28
31
31
31
28
29
31
31
29
27
24
25
24
26
25
25
26
26
26
24
23
24
26
27
28
27
27
24
24
24
26
26
27
26
26
26
27
28
26
23
22
20
20
22
25
27
27
25
25
24
23
24
22
23
24
25
26
25
23
22
24
25
26
28
27
27
27
23
23
24
23
22
21
21
20
20
21
23
25
26
25
24
22
21
22
23
24
24
25
25
25
23
21
19
19
19
20
20
19
18
17
19
20
20
18
15
14
15
16
17
15
13
13
15
13
10
9
9
12
13
13
13
12
15
15
14
12
15
15
15
14
10
12
13
14
14
10
10
12
14
19
16
14
14
14
15
15
16
19
19
20
17
17
16
17
16
16
14
17
19
19
20
20
23
24
22
20
17
16
16
18
21
21
22
21
22
23
24
22
22
22
22
24
23
22
21
22
21
20
20
18
20
19
17
18
18
20
21
20
19
19
16
16
17
16
12
12
13
14
13
12
11
10
10
10
11
13
11
10
9
9
8
6
6
5
6
8
6
5
3
5
8
8
11
10
11
10
11
12
12
11
12
12
10
11
11
9
10
9
10
9
9
12
12
14
13
14
16
15
16
14
16
20
21
19
19
20
21
23
22
22
24
24
24
23
25
28
29
30
32
32
30
29
31
33
35
36
36
34
35
35
35
35
35
33
30
29
31
32
31
30
28
28
28
26
27
27
25
24
20
20
20
20
17
17
16
14
12
11
10
10
10
9
7
8
7
6
5
3
3
5
5
5
1
1
1
3
5
6
7
6
5
4
6
5
4
6
4
7
12
13
13
14
14
13
14
14
16
19
20
23
24
25
26
24
25
26
30
32
35
38
38
40
39
42
46
46
49
50
52
55
56
55
54
55
58
60
61
64
66
67
67
68
68
68
67
64
64
65
63
63
60
58
59
57
54
50
46
45
43
41
38
35
32
28
24
19
13
8
5
0
-7
-11
-19
-23
-29
-33
-39
-43
-45
-51
-57
-62
-66
-69
-76
-80
-81
-81
-82
-84
-90
-94
-96
-94
-92
-94
-91
-89
-81
-77
-77
-71
-69
-57
-47
-39
-29
-25
-13
-3
7
16
24
36
48
60
71
82
91
102
112
121
129
136
143
148
149
155
156
159
158
160
161
160
159
156
152
146
141
137
135
133
127
121
114
109
104
95
91
84
78
70
60
56
49
42
35
26
20
12
4
-2
-11
-19
-29
-36
-47
-55
-66
-75
-83
-92
-100
-111
-118
-126
-135
-143
-156
-167
-178
-187
-192
-203
-209
-221
-232
-238
-248
-250
-252
-245
-230
-206
-180
-160
-140
-124
-104
-80
-54
-25
-4
21
40
66
85
101
114
120
126
136
148
160
171
177
185
196
203
206
203
196
195
193
194
187
177
168
155
149
138
126
120
109
103
98
97
93
90
87
86
86
85
87
84
86
87
88
89
87
89
91
89
95
98
101
102
102
101
101
100
101
102
100
96
93
89
84
74
65
54
42
29
11
-1
-14
-24
-33
-46
-57
-70
-83
-92
-106
-117
-130
-141
-150
-160
-172
-183
-200
-205
-225
-231
-244
-245
-252
-261
-260
-252
-223
-194
-164
-143
-124
-101
-74
-46
-20
11
29
51
74
95
116
121
126
125
134
143
152
155
160
160
167
174
178
177
167
156
145
139
134
128
109
97
81
75
66
54
47
37
34
33
31
34
36
39
40
49
57
66
73
82
86
95
99
102
108
115
125
134
141
149
157
165
168
168
170
171
175
172
172
169
167
160
152
145
135
127
117
108
99
90
85
69
58
41
21
5
-14
-26
-39
-52
-64
-84
-104
-124
-149
-164
-189
-206
-225
-242
-256
-280
-294
-319
-326
-337
-342
-343
-342
-326
-305
-272
-243
-225
-198
-178
-147
-115
-81
-55
-28
-6
15
47
62
73
88
84
103
113
125
139
139
149
156
164
164
165
152
147
140
137
138
126
117
104
88
86
74
70
66
59
61
54
63
69
70
75
75
83
95
102
109
114
112
118
124
130
142
144
152
158
165
174
176
180
179
177
180
181
183
182
176
169
157
147
137
126
114
102
90
78
66
54
43
28
13
-4
-22
-40
-57
-76
-89
-107
-122
-143
-165
-185
-209
-230
-250
-273
-291
-318
-328
-355
-371
-390
-402
-402
-409
-395
-383
-352
-326
-300
-261
-242
-202
-180
-140
-106
-74
-39
-17
16
30
58
70
80
93
96
118
129
142
155
165
176
184
186
187
181
178
169
166
154
147
135
119
107
85
80
68
64
58
48
52
44
52
54
62
68
67
77
82
95
101
107
110
115
124
131
141
146
153
162
169
180
185
191
196
199
203
204
208
207
202
195
185
176
161
148
136
122
114
101
88
74
61
47
32
16
-6
-18
-42
-57
-82
-104
-123
-153
-173
-200
-220
-246
-274
-300
-328
-348
-368
-388
-405
-433
-437
-445
-431
-417
-381
-351
-320
-295
-274
-229
-202
-165
-122
-98
-49
-25
13
42
65
81
90
106
116
137
150
169
182
198
213
219
222
222
214
215
203
199
189
172
158
134
123
108
100
91
75
68
58
56
52
58
61
64
74
74
88
95
105
114
116
121
123
129
136
144
151
161
168
176
188
193
200
204
208
220
222
225
220
214
213
200
192
173
151
138
118
106
88
73
58
43
32
18
1
-22
-38
-56
-71
-88
-115
-143
-169
-196
-215
-239
-265
-292
-324
-348
-379
-387
-420
-436
-458
-475
-465
-461
-431
-393
-358
-326
-301
-277
-239
-205
-168
-121
-91
-48
-16
20
60
74
96
100
113
125
144
157
177
184
207
223
230
233
224
220
211
204
200
197
176
158
130
118
108
95
90
71
60
55
47
55
56
58
65
70
78
94
103
119
127
127
139
142
152
157
160
171
182
192
204
207
213
215
218
224
226
227
227
222
218
209
195
181
158
137
117
99
87
64
48
31
15
0
-21
-38
-67
-83
-107
-118
-135
-157
-176
-214
-237
-272
-291
-313
-341
-360
-391
-418
-438
-466
-480
-495
-508
-497
-477
-426
-375
-340
-307
-289
-244
-206
-161
-115
-81
-45
-9
38
71
103
107
112
124
141
166
185
205
216
238
261
280
283
274
262
256
247
240
231
209
183
158
143
131
115
100
83
73
68
68
68
71
68
68
74
82
96
102
109
110
113
120
125
132
135
140
153
166
178
188
197
201
209
209
210
214
212
210
207
203
198
187
171
155
133
113
96
78
62
48
36
24
4
-12
-30
-50
-73
-98
-120
-138
-152
-172
-204
-236
-268
-303
-323
-351
-372
-403
-439
-467
-492
-513
-522
-525
-511
-470
-427
-379
-342
-319
-286
-240
-198
-138
-94
-51
-6
38
81
121
135
146
147
161
181
208
235
257
279
298
320
327
330
312
299
289
283
278
267
245
216
184
162
138
114
96
73
64
62
61
68
67
62
67
66
75
85
91
98
101
106
114
121
130
143
149
164
177
189
200
208
217
231
239
250
247
248
244
237
232
223
209
195
173
163
143
127
110
86
59
38
17
-4
-21
-48
-68
-95
-124
-142
-168
-197
-237
-276
-314
-347
-363
-396
-414
-447
-493
-524
-554
-574
-576
-557
-525
-482
-435
-412
-379
-349
-305
-248
-191
-139
-82
-26
18
64
114
135
152
156
168
189
210
244
264
293
322
340
350
349
344
329
326
316
314
308
279
256
224
197
174
148
118
90
72
62
60
64
62
67
71
72
90
89
100
104
107
121
134
142
149
158
164
179
187
201
204
214
224
235
243
253
261
264
259
255
248
231
218
202
178
164
148
127
106
79
60
32
0
-20
-49
-80
-102
-137
-166
-182
-214
-235
-275
-316
-355
-396
-419
-440
-483
-497
-550
-579
-611
-610
-607
-570
-514
-473
-436
-406
-385
-343
-292
-231
-158
-104
-53
30
62
118
166
165
186
180
201
226
246
269
307
330
372
398
392
382
359
336
328
315
324
317
292
260
236
211
188
151
112
82
53
52
49
64
73
70
83
90
101
113
107
120
117
163
166
173
217
195
204
214
240
220
244
242
237
246
254
270
276
281
288
274
263
239
212
193
162
151
144
112
101
80
58
31
-9
-30
-74
-103
-127
-162
-177
-204
-230
-262
-308
-348
-397
-428
-475
-501
-534
-578
-613
-635
-662
-643
-600
-539
-442
-394
-359
-342
-314
-289
-202
-151
-104
-25
17
109
151
216
233
241
221
219
214
234
254
265
315
331
387
400
398
383
356
322
283
264
228
214
180
177
165
159
137
107
78
41
11
-7
-9
-2
17
27
64
96
127
160
173
183
188
177
186
200
219
252
274
304
330
339
349
348
341
338
328
311
304
296
296
299
299
292
261
238
205
177
135
100
67
42
7
-22
-46
-79
-107
-152
-179
-216
-257
-294
-350
-412
-464
-500
-537
-572
-613
-651
-736
-867
-846
-727
-695
-664
-578
-433
-371
-299
-184
-265
-239
-87
8
63
164
300
407
439
497
506
478
457
368
280
225
247
283
281
290
294
286
223
194
106
14
-84
-152
-183
-193
-164
-122
-79
-7
16
10
58
71
56
9
37
106
177
215
307
400
501
540
557
555
515
443
393
363
364
383
388
404
426
442
415
356
318
263
184
143
110
107
125
124
142
149
154
105
48
0
-50
-112
-157
-194
-207
-243
-253
-263
-298
-333
-403
-435
-507
-580
-669
-763
-801
-826
-885
-854
-906
-866
-863
-787
-555
-317
-187
-17
69
278
419
346
362
362
424
481
490
519
627
523
474
343
278
192
-1
-210
-270
-339
-277
-249
-190
-86
-82
-93
-60
-54
-95
-161
-263
-188
-151
-58
19
140
220
289
299
354
368
291
186
113
129
165
158
141
207
259
328
363
381
371
345
286
294
306
358
359
403
481
570
603
590
560
523
463
386
320
243
208
171
165
157
158
137
78
28
-20
-110
-178
-257
-296
-329
-355
-339
-360
-345
-387
-418
-465
-508
-612
-715
-822
-835
-895
-962
-944
-979
-858
-894
-781
-594
-252
-85
126
165
427
572
608
527
467
493
545
538
503
524
448
442
293
232
69
-29
-273
-346
-493
-402
-410
-256
-247
-130
-102
71
93
97
-27
-50
-27
-27
-13
1
125
180
254
225
341
312
299
87
54
-15
9
-112
-111
-104
34
82
214
305
433
467
487
508
560
560
560
569
633
708
752
784
790
781
713
617
510
399
242
132
43
24
-32
-57
-52
-19
-44
-64
-131
-148
-206
-277
-324
-379
-374
-398
-419
-440
-446
-520
-540
-661
-747
-861
-1015
-1060
-1105
-1089
-1101
-1022
-858
-460
-184
128
268
495
646
777
680
604
464
459
415
406
352
394
376
351
265
184
102
-44
-236
-425
-499
-501
-376
-336
-228
-135
71
197
300
240
238
158
146
38
-4
-30
22
30
86
157
259
279
196
110
46
-7
-92
-185
-241
-185
-112
28
171
332
506
649
771
853
876
868
831
767
735
681
668
643
623
588
562
522
452
320
190
98
18
-45
-132
-151
-136
-67
-38
10
19
50
28
-2
-74
-145
-259
-335
-457
-538
-621
-684
-746
-793
-904
-952
-1042
-1083
-1063
-1132
-1119
-1020
-800
-450
-154
44
360
563
855
944
854
755
684
562
546
317
256
173
162
118
79
-10
15
-121
-231
-388
-427
-406
-382
-390
-338
-194
28
171
225
252
284
371
329
255
160
118
71
39
-36
5
0
20
-33
-73
-79
-74
-140
-148
-180
-97
-17
78
196
334
486
668
751
860
923
971
978
906
838
797
720
656
536
468
440
390
324
247
204
193
115
44
7
-4
17
-28
-43
-18
8
16
-28
-79
-85
-140
-214
-318
-440
-534
-669
-743
-844
-955
-1052
-1145
-1199
-1187
-1190
-1158
-1129
-959
-626
-266
24
293
517
823
1010
1062
929
799
706
656
490
318
185
134
88
35
-43
-70
-110
-190
-302
-391
-410
-381
-355
-362
-270
-136
67
197
262
265
355
386
397
274
187
126
104
15
-41
-107
-75
-87
-117
-158
-145
-146
-130
-191
-178
-126
-21
86
184
299
482
637
790
882
962
1049
1072
1039
970
885
831
738
606
498
416
371
322
266
215
176
123
92
58
36
11
-4
-26
15
25
46
8
-35
-77
-115
-199
-284
-436
-568
-647
-754
-821
-986
-1059
-1148
-1159
-1202
-1164
-1216
-1123
-1002
-693
-355
-38
222
503
804
1089
1170
1080
965
861
796
611
387
167
74
-5
-21
-141
-144
-203
-177
-261
-295
-359
-322
-322
-310
-325
-236
-84
59
123
133
243
380
462
391
293
224
229
137
9
-145
-189
-208
-238
-294
-303
-281
-227
-210
-185
-111
-16
116
225
332
474
635
777
883
952
1057
1131
1138
1099
1026
973
912
771
601
446
366
299
193
94
63
76
100
85
79
94
125
150
143
134
134
115
56
-10
-89
-149
-249
-388
-501
-623
-665
-770
-875
-1030
-1070
-1140
-1158
-1267
-1262
-1266
-1164
-1003
-728
-380
-28
281
591
904
1183
1324
1253
1145
1018
924
722
449
153
4
-110
-143
-287
-342
-386
-343
-356
-376
-406
-346
-306
-285
-285
-238
-107
-11
45
65
180
345
452
414
390
373
419
356
207
40
-54
-131
-199
-332
-407
-426
-410
-359
-321
-227
-71
92
244
383
511
677
797
890
962
1029
1116
1161
1137
1100
1062
1013
888
690
535
422
306
151
15
-49
-32
-21
-11
-5
49
136
197
215
204
196
157
118
9
-72
-193
-294
-408
-489
-590
-645
-765
-823
-931
-976
-1044
-1113
-1182
-1194
-1209
-1170
-1086
-886
-548
-229
94
376
721
1087
1342
1357
1308
1196
1167
980
701
340
102
-82
-178
-400
-521
-610
-564
-554
-525
-522
-426
-334
-245
-233
-176
-99
-2
42
43
90
210
301
331
300
318
418
447
377
240
128
99
20
-147
-327
-451
-473
-438
-451
-402
-282
-84
145
309
450
619
788
924
990
1023
1102
1148
1158
1096
1030
983
926
794
649
495
408
292
167
48
-14
-38
-39
-56
-29
26
98
152
150
145
146
137
95
-7
-121
-192
-252
-312
-412
-481
-540
-559
-646
-702
-824
-883
-998
-1040
-1107
-1104
-1132
-1063
-936
-690
-399
-111
175
477
822
1116
1289
1300
1265
1193
1111
930
671
337
85
-124
-266
-482
-639
-736
-711
-687
-631
-600
-496
-355
-238
-152
-78
14
91
132
120
145
179
232
237
227
249
317
345
323
250
205
175
88
-60
-218
-315
-337
-348
-373
-362
-257
-65
133
301
445
615
822
1017
1155
1221
1251
1272
1273
1220
1126
979
815
661
519
403
266
143
33
-30
-53
-33
-38
-32
-30
18
89
119
106
66
41
42
3
-78
-168
-225
-254
-287
-363
-403
-455
-492
-570
-659
-742
-834
-916
-1006
-1051
-1076
-1052
-1020
-894
-710
-396
-104
203
453
786
1075
1306
1330
1305
1230
1184
1011
753
420
153
-60
-245
-480
-677
-782
-796
-773
-772
-721
-601
-428
-300
-204
-121
19
120
175
150
175
233
302
281
237
230
313
352
324
220
164
159
141
40
-84
-183
-209
-230
-279
-296
-229
-102
28
137
303
532
771
953
1076
1187
1326
1420
1419
1307
1184
1072
950
751
526
325
202
80
-29
-131
-165
-153
-144
-148
-127
-73
-4
21
-1
-2
23
61
54
-9
-64
-76
-68
-80
-153
-235
-275
-306
-347
-468
-588
-711
-790
-877
-978
-1049
-1090
-1076
-998
-876
-654
-406
-91
174
499
772
1084
1223
1299
1269
1246
1151
994
718
423
153
-48
-245
-478
-681
-799
-823
-796
-773
-740
-638
-487
-291
-169
-34
51
167
239
300
298
304
277
286
267
255
254
232
222
221
225
236
213
141
83
20
-13
-59
-125
-175
-170
-118
0
110
238
393
601
845
1040
1174
1249
1325
1358
1351
1233
1064
871
719
545
361
161
5
-100
-162
-202
-240
-268
-247
-182
-121
-92
-71
-23
40
99
119
135
154
189
195
178
135
96
30
-56
-166
-254
-372
-494
-655
-763
-864
-917
-995
-1029
-1052
-980
-869
-725
-557
-319
-13
287
544
771
1007
1171
1259
1214
1144
1030
924
714
449
145
-45
-226
-391
-614
-749
-817
-788
-775
-736
-662
-494
-318
-170
-48
87
239
350
396
387
391
404
407
334
282
269
309
309
297
273
322
367
373
305
229
173
141
65
-40
-120
-130
-69
19
101
207
367
581
781
919
1017
1101
1161
1160
1094
976
840
682
514
336
178
43
-69
-168
-230
-246
-226
-206
-188
-160
-90
5
79
121
161
226
309
362
364
354
341
325
268
157
26
-97
-211
-349
-497
-634
-729
-810
-871
-920
-932
-915
-873
-830
-748
-637
-455
-265
-39
154
378
599
830
977
1063
1062
1046
989
903
742
506
256
41
-148
-364
-590
-770
-857
-879
-845
-787
-666
-484
-256
-50
140
297
442
543
592
582
541
502
459
402
326
301
314
354
369
383
409
457
461
415
322
240
166
70
-60
-174
-234
-228
-185
-136
-51
83
280
475
627
731
841
941
993
965
880
791
707
606
456
286
154
81
7
-82
-163
-203
-200
-193
-183
-155
-99
-16
68
156
257
359
444
494
515
508
490
421
318
156
6
-150
-280
-424
-558
-670
-738
-754
-774
-785
-812
-797
-788
-760
-745
-700
-631
-501
-314
-113
76
280
510
740
890
992
1015
1034
989
904
704
469
229
39
-169
-377
-564
-673
-703
-679
-633
-547
-409
-216
-31
131
265
393
502
570
593
585
574
548
510
447
424
414
417
392
373
359
365
331
269
170
93
23
-48
-138
-212
-265
-264
-232
-186
-137
-73
30
156
277
375
466
557
641
696
739
761
760
740
698
637
556
462
343
202
76
-22
-114
-203
-273
-296
-265
-193
-103
2
135
296
439
543
612
649
654
604
516
380
226
48
-105
-263
-405
-536
-640
-697
-759
-781
-841
-847
-871
-855
-872
-859
-825
-748
-655
-532
-340
-119
111
315
539
738
922
1035
1092
1095
1079
1023
910
729
548
361
185
-12
-202
-373
-480
-541
-569
-564
-506
-378
-232
-84
52
223
392
546
620
662
690
722
697
613
509
428
353
258
151
61
15
-9
-29
-57
-56
-31
3
8
-13
-33
-38
-53
-95
-156
-197
-177
-139
-103
-60
38
191
354
503
640
781
906
988
997
960
873
754
579
390
190
11
-141
-254
-343
-373
-336
-237
-119
-2
135
301
469
591
637
635
631
612
541
395
228
64
-82
-238
-388
-546
-651
-720
-767
-811
-845
-832
-805
-775
-768
-731
-696
-624
-596
-524
-441
-263
-89
82
246
459
704
912
1063
1153
1255
1322
1355
1271
1114
912
727
489
207
-126
-398
-592
-716
-829
-877
-843
-681
-475
-262
-49
174
408
595
709
734
732
682
598
439
277
138
40
-51
-128
-157
-121
-44
14
59
99
172
209
185
92
-3
-87
-169
-284
-390
-464
-465
-411
-329
-219
-80
102
309
507
676
812
916
991
1006
977
898
791
655
515
361
214
72
-51
-154
-220
-239
-229
-200
-148
-69
35
143
247
321
372
402
423
408
353
262
163
69
-32
-145
-266
-361
-407
-440
-460
-472
-476
-448
-439
-411
-434
-430
-447
-453
-475
-480
-456
-389
-283
-142
22
223
426
664
855
1021
1124
1206
1240
1223
1128
973
789
586
386
136
-87
-303
-451
-569
-647
-685
-668
-604
-501
-386
-250
-111
20
132
219
278
318
326
309
273
223
187
146
114
77
51
46
61
73
75
73
83
100
88
60
6
-36
-74
-116
-171
-221
-249
-239
-204
-155
-85
8
141
285
417
534
630
705
747
751
720
657
577
476
353
235
143
57
-28
-101
-136
-135
-122
-100
-84
-49
27
105
159
192
234
303
367
397
409
409
416
413
375
320
256
189
111
17
-67
-150
-219
-296
-348
-399
-418
-446
-456
-462
-465
-438
-407
-357
-306
-222
-101
57
194
353
487
668
793
909
943
973
952
946
834
708
517
368
189
10
-195
-377
-519
-600
-661
-703
-701
-647
-541
-422
-300
-165
-13
126
234
293
355
402
417
375
319
272
237
181
107
43
15
15
7
-8
-11
8
32
41
28
11
2
-11
-35
-65
-79
-72
-56
-45
-27
13
84
147
195
224
275
330
368
359
341
323
326
301
258
208
189
190
185
175
177
204
237
265
284
316
348
385
407
426
444
465
476
491
499
506
500
482
451
401
339
266
183
87
-8
-94
-173
-242
-306
-341
-364
-356
-358
-339
-323
-280
-287
-265
-284
-258
-259
-244
-212
-168
-78
-12
104
217
357
455
552
613
692
728
718
652
561
470
357
207
45
-116
-236
-346
-426
-478
-493
-471
-428
-363
-288
-196
-111
-25
31
88
130
162
169
147
122
105
98
69
39
13
29
50
69
79
99
133
163
176
177
172
160
136
84
27
-31
-82
-130
-183
-233
-251
-244
-200
-156
-92
-5
102
215
311
397
477
551
608
640
653
662
663
643
612
579
543
510
470
435
401
369
346
331
311
297
291
299
312
318
327
334
356
374
376
355
326
292
254
195
112
35
-49
-113
-192
-260
-329
-381
-430
-457
-498
-509
-541
-551
-576
-582
-568
-531
-473
-381
-272
-137
13
187
371
527
671
767
864
914
937
874
783
643
507
322
135
-67
-240
-393
-509
-594
-636
-638
-606
-552
-482
-390
-288
-173
-80
-9
49
119
182
211
211
213
230
238
227
198
175
164
151
126
107
87
70
47
24
8
-11
-27
-49
-77
-96
-96
-92
-87
-81
-49
11
80
147
212
291
381
453
513
554
606
640
650
631
615
593
573
539
502
473
444
427
410
397
382
371
368
370
368
361
351
341
330
315
302
285
266
249
236
227
212
181
137
88
45
-8
-76
-158
-238
-299
-357
-404
-463
-492
-514
-500
-497
-461
-446
-398
-372
-319
-285
-240
-201
-142
-73
-8
65
131
234
309
402
452
515
550
583
568
532
461
383
281
169
42
-76
-187
-285
-368
-421
-443
-439
-422
-391
-327
-247
-156
-85
-21
33
98
146
173
171
158
156
147
131
97
66
42
25
8
0
0
15
32
54
84
116
148
175
192
208
224
233
232
223
216
217
228
231
233
250
286
332
369
406
442
485
521
539
543
535
525
497
466
426
382
342
302
271
249
240
234
238
243
255
261
263
255
237
217
191
168
143
115
89
62
38
17
-12
-42
-76
-104
-142
-178
-220
-255
-286
-315
-334
-359
-350
-362
-340
-352
-323
-318
-293
-292
-282
-278
-264
-238
-204
-156
-108
-45
33
133
227
323
396
471
524
580
579
558
497
441
346
240
98
-25
-148
-247
-339
-411
-447
-450
-434
-401
-355
-277
-191
-104
-30
31
92
146
166
160
145
137
122
82
38
11
0
-5
-18
-15
18
66
115
154
198
254
306
340
357
358
363
358
336
301
264
247
230
215
198
208
230
266
282
305
344
379
404
395
391
379
365
320
285
242
218
187
162
142
139
151
157
159
158
164
170
167
152
136
126
122
108
91
75
76
74
70
58
45
29
6
-27
-61
-98
-126
-171
-202
-240
-256
-279
-282
-293
-290
-289
-271
-270
-251
-262
-249
-255
-239
-235
-210
-164
-112
-39
18
120
203
304
360
426
469
500
510
479
423
353
275
180
69
-41
-136
-213
-281
-330
-364
-361
-339
-302
-247
-195
-125
-65
-6
39
70
96
112
108
82
59
30
7
-30
-52
-62
-57
-32
-5
35
102
177
253
322
385
450
505
538
549
532
513
484
436
378
310
259
212
170
129
98
81
78
78
82
107
131
163
187
210
242
263
279
276
274
274
272
258
235
215
207
196
176
153
135
125
113
93
79
71
72
63
53
47
48
52
42
22
10
10
6
-6
-25
-20
-14
2
4
10
16
27
30
15
0
-31
-52
-110
-146
-217
-246
-293
-314
-348
-360
-349
-312
-259
-196
-127
-42
57
140
218
270
324
355
373
367
342
298
251
181
110
29
-39
-104
-164
-214
-254
-270
-265
-257
-244
-218
-181
-127
-94
-61
-41
-6
18
28
19
25
42
63
75
85
121
162
213
249
289
330
369
402
416
422
410
403
376
346
305
263
229
198
173
159
154
160
165
178
209
228
248
250
257
265
267
247
231
209
200
185
162
148
137
132
123
117
115
115
119
119
111
112
116
114
111
110
124
140
157
166
181
198
217
224
223
216
211
197
180
153
118
89
50
9
-41
-83
-128
-166
-207
-243
-275
-295
-314
-326
-343
-338
-332
-322
-318
-304
-277
-248
-203
-173
-117
-73
-9
37
88
133
166
201
208
217
201
185
154
113
63
5
-42
-91
-127
-165
-180
-193
-187
-175
-155
-112
-76
-28
1
37
69
100
119
129
133
139
143
142
141
137
147
158
171
186
201
221
235
247
262
269
283
284
285
284
286
287
279
276
272
273
273
272
273
268
270
264
252
236
224
212
201
193
180
166
156
157
148
145
139
139
136
139
139
138
145
160
166
181
196
221
230
240
242
237
229
216
191
161
129
98
70
40
13
-10
-25
-35
-41
-53
-57
-67
-72
-90
-100
-120
-137
-162
-185
-210
-228
-243
-258
-265
-273
-265
-255
-242
-223
-211
-178
-151
-127
-113
-95
-66
-39
-18
-3
9
24
43
49
47
41
40
42
31
19
9
2
5
-2
-6
-6
0
9
10
13
20
29
40
42
53
62
77
82
96
106
129
147
177
204
232
260
281
311
323
349
355
370
367
372
361
351
326
312
290
271
246
217
198
180
176
157
156
155
168
178
178
182
188
199
204
202
206
209
212
208
204
200
203
196
195
190
193
194
191
190
181
184
172
159
139
126
105
78
47
17
0
-15
-21
-33
-28
-13
2
17
19
29
26
26
10
-9
-33
-57
-90
-123
-158
-182
-209
-225
-250
-260
-268
-264
-261
-260
-255
-242
-220
-202
-182
-169
-144
-130
-100
-91
-75
-69
-60
-56
-53
-58
-57
-63
-54
-48
-39
-26
-12
15
34
54
71
88
100
113
111
121
114
119
117
124
127
133
146
159
175
186
205
214
230
237
253
256
267
262
257
248
244
236
217
200
180
169
159
145
136
127
134
142
150
155
169
184
204
219
229
242
248
258
256
250
247
235
224
208
196
183
176
167
163
160
164
166
164
166
165
167
165
154
139
121
99
77
43
11
-18
-38
-49
-55
-61
-60
-57
-43
-38
-30
-34
-36
-47
-56
-73
-94
-117
-140
-157
-176
-189
-199
-206
-211
-209
-203
-194
-187
-176
-161
-145
-134
-130
-128
-125
-122
-124
-124
-124
-117
-116
-107
-101
-83
-65
-50
-27
0
29
48
64
80
97
106
109
104
98
94
86
74
64
61
59
56
56
56
64
79
92
100
113
136
159
173
182
194
209
223
229
226
221
225
229
228
220
218
213
214
210
203
198
194
190
183
174
177
174
169
165
162
171
177
188
193
200
208
220
222
225
219
223
220
218
208
205
195
191
176
165
150
136
113
87
60
30
0
-32
-58
-83
-102
-118
-125
-120
-111
-98
-79
-61
-34
-17
6
6
10
4
0
-15
-31
-58
-82
-103
-125
-144
-164
-172
-173
-170
-167
-162
-147
-134
-123
-113
-106
-96
-90
-83
-84
-76
-77
-66
-69
-61
-59
-48
-37
-27
-15
-6
6
13
20
26
34
39
42
38
32
26
20
15
12
11
12
17
26
36
53
72
98
120
144
164
179
197
213
227
234
233
240
241
241
238
233
225
218
210
201
194
188
180
170
162
154
148
147
143
140
140
144
147
148
154
164
174
182
190
199
205
207
204
197
194
186
178
162
153
137
127
112
103
89
74
58
39
24
12
1
-10
-18
-19
-19
-21
-20
-22
-18
-16
-14
-18
-24
-27
-29
-44
-56
-71
-81
-93
-107
-115
-118
-117
-115
-115
-115
-114
-110
-105
-101
-97
-90
-87
-82
-76
-66
-58
-47
-36
-25
-14
-4
8
10
16
15
16
10
6
-9
-18
-29
-32
-36
-38
-37
-33
-26
-23
-18
-14
-4
6
16
22
38
47
62
72
88
103
124
139
150
162
178
187
194
198
203
202
203
195
189
186
182
177
169
168
167
170
167
163
161
161
160
156
150
152
158
165
170
173
179
184
189
186
182
179
176
167
150
137
123
111
96
82
72
68
67
67
70
69
73
74
72
63
51
35
23
9
-7
-21
-34
-48
-61
-68
-72
-75
-76
-74
-72
-67
-63
-59
-53
-48
-45
-46
-47
-43
-40
-42
-44
-42
-41
-32
-23
-16
-12
-2
3
7
9
9
9
13
19
19
19
14
7
3
1
-5
-16
-21
-27
-27
-24
-22
-23
-18
-13
-6
1
4
4
7
16
21
28
29
31
35
41
46
56
66
80
91
104
121
135
149
160
174
189
205
215
218
221
226
230
229
225
223
216
210
199
187
173
167
154
143
134
125
117
109
103
99
101
102
102
102
107
113
118
124
124
121
120
111
103
93
88
81
72
62
53
46
38
30
25
22
18
16
13
8
4
-4
-10
-18
-19
-17
-17
-12
-6
4
16
21
27
28
25
19
11
-1
-11
-21
-31
-40
-48
-53
-52
-50
-45
-36
-29
-22
-16
-10
-9
-3
0
3
1
6
6
6
2
-2
-4
-6
-6
-10
-16
-23
-22
-21
-14
-9
-1
4
11
14
17
19
21
28
38
48
61
72
80
94
104
112
118
127
130
136
140
147
150
152
148
148
150
151
149
144
139
140
143
147
148
149
153
153
155
156
158
157
150
143
134
126
118
108
95
85
75
63
55
45
36
33
35
38
40
45
50
58
66
67
71
75
77
77
76
70
70
66
65
58
53
48
40
36
27
18
11
2
-8
-17
-21
-24
-29
-31
-31
-30
-24
-17
-17
-17
-17
-13
-10
-7
-9
-2
4
15
20
24
33
43
45
43
37
28
18
7
-3
-11
-17
-20
-22
-20
-13
-7
1
7
14
19
24
27
30
31
36
38
41
45
46
51
54
59
63
69
70
74
74
75
77
82
87
90
92
97
102
107
108
111
114
116
118
117
118
120
124
127
137
144
157
160
163
161
161
156
148
136
123
114
103
92
81
74
67
60
53
42
37
33
32
29
28
29
34
40
44
52
56
61
60
59
53
49
44
39
35
33
32
31
32
33
34
32
29
24
15
10
6
3
-3
-3
-8
-10
-10
-7
1
6
11
12
13
15
21
22
25
27
31
32
35
37
35
30
27
27
21
16
9
4
-1
-2
-6
-5
-8
-9
-5
-1
3
6
11
18
27
34
38
38
37
39
47
55
60
63
64
65
73
75
77
73
72
69
67
68
70
72
75
81
85
89
96
99
101
104
108
111
115
122
128
130
128
126
126
125
120
112
105
96
89
82
76
68
57
48
41
36
30
32
30
30
32
35
33
33
34
37
39
44
43
44
44
42
38
36
36
39
38
38
38
43
48
49
47
43
43
42
40
33
27
22
20
15
11
4
3
2
1
1
4
5
6
5
4
5
5
2
-4
-8
-12
-15
-16
-18
-16
-10
-4
3
8
11
14
15
14
11
7
3
0
-1
-1
2
5
10
17
27
36
42
47
50
51
53
52
53
54
59
63
65
66
72
76
78
79
82
80
78
75
71
67
67
66
65
64
63
65
70
73
74
73
77
78
79
79
79
78
76
74
69
67
63
58
56
51
48
46
43
41
37
36
36
32
26
23
22
20
20
18
22
27
30
34
39
45
49
48
48
51
51
50
45
41
33
30
25
20
14
4
-4
-11
-19
-26
-31
-32
-27
-27
-29
-30
-25
-18
-11
-8
-6
-2
3
7
8
6
5
3
4
4
5
6
4
2
1
3
1
-4
-7
-7
-5
-4
-2
0
5
7
13
20
28
31
36
39
47
51
52
55
55
57
54
53
47
45
42
42
38
42
41
44
43
42
41
46
52
60
65
75
83
92
97
105
107
108
106
103
100
96
94
87
81
73
67
59
55
50
43
38
35
31
31
32
32
28
29
28
31
35
36
43
45
49
53
55
57
58
57
54
50
46
42
38
34
26
21
14
11
8
8
8
7
9
11
9
11
11
14
19
24
30
34
38
40
42
44
44
43
38
36
34
28
26
20
18
14
9
7
6
9
8
9
9
14
19
23
27
31
37
41
45
44
42
43
44
44
43
42
40
39
35
32
34
37
41
39
38
38
42
47
52
55
57
61
65
68
72
78
81
85
90
95
99
104
111
115
116
113
108
105
100
95
88
81
75
69
63
57
53
48
49
50
53
53
53
53
54
56
57
58
56
54
51
51
49
46
44
42
38
37
35
37
37
40
41
43
43
44
42
44
44
44
47
44
47
46
45
43
45
43
42
39
39
39
39
37
35
34
36
35
35
29
23
20
22
19
15
10
7
4
3
1
2
5
9
14
18
27
32
35
36
38
41
46
43
43
42
44
44
43
39
39
41
43
46
48
51
55
59
60
65
67
70
69
70
71
71
66
63
62
59
55
54
52
52
53
55
56
61
65
70
74
78
80
79
78
76
74
69
68
67
67
64
62
60
60
63
64
63
60
58
56
53
48
44
41
38
38
38
36
35
33
34
38
41
42
42
40
42
47
48
46
44
49
54
55
54
50
47
45
42
39
34
28
23
19
16
10
7
6
5
8
10
8
8
10
15
18
21
20
19
19
17
17
16
17
19
20
19
20
21
21
20
18
19
21
20
18
19
21
26
30
28
30
36
38
40
42
41
41
42
43
43
43
42
44
45
44
43
43
43
42
40
36
30
26
22
17
15
16
17
22
26
27
28
36
44
51
57
60
64
65
67
69
69
65
62
56
53
48
44
40
37
34
32
29
26
26
26
25
24
23
23
22
20
22
23
24
24
25
24
24
26
27
22
19
19
17
17
13
9
6
5
5
5
6
6
4
2
1
1
3
4
6
6
6
7
6
5
4
1
0
0
0
1
-2
-2
-1
1
0
3
1
-1
-2
-4
-7
-9
-14
-17
-16
-13
-9
-8
-7
-4
-1
4
7
12
13
14
16
16
17
15
11
7
5
5
4
2
2
0
-2
-1
1
4
6
6
5
5
7
10
13
15
14
15
16
17
17
13
11
11
13
16
18
19
20
22
22
22
23
23
21
18
16
14
13
11
8
8
9
9
8
8
6
5
2
3
5
7
8
6
4
1
2
1
0
0
-1
-4
-8
-11
-12
-13
-13
-11
-10
-11
-9
-10
-11
-7
-7
-8
-9
-9
-10
-11
-12
-15
-18
-22
-28
-32
-37
-38
-40
-40
-40
-38
-36
-34
-33
-31
-27
-24
-20
-19
-24
-24
-22
-23
-22
-20
-19
-18
-16
-12
-9
-8
-4
-4
-3
-2
-2
-3
0
-4
-8
-6
-7
-8
-7
-7
-6
-3
1
1
2
3
3
3
4
4
5
4
4
3
3
-1
0
0
-2
-3
-5
-4
-4
-4
-3
0
1
3
5
7
11
13
13
12
11
9
7
7
6
6
4
5
8
8
7
6
7
8
11
9
6
5
3
-1
-4
-8
-13
-15
-15
-14
-12
-10
-9
-8
-7
-9
-7
-6
-7
-8
-12
-13
-15
-18
-17
-18
-20
-19
-21
-21
-22
-22
-25
-29
-32
-36
-36
-35
-32
-33
-34
-32
-28
-24
-22
-21
-22
-19
-15
-14
-15
-17
-16
-15
-13
-11
-11
-9
-8
-7
-7
-7
-8
-5
-2
0
2
4
5
6
7
8
7
7
7
7
7
5
5
4
1
0
-1
-2
-3
-4
-7
-9
-3
1
2
-4
-4
2
3
4
9
11
13
16
11
12
13
11
14
14
16
18
18
21
20
19
19
18
14
14
12
9
6
6
7
8
7
9
9
9
8
1
-3
-4
-1
1
0
0
2
3
1
3
3
3
4
3
5
6
5
5
4
1
-1
-2
-3
-5
-9
-11
-15
-17
-18
-20
-22
-20
-18
-17
-17
-15
-14
-12
-8
-10
-7
-5
-3
-2
-1
-2
-2
-4
-5
-8
-9
-11
-13
-13
-13
-11
-9
-8
-4
-2
0
2
9
16
20
24
26
29
29
28
27
26
26
25
23
20
18
18
19
19
16
12
9
7
9
11
12
14
14
13
15
15
16
17
20
22
24
24
26
28
30
31
31
33
34
32
31
29
27
23
17
13
12
13
12
11
11
11
13
16
18
19
21
23
26
27
27
28
28
30
31
31
31
28
26
22
20
19
16
10
7
4
1
-1
-7
-9
-10
-13
-13
-10
-9
-6
-4
-4
-1
3
4
2
4
8
10
9
9
9
8
8
6
3
-2
-6
-8
-8
-9
-11
-12
-11
-9
-6
-1
2
4
7
12
19
25
25
26
26
27
28
26
27
29
31
30
29
26
25
24
22
20
18
15
11
9
6
3
-2
-1
0
3
6
11
16
20
24
27
29
28
27
27
28
25
22
20
18
14
10
7
5
5
5
2
1
3
7
11
11
9
9
11
14
16
17
19
21
20
22
24
27
29
29
29
27
27
22
18
15
12
7
5
3
-1
-3
-3
-3
-5
-4
-4
-3
-3
-4
-5
-2
1
-1
0
2
3
5
5
5
4
4
3
2
2
5
3
-1
-3
0
5
6
5
2
5
10
15
16
15
14
15
17
18
16
18
16
17
16
17
19
19
17
15
15
15
16
18
19
19
18
16
13
13
15
18
19
19
19
22
20
22
24
25
26
24
25
24
22
19
16
14
13
14
15
17
18
18
16
16
20
22
24
27
27
28
27
24
21
20
20
17
15
10
6
2
3
4
3
4
5
5
7
9
9
11
14
15
14
15
15
12
10
10
9
10
10
8
6
5
7
6
3
1
2
3
0
-5
-9
-12
-10
-9
-8
-6
-5
-3
-1
0
-1
1
3
5
8
6
6
2
0
0
-2
-4
-4
-6
-6
-7
-8
-5
-2
-1
0
2
3
3
6
6
6
7
11
12
13
11
9
8
10
10
7
6
5
3
1
0
0
0
2
3
5
5
2
-1
-1
0
2
3
3
2
4
5
7
8
9
10
15
18
19
19
18
16
13
9
4
0
-4
-6
-4
-5
-7
-7
-6
-5
-5
-6
-6
-7
-4
-4
-5
-6
-7
-8
-6
-6
-6
-5
-5
-3
-2
0
1
1
0
-3
-5
-7
-8
-6
-7
-8
-11
-11
-11
-12
-12
-11
-10
-9
-8
-9
-11
-12
-13
-12
-10
-9
-9
-11
-12
-13
-12
-12
-13
-17
-21
-20
-19
-21
-22
-21
-18
-13
-11
-10
-7
-4
-2
0
0
1
2
2
1
-2
-4
-6
-6
-7
-7
-5
-2
-1
-1
2
4
4
2
1
-1
-4
-5
-7
-4
-3
-2
-2
-1
1
4
6
6
5
5
7
6
6
5
4
4
3
1
3
2
3
4
3
1
1
0
1
1
1
2
0
-1
1
2
3
2
-1
-1
-1
-1
-1
-3
-5
-9
-9
-10
-10
-10
-8
-7
-7
-7
-7
-4
-4
-4
-4
-7
-10
-12
-12
-9
-9
-10
-8
-9
-11
-10
-7
-6
-8
-10
-11
-11
-11
-15
-19
-22
-22
-18
-16
-14
-12
-9
-7
-7
-8
-9
-9
-8
-6
-5
-7
-8
-9
-8
-5
-2
0
0
0
1
3
3
3
3
2
2
-1
-3
-4
-7
-8
-8
-7
-5
-6
-7
-4
-2
-1
-2
-4
-4
-2
1
4
5
4
4
4
5
5
6
7
7
8
6
4
3
1
0
-1
1
5
7
5
4
2
2
2
0
-2
-1
-1
1
-1
-1
1
1
4
5
7
9
8
6
4
2
0
-2
-2
-2
-2
-5
-9
-9
-7
-6
-5
-6
-7
-6
-6
-6
-7
-10
-11
-10
-11
-12
-12
-12
-10
-8
-7
-10
-9
-9
-8
-9
-10
-10
-11
-13
-14
-13
-12
-10
-10
-9
-8
-4
-3
-2
-6
-8
-6
-3
-3
-4
-5
-6
-3
-2
-1
1
3
5
6
5
6
3
2
1
2
2
2
2
-1
-3
-3
-2
-3
-6
-7
-5
-3
0
-2
-1
0
3
8
9
9
10
11
13
14
15
15
14
15
15
14
13
8
5
4
4
0
-4
-4
-4
-1
0
-2
-3
0
1
1
1
2
1
2
1
0
-1
-3
-3
-1
1
2
4
4
2
3
4
2
0
-3
-3
-4
-4
-7
-9
-9
-9
-8
-7
-6
-6
-6
-7
-7
-5
-3
-2
-3
-4
-4
-2
-1
-2
-4
-7
-7
-5
-6
-10
-12
-12
-11
-10
-7
-9
-9
-8
-6
-4
-1
0
1
4
5
6
6
7
8
10
12
12
10
9
8
8
8
8
10
9
7
8
6
4
0
-1
-2
-2
-2
-2
1
2
1
2
3
5
10
15
17
16
15
17
17
16
17
19
21
22
23
22
21
24
24
23
22
21
18
17
15
15
13
11
8
8
10
10
9
10
12
15
16
17
19
17
17
15
13
14
13
10
9
7
9
7
5
4
2
2
2
2
3
5
3
0
-1
0
1
1
1
1
3
5
8
10
8
7
7
8
11
12
11
11
11
10
8
8
7
6
4
1
-2
-5
-4
-5
-2
0
4
6
7
10
13
16
19
21
21
22
22
20
18
16
17
16
16
16
17
17
17
16
14
14
15
15
12
10
8
9
9
8
8
11
16
18
19
19
20
22
21
21
19
20
20
20
23
23
21
20
20
19
19
17
14
10
12
15
15
11
8
11
15
15
16
15
14
16
16
18
18
17
15
13
12
11
10
9
6
5
4
4
5
4
4
5
5
5
3
2
3
3
2
0
1
2
5
8
9
8
7
6
6
8
6
3
-1
0
0
-1
-3
-4
-6
-6
-5
-5
-4
-4
-5
-3
-5
-6
-6
-5
-4
-4
-2
-1
0
-1
1
1
1
3
3
3
3
0
-2
-4
-4
-4
-4
-2
-1
-1
1
2
1
1
0
0
1
2
4
3
2
1
3
6
9
11
11
10
11
11
9
5
4
4
5
4
2
1
3
2
3
6
7
9
10
12
13
14
13
12
11
11
9
6
5
3
3
3
4
4
3
3
-1
-2
-3
-2
-1
-2
-2
-3
0
-1
-2
-4
-5
-4
-5
-5
-4
-3
-2
-2
-3
-2
-4
-4
-9
-11
-11
-9
-8
-11
-14
-14
-14
-12
-12
-12
-10
-12
-11
-8
-6
-5
-5
-7
-5
-4
-4
-4
-3
-4
-7
-8
-5
-4
-4
-6
-10
-12
-10
-11
-12
-13
-14
-12
-13
-14
-15
-15
-13
-11
-10
-10
-9
-6
-5
-6
-6
-6
-6
-5
-4
-4
-5
-5
-8
-10
-11
-10
-7
-7
-7
-3
-3
-2
-3
-2
-2
-3
-3
-3
-2
-1
0
1
3
3
3
0
2
1
2
1
0
-1
-2
-4
-5
-4
-2
-1
-2
-2
-3
-3
-3
-2
-1
-1
-1
-2
-4
-5
-8
-8
-7
-7
-8
-7
-7
-10
-11
-15
-14
-15
-14
-14
-13
-11
-10
-11
-12
-11
-9
-8
-8
-8
-9
-11
-14
-15
-15
-15
-15
-17
-18
-17
-15
-13
-15
-19
-20
-18
-17
-14
-13
-13
-14
-14
-14
-11
-9
-10
-11
-13
-15
-14
-15
-15
-15
-15
-16
-18
-19
-20
-20
-18
-17
-19
-19
-20
-21
-22
-21
-20
-17
-16
-18
-19
-18
-17
-14
-12
-13
-11
-10
-9
-10
-9
-7
-6
-5
-6
-7
-10
-10
-10
-12
-14
-14
-14
-13
-12
-15
-17
-18
-16
-14
-14
-13
-12
-10
-9
-9
-9
-10
-11
-9
-7
-8
-9
-11
-14
-15
-16
-16
-19
-20
-20
-18
-19
-21
-22
-23
-20
-17
-14
-14
-15
-14
-14
-12
-10
-11
-9
-8
-9
-13
-12
-13
-13
-14
-18
-21
-23
-23
-25
-27
-28
-30
-31
-29
-30
-29
-26
-27
-27
-24
-23
-21
-19
-18
-17
-19
-20
-22
-21
-20
-20
-22
-24
-25
-26
-28
-30
-33
-33
-32
-31
-31
-30
-27
-27
-26
-26
-25
-27
-26
-26
-23
-24
-24
-27
-27
-27
-25
-24
-25
-27
-27
-27
-25
-24
-25
-25
-25
-23
-22
-25
-26
-25
-23
-21
-21
-18
-15
-15
-16
-17
-18
-16
-14
-17
-17
-17
-15
-13
-13
-15
-17
-17
-16
-15
-18
-22
-24
-25
-24
-23
-21
-19
-18
-20
-22
-24
-22
-21
-18
-16
-18
-20
-20
-20
-20
-19
-20
-20
-20
-19
-19
-19
-21
-22
-21
-20
-21
-23
-22
-23
-24
-24
-24
-24
-24
-26
-26
-25
-24
-22
-25
-26
-26
-27
-25
-24
-22
-22
-23
-23
-23
-21
-19
-18
-18
-21
-23
-24
-24
-24
-23
-24
-25
-27
-26
-23
-22
-23
-25
-26
-22
-19
-19
-18
-18
-18
-19
-20
-22
-23
-21
-21
-20
-20
-20
-18
-19
-20
-18
-17
-15
-16
-17
-16
-15
-15
-16
-18
-17
-15
-12
-11
-11
-11
-11
-11
-12
-13
-12
-13
-12
-12
-11
-9
-9
-8
-11
-14
-15
-17
-16
-15
-14
-15
-15
-15
-16
-17
-15
-14
-13
-13
-12
-11
-9
-7
-7
-8
-9
-8
-10
-11
-10
-12
-13
-15
-15
-14
-11
-11
-13
-16
-15
-13
-13
-14
-14
-17
-16
-17
-16
-17
-16
-17
-16
-14
-15
-13
-13
-14
-15
-15
-16
-18
-19
-20
-23
-23
-24
-24
-23
-23
-23
-22
-18
-17
-17
-17
-17
-13
-11
-11
-10
-14
-15
-15
-16
-17
-18
-21
-20
-18
-19
-20
-21
-21
-20
-20
-19
-20
-21
-19
-17
-18
-19
-20
-22
-19
-18
-17
-16
-17
-18
-17
-15
-13
-13
-15
-18
-19
-19
-17
-20
-19
-17
-16
-15
-18
-20
-21
-20
-16
-17
-18
-19
-17
-16
-15
-14
-14
-14
-13
-11
-12
-14
-15
-15
-13
-11
-14
-19
-20
-21
-20
-17
-18
-17
-17
-19
-18
-14
-15
-18
-20
-21
-19
-16
-15
-16
-17
-19
-18
-16
-17
-16
-19
-19
-18
-17
-18
-21
-22
-22
-21
-19
-19
-21
-25
-23
-22
-22
-24
-24
-24
-23
-22
-24
-23
-22
-22
-21
-21
-23
-25
-27
-28
-27
-25
-26
-26
-27
-27
-26
-26
-24
-25
-25
-26
-25
-24
-23
-19
-20
-20
-22
-22
-21
-20
-20
-22
-24
-25
-23
-23
-23
-21
-22
-22
-21
-20
-19
-19
-20
-23
-22
-18
-13
-13
-15
-20
-21
-18
-17
-13
-15
-17
-14
-12
-12
-12
-11
-13
-12
-11
-11
-13
-14
-13
-13
-13
-12
-13
-15
-14
-13
-11
-11
-11
-13
-15
-12
-9
-11
-14
-14
-15
-14
-11
-14
-14
-15
-16
-16
-17
-16
-14
-12
-14
-14
-10
-11
-11
-12
-12
-12
-10
-10
-12
-13
-11
-9
-11
-12
-12
-12
-13
-13
-15
-14
-12
-12
-13
-16
-18
-20
-19
-17
-16
-16
-14
-16
-18
-18
-19
-17
-16
-16
-14
-10
-7
-8
-11
-14
-15
-16
-16
-14
-12
-13
-16
-16
-18
-17
-17
-17
-18
-18
-17
-17
-17
-18
-19
-18
-15
-15
-16
-18
-20
-20
-18
-16
-14
-13
-16
-17
-19
-19
-20
-20
-20
-21
-20
-20
-19
-21
-22
-21
-19
-16
-15
-14
-14
-15
-16
-17
-18
-19
-18
-17
-17
-17
-16
-15
-15
-14
-15
-15
-17
-16
-18
-23
-24
-25
-24
-24
-24
-23
-22
-20
-18
-19
-23
-25
-25
-22
-21
-22
-23
-20
-21
-20
-20
-19
-17
-15
-14
-17
-19
-19
-18
-17
-15
-14
-15
-15
-15
-17
-18
-17
-17
-17
-18
-19
-18
-17
-16
-17
-18
-17
-16
-16
-15
-16
-17
-19
-19
-23
-25
-25
-26
-26
-28
-27
-28
-26
-26
-27
-27
-25
-24
-23
-22
-20
-18
-18
-19
-22
-21
-19
-19
-20
-21
-23
-21
-18
-18
-18
-18
-18
-17
-16
-16
-19
-22
-23
-22
-23
-21
-20
-21
-20
-17
-16
-17
-17
-18
-18
-19
-19
-22
-22
-22
-22
-21
-20
-21
-20
-21
-21
-22
-22
-22
-24
-25
-26
-25
-25
-25
-24
-26
-24
-25
-21
-21
-22
-24
-24
-24
-23
-24
-26
-27
-26
-25
-24
-28
-29
-28
-30
-29
-27
-27
-27
-27
-27
-26
-26
-26
-27
-28
-30
-29
-28
-27
-27
-26
-25
-23
-25
-27
-30
-30
-28
-28
-29
-31
-32
-32
-32
-33
-32
-32
-32
-34
-34
-35
-36
-35
-34
-35
-35
-33
-34
-35
-36
-38
-38
-37
-37
-36
-37
-35
-35
-37
-37
-38
-37
-38
-36
-35
-34
-34
-32
-32
-34
-35
-33
-32
-31
-31
-34
-33
-32
-33
-33
-33
-32
-31
-29
-30
-31
-29
-30
-32
-33
-33
-31
-30
-31
-33
-34
-32
-34
-32
-32
-33
-30
-30
-31
-32
-32
-32
-34
-34
-34
-33
-33
-33
-36
-35
-33
-33
-31
-29
-29
-27
-27
-27
-27
-29
-28
-28
-30
-29
-31
-30
-29
-30
-30
-27
-26
-26
-26
-25
-25
-25
-26
-26
-28
-27
-26
-26
-23
-22
-21
-21
-24
-24
-25
-23
-23
-24
-24
-23
-23
-23
-25
-27
-26
-26
-24
-25
-23
-24
-24
-27
-26
-23
-21
-22
-24
-27
-27
-25
-25
-26
-28
-28
-27
-26
-26
-26
-28
-29
-28
-25
-25
-25
-26
-25
-25
-23
-22
-24
-24
-22
-20
-21
-24
-25
-25
-22
-21
-21
-22
-25
-25
-23
-19
-21
-23
-27
-26
-23
-20
-19
-19
-22
-24
-26
-25
-24
-24
-24
-25
-25
-25
-25
-26
-27
-28
-29
-30
-31
-29
-28
-27
-28
-27
-23
-24
-24
-25
-24
-23
-23
-23
-19
-17
-16
-18
-20
-21
-21
-23
-26
-23
-22
-21
-19
-21
-24
-25
-22
-20
-19
-17
-17
-19
-23
-26
-27
-26
-23
-25
-25
-26
-25
-23
-23
-24
-25
-25
-23
-22
-21
-21
-21
-21
-20
-19
-20
-19
-17
-17
-15
-17
-18
-18
-18
-19
-20
-20
-21
-22
-21
-21
-21
-20
-19
-19
-21
-20
-22
-19
-19
-16
-15
-16
-16
-16
-17
-16
-15
-16
-17
-17
-16
-15
-16
-17
-17
-18
-17
-16
-15
-17
-17
-15
-15
-15
-15
-14
-16
-16
-15
-16
-15
-16
-15
-19
-18
-18
-17
-17
-16
-16
-14
-12
-11
-12
-14
-14
-16
-14
-13
-13
-13
-15
-16
-15
-13
-12
-13
-15
-14
-15
-15
-18
-17
-15
-14
-13
-12
-13
-13
-14
-15
-17
-17
-17
-19
-17
-15
-13
-12
-15
-16
-15
-12
-10
-12
-13
-12
-10
-8
-8
-13
-15
-13
-10
-8
-10
-12
-13
-11
-11
-9
-8
-9
-9
-10
-11
-8
-6
-6
-7
-9
-9
-8
-7
-8
-11
-9
-7
-8
-7
-8
-7
-7
-10
-10
-11
-11
-8
-9
-10
-13
-13
-10
-6
-5
-5
-7
-8
-8
-7
-6
-7
-11
-12
-13
-10
-7
-7
-10
-14
-15
-16
-12
-9
-6
-7
-7
-9
-8
-7
-9
-9
-11
-8
-6
-6
-5
-7
-9
-10
-11
-12
-9
-8
-10
-10
-7
-4
-5
-6
-9
-6
-5
-5
-5
-6
-4
-3
-2
-2
-2
-2
-2
-3
-1
-2
-2
-1
-1
-1
1
-1
0
-2
-1
0
0
0
-2
-1
1
2
4
4
2
1
0
-2
-3
-3
-2
-2
-3
-2
1
0
1
-1
-2
-3
-2
-2
-2
-1
-3
-3
-3
-3
-4
-6
-3
-1
-1
-1
2
4
5
3
1
0
1
3
3
1
-1
-2
-2
-1
-2
-2
-3
-2
-2
-1
-1
-2
-5
-8
-7
-7
-5
-3
-1
-2
-3
-6
-7
-8
-8
-9
-9
-10
-9
-10
-9
-6
-6
-5
-6
-5
-4
-4
-4
-4
-7
-7
-8
-7
-8
-7
-9
-9
-9
-10
-10
-12
-10
-10
-10
-9
-12
-11
-10
-8
-7
-9
-12
-15
-12
-11
-14
-16
-16
-17
-16
-15
-16
-18
-19
-19
-18
-15
-17
-18
-19
-18
-16
-17
-17
-18
-18
-19
-17
-16
-14
-15
-14
-14
-13
-14
-16
-16
-15
-12
-9
-8
-9
-9
-9
-9
-10
-12
-13
-12
-10
-8
-9
-11
-12
-12
-12
-11
-12
-13
-14
-16
-18
-18
-17
-17
-15
-15
-16
-15
-15
-15
-16
-17
-16
-16
-16
-14
-15
-16
-14
-11
-10
-11
-15
-17
-16
-15
-14
-15
-16
-16
-16
-15
-14
-14
-12
-12
-12
-11
-11
-10
-10
-13
-14
-12
-10
-10
-12
-14
-16
-16
-17
-18
-18
-14
-13
-16
-17
-15
-11
-11
-11
-12
-11
-9
-11
-16
-15
-13
-11
-10
-11
-11
-10
-11
-13
-12
-12
-11
-11
-12
-9
-7
-7
-10
-12
-12
-10
-9
-10
-12
-12
-10
-10
-11
-14
-15
-12
-10
-9
-9
-11
-12
-12
-11
-10
-12
-14
-16
-15
-11
-8
-8
-12
-15
-18
-17
-15
-14
-12
-12
-13
-13
-11
-11
-11
-12
-12
-10
-9
-8
-8
-7
-8
-9
-11
-11
-8
-10
-13
-13
-13
-11
-11
-11
-12
-14
-13
-11
-10
-10
-11
-12
-12
-13
-14
-15
-12
-12
-10
-12
-16
-18
-16
-15
-13
-14
-16
-19
-19
-18
-17
-17
-17
-15
-17
-17
-17
-16
-16
-17
-15
-14
-13
-12
-13
-14
-16
-18
-18
-16
-14
-15
-16
-16
-18
-18
-18
-17
-17
-16
-16
-14
-13
-14
-15
-15
-15
-14
-13
-16
-17
-19
-17
-16
-13
-14
-16
-19
-19
-18
-16
-16
-18
-16
-17
-17
-17
-16
-13
-11
-10
-10
-12
-12
-13
-11
-11
-13
-13
-14
-15
-18
-18
-17
-15
-14
-13
-14
-16
-16
-15
-13
-14
-14
-15
-15
-16
-17
-21
-23
-24
-22
-21
-21
-21
-23
-24
-24
-24
-21
-19
-19
-20
-19
-17
-19
-19
-21
-21
-21
-21
-21
-19
-22
-20
-21
-22
-20
-19
-19
-20
-22
-20
-18
-16
-17
-19
-19
-19
-17
-16
-17
-19
-21
-20
-22
-22
-24
-21
-18
-18
-18
-20
-24
-21
-21
-21
-21
-25
-25
-23
-20
-20
-21
-20
-22
-20
-22
-22
-20
-20
-22
-21
-21
-20
-19
-20
-24
-25
-24
-22
-21
-21
-24
-24
-24
-20
-21
-24
-26
-22
-21
-20
-20
-21
-20
-19
-23
-23
-21
-18
-16
-19
-19
-20
-19
-19
-19
-20
-18
-15
-13
-14
-14
-14
-11
-11
-13
-13
-13
-11
-9
-10
-11
-12
-14
-15
-15
-15
-16
-17
-17
-16
-15
-14
-17
-22
-23
-21
-19
-17
-17
-16
-17
-16
-14
-13
-10
-10
-11
-11
-11
-8
-7
-9
-10
-10
-8
-9
-10
-12
-13
-9
-7
-5
-9
-11
-14
-14
-14
-14
-10
-8
-8
-8
-9
-8
-8
-9
-12
-13
-11
-11
-13
-14
-15
-15
-15
-15
-15
-16
-15
-13
-9
-9
-11
-9
-8
-9
-10
-12
-14
-13
-10
-10
-8
-9
-10
-8
-8
-8
-11
-11
-11
-9
-8
-7
-6
-6
-9
-12
-10
-8
-7
-10
-10
-10
-11
-10
-11
-10
-11
-10
-8
-10
-10
-10
-11
-10
-11
-14
-12
-9
-10
-9
-9
-8
-6
-6
-4
-6
-8
-10
-11
-14
-11
-11
-9
-9
-10
-10
-9
-8
-8
-8
-9
-10
-11
-10
-12
-11
-10
-7
-7
-8
-7
-6
-7
-9
-9
-11
-11
-11
-11
-13
-16
-17
-16
-14
-13
-14
-15
-16
-14
-14
-12
-13
-15
-16
-17
-16
-14
-14
-14
-15
-15
-15
-12
-12
-11
-12
-15
-13
-12
-11
-11
-12
-14
-14
-14
-12
-13
-15
-16
-17
-16
-14
-14
-15
-17
-21
-21
-20
-19
-18
-18
-18
-16
-13
-10
-11
-10
-16
-18
-18
-19
-18
-19
-21
-22
-22
-22
-21
-21
-22
-21
-23
-23
-20
-18
-15
-13
-12
-14
-18
-21
-21
-19
-16
-15
-15
-15
-15
-14
-17
-18
-18
-16
-15
-13
-14
-17
-17
-17
-18
-16
-16
-18
-21
-20
-20
-22
-23
-25
-24
-21
-20
-17
-21
-24
-23
-20
-16
-17
-19
-19
-20
-20
-18
-19
-20
-21
-22
-23
-22
-22
-21
-20
-21
-22
-22
-23
-22
-20
-19
-17
-17
-20
-23
-23
-22
-21
-21
-22
-22
-22
-23
-27
-26
-25
-24
-25
-24
-24
-24
-25
-30
-29
-30
-30
-29
-27
-27
-26
-28
-30
-32
-32
-28
-26
-26
-27
-28
-28
-26
-25
-26
-26
-29
-29
-26
-24
-22
-24
-25
-26
-26
-28
-28
-29
-26
-25
-25
-24
-24
-24
-26
-25
-25
-24
-24
-28
-27
-27
-27
-28
-28
-27
-28
-26
-27
-28
-27
-28
-29
-28
-29
-29
-30
-31
-30
-29
-27
-27
-27
-28
-27
-27
-28
-28
-28
-27
-25
-24
-25
-29
-28
-26
-24
-24
-25
-25
-26
-25
-23
-25
-28
-30
-29
-26
-25
-27
-30
-31
-28
-26
-26
-26
-27
-25
-29
-30
-27
-28
-27
-28
-27
-28
-27
-29
-31
-32
-31
-29
-30
-30
-31
-30
-30
-29
-29
-31
-31
-32
-33
-30
-28
-28
-28
-30
-29
-28
-29
-30
-32
-33
-33
-31
-31
-31
-33
-34
-33
-33
-34
-36
-36
-36
-37
-39
-39
-38
-34
-32
-31
-31
-32
-31
-31
-32
-31
-30
-31
-33
-32
-31
-32
-31
-34
-33
-33
-31
-32
-33
-34
-33
-31
-31
-30
-33
-34
-36
-35
-33
-31
-34
-34
-35
-35
-33
-35
-34
-33
-35
-35
-34
-35
-35
-34
-35
-38
-37
-40
-39
-38
-38
-38
-35
-36
-34
-34
-37
-38
-37
-37
-35
-34
-34
-34
-34
-34
-36
-38
-40
-37
-35
-38
-38
-38
-37
-37
-39
-42
-40
-38
-38
-38
-38
-38
-37
-35
-35
-36
-38
-38
-39
-40
-40
-40
-40
-40
-41
-42
-42
-42
-38
-36
-34
-37
-40
-40
-38
-37
-38
-39
-38
-38
-38
-37
-39
-39
-39
-39
-39
-37
-36
-35
-35
-38
-40
-39
-37
-37
-39
-40
-40
-38
-40
-38
-39
-39
-38
-39
-40
-41
-42
-45
-46
-46
-43
-40
-38
-40
-41
-41
-41
-41
-43
-44
-45
-43
-45
-45
-46
-45
-45
-44
-42
-41
-39
-39
-39
-38
-34
-35
-35
-34
-33
-32
-33
-35
-32
-33
-31
-34
-34
-34
-34
-35
-35
-35
-36
-37
-36
-35
-35
-38
-41
-40
-40
-36
-34
-36
-37
-39
-37
-37
-39
-38
-39
-38
-37
-36
-34
-38
-41
-39
-37
-35
-34
-34
-35
-34
-35
-36
-36
-37
-38
-36
-36
-36
-34
-36
-34
-33
-34
-31
-31
-32
-33
-33
-33
-33
-34
-37
-40
-38
-36
-34
-34
-34
-36
-37
-38
-35
-33
-32
-32
-34
-34
-33
-33
-34
-36
-35
-34
-32
-29
-30
-31
-31
-32
-34
-35
-33
-32
-33
-33
-33
-28
-25
-22
-21
-24
-25
-26
-27
-27
-27
-26
-26
-26
-29
-31
-30
-29
-28
-27
-28
-27
-26
-24
-26
-28
-27
-28
-29
-30
-28
-27
-27
-29
-29
-27
-25
-27
-28
-28
-27
-27
-28
-30
-29
-29
-29
-27
-28
-28
-27
-26
-26
-24
-24
-25
-26
-27
-26
-25
-25
-24
-22
-24
-25
-25
-26
-24
-23
-22
-21
-24
-26
-26
-24
-23
-23
-24
-25
-25
-26
-25
-24
-23
-24
-24
-25
-23
-24
-23
-25
-25
-24
-26
-26
-25
-25
-20
-23
-26
-28
-28
-27
-28
-27
-29
-29
-29
-29
-28
-27
-29
-30
-30
-27
-25
-23
-23
-26
-27
-27
-29
-28
-27
-26
-26
-27
-29
-30
-28
-27
-28
-29
-30
-27
-25
-24
-28
-27
-26
-25
-26
-26
-25
-26
-26
-28
-28
-27
-27
-29
-30
-32
-30
-28
-28
-30
-26
-28
-30
-33
-34
-32
-32
-34
-35
-36
-35
-35
-34
-35
-33
-32
-33
-33
-34
-32
-32
-32
-33
-33
-30
-29
-31
-32
-35
-34
-32
-31
-31
-30
-31
-32
-32
-31
-30
-32
-33
-35
-34
-33
-30
-30
-32
-35
-36
-36
-36
-36
-38
-41
-40
-37
-32
-31
-33
-34
-34
-33
-33
-36
-35
-34
-33
-33
-34
-33
-34
-33
-34
-36
-32
-32
-33
-34
-35
-35
-33
-34
-36
-35
-34
-34
-31
-30
-30
-30
-29
-28
-29
-29
-32
-32
-31
-30
-31
-31
-33
-32
-34
-34
-35
-34
-32
-33
-32
-33
-33
-30
-33
-33
-33
-34
-33
-32
-32
-34
-34
-35
-33
-33
-32
-31
-31
-29
-31
-30
-31
-32
-33
-35
-36
-35
-35
-34
-33
-32
-32
-32
-33
-33
-29
-29
-30
-29
-28
-30
-30
-29
-31
-31
-31
-32
-34
-34
-34
-34
-34
-34
-35
-36
-37
-36
-35
-34
-34
-36
-38
-35
-34
-34
-36
-39
-39
-38
-39
-38
-38
-41
-42
-44
-44
-43
-43
-45
-46
-44
-40
-39
-37
-38
-40
-38
-37
-37
-36
-35
-33
-35
-35
-36
-36
-38
-35
-33
-34
-34
-37
-38
-38
-34
-34
-34
-33
-35
-35
-35
-33
-33
-35
-32
-33
-33
-31
-33
-34
-37
-34
-34
-33
-33
-37
-39
-38
-39
-40
-36
-37
-36
-37
-38
-37
-37
-38
-41
-42
-40
-38
-37
-39
-39
-39
-40
-39
-38
-37
-39
-40
-41
-40
-38
-37
-37
-37
-39
-38
-39
-38
-38
-35
-35
-38
-40
-41
-39
-40
-40
-37
-35
-33
-34
-36
-35
-34
-35
-35
-37
-37
-37
-35
-36
-36
-36
-37
-38
-39
-39
-40
-41
-39
-39
-41
-41
-42
-39
-40
-39
-39
-41
-38
-37
-37
-39
-41
-41
-43
-41
-40
-41
-40
-40
-38
-38
-37
-38
-39
-41
-42
-43
-42
-40
-39
-40
-42
-43
-43
-42
-43
-43
-46
-46
-47
-48
-47
-47
-46
-47
-46
-45
-46
-45
-46
-44
-47
-48
-47
-46
-44
-43
-40
-41
-43
-44
-44
-42
-41
-41
-40
-40
-40
-41
-42
-44
-45
-44
-43
-44
-45
-45
-45
-48
-48
-46
-46
-46
-48
-49
-48
-48
-48
-47
-50
-53
-54
-51
-49
-51
-48
-45
-42
-39
-39
-42
-43
-41
-42
-44
-44
-44
-44
-41
-40
-40
-42
-45
-47
-45
-42
-42
-42
-42
-42
-42
-42
-45
-45
-46
-45
-45
-45
-46
-46
-44
-48
-50
-50
-49
-47
-49
-49
-48
-48
-49
-47
-46
-47
-46
-45
-47
-48
-49
-48
-45
-44
-41
-42
-41
-44
-46
-43
-42
-40
-40
-40
-40
-40
-39
-38
-41
-39
-39
-40
-41
-42
-41
-40
-41
-41
-40
-39
-41
-40
-41
-39
-37
-36
-37
-37
-39
-43
-43
-43
-43
-42
-42
-43
-41
-43
-44
-45
-45
-45
-41
-38
-39
-40
-40
-37
-36
-36
-35
-37
-39
-36
-37
-36
-33
-35
-34
-36
-38
-37
-39
-37
-37
-36
-36
-35
-34
-37
-37
-37
-35
-33
-35
-36
-38
-39
-40
-41
-38
-38
-39
-40
-38
-40
-39
-39
-40
-40
-42
-41
-41
-40
-40
-38
-40
-38
-40
-41
-44
-43
-43
-43
-43
-42
-39
-38
-37
-36
-36
-35
-35
-36
-37
-39
-39
-39
-40
-38
-36
-37
-37
-37
-37
-37
-36
-36
-34
-36
-35
-37
-36
-35
-32
-30
-31
-33
-34
-35
-35
-34
-33
-31
-33
-34
-35
-36
-36
-36
-38
-38
-34
-31
-30
-31
-33
-33
-32
-34
-34
-36
-37
-36
-34
-31
-26
-28
-32
-36
-37
-35
-34
-35
-36
-35
-33
-32
-30
-31
-31
-33
-33
-33
-34
-34
-35
-36
-38
-35
-35
-35
-33
-31
-33
-33
-32
-32
-33
-32
-34
-35
-33
-33
-34
-34
-35
-33
-33
-32
-32
-35
-35
-35
-35
-34
-32
-30
-29
-26
-30
-30
-31
-34
-34
-35
-34
-33
-32
-34
-36
-33
-32
-32
-33
-36
-35
-36
-35
-34
-32
-31
-34
-33
-33
-35
-35
-39
-38
-38
-36
-35
-35
-34
-32
-33
-34
-34
-34
-31
-30
-32
-31
-31
-31
-29
-30
-31
-32
-32
-33
-35
-36
-35
-36
-35
-35
-34
-33
-34
-35
-36
-34
-35
-37
-36
-36
-36
-36
-35
-35
-35
-35
-36
-35
-35
-37
-38
-37
-39
-39
-41
-41
-40
-42
-43
-42
-42
-39
-40
-41
-40
-39
-37
-35
-37
-36
-36
-35
-36
-39
-38
-37
-35
-33
-33
-35
-35
-35
-36
-38
-40
-41
-40
-36
-38
-35
-36
-36
-34
-36
-36
-35
-35
-35
-36
-35
-35
-35
-34
-37
-40
-38
-38
-37
-35
-36
-37
-36
-38
-37
-36
-37
-34
-33
-34
-33
-32
-32
-30
-31
-31
-33
-33
-32
-34
-35
-37
-36
-33
-31
-32
-35
-35
-35
-33
-29
-30
-30
-28
-28
-27
-28
-31
-32
-34
-33
-30
-31
-31
-30
-31
-30
-33
-31
-34
-33
-33
-33
-34
-34
-33
-32
-34
-34
-32
-32
-33
-33
-33
-34
-34
-31
-30
-29
-26
-26
-29
-30
-31
-30
-31
-30
-30
-31
-32
-30
-29
-28
-29
-30
-29
-29
-26
-24
-22
-24
-23
-26
-27
-27
-28
-29
-27
-28
-29
-30
-32
-30
-29
-29
-29
-29
-28
-26
-26
-26
-26
-25
-24
-27
-29
-27
-28
-29
-30
-29
-28
-29
-26
-29
-27
-28
-30
-28
-26
-25
-24
-23
-21
-23
-23
-23
-24
-20
-20
-22
-23
-24
-24
-25
-25
-25
-23
-21
-22
-23
-22
-21
-22
-21
-23
-23
-22
-23
-23
-24
-26
-26
-26
-26
-27
-28
-26
-25
-24
-25
-29
-25
-28
-27
-26
-26
-31
-31
-29
-32
-32
-33
-32
-33
-31
-29
-31
-31
-32
-31
-32
-30
-27
-28
-29
-29
-31
-35
-36
-34
-33
-34
-34
-34
-33
-31
-31
-32
-32
-34
-32
-31
-32
-31
-29
-29
-28
-28
-28
-27
-28
-27
-29
-29
-30
-27
-27
-27
-30
-30
-30
-28
-26
-26
-28
-27
-26
-26
-27
-28
-28
-28
-28
-28
-27
-26
-25
-27
-29
-29
-26
-30
-28
-31
-30
-27
-27
-28
-27
-27
-27
-26
-27
-28
-28
-29
-29
-31
-30
-31
-29
-27
-27
-26
-26
-27
-29
-28
-26
-23
-24
-26
-30
-30
-28
-26
-27
-27
-30
-32
-31
-30
-30
-29
-31
-30
-31
-29
-28
-29
-28
-30
-31
-33
-33
-30
-29
-29
-30
-30
-32
-33
-32
-32
-29
-30
-35
-36
-34
-29
-30
-31
-35
-36
-34
-34
-31
-31
-34
-32
-33
-32
-31
-33
-34
-33
-33
-34
-32
-32
-32
-33
-30
-30
-28
-28
-29
-29
-32
-32
-30
-32
-33
-34
-31
-30
-30
-33
-33
-33
-30
-29
-31
-31
-31
-29
-28
-29
-29
-28
-26
-28
-28
-27
-28
-24
-26
-28
-30
-26
-26
-27
-28
-27
-27
-26
-26
-28
-25
-24
-23
-23
-24
-28
-28
-29
-27
-28
-30
-29
-30
-26
-28
-30
-32
-35
-32
-32
-30
-32
-32
-30
-29
-29
-31
-32
-35
-32
-32
-33
-33
-32
-31
-31
-33
-35
-34
-36
-34
-33
-34
-34
-34
-33
-36
-37
-37
-37
-37
-38
-40
-38
-36
-37
-38
-39
-37
-38
-37
-36
-36
-35
-32
-31
-35
-35
-36
-37
-35
-34
-36
-36
-37
-38
-35
-32
-32
-34
-34
-35
-34
-33
-34
-35
-34
-35
-34
-34
-33
-34
-32
-33
-36
-37
-34
-33
-32
-32
-33
-33
-35
-37
-38
-38
-38
-38
-40
-41
-43
-40
-40
-39
-38
-38
-37
-38
-37
-37
-38
-36
-36
-34
-35
-35
-37
-37
-35
-35
-32
-32
-33
-36
-37
-37
-37
-35
-36
-35
-35
-34
-34
-33
-33
-32
-33
-32
-31
-30
-27
-28
-28
-29
-31
-35
-36
-37
-38
-40
-41
-40
-35
-32
-34
-35
-38
-38
-36
-36
-35
-34
-33
-34
-32
-33
-35
-34
-34
-36
-36
-35
-34
-33
-35
-34
-33
-34
-37
-38
-40
-39
-39
-38
-39
-36
-36
-33
-34
-36
-35
-34
-33
-34
-35
-34
-33
-30
-30
-32
-35
-37
-35
-34
-33
-35
-37
-37
-36
-34
-34
-33
-33
-32
-33
-34
-35
-32
-35
-36
-33
-31
-26
-27
-29
-31
-33
-31
-30
-32
-33
-31
-29
-31
-32
-31
-31
-30
-32
-32
-30
-29
-29
-30
-30
-30
-29
-27
-31
-30
-30
-34
-35
-34
-36
-37
-35
-34
-31
-32
-33
-33
-34
-34
-34
-36
-36
-34
-34
-32
-33
-33
-35
-34
-32
-32
-34
-36
-35
-34
-33
-33
-34
-33
-33
-32
-30
-30
-33
-34
-34
-35
-35
-34
-34
-34
-33
-32
-29
-30
-31
-33
-33
-34
-34
-35
-36
-36
-36
-35
-34
-34
-34
-33
-32
-34
-36
-37
-33
-34
-33
-32
-35
-36
-32
-33
-30
-33
-33
-32
-32
-30
-31
-33
-31
-31
-29
-31
-30
-30
-31
-31
-32
-30
-27
-26
-26
-26
-28
-29
-31
-28
-28
-29
-33
-31
-30
-29
-29
-34
-35
-31
-26
-27
-26
-28
-24
-21
-23
-24
-26
-25
-24
-24
-24
-28
-26
-24
-22
-22
-21
-25
-26
-24
-23
-21
-22
-20
-20
-22
-21
-21
-20
-22
-23
-24
-24
-22
-19
-17
-21
-24
-26
-27
-24
-24
-26
-26
-25
-27
-25
-26
-24
-26
-29
-28
-29
-26
-27
-28
-29
-29
-29
-28
-30
-33
-33
-36
-34
-34
-34
-34
-33
-31
-30
-29
-29
-30
-30
-31
-29
-29
-27
-24
-24
-25
-25
-26
-24
-24
-22
-25
-27
-25
-24
-27
-30
-30
-30
-29
-28
-29
-29
-27
-23
-28
-28
-29
-29
-27
-28
-32
-33
-35
-34
-35
-32
-28
-26
-28
-31
-31
-32
-27
-27
-29
-34
-31
-27
-25
-29
-32
-35
-32
-30
-31
-31
-32
-31
-30
-31
-35
-34
-35
-35
-35
-36
-36
-35
-34
-35
-35
-34
-35
-32
-31
-32
-33
-34
-35
-35
-35
-36
-36
-37
-37
-39
-40
-40
-39
-36
-36
-36
-36
-38
-36
-34
-36
-35
-35
-33
-33
-29
-31
-32
-34
-34
-32
-32
-34
-37
-38
-38
-37
-38
-39
-41
-41
-38
-38
-37
-38
-39
-37
-37
-36
-40
-40
-38
-38
-36
-38
-39
-40
-41
-42
-45
-46
-44
-42
-38
-39
-40
-39
-35
-34
-32
-33
-34
-33
-32
-31
-30
-32
-33
-32
-32
-30
-32
-35
-41
-42
-40
-40
-38
-38
-41
-43
-45
-45
-45
-43
-45
-46
-42
-46
-44
-44
-44
-41
-37
-38
-35
-33
-36
-34
-32
-32
-33
-28
-30
-30
-28
-28
-26
-24
-25
-26
-27
-25
-25
-25
-26
-27
-28
-29
-28
-25
-28
-31
-31
-30
-30
-33
-34
-33
-33
-34
-35
-35
-37
-37
-38
-36
-36
-35
-33
-32
-31
-33
-33
-33
-33
-33
-31
-32
-32
-30
-29
-31
-31
-33
-31
-31
-32
-30
-30
-29
-30
-29
-31
-32
-33
-34
-34
-33
-32
-33
-30
-33
-37
-35
-37
-37
-36
-36
-35
-34
-34
-35
-32
-32
-29
-31
-35
-35
-37
-36
-34
-37
-38
-35
-34
-34
-33
-33
-31
-33
-34
-37
-35
-32
-31
-35
-35
-36
-34
-31
-31
-33
-35
-36
-32
-31
-34
-38
-41
-39
-37
-36
-36
-39
-39
-40
-38
-35
-36
-34
-32
-32
-32
-28
-29
-31
-32
-32
-32
-31
-30
-30
-30
-29
-28
-29
-29
-30
-28
-29
-32
-32
-34
-33
-34
-36
-38
-37
-36
-36
-35
-37
-37
-38
-39
-38
-37
-36
-35
-34
-33
-33
-34
-34
-34
-33
-34
-36
-34
-36
-34
-35
-33
-31
-30
-32
-33
-33
-28
-30
-28
-28
-28
-28
-29
-30
-34
-35
-34
-35
-37
-38
-40
-37
-37
-37
-37
-38
-38
-39
-40
-40
-38
-36
-33
-34
-37
-37
-38
-39
-34
-36
-36
-34
-35
-31
-32
-32
-39
-42
-41
-37
-38
-42
-41
-41
-37
-35
-33
-37
-40
-39
-38
-38
-40
-39
-39
-36
-34
-33
-35
-35
-37
-38
-41
-41
-40
-35
-34
-34
-37
-38
-37
-34
-34
-35
-33
-36
-35
-35
-35
-36
-34
-35
-35
-32
-34
-33
-32
-31
-34
-35
-37
-36
-34
-35
-34
-33
-33
-33
-31
-32
-32
-34
-37
-34
-34
-34
-35
-36
-36
-34
-33
-36
-37
-37
-38
-39
-39
-41
-38
-38
-34
-33
-35
-35
-36
-35
-37
-38
-39
-36
-35
-36
-31
-31
-33
-36
-37
-35
-33
-34
-34
-40
-40
-37
-37
-37
-38
-39
-36
-36
-34
-36
-38
-36
-37
-36
-38
-39
-38
-38
-38
-35
-37
-40
-41
-43
-43
-43
-43
-43
-39
-40
-39
-42
-44
-46
-43
-41
-42
-43
-45
-44
-40
-40
-39
-39
-40
-39
-35
-38
-40
-38
-37
-37
-39
-38
-41
-40
-36
-37
-36
-37
-33
-33
-34
-33
-33
-31
-31
-31
-30
-27
-27
-26
-27
-27
-30
-32
-35
-37
-34
-33
-32
-32
-32
-31
-34
-35
-36
-35
-36
-36
-35
-35
-36
-32
-31
-31
-30
-33
-33
-34
-34
-33
-33
-32
-32
-27
-26
-29
-31
-32
-33
-33
-30
-28
-27
-28
-30
-32
-33
-33
-33
-31
-32
-32
-33
-34
-32
-32
-31
-32
-31
-33
-36
-36
-36
-35
-36
-36
-36
-37
-37
-40
-38
-40
-39
-38
-37
-36
-35
-38
-40
-39
-41
-42
-41
-39
-38
-38
-39
-38
-37
-35
-40
-39
-41
-36
-36
-37
-37
-40
-36
-34
-35
-40
-41
-39
-36
-36
-39
-39
-37
-35
-33
-34
-36
-36
-35
-33
-33
-34
-33
-35
-31
-27
-28
-28
-33
-32
-33
-32
-31
-32
-33
-30
-31
-31
-31
-33
-33
-32
-31
-32
-33
-34
-32
-32
-33
-35
-36
-33
-32
-31
-37
-38
-38
-35
-36
-39
-35
-34
-34
-33
-38
-38
-33
-35
-32
-35
-36
-35
-36
-34
-33
-32
-32
-32
-31
-30
-33
-31
-32
-33
-30
-31
-30
-29
-32
-31
-34
-33
-33
-29
-27
-28
-28
-31
-34
-34
-34
-35
-34
-35
-33
-33
-30
-34
-33
-34
-34
-32
-34
-34
-32
-34
-35
-36
-38
-38
-37
-37
-39
-39
-39
-37
-38
-36
-36
-35
-32
-32
-32
-34
-33
-31
-36
-35
-33
-35
-33
-33
-33
-31
-28
-29
-29
-29
-27
-27
-26
-28
-28
-29
-26
-26
-24
-25
-27
-27
-27
-29
-29
-31
-32
-27
-32
-30
-30
-28
-30
-33
-34
-31
-30
-29
-31
-30
-29
-26
-26
-25
-28
-30
-30
-30
-24
-26
-25
-28
-24
-18
-17
-18
-20
-21
-20
-19
-18
-19
-21
-19
-18
-19
-18
-16
-18
-20
-21
-22
-20
-18
-17
-15
-16
-18
-17
-20
-22
-21
-23
-23
-22
-22
-19
-17
-19
-22
-24
-25
-26
-27
-26
-27
-29
-29
-31
-30
-27
-25
-26
-24
-22
-21
-19
-21
-22
-19
-20
-21
-21
-19
-20
-22
-21
-19
-19
-19
-20
-21
-19
-18
-19
-21
-21
-20
-17
-18
-16
-13
-14
-15
-19
-19
-19
-20
-25
-25
-25
-25
-23
-25
-25
-27
-27
-27
-27
-29
-25
-27
-24
-26
-29
-29
-28
-29
-29
-31
-30
-29
-26
-27
-27
-27
-25
-23
-26
-27
-26
-28
-25
-24
-21
-23
-22
-25
-24
-24
-22
-20
-22
-21
-24
-26
-27
-29
-26
-23
-22
-22
-23
-23
-23
-23
-22
-23
-24
-25
-22
-26
-27
-25
-25
-26
-27
-29
-29
-27
-24
-24
-23
-24
-23
-20
-23
-21
-19
-23
-23
-26
-27
-22
-24
-26
-26
-27
-26
-23
-26
-26
-24
-26
-27
-25
-24
-24
-26
-28
-27
-28
-30
-31
-33
-33
-33
-32
-33
-31
-29
-30
-31
-32
-31
-33
-32
-29
-30
-30
-27
-27
-29
-28
-26
-24
-22
-26
-25
-24
-27
-27
-27
-27
-26
-27
-33
-30
-28
-29
-28
-28
-30
-31
-31
-29
-29
-26
-30
-28
-26
-23
-24
-25
-26
-28
-29
-26
-32
-29
-24
-22
-21
-24
-23
-23
-26
-26
-25
-28
-25
-25
-25
-24
-26
-28
-29
-28
-28
-24
-25
-25
-26
-30
-26
-25
-25
-25
-28
-26
-26
-28
-29
-30
-33
-27
-27
-23
-27
-28
-31
-33
-29
-28
-30
-27
-26
-25
-22
-24
-27
-29
-32
-29
-28
-28
-26
-28
-29
-30
-33
-30
-31
-32
-35
-33
-31
-32
-30
-33
-34
-32
-29
-29
-28
-31
-32
-31
-30
-29
-31
-33
-34
-32
-33
-33
-32
-34
-32
-33
-35
-37
-38
-37
-36
-34
-31
-34
-39
-38
-38
-36
-36
-36
-38
-37
-38
-39
-38
-36
-38
-39
-44
-42
-42
-40
-41
-38
-36
-38
-33
-33
-32
-31
-33
-34
-31
-30
-32
-32
-31
-30
-28
-30
-29
-28
-28
-25
-22
-24
-24
-24
-24
-24
-23
-24
-25
-23
-23
-23
-26
-26
-25
-24
-24
-24
-23
-19
-18
-17
-21
-20
-21
-23
-21
-22
-20
-20
-23
-25
-24
-19
-24
-27
-26
-23
-23
-27
-28
-24
-19
-18
-20
-23
-26
-23
-22
-21
-21
-21
-23
-22
-25
-23
-25
-23
-23
-24
-25
-24
-22
-21
-20
-21
-19
-20
-23
-23
-25
-25
-28
-28
-26
-24
-21
-22
-24
-25
-25
-24
-26
-25
-25
-23
-25
-27
-27
-26
-27
-27
-26
-25
-22
-26
-27
-28
-27
-26
-24
-26
-22
-22
-23
-27
-24
-27
-26
-25
-25
-24
-23
-22
-17
-17
-19
-21
-21
-20
-18
-18
-20
-21
-22
-19
-20
-21
-21
-21
-19
-21
-19
-19
-15
-17
-18
-21
-19
-20
-21
-22
-24
-27
-27
-24
-26
-26
-28
-29
-28
-24
-24
-24
-27
-27
-27
-23
-25
-23
-23
-22
-24
-25
-26
-24
-24
-24
-22
-22
-22
-19
-18
-23
-19
-18
-19
-19
-20
-21
-20
-20
-17
-19
-18
-18
-22
-21
-22
-20
-20
-19
-17
-20
-16
-16
-18
-17
-18
-19
-15
-17
-17
-22
-20
-17
-18
-20
-21
-22
-22
-20
-18
-18
-17
-19
-22
-23
-23
-24
-21
-20
-21
-21
-24
-23
-24
-25
-25
-24
-27
-26
-25
-25
-22
-24
-19
-20
-22
-20
-18
-22
-19
-22
-21
-17
-18
-19
-22
-21
-21
-15
-18
-17
-16
-14
-14
-19
-17
-17
-13
-11
-12
-15
-15
-18
-15
-13
-13
-13
-13
-12
-13
-13
-14
-13
-13
-11
-7
-11
-14
-14
-15
-14
-11
-10
-8
-6
-8
-10
-11
-12
-14
-13
-16
-13
-8
-7
-7
-11
-9
-11
-10
-12
-12
-12
-11
-12
-15
-16
-12
-11
-10
-15
-16
-13
-10
-10
-9
-10
-12
-11
-11
-12
-13
-12
-14
-11
-12
-15
-15
-16
-14
-13
-15
-17
-14
-14
-13
-15
-15
-15
-16
-15
-17
-15
-16
-13
-15
-13
-15
-14
-15
-15
-19
-20
-19
-16
-15
-16
-18
-17
-18
-15
-13
-14
-13
-16
-15
-18
-17
-12
-10
-13
-14
-14
-15
-13
-10
-11
-10
-10
-11
-11
-11
-12
-16
-13
-13
-12
-15
-13
-12
-12
-11
-12
-13
-12
-14
-12
-16
-17
-17
-17
-17
-15
-13
-14
-16
-17
-15
-16
-17
-15
-14
-13
-10
-12
-10
-11
-10
-10
-13
-14
-12
-9
-10
-11
-10
-7
-5
-8
-10
-15
-13
-9
