97
98
96
96
96
98
98
97
97
93
93
92
95
97
99
99
99
99
97
98
97
98
99
102
102
100
98
98
98
101
101
100
99
100
100
100
98
99
100
101
100
98
95
95
97
97
97
96
95
95
96
96
97
97
100
101
101
99
100
100
100
100
98
96
97
96
96
96
93
93
95
96
95
92
92
93
94
95
95
94
93
94
94
95
96
95
95
94
90
89
88
89
90
91
92
90
90
92
93
92
91
91
91
94
96
94
93
92
93
94
94
95
94
95
97
99
97
97
98
98
97
99
103
103
106
107
106
105
103
101
102
103
103
102
101
101
102
100
98
97
98
99
101
103
103
103
101
100
99
99
100
100
99
98
97
96
97
96
96
96
95
97
98
98
99
98
97
98
98
97
97
97
95
93
94
95
97
98
98
101
103
105
102
100
99
101
101
100
98
100
104
105
104
103
104
106
108
106
105
105
105
104
102
101
104
106
107
106
105
103
103
105
105
106
107
107
108
107
106
104
107
105
104
103
105
106
105
104
103
104
104
105
105
105
105
105
104
104
103
103
105
106
106
105
102
105
107
110
111
110
107
106
108
109
109
110
108
108
109
108
108
109
110
113
114
114
113
113
112
113
113
113
115
116
117
116
114
112
111
112
114
116
116
115
114
112
112
113
113
112
111
111
113
113
115
115
117
117
116
113
113
113
114
117
120
119
117
115
114
113
115
114
113
114
112
109
108
109
113
113
113
111
110
112
115
118
119
120
119
121
118
116
117
120
120
120
118
117
119
119
116
117
118
118
117
116
117
116
116
116
115
116
116
116
117
118
118
118
119
119
119
120
119
117
118
120
121
123
123
123
123
125
127
128
127
127
128
129
129
128
128
127
128
128
127
129
130
130
129
128
127
127
127
127
126
127
130
134
133
132
130
132
132
129
127
128
129
130
130
127
125
126
125
124
123
123
126
127
129
128
129
128
129
128
128
129
128
127
126
126
125
127
130
131
130
129
128
129
128
129
127
127
129
129
128
126
127
128
131
130
130
128
127
128
127
127
128
128
132
135
136
136
134
133
131
131
131
131
132
130
131
132
133
136
135
134
135
136
135
134
134
136
137
138
138
136
134
132
133
136
136
136
136
138
139
140
139
138
138
139
140
142
141
140
139
141
143
142
142
141
144
145
147
146
143
142
142
141
141
144
145
145
145
144
141
142
144
143
143
142
142
141
140
140
140
138
137
139
141
140
140
140
137
136
136
135
136
136
136
135
136
135
136
136
136
136
135
133
132
132
131
135
135
134
134
133
132
132
131
131
128
126
127
128
129
130
128
128
128
129
130
131
130
130
130
129
130
129
130
131
134
136
135
132
131
133
134
134
136
134
134
133
134
135
136
136
135
135
134
133
133
132
131
131
132
133
132
133
134
135
136
136
134
133
131
131
131
131
132
131
130
130
129
128
126
127
128
129
131
131
129
128
128
129
130
129
128
128
128
130
130
131
129
126
127
129
131
131
131
130
129
128
128
126
124
121
120
119
120
120
119
117
116
118
118
118
117
119
120
119
118
115
113
114
116
117
114
113
114
114
114
116
115
117
118
119
118
117
117
116
115
116
117
118
118
117
118
119
118
117
115
114
113
115
112
111
109
109
109
109
110
110
111
111
112
111
111
110
109
109
110
110
108
108
108
108
107
103
102
102
104
107
108
106
107
108
109
111
112
111
113
113
111
112
113
112
112
110
112
113
116
115
114
114
116
117
116
115
115
116
117
118
119
118
118
119
117
115
112
110
112
114
116
117
117
116
115
112
112
112
113
114
111
111
111
112
113
111
111
112
113
114
111
109
109
110
109
108
110
110
108
105
104
106
107
109
108
105
106
107
107
106
105
104
105
107
108
109
106
104
104
104
106
108
108
109
108
106
105
106
106
105
106
106
107
110
111
109
107
106
106
108
108
108
109
108
108
107
106
104
104
105
107
109
106
105
106
107
110
109
109
108
108
108
107
108
108
108
107
107
107
110
109
109
107
104
105
107
109
110
107
105
104
105
106
107
107
105
107
108
108
107
105
104
105
104
103
106
107
105
104
103
102
103
104
106
106
105
102
99
98
98
98
100
98
97
95
94
95
95
95
97
96
94
92
92
95
96
94
93
93
94
96
94
92
91
95
96
97
95
94
95
96
95
95
94
92
92
92
91
91
91
91
92
91
92
92
91
89
89
88
86
86
87
88
91
90
89
87
87
88
89
90
89
89
88
88
87
87
87
88
90
92
92
92
93
95
95
95
94
95
94
96
97
98
98
97
99
100
99
98
99
100
100
101
99
97
97
97
99
99
99
97
98
98
102
100
98
97
95
93
94
93
92
91
88
88
90
89
87
87
88
88
88
89
89
90
92
91
89
88
88
90
90
90
93
91
92
90
91
91
91
92
90
90
89
89
89
88
88
88
87
86
86
85
84
84
84
84
85
82
81
82
82
83
83
82
82
82
84
85
84
83
83
80
79
79
76
79
80
79
80
82
81
82
81
80
80
82
83
84
83
81
80
81
84
83
81
82
81
80
78
77
78
80
82
83
84
84
84
84
84
82
84
82
83
84
86
85
86
84
84
85
83
83
83
83
83
84
84
82
79
78
83
85
86
84
82
80
80
81
82
82
83
84
82
79
77
77
78
78
77
75
76
77
77
77
75
75
76
75
76
76
75
73
71
71
72
73
72
72
72
73
74
74
75
75
75
76
75
74
75
75
76
76
75
74
73
73
73
75
77
78
79
79
79
79
81
81
79
80
80
81
81
81
80
80
82
82
82
78
77
79
79
79
79
77
76
76
76
76
77
77
77
75
75
75
75
75
75
77
78
78
79
80
80
79
79
77
76
76
78
78
79
81
83
82
80
80
80
82
82
83
81
81
80
78
77
77
79
82
81
79
79
78
80
81
80
79
80
79
77
74
71
70
69
71
73
75
73
71
74
74
74
72
70
72
72
76
78
77
76
76
77
75
76
78
79
79
76
74
74
73
75
77
77
79
79
74
73
70
71
73
76
76
77
78
78
76
75
74
74
75
75
74
75
76
76
76
74
73
74
73
75
76
76
75
74
74
74
73
73
71
70
71
72
70
72
71
70
70
68
66
66
68
68
68
66
66
65
63
63
63
65
67
66
64
62
62
61
60
61
62
64
65
65
65
65
65
64
63
64
65
67
67
66
66
67
69
67
65
64
62
63
65
66
66
65
64
64
64
63
64
62
59
58
61
61
58
58
55
55
55
52
51
51
52
51
52
52
52
52
52
49
48
49
49
50
51
50
50
49
47
46
44
45
47
48
48
47
47
47
50
49
46
45
45
45
46
47
46
46
44
43
45
44
47
46
43
42
41
43
44
43
43
41
42
42
44
45
47
49
45
43
41
42
42
45
46
44
42
43
43
43
44
42
43
44
46
46
44
45
44
44
44
42
41
43
46
45
44
44
43
43
43
42
42
42
41
40
40
39
40
39
38
40
39
40
38
37
39
39
40
35
34
35
36
38
39
37
37
36
37
39
38
36
31
30
30
31
31
31
32
33
36
34
34
33
33
32
33
35
35
36
35
36
34
31
32
30
29
31
31
29
32
32
33
31
31
31
31
31
32
31
29
29
29
28
29
29
30
30
30
29
29
31
31
31
31
30
32
31
29
27
26
27
29
30
28
28
28
26
26
28
27
29
28
26
24
24
24
26
28
30
28
25
25
22
24
24
24
23
24
24
28
29
27
26
28
28
29
28
24
23
22
22
22
23
23
22
19
19
18
17
18
17
17
15
16
17
17
16
15
15
14
14
15
15
14
12
12
11
11
10
9
7
6
8
10
10
11
7
6
7
9
10
11
8
10
12
11
11
7
7
7
8
9
9
9
10
9
7
6
4
2
5
7
6
6
8
8
6
4
5
4
5
5
3
3
3
4
3
3
3
2
3
3
2
4
6
4
2
2
2
1
2
4
4
5
4
0
1
3
5
5
5
4
2
1
1
0
2
4
4
6
7
4
3
1
1
1
4
7
4
3
3
-1
-1
-2
-3
-3
-6
-7
-6
-4
-3
-3
-4
-4
-4
-2
-3
-4
-5
-4
-2
-1
-3
-6
-7
-7
-7
-8
-7
-5
-3
-3
-2
-3
-5
-6
-6
-4
-5
-4
-3
-3
-1
-2
-3
-5
-8
-7
-8
-7
-5
-5
-5
-7
-9
-9
-9
-8
-8
-7
-6
-8
-8
-7
-7
-7
-5
-9
-10
-8
-7
-5
-6
-9
-11
-10
-9
-8
-9
-12
-12
-10
-9
-7
-7
-7
-9
-9
-4
-2
-5
-7
-7
-7
-2
-1
-3
-4
-2
-1
-1
-2
-5
-6
-3
-2
-3
-3
-5
-6
-5
-7
-7
-6
-5
-3
-3
1
1
-2
-3
-2
-1
2
4
1
-2
-3
-5
-6
-3
-2
-1
1
2
2
1
2
1
1
2
3
3
4
5
5
3
2
1
4
8
9
7
3
2
5
6
6
8
9
10
11
10
9
10
11
11
11
12
14
13
12
9
7
12
15
17
16
12
11
12
16
17
18
18
15
16
19
20
20
19
18
17
17
18
18
17
17
20
21
22
20
19
20
22
23
24
22
20
20
20
19
17
17
18
20
22
19
16
14
13
16
14
15
16
16
17
17
16
16
14
16
19
21
22
18
18
16
17
21
22
22
22
22
23
23
23
22
22
23
23
25
23
23
24
27
28
28
27
26
26
29
28
29
32
34
32
30
29
29
29
30
32
32
33
34
32
31
33
35
35
35
34
34
36
37
36
34
33
32
34
34
36
40
41
40
37
35
33
33
35
32
32
37
38
38
39
37
35
35
36
34
34
38
38
40
41
39
38
36
37
36
37
36
35
37
35
35
36
39
40
39
38
37
36
36
38
42
43
44
41
37
35
35
36
35
34
35
36
36
36
34
31
32
33
35
38
37
38
38
37
35
31
31
32
34
34
33
32
31
31
32
33
36
35
35
35
34
34
31
27
27
30
32
33
31
29
32
34
32
33
33
34
34
33
31
30
29
30
28
29
28
27
25
23
22
25
26
26
24
22
23
24
25
25
25
23
22
25
27
28
26
25
26
29
32
30
29
27
27
28
28
26
27
26
26
26
23
23
25
26
28
27
22
19
18
20
22
26
26
27
28
29
27
26
24
24
27
23
24
23
25
26
24
24
22
20
20
19
20
22
20
18
21
22
25
26
23
20
22
25
25
24
25
26
26
27
25
26
27
26
24
24
25
26
26
25
24
25
26
23
20
22
24
24
24
25
25
24
24
27
26
24
23
23
24
24
22
18
18
20
21
20
18
15
15
14
15
15
14
14
15
17
18
17
17
17
18
19
19
19
18
18
17
15
15
17
19
21
20
17
16
18
20
22
22
18
18
17
17
18
17
17
17
18
19
20
20
20
19
21
22
21
20
19
20
20
19
18
17
17
18
18
20
19
21
22
21
19
17
16
17
16
16
16
18
18
14
13
13
13
15
17
18
18
18
18
14
14
12
11
13
14
13
13
13
12
11
13
11
10
8
5
6
8
10
8
6
6
8
9
8
7
7
7
8
6
7
7
7
7
5
4
6
9
10
10
10
9
8
6
7
6
9
9
7
8
8
8
7
6
5
6
3
4
3
6
6
5
4
2
3
4
4
3
-1
-5
-5
1
3
3
3
3
4
4
2
0
-2
0
4
7
7
3
0
-5
-5
-6
-4
-1
0
0
0
-1
-1
-2
-4
-6
-4
-3
-2
-1
-3
-4
-3
-5
-5
-8
-9
-9
-7
-6
-6
-6
-6
-5
-4
-6
-7
-5
-3
-3
-3
-3
-2
0
-2
-4
-4
-4
-5
-8
-7
-5
-4
-5
-7
-6
-6
-7
-7
-5
-4
-4
-3
-5
-6
-5
-6
-7
-6
-3
-3
-2
-5
-8
-8
-9
-11
-10
-10
-10
-11
-12
-16
-16
-11
-11
-11
-11
-11
-8
-9
-9
-8
-8
-8
-9
-11
-11
-8
-7
-7
-8
-10
-12
-13
-11
-10
-9
-11
-14
-15
-14
-12
-10
-10
-12
-13
-16
-16
-14
-12
-13
-14
-16
-16
-14
-13
-13
-16
-17
-14
-12
-10
-10
-11
-14
-14
-15
-14
-15
-14
-13
-15
-15
-17
-19
-20
-19
-16
-14
-11
-13
-14
-16
-16
-16
-15
-15
-16
-15
-14
-13
-11
-10
-12
-12
-12
-12
-14
-13
-12
-11
-9
-13
-15
-14
-13
-14
-14
-15
-15
-14
-14
-14
-13
-11
-11
-10
-10
-10
-9
-9
-7
-5
-6
-6
-8
-8
-8
-8
-8
-9
-9
-8
-10
-10
-9
-8
-8
-8
-9
-10
-8
-9
-9
-12
-13
-11
-10
-9
-9
-10
-11
-13
-13
-13
-13
-13
-13
-12
-11
-10
-10
-11
-13
-12
-13
-14
-13
-13
-12
-13
-12
-12
-9
-9
-9
-9
-8
-9
-9
-9
-10
-10
-11
-11
-10
-7
-7
-9
-10
-11
-11
-10
-7
-7
-9
-9
-8
-9
-8
-7
-7
-8
-8
-10
-9
-8
-6
-7
-8
-9
-7
-6
-6
-8
-8
-7
-5
-2
-5
-9
-8
-5
-3
-4
-6
-6
-5
0
2
1
-1
-1
-3
-5
-6
-8
-9
-10
-10
-8
-9
-9
-9
-11
-9
-7
-8
-9
-8
-8
-8
-9
-8
-7
-8
-10
-11
-12
-13
-12
-14
-15
-16
-16
-15
-14
-14
-15
-16
-18
-18
-15
-14
-14
-15
-16
-15
-13
-13
-14
-17
-19
-16
-15
-15
-15
-14
-12
-11
-12
-10
-9
-8
-10
-14
-16
-16
-14
-10
-12
-13
-12
-12
-12
-16
-21
-19
-18
-17
-17
-19
-19
-18
-16
-15
-16
-19
-19
-18
-17
-17
-19
-20
-22
-20
-17
-16
-17
-20
-19
-19
-20
-20
-20
-19
-15
-12
-11
-12
-13
-13
-14
-15
-15
-15
-15
-13
-13
-13
-14
-17
-18
-19
-18
-17
-15
-18
-20
-20
-20
-20
-21
-23
-22
-20
-19
-17
-20
-21
-22
-21
-20
-21
-23
-23
-23
-21
-19
-20
-23
-27
-26
-25
-22
-20
-18
-20
-23
-25
-23
-21
-21
-21
-23
-24
-24
-21
-23
-24
-26
-26
-21
-21
-22
-21
-21
-20
-22
-24
-22
-20
-19
-20
-25
-24
-24
-21
-21
-22
-23
-24
-25
-25
-26
-23
-20
-20
-23
-26
-26
-26
-23
-24
-24
-23
-23
-23
-24
-25
-25
-25
-22
-20
-19
-21
-21
-21
-22
-23
-22
-21
-21
-20
-21
-21
-21
-20
-20
-19
-18
-19
-19
-18
-18
-18
-17
-17
-17
-18
-19
-18
-18
-18
-17
-17
-20
-20
-18
-19
-19
-19
-17
-18
-16
-19
-20
-18
-16
-15
-16
-18
-20
-22
-20
-20
-19
-18
-19
-19
-18
-19
-19
-21
-22
-23
-21
-20
-21
-20
-21
-23
-24
-25
-25
-24
-23
-22
-23
-24
-28
-29
-28
-28
-30
-29
-28
-30
-32
-32
-30
-29
-24
-24
-27
-30
-32
-32
-33
-34
-34
-31
-30
-28
-29
-31
-34
-36
-36
-36
-34
-31
-33
-35
-35
-36
-35
-35
-34
-34
-33
-31
-28
-30
-31
-34
-35
-33
-34
-36
-37
-39
-39
-38
-35
-34
-31
-30
-33
-35
-38
-39
-37
-35
-35
-35
-33
-34
-33
-31
-32
-35
-36
-36
-35
-34
-32
-32
-36
-38
-37
-34
-33
-32
-31
-30
-30
-32
-33
-31
-32
-32
-33
-30
-28
-29
-34
-37
-38
-37
-35
-34
-32
-33
-33
-36
-37
-34
-32
-35
-37
-38
-38
-38
-40
-41
-39
-38
-39
-41
-43
-43
-42
-40
-40
-40
-37
-38
-41
-46
-49
-49
-47
-43
-43
-45
-47
-46
-45
-43
-44
-45
-45
-46
-44
-45
-45
-44
-44
-45
-46
-47
-47
-47
-47
-48
-47
-45
-45
-44
-45
-45
-46
-46
-46
-44
-45
-45
-45
-43
-43
-43
-44
-44
-43
-44
-45
-44
-43
-42
-42
-45
-47
-46
-47
-46
-47
-46
-45
-44
-45
-46
-44
-46
-45
-43
-43
-43
-43
-46
-45
-45
-46
-45
-44
-46
-46
-47
-48
-49
-48
-49
-50
-50
-50
-47
-45
-44
-47
-46
-48
-49
-49
-50
-51
-50
-51
-52
-50
-50
-53
-56
-58
-57
-53
-52
-52
-56
-56
-58
-58
-58
-59
-56
-55
-53
-52
-54
-55
-56
-57
-58
-58
-58
-57
-58
-58
-58
-58
-60
-61
-63
-62
-61
-63
-62
-59
-59
-59
-59
-60
-59
-59
-60
-62
-62
-61
-61
-61
-63
-62
-61
-66
-65
-67
-65
-62
-65
-67
-64
-62
-62
-63
-66
-67
-66
-66
-65
-65
-65
-65
-65
-66
-67
-66
-67
-67
-66
-67
-66
-65
-67
-67
-67
-70
-69
-65
-63
-65
-67
-69
-71
-68
-67
-66
-66
-60
-58
-58
-60
-62
-63
-62
-62
-62
-59
-59
-62
-65
-69
-68
-67
-67
-66
-65
-64
-61
-59
-63
-66
-66
-67
-66
-66
-67
-67
-69
-68
-70
-70
-69
-68
-67
-65
-64
-64
-64
-64
-63
-63
-63
-61
-62
-59
-59
-60
-60
-61
-60
-61
-64
-64
-66
-69
-68
-68
-66
-65
-65
-65
-67
-67
-66
-64
-61
-60
-63
-64
-65
-64
-63
-63
-64
-65
-65
-65
-64
-63
-63
-62
-64
-63
-64
-62
-61
-61
-60
-62
-61
-61
-61
-60
-58
-58
-57
-57
-61
-60
-58
-59
-62
-62
-60
-57
-57
-56
-61
-61
-62
-64
-62
-63
-63
-63
-63
-63
-63
-62
-61
-63
-63
-64
-62
-59
-57
-59
-61
-61
-61
-59
-58
-58
-60
-58
-59
-60
-60
-61
-63
-62
-63
-63
-63
-62
-59
-57
-60
-61
-62
-58
-58
-59
-61
-62
-64
-63
-62
-61
-61
-61
-62
-60
-60
-58
-59
-60
-59
-60
-59
-58
-57
-60
-61
-62
-61
-58
-57
-59
-61
-59
-59
-58
-59
-60
-58
-54
-54
-55
-59
-58
-59
-57
-58
-58
-59
-58
-57
-58
-57
-56
-53
-52
-56
-58
-58
-58
-60
-59
-59
-60
-60
-61
-64
-62
-60
-57
-55
-55
-57
-58
-58
-60
-59
-57
-58
-57
-57
-59
-60
-59
-59
-60
-62
-62
-60
-59
-58
-58
-59
-60
-60
-59
-58
-57
-58
-57
-57
-59
-58
-59
-59
-59
-59
-60
-59
-57
-56
-56
-58
-60
-61
-61
-59
-57
-58
-55
-54
-56
-57
-58
-58
-55
-54
-53
-51
-50
-52
-53
-55
-57
-57
-56
-53
-49
-48
-48
-48
-51
-51
-48
-47
-46
-46
-47
-49
-48
-49
-50
-52
-51
-52
-52
-54
-53
-52
-51
-52
-52
-52
-52
-50
-49
-50
-48
-48
-47
-48
-50
-49
-49
-50
-47
-49
-49
-51
-52
-50
-51
-52
-53
-54
-55
-56
-55
-55
-55
-54
-54
-55
-57
-55
-55
-55
-54
-53
-54
-53
-53
-52
-53
-54
-54
-53
-51
-52
-53
-52
-51
-52
-53
-55
-54
-51
-50
-50
-50
-49
-50
-49
-49
-48
-48
-48
-48
-47
-45
-44
-45
-46
-45
-46
-45
-46
-47
-46
-45
-45
-44
-45
-45
-43
-41
-38
-37
-37
-37
-39
-40
-37
-35
-38
-40
-41
-43
-43
-39
-38
-38
-37
-36
-37
-35
-34
-32
-31
-33
-37
-36
-35
-33
-33
-34
-35
-36
-38
-37
-39
-40
-39
-40
-38
-38
-39
-40
-41
-37
-36
-34
-34
-34
-35
-36
-37
-39
-40
-39
-36
-35
-37
-41
-42
-39
-37
-38
-41
-44
-43
-42
-39
-40
-43
-44
-42
-42
-42
-41
-42
-43
-42
-42
-42
-42
-42
-40
-42
-41
-41
-40
-39
-38
-39
-40
-41
-42
-40
-41
-40
-39
-39
-37
-38
-41
-44
-43
-41
-39
-37
-35
-36
-38
-37
-38
-38
-38
-37
-38
-40
-42
-45
-45
-45
-43
-43
-43
-44
-48
-48
-46
-47
-48
-49
-50
-49
-45
-44
-45
-46
-47
-48
-48
-49
-50
-51
-49
-45
-44
-44
-46
-47
-48
-46
-44
-45
-46
-47
-49
-48
-45
-45
-46
-47
-49
-52
-50
-50
-52
-48
-46
-45
-45
-44
-45
-46
-45
-46
-45
-44
-45
-47
-48
-50
-49
-49
-50
-51
-51
-52
-52
-52
-51
-52
-52
-52
-52
-52
-51
-51
-52
-52
-50
-48
-46
-43
-45
-44
-44
-46
-47
-44
-42
-40
-40
-40
-40
-40
-43
-46
-45
-44
-43
-43
-45
-45
-45
-44
-43
-44
-43
-43
-44
-44
-45
-45
-44
-46
-45
-47
-47
-47
-47
-45
-44
-43
-47
-50
-51
-48
-44
-44
-45
-45
-42
-42
-44
-45
-45
-43
-43
-44
-41
-39
-40
-43
-45
-43
-42
-41
-42
-42
-42
-39
-41
-43
-46
-49
-49
-47
-46
-45
-45
-43
-42
-43
-43
-43
-44
-44
-45
-43
-43
-43
-43
-44
-45
-43
-42
-46
-47
-48
-48
-46
-43
-41
-40
-42
-42
-43
-44
-45
-44
-44
-42
-41
-41
-42
-43
-43
-44
-43
-45
-46
-45
-46
-45
-42
-42
-42
-42
-44
-44
-47
-47
-46
-45
-43
-42
-43
-43
-44
-43
-46
-48
-47
-48
-46
-45
-45
-43
-43
-43
-45
-46
-49
-49
-50
-50
-49
-49
-52
-52
-52
-52
-51
-52
-51
-51
-52
-51
-50
-50
-52
-53
-53
-51
-51
-51
-52
-53
-54
-55
-56
-57
-57
-57
-54
-55
-57
-54
-55
-54
-54
-54
-55
-52
-52
-54
-53
-54
-55
-54
-51
-52
-53
-55
-55
-52
-52
-54
-56
-55
-52
-50
-49
-51
-53
-52
-54
-56
-57
-57
-53
-49
-48
-51
-50
-47
-47
-47
-49
-52
-49
-48
-44
-46
-45
-45
-44
-46
-49
-47
-45
-47
-49
-50
-51
-52
-53
-52
-48
-47
-47
-49
-51
-51
-50
-50
-51
-51
-51
-51
-49
-49
-49
-50
-50
-51
-52
-53
-53
-54
-55
-54
-52
-51
-52
-53
-54
-52
-50
-49
-51
-56
-59
-61
-62
-62
-61
-61
-59
-58
-57
-56
-54
-54
-55
-54
-53
-53
-51
-51
-54
-56
-58
-55
-55
-54
-55
-55
-55
-54
-55
-55
-57
-58
-55
-54
-52
-51
-50
-51
-51
-52
-51
-52
-52
-54
-53
-53
-54
-52
-54
-54
-53
-51
-53
-54
-53
-53
-53
-55
-55
-56
-53
-51
-52
-50
-52
-51
-52
-51
-51
-50
-49
-51
-51
-53
-52
-53
-51
-50
-48
-49
-50
-51
-53
-53
-52
-50
-50
-49
-49
-51
-49
-51
-53
-50
-51
-51
-51
-51
-51
-50
-48
-46
-46
-46
-49
-51
-52
-51
-47
-43
-43
-46
-49
-52
-53
-49
-48
-48
-50
-52
-50
-49
-46
-45
-47
-47
-48
-47
-45
-44
-43
-44
-45
-45
-45
-44
-42
-46
-46
-48
-50
-49
-47
-46
-44
-45
-46
-47
-47
-49
-49
-47
-44
-41
-41
-40
-41
-41
-42
-43
-44
-45
-44
-40
-40
-40
-41
-40
-39
-40
-41
-42
-42
-41
-39
-39
-39
-37
-38
-39
-40
-41
-41
-40
-38
-37
-36
-38
-40
-42
-44
-43
-41
-41
-41
-41
-41
-42
-42
-42
-41
-43
-42
-41
-38
-36
-36
-38
-37
-36
-37
-36
-39
-38
-37
-40
-41
-44
-44
-44
-45
-45
-42
-41
-43
-44
-47
-47
-45
-45
-44
-41
-41
-39
-38
-39
-40
-43
-45
-47
-45
-46
-48
-48
-48
-46
-46
-45
-47
-49
-50
-50
-50
-49
-47
-46
-46
-44
-44
-45
-43
-44
-45
-47
-48
-46
-48
-50
-49
-51
-49
-47
-48
-50
-53
-54
-55
-55
-53
-52
-51
-52
-54
-54
-53
-55
-56
-58
-61
-60
-59
-57
-56
-56
-58
-58
-58
-59
-57
-56
-58
-57
-57
-55
-53
-53
-54
-57
-59
-56
-55
-55
-54
-54
-56
-55
-53
-52
-53
-52
-52
-50
-48
-51
-50
-50
-47
-49
-51
-51
-53
-53
-53
-54
-55
-53
-53
-53
-50
-51
-50
-50
-51
-54
-51
-49
-47
-44
-45
-47
-48
-49
-47
-45
-43
-45
-47
-47
-47
-45
-45
-45
-45
-46
-46
-45
-48
-47
-48
-49
-48
-49
-49
-49
-49
-50
-47
-45
-46
-47
-49
-49
-48
-48
-47
-46
-47
-48
-50
-51
-51
-54
-58
-59
-59
-56
-55
-57
-58
-56
-54
-54
-56
-54
-53
-52
-53
-54
-54
-53
-53
-52
-53
-54
-57
-59
-58
-56
-57
-58
-56
-56
-55
-53
-55
-56
-56
-57
-58
-57
-57
-59
-59
-58
-57
-56
-56
-56
-57
-57
-55
-56
-56
-57
-59
-59
-60
-60
-58
-56
-57
-62
-64
-65
-64
-63
-63
-65
-67
-64
-63
-64
-64
-65
-66
-67
-67
-68
-70
-70
-68
-68
-68
-69
-71
-73
-70
-67
-68
-68
-68
-68
-68
-69
-69
-69
-69
-69
-69
-71
-71
-74
-74
-71
-72
-72
-74
-73
-70
-70
-72
-73
-73
-74
-74
-75
-76
-76
-75
-75
-76
-77
-78
-82
-81
-78
-78
-78
-80
-81
-78
-76
-77
-79
-81
-81
-78
-77
-74
-73
-73
-76
-77
-77
-76
-73
-74
-75
-74
-73
-73
-73
-75
-77
-78
-77
-77
-76
-74
-74
-74
-78
-79
-78
-76
-76
-78
-79
-81
-78
-77
-78
-79
-81
-81
-77
-77
-80
-82
-81
-81
-80
-77
-76
-78
-80
-84
-86
-84
-85
-84
-85
-85
-84
-82
-81
-82
-85
-84
-85
-82
-80
-80
-83
-85
-84
-83
-83
-83
-84
-85
-84
-81
-81
-81
-81
-83
-83
-82
-81
-81
-84
-85
-84
-81
-80
-81
-83
-82
-81
-79
-80
-83
-88
-87
-84
-82
-82
-83
-80
-81
-79
-76
-77
-80
-81
-83
-81
-79
-81
-82
-84
-86
-86
-86
-86
-85
-83
-84
-86
-85
-84
-82
-84
-85
-87
-86
-85
-85
-86
-86
-89
-90
-91
-91
-88
-87
-86
-86
-87
-85
-84
-84
-87
-88
-89
-91
-90
-91
-92
-93
-95
-95
-94
-94
-95
-97
-96
-96
-97
-96
-95
-96
-99
-101
-102
-98
-95
-94
-94
-94
-94
-94
-94
-96
-96
-98
-99
-96
-94
-95
-97
-98
-99
-98
-97
-99
-97
-94
-93
-93
-95
-97
-98
-97
-97
-96
-93
-92
-92
-91
-92
-93
-93
-94
-94
-95
-96
-96
-95
-94
-93
-93
-91
-89
-91
-94
-95
-96
-94
-91
-91
-90
-88
-89
-88
-89
-90
-90
-91
-91
-91
-90
-89
-89
-88
-86
-85
-86
-87
-87
-87
-86
-88
-90
-90
-90
-91
-89
-89
-91
-92
-93
-94
-92
-88
-89
-90
-91
-91
-91
-91
-90
-90
-90
-89
-89
-91
-92
-92
-92
-89
-89
-92
-92
-94
-94
-92
-92
-91
-89
-91
-92
-91
-91
-89
-90
-91
-90
-90
-92
-92
-91
-89
-92
-94
-94
-95
-96
-98
-95
-92
-92
-94
-96
-95
-94
-94
-93
-91
-94
-92
-93
-92
-91
-91
-91
-91
-92
-92
-91
-93
-93
-95
-94
-96
-95
-92
-89
-90
-93
-93
-92
-89
-88
-89
-91
-92
-92
-93
-93
-94
-93
-93
-93
-93
-93
-94
-93
-92
-93
-95
-96
-98
-97
-94
-92
-91
-94
-93
-92
-90
-91
-92
-93
-91
-89
-88
-87
-89
-87
-87
-88
-88
-87
-87
-83
-83
-81
-80
-80
-80
-79
-81
-82
-85
-87
-85
-82
-81
-80
-79
-80
-81
-82
-83
-86
-84
-82
-81
-81
-81
-82
-82
-81
-82
-83
-83
-85
-85
-84
-85
-83
-81
-80
-82
-81
-83
-86
-87
-86
-82
-82
-82
-85
-86
-86
-86
-85
-87
-89
-87
-83
-82
-82
-84
-85
-84
-82
-84
-85
-85
-85
-87
-87
-86
-88
-88
-87
-87
-86
-83
-82
-80
-82
-83
-84
-84
-85
-86
-86
-85
-83
-81
-82
-83
-82
-82
-84
-83
-82
-81
-79
-80
-82
-83
-83
-80
-80
-81
-81
-82
-83
-85
-87
-85
-84
-84
-82
-82
-81
-81
-83
-83
-83
-82
-82
-81
-82
-83
-83
-84
-84
-86
-86
-83
-83
-84
-84
-83
-82
-81
-83
-86
-88
-89
-89
-87
-86
-86
-87
-90
-89
-88
-85
-86
-89
-93
-93
-90
-88
-86
-88
-90
-89
-90
-89
-88
-88
-88
-87
-87
-88
-88
-89
-88
-87
-88
-88
-89
-90
-90
-90
-90
-91
-92
-91
-90
-89
-92
-93
-93
-93
-94
-93
-93
-94
-95
-97
-95
-93
-92
-91
-95
-94
-95
-95
-97
-97
-96
-96
-96
-95
-94
-94
-95
-98
-98
-96
-95
-96
-95
-95
-94
-95
-96
-97
-95
-94
-96
-94
-93
-92
-91
-93
-96
-97
-95
-95
-94
-93
-92
-92
-93
-95
-95
-95
-93
-92
-91
-90
-88
-89
-88
-89
-88
-89
-89
-88
-86
-85
-84
-85
-85
-83
-83
-85
-88
-90
-87
-86
-87
-86
-88
-91
-90
-88
-87
-84
-84
-84
-86
-87
-87
-87
-87
-87
-86
-85
-87
-88
-87
-88
-88
-87
-88
-89
-88
-90
-89
-87
-89
-88
-91
-92
-91
-89
-85
-84
-84
-81
-83
-84
-86
-87
-85
-82
-80
-81
-82
-84
-81
-83
-83
-84
-83
-82
-85
-84
-83
-80
-78
-82
-86
-85
-82
-80
-79
-80
-80
-78
-78
-78
-78
-79
-78
-77
-77
-77
-75
-74
-75
-75
-74
-76
-73
-72
-72
-73
-73
-73
-74
-74
-74
-76
-76
-75
-75
-78
-80
-79
-75
-76
-76
-75
-76
-75
-76
-79
-80
-79
-76
-75
-78
-79
-79
-77
-78
-81
-83
-82
-81
-80
-80
-81
-81
-82
-84
-83
-83
-84
-83
-84
-85
-86
-87
-87
-87
-84
-81
-80
-83
-86
-88
-88
-88
-88
-88
-86
-85
-85
-84
-84
-83
-86
-88
-89
-87
-88
-86
-87
-88
-88
-91
-92
-92
-90
-87
-84
-84
-82
-84
-88
-91
-92
-92
-90
-88
-88
-87
-86
-86
-87
-88
-89
-88
-90
-90
-91
-91
-91
-88
-87
-87
-86
-87
-89
-89
-89
-88
-90
-89
-86
-86
-88
-91
-92
-92
-92
-93
-94
-95
-95
-93
-92
-93
-93
-95
-94
-93
-92
-93
-93
-94
-94
-94
-92
-94
-95
-93
-92
-92
-93
-93
-94
-93
-92
-92
-92
-91
-90
-90
-92
-94
-92
-89
-88
-88
-89
-88
-88
-90
-90
-90
-89
-89
-91
-91
-91
-90
-90
-91
-91
-91
-90
-90
-91
-91
-92
-93
-91
-91
-90
-89
-88
-90
-88
-87
-88
-90
-92
-90
-87
-85
-86
-90
-90
-87
-84
-83
-83
-82
-83
-82
-82
-83
-82
-80
-81
-81
-80
-78
-76
-77
-80
-82
-83
-81
-79
-79
-78
-75
-75
-76
-77
-80
-81
-81
-81
-82
-80
-80
-81
-84
-85
-84
-81
-78
-79
-80
-80
-80
-81
-81
-80
-80
-81
-82
-82
-80
-78
-76
-78
-79
-80
-78
-77
-76
-78
-79
-78
-76
-76
-76
-77
-76
-77
-78
-75
-73
-70
-73
-72
-72
-71
-71
-70
-71
-72
-72
-73
-70
-71
-71
-69
-68
-66
-66
-65
-62
-63
-61
-60
-60
-60
-60
-61
-62
-59
-58
-57
-54
-54
-53
-53
-52
-52
-51
-52
-53
-52
-52
-53
-53
-53
-51
-51
-50
-49
-48
-49
-50
-49
-47
-45
-44
-45
-47
-48
-48
-45
-43
-45
-48
-49
-49
-46
-44
-45
-45
-46
-49
-51
-48
-48
-48
-46
-46
-48
-46
-48
-47
-48
-47
-47
-46
-43
-43
-43
-42
-43
-46
-46
-45
-45
-45
-43
-43
-42
-42
-45
-45
-44
-44
-42
-41
-40
-41
-41
-40
-41
-40
-40
-41
-41
-40
-41
-40
-38
-37
-34
-36
-37
-39
-42
-42
-42
-39
-37
-33
-32
-33
-37
-39
-41
-39
-36
-34
-33
-35
-36
-35
-35
-36
-37
-39
-36
-33
-32
-34
-35
-35
-32
-31
-33
-33
-33
-34
-33
-33
-33
-31
-30
-31
-32
-34
-36
-35
-36
-36
-35
-34
-33
-33
-33
-32
-31
-31
-32
-33
-34
-34
-33
-32
-31
-31
-31
-31
-31
-32
-33
-34
-34
-34
-34
-32
-32
-30
-27
-27
-29
-31
-31
-32
-31
-30
-30
-31
-30
-31
-33
-33
-32
-31
-31
-32
-32
-30
-27
-27
-30
-32
-33
-32
-30
-29
-29
-29
-29
-28
-26
-28
-28
-30
-31
-29
-26
-27
-27
-31
-32
-29
-27
-28
-28
-28
-29
-28
-28
-27
-28
-30
-30
-31
-32
-34
-33
-33
-29
-30
-30
-30
-27
-26
-29
-30
-30
-27
-28
-28
-29
-31
-31
-31
-32
-34
-33
-32
-31
-30
-32
-33
-32
-34
-35
-34
-32
-32
-32
-34
-34
-33
-30
-28
-27
-28
-28
-29
-28
-27
-27
-28
-31
-31
-30
-30
-29
-29
-27
-26
-23
-21
-24
-26
-25
-26
-26
-25
-27
-28
-28
-28
-28
-29
-29
-29
-29
-27
-27
-27
-27
-28
-28
-30
-30
-29
-28
-26
-25
-25
-24
-26
-28
-31
-32
-31
-30
-28
-29
-31
-32
-31
-32
-32
-32
-33
-34
-33
-32
-29
-27
-26
-26
-28
-31
-31
-29
-31
-34
-35
-34
-34
-33
-36
-38
-38
-36
-34
-34
-34
-35
-36
-39
-39
-36
-36
-36
-37
-37
-34
-33
-33
-34
-33
-30
-30
-32
-32
-34
-32
-31
-32
-32
-32
-30
-29
-29
-31
-31
-31
-31
-31
-28
-28
-29
-28
-30
-30
-31
-31
-32
-33
-35
-35
-33
-31
-27
-25
-28
-33
-36
-35
-32
-30
-32
-29
-29
-28
-27
-29
-28
-26
-26
-27
-29
-31
-30
-30
-32
-30
-28
-29
-28
-25
-25
-26
-26
-27
-27
-26
-25
-26
-24
-23
-23
-26
-26
-25
-24
-24
-26
-28
-28
-26
-25
-25
-25
-25
-27
-28
-28
-28
-28
-28
-27
-26
-25
-27
-28
-30
-30
-31
-32
-32
-33
-34
-35
-37
-36
-38
-41
-42
-40
-39
-38
-39
-40
-37
-36
-34
-36
-38
-39
-38
-38
-37
-36
-36
-35
-35
-35
-35
-34
-37
-39
-39
-40
-39
-36
-36
-35
-35
-37
-38
-37
-40
-38
-39
-39
-39
-37
-34
-34
-35
-38
-37
-35
-34
-34
-38
-41
-40
-36
-36
-35
-36
-36
-36
-37
-37
-37
-38
-37
-37
-36
-35
-34
-38
-38
-39
-38
-38
-37
-37
-36
-35
-35
-35
-38
-39
-39
-41
-42
-41
-42
-41
-41
-42
-44
-44
-46
-46
-49
-51
-50
-48
-46
-45
-48
-49
-51
-51
-53
-53
-54
-54
-54
-54
-54
-54
-54
-55
-54
-53
-54
-56
-55
-53
-50
-50
-50
-50
-54
-54
-54
-53
-53
-54
-55
-55
-56
-58
-59
-57
-56
-55
-54
-54
-53
-54
-55
-55
-55
-53
-54
-56
-59
-61
-58
-57
-58
-59
-60
-60
-61
-61
-60
-57
-58
-59
-58
-60
-61
-60
-59
-58
-58
-57
-57
-56
-57
-57
-60
-61
-63
-62
-62
-60
-60
-59
-59
-58
-57
-58
-57
-58
-56
-54
-54
-57
-58
-59
-58
-58
-57
-56
-54
-55
-53
-54
-56
-55
-56
-55
-53
-53
-57
-59
-60
-59
-58
-57
-57
-57
-57
-54
-54
-55
-55
-54
-53
-52
-54
-56
-56
-54
-53
-52
-52
-52
-53
-53
-53
-54
-54
-57
-56
-56
-52
-51
-51
-53
-54
-55
-55
-53
-53
-53
-52
-51
-51
-51
-52
-54
-54
-56
-56
-56
-56
-56
-55
-53
-52
-50
-50
-51
-50
-47
-47
-47
-48
-47
-47
-48
-50
-51
-52
-52
-51
-51
-51
-51
-52
-50
-48
-45
-42
-44
-44
-47
-49
-49
-47
-45
-44
-44
-44
-45
-44
-44
-45
-45
-44
-44
-44
-43
-43
-44
-44
-46
-45
-44
-44
-43
-44
-45
-44
-45
-44
-43
-43
-41
-42
-44
-46
-47
-47
-47
-45
-43
-42
-42
-43
-45
-47
-47
-47
-46
-44
-43
-40
-39
-39
-40
-42
-41
-43
-42
-39
-38
-36
-38
-40
-43
-43
-44
-45
-44
-44
-45
-41
-39
-40
-40
-41
-40
-38
-39
-42
-43
-42
-40
-40
-41
-41
-40
-41
-45
-46
-46
-44
-44
-44
-44
-45
-46
-44
-44
-45
-46
-48
-49
-49
-48
-49
-50
-49
-51
-52
-51
-50
-50
-52
-53
-54
-54
-55
-53
-53
-53
-52
-55
-54
-54
-57
-57
-55
-52
-49
-51
-52
-52
-52
-49
-48
-51
-52
-53
-50
-49
-50
-51
-50
-50
-49
-48
-48
-49
-48
-49
-50
-50
-50
-48
-48
-47
-47
-45
-46
-47
-47
-49
-50
-50
-53
-52
-51
-49
-50
-52
-53
-49
-49
-48
-47
-48
-48
-50
-51
-53
-52
-49
-50
-51
-51
-51
-51
-51
-54
-56
-58
-57
-55
-55
-56
-54
-53
-53
-55
-56
-57
-59
-58
-57
-57
-56
-58
-60
-60
-58
-59
-57
-59
-61
-58
-58
-56
-56
-57
-59
-59
-62
-61
-60
-61
-62
-60
-62
-62
-62
-64
-64
-65
-65
-64
-61
-63
-62
-63
-63
-62
-63
-64
-65
-65
-64
-64
-64
-62
-63
-65
-65
-65
-65
-65
-66
-65
-67
-67
-69
-69
-65
-64
-63
-63
-64
-65
-65
-63
-64
-63
-64
-65
-66
-66
-65
-63
-64
-63
-63
-63
-63
-64
-63
-63
-62
-62
-63
-65
-63
-59
-60
-62
-63
-63
-63
-61
-62
-61
-61
-60
-60
-61
-61
-59
-61
-62
-60
-60
-60
-61
-61
-59
-59
-61
-65
-67
-63
-61
-61
-62
-64
-66
-65
-66
-64
-63
-63
-62
-62
-63
-62
-62
-62
-64
-62
-60
-60
-60
-61
-61
-61
-62
-65
-67
-63
-59
-56
-57
-61
-62
-63
-62
-59
-61
-63
-64
-65
-63
-60
-59
-59
-59
-60
-58
-58
-60
-59
-59
-62
-62
-61
-62
-60
-59
-60
-63
-62
-61
-62
-62
-63
-64
-63
-61
-59
-59
-58
-58
-59
-59
-57
-58
-59
-59
-59
-59
-56
-56
-54
-54
-54
-55
-54
-55
-54
-53
-54
-54
-52
-53
-55
-54
-53
-50
-50
-52
-55
-55
-53
-53
-52
-51
-51
-54
-57
-59
-58
-54
-54
-54
-56
-57
-56
-52
-51
-51
-52
-53
-55
-56
-56
-57
-57
-57
-56
-55
-55
-57
-59
-59
-59
-58
-56
-55
-56
-57
-58
-59
-59
-59
-59
-59
-58
-56
-58
-60
-61
-62
-59
-58
-57
-57
-59
-59
-60
-63
-65
-67
-67
-66
-65
-66
-65
-62
-64
-66
-67
-68
-66
-68
-69
-72
-71
-69
-69
-69
-70
-68
-67
-66
-67
-69
-70
-71
-72
-73
-75
-73
-72
-69
-68
-68
-69
-70
-71
-73
-76
-75
-73
-71
-71
-71
-68
-68
-70
-72
-72
-72
-74
-74
-75
-74
-70
-70
-72
-72
-73
-70
-70
-72
-72
-72
-71
-72
-71
-72
-71
-71
-73
-73
-71
-69
-69
-71
-73
-74
-73
-73
-74
-74
-75
-75
-73
-71
-71
-73
-74
-74
-73
-74
-75
-77
-76
-72
-70
-70
-73
-74
-74
-72
-71
-72
-73
-72
-70
-69
-73
-74
-74
-75
-74
-76
-75
-71
-69
-71
-73
-75
-74
-75
-73
-73
-75
-77
-77
-76
-72
-71
-71
-74
-75
-74
-71
-71
-72
-70
-70
-70
-69
-70
-70
-71
-73
-74
-73
-72
-72
-72
-72
-73
-74
-74
-76
-75
-72
-70
-70
-70
-71
-70
-67
-66
-67
-70
-68
-66
-65
-64
-65
-66
-65
-65
-66
-64
-64
-63
-62
-61
-61
-62
-61
-64
-65
-63
-62
-62
-65
-66
-66
-65
-66
-66
-67
-65
-63
-63
-62
-61
-61
-60
-57
-58
-60
-62
-63
-64
-64
-65
-65
-66
-65
-66
-67
-66
-65
-66
-67
-68
-68
-66
-65
-65
-65
-65
-66
-66
-66
-69
-68
-69
-68
-67
-70
-71
-71
-72
-72
-72
-73
-73
-70
-69
-70
-70
-72
-71
-70
-72
-72
-72
-72
-72
-72
-71
-70
-68
-71
-68
-68
-68
-68
-70
-68
-69
-67
-66
-66
-68
-69
-71
-70
-69
-69
-69
-72
-73
-71
-69
-70
-70
-72
-75
-74
-72
-71
-70
-68
-69
-67
-67
-70
-72
-72
-70
-68
-69
-72
-73
-72
-71
-71
-70
-69
-69
-66
-68
-71
-72
-70
-67
-67
-68
-69
-71
-70
-67
-68
-67
-66
-67
-67
-65
-66
-66
-65
-65
-66
-67
-66
-66
-66
-67
-66
-66
-66
-66
-68
-69
-69
-69
-70
-68
-67
-68
-68
-70
-71
-70
-69
-67
-68
-69
-69
-68
-68
-68
-69
-68
-68
-66
-65
-66
-66
-66
-65
-65
-66
-66
-68
-70
-68
-67
-67
-66
-66
-66
-66
-66
-65
-65
-66
-66
-65
-63
-64
-65
-66
-65
-65
-63
-64
-65
-64
-65
-65
-64
-65
-64
-63
-63
-65
-64
-64
-63
-60
-58
-60
-63
-65
-64
-60
-59
-60
-60
-59
-57
-56
-57
-59
-61
-61
-59
-59
-58
-56
-57
-57
-57
-55
-55
-56
-57
-57
-55
-53
-49
-52
-54
-57
-56
-55
-53
-54
-55
-53
-49
-49
-49
-50
-52
-51
-51
-52
-51
-51
-51
-50
-51
-52
-52
-52
-51
-51
-51
-51
-52
-50
-49
-48
-49
-48
-49
-48
-46
-44
-44
-45
-44
-44
-44
-45
-47
-47
-42
-39
-41
-43
-45
-40
-37
-36
-36
-38
-38
-40
-39
-38
-38
-39
-39
-39
-37
-35
-35
-36
-36
-35
-33
-33
-33
-34
-35
-33
-34
-32
-33
-34
-35
-35
-36
-37
-38
-37
-36
-36
-35
-33
-32
-33
-33
-33
-32
-31
-33
-33
-30
-29
-29
-30
-32
-32
-31
-30
-29
-28
-28
-27
-28
-27
-28
-29
-29
-29
-30
-28
-28
-26
-27
-29
-31
-30
-29
-29
-32
-31
-30
-29
-27
-30
-29
-29
-28
-27
-26
-27
-26
-25
-25
-25
-26
-27
-27
-26
-24
-22
-22
-24
-21
-20
-22
-23
-23
-21
-19
-18
-19
-19
-17
-18
-19
-18
-18
-18
-19
-19
-18
-15
-14
-16
-16
-17
-18
-18
-16
-15
-18
-20
-19
-18
-18
-19
-20
-21
-18
-16
-17
-18
-18
-19
-18
-17
-18
-18
-17
-16
-14
-15
-19
-22
-21
-16
-15
-17
-19
-19
-17
-14
-12
-14
-12
-14
-14
-12
-12
-11
-11
-11
-11
-10
-9
-9
-11
-12
-13
-12
-9
-10
-7
-8
-9
-10
-12
-11
-10
-9
-9
-10
-10
-10
-10
-11
-10
-9
-9
-10
-9
-9
-8
-7
-9
-11
-12
-11
-10
-10
-11
-11
-12
-13
-11
-9
-8
-8
-11
-12
-9
-6
-7
-8
-8
-7
-6
-6
-8
-9
-9
-9
-7
-7
-7
-5
-5
-4
-4
-7
-7
-7
-3
-2
-2
-2
-5
-3
0
0
-3
-5
-5
-1
0
1
-1
-3
-4
-4
-3
-3
-2
-1
1
-1
-3
-5
-7
-5
-6
-4
-5
-5
-3
-1
-2
-3
-3
-6
-4
-3
-3
-4
-6
-6
-4
-2
-3
-4
-4
-2
1
2
1
0
-2
0
-1
-2
-3
-4
-3
-3
-2
1
3
3
3
2
-1
-2
-1
-1
1
3
5
5
4
1
0
0
-3
-3
-3
0
3
4
3
3
1
1
0
1
0
2
2
0
3
4
3
3
3
0
-2
-4
-3
0
1
1
-2
-2
-1
-1
0
-1
0
2
1
-1
-2
-1
2
3
3
2
1
2
4
8
9
7
4
3
4
5
7
6
6
6
6
4
3
5
5
6
7
10
10
11
8
9
9
7
7
6
7
9
12
9
7
7
10
11
12
12
12
13
15
14
13
13
14
15
16
16
15
12
12
14
15
17
17
19
16
13
15
16
18
16
16
17
16
16
15
13
12
12
13
12
14
17
16
16
11
10
9
11
14
15
13
12
12
11
10
10
9
10
12
15
14
13
13
12
10
11
13
13
14
12
10
11
12
13
12
9
5
7
9
12
12
10
9
9
9
9
10
11
11
9
6
7
6
8
9
10
11
10
9
8
8
9
8
8
8
8
5
4
3
7
8
9
10
8
8
9
9
6
3
1
5
8
9
8
8
9
8
7
5
3
4
6
8
8
8
7
8
9
6
5
5
3
4
3
2
2
2
3
5
8
8
6
2
3
4
4
4
3
3
3
4
4
3
5
7
7
8
10
11
10
10
9
10
11
9
8
9
9
10
12
10
11
9
7
6
7
8
8
7
8
9
8
9
7
5
6
6
7
6
6
7
8
9
9
9
9
12
11
9
7
8
10
11
12
10
9
9
8
8
9
10
9
10
10
11
11
9
8
8
9
12
13
11
9
9
11
13
15
14
13
12
11
10
11
11
9
8
8
10
11
12
12
11
11
11
11
10
11
9
9
11
12
11
10
10
10
13
13
12
12
10
12
14
15
12
11
12
15
15
15
15
14
15
17
17
15
16
16
15
13
13
14
14
14
13
12
12
11
12
11
10
9
9
8
9
9
8
8
7
9
10
8
7
7
8
10
9
7
5
4
4
5
8
8
7
6
8
11
14
12
9
10
10
8
7
6
6
9
10
8
5
4
5
6
7
7
7
7
7
10
12
11
12
10
11
11
10
12
12
10
10
10
10
10
9
9
10
13
14
13
11
11
9
9
11
11
10
10
9
11
12
13
12
12
12
11
11
9
10
13
14
14
13
12
13
14
15
14
16
16
17
16
14
13
14
15
15
15
14
16
17
17
14
12
13
16
15
15
15
15
18
20
17
16
16
19
17
16
14
16
16
14
14
14
15
13
13
12
12
15
14
14
12
12
10
9
8
8
10
11
13
15
13
11
12
11
11
11
11
12
11
11
13
13
11
9
9
7
8
7
6
6
5
5
5
4
4
7
8
9
10
7
5
7
8
9
7
5
6
8
10
10
10
9
8
8
8
8
8
10
8
10
11
9
8
6
6
6
6
6
6
8
9
9
7
5
5
6
5
4
4
5
7
7
7
6
5
6
7
4
4
5
8
9
9
9
6
5
3
3
3
4
8
8
7
6
6
6
7
5
6
6
6
6
6
5
3
3
3
0
-1
-1
0
1
2
3
1
2
3
3
2
1
0
0
1
2
4
6
4
3
3
2
1
3
3
3
4
5
4
5
7
4
1
2
3
2
3
4
3
1
-1
-3
-2
0
0
0
-1
-2
-3
-1
0
0
0
-2
-2
-4
-4
-2
-1
-1
-1
-1
1
0
3
4
5
6
6
6
6
5
4
5
6
6
7
7
6
5
5
6
7
7
8
7
8
8
5
4
4
4
4
5
6
8
8
10
10
9
8
5
4
4
6
5
5
6
7
8
9
11
10
10
9
7
8
8
9
9
8
7
6
8
8
7
7
6
8
7
7
6
8
8
7
5
2
4
6
7
5
5
5
7
7
3
2
2
2
2
3
2
3
3
2
3
2
4
4
3
1
3
5
7
7
8
7
7
6
3
3
4
3
3
4
6
7
6
4
4
4
7
7
6
5
4
3
3
3
2
2
1
-1
-2
-1
-1
-1
-2
-1
-1
-2
-3
-5
-4
-2
0
-1
-2
-3
-2
0
1
1
2
-2
-3
-1
2
6
6
3
1
-1
1
1
1
0
-1
0
1
1
0
-1
0
-1
-1
-2
-2
-2
0
-1
-4
-3
-3
-4
-5
-4
-3
-3
-2
-5
-6
-6
-3
0
-1
-2
-4
-4
-4
-3
-6
-7
-7
-8
-7
-6
-6
-5
-3
-4
-6
-8
-10
-12
-9
-7
-8
-10
-11
-9
-8
-8
-9
-10
-11
-12
-12
-13
-14
-15
-13
-12
-12
-11
-11
-13
-14
-13
-12
-10
-9
-11
-11
-12
-12
-13
-13
-15
-13
-13
-13
-16
-18
-18
-15
-14
-16
-17
-16
-15
-14
-13
-16
-17
-16
-17
-15
-15
-13
-13
-13
-15
-15
-15
-14
-13
-14
-14
-13
-12
-11
-11
-13
-14
-12
-13
-13
-12
-9
-9
-8
-7
-9
-10
-8
-6
-5
-7
-7
-5
-5
-5
-5
-6
-7
-8
-8
-8
-5
-3
-5
-6
-7
-5
-2
-2
-3
-3
-4
-5
-4
-1
0
2
0
-3
-4
-3
-3
-1
-1
-1
0
0
0
0
0
1
0
1
0
0
-2
-1
-1
1
3
2
0
-1
1
3
5
2
-1
-1
-1
0
0
0
1
2
1
-1
-1
-1
-3
-2
0
2
3
3
1
-2
-3
-2
-1
-1
-2
-4
-5
-3
-2
-1
-2
-4
-5
-5
-6
-7
-8
-8
-10
-10
-11
-10
-11
-12
-11
-11
-10
-11
-12
-13
-11
-10
-10
-10
-11
-11
-10
-9
-8
-8
-8
-6
-4
-5
-6
-6
-7
-5
-6
-9
-9
-10
-8
-5
-5
-7
-10
-10
-10
-9
-7
-7
-7
-7
-7
-7
-6
-8
-11
-10
-12
-10
-11
-11
-8
-8
-10
-9
-9
-11
-12
-17
-15
-14
-13
-11
-11
-11
-11
-10
-8
-7
-8
-9
-10
-11
-9
-8
-9
-9
-10
-10
-11
-10
-9
-9
-10
-11
-11
-12
-12
-13
-14
-14
-12
-12
-12
-14
-14
-13
-15
-15
-18
-17
-17
-18
-17
-15
-14
-14
-17
-16
-16
-18
-17
-17
-19
-19
-19
-20
-22
-22
-22
-22
-23
-21
-21
-21
-22
-23
-24
-24
-21
-22
-21
-21
-23
-24
-25
-24
-23
-22
-26
-28
-28
-27
-24
-23
-23
-22
-24
-25
-25
-24
-23
-21
-20
-23
-24
-26
-27
-27
-27
-25
-24
-25
-26
-26
-26
-26
-26
-26
-25
-26
-27
-26
-27
-26
-24
-24
-23
-25
-27
-27
-27
-24
-22
-26
-28
-27
-27
-26
-26
-26
-29
-27
-27
-28
-29
-30
-30
-28
-27
-27
-28
-29
-30
-31
-28
-28
-27
-26
-28
-31
-31
-30
-29
-28
-27
-28
-28
-27
-27
-27
-29
-30
-30
-31
-30
-29
-27
-29
-29
-29
-28
-29
-30
-31
-30
-29
-29
-29
-31
-32
-31
-31
-30
-30
-30
-33
-35
-32
-30
-29
-30
-32
-32
-31
-30
-31
-32
-33
-32
-31
-31
-33
-34
-36
-36
-35
-33
-33
-35
-35
-35
-34
-34
-34
-32
-32
-32
-33
-30
-28
-25
-26
-31
-32
-32
-29
-28
-26
-26
-26
-25
-26
-27
-27
-28
-26
-26
-26
-25
-26
-24
-24
-24
-24
-24
-23
-24
-24
-22
-22
-24
-26
-26
-25
-26
-27
-30
-32
-30
-30
-30
-33
-34
-33
-30
-31
-31
-30
-29
-30
-29
-30
-31
-32
-33
-30
-26
-23
-24
-27
-30
-29
-30
-29
-27
-29
-29
-29
-29
-30
-29
-30
-32
-33
-33
-34
-33
-32
-33
-36
-37
-38
-36
-36
-35
-39
-39
-39
-38
-37
-38
-38
-37
-39
-40
-41
-42
-41
-39
-38
-39
-37
-37
-38
-37
-38
-39
-39
-41
-37
-35
-35
-37
-38
-37
-35
-34
-35
-36
-34
-31
-30
-30
-31
-32
-30
-32
-32
-32
-33
-33
-33
-34
-33
-32
-30
-30
-28
-29
-31
-34
-32
-30
-30
-31
-32
-33
-31
-30
-30
-29
-28
-28
-26
-26
-27
-25
-26
-25
-28
-28
-30
-28
-26
-25
-25
-25
-25
-26
-24
-24
-23
-22
-24
-26
-27
-27
-26
-24
-24
-26
-28
-29
-29
-27
-24
-22
-24
-26
-25
-24
-26
-26
-27
-26
-25
-25
-24
-23
-24
-26
-26
-26
-25
-26
-29
-28
-26
-24
-22
-24
-24
-24
-24
-25
-26
-25
-24
-24
-23
-24
-25
-29
-30
-30
-27
-27
-26
-26
-26
-27
-26
-25
-24
-28
-29
-28
-28
-29
-29
-29
-29
-26
-26
-26
-27
-28
-27
-28
-29
-31
-30
-27
-27
-27
-29
-31
-32
-31
-31
-31
-30
-29
-30
-30
-29
-27
-28
-30
-33
-34
-35
-34
-35
-36
-37
-34
-33
-34
-34
-37
-36
-34
-35
-34
-37
-37
-36
-36
-37
-37
-35
-34
-35
-36
-38
-40
-40
-40
-39
-39
-38
-36
-37
-36
-38
-38
-40
-41
-41
-41
-41
-40
-38
-39
-39
-41
-42
-42
-40
-38
-38
-37
-39
-41
-41
-41
-41
-39
-38
-39
-39
-40
-41
-40
-40
-41
-42
-41
-38
-37
-39
-40
-41
-41
-40
-37
-36
-35
-36
-39
-40
-39
-40
-42
-41
-39
-36
-34
-34
-38
-38
-38
-36
-36
-38
-38
-38
-39
-38
-37
-36
-38
-36
-35
-36
-37
-36
-35
-34
-32
-33
-33
-33
-33
-34
-33
-32
-29
-28
-28
-30
-33
-33
-28
-27
-28
-30
-33
-33
-30
-30
-27
-27
-28
-28
-27
-27
-28
-28
-27
-29
-28
-27
-26
-26
-27
-29
-29
-28
-28
-27
-26
-26
-30
-30
-31
-29
-27
-27
-28
-29
-29
-27
-25
-26
-26
-27
-27
-27
-26
-29
-28
-27
-23
-21
-21
-21
-23
-25
-25
-26
-26
-26
-25
-24
-24
-23
-23
-25
-23
-24
-24
-23
-24
-26
-27
-26
-23
-19
-21
-24
-25
-25
-24
-25
-25
-26
-26
-24
-23
-24
-24
-26
-29
-28
-26
-26
-26
-27
-27
-26
-25
-27
-27
-28
-26
-23
-21
-23
-24
-26
-28
-27
-26
-26
-25
-24
-24
-23
-25
-26
-26
-25
-22
-21
-20
-20
-19
-18
-20
-20
-21
-22
-22
-23
-25
-25
-23
-22
-22
-23
-24
-27
-31
-30
-28
-26
-25
-26
-26
-25
-26
-26
-26
-28
-30
-29
-28
-29
-27
-29
-29
-29
-28
-29
-28
-28
-26
-26
-24
-26
-28
-27
-25
-26
-28
-29
-29
-26
-27
-30
-30
-29
-24
-24
-28
-30
-29
-26
-26
-26
-26
-29
-27
-28
-29
-30
-30
-29
-28
-27
-27
-30
-29
-27
-28
-28
-30
-28
-26
-26
-28
-30
-30
-29
-28
-30
-29
-30
-28
-28
-28
-29
-30
-29
-28
-26
-24
-23
-25
-27
-28
-27
-24
-24
-25
-26
-26
-26
-22
-21
-24
-25
-27
-26
-25
-25
-29
-30
-29
-28
-25
-24
-27
-26
-24
-23
-21
-23
-24
-21
-22
-23
-23
-24
-24
-21
-20
-20
-22
-22
-21
-19
-16
-18
-20
-21
-20
-19
-17
-16
-15
-16
-17
-18
-20
-19
-20
-19
-17
-18
-20
-19
-20
-18
-19
-19
-19
-20
-22
-19
-18
-18
-20
-21
-21
-17
-17
-20
-20
-21
-21
-20
-19
-19
-19
-19
-17
-14
-13
-16
-18
-16
-14
-13
-14
-15
-17
-16
-15
-15
-14
-12
-12
-12
-11
-11
-12
-12
-10
-11
-11
-12
-14
-13
-9
-10
-9
-10
-9
-8
-11
-10
-10
-9
-8
-9
-10
-8
-7
-6
-7
-7
-6
-5
-8
-8
-7
-7
-4
0
0
-1
0
-2
0
1
2
1
2
3
4
5
4
1
0
-2
0
1
1
0
0
0
0
2
2
2
1
0
0
1
3
3
2
1
-2
-3
-1
1
3
3
1
0
3
2
0
0
2
2
3
3
3
3
2
1
0
2
5
6
7
8
7
7
6
4
5
5
6
9
11
10
9
9
7
4
4
5
5
9
9
10
10
8
7
5
5
7
10
10
9
7
7
9
10
9
8
6
6
7
5
3
3
4
6
7
6
5
5
6
7
7
5
5
4
4
5
4
5
5
4
3
4
5
4
7
5
3
3
3
1
2
1
-1
0
1
2
0
1
4
4
3
2
2
0
0
1
1
3
4
5
2
-1
-1
1
1
2
2
1
1
1
1
0
-1
-2
-1
-2
0
-2
-2
-1
0
1
1
1
1
2
2
2
1
0
0
-1
-1
0
1
3
0
-1
-2
-2
-2
-4
-3
-2
0
-2
-2
-4
-4
-1
0
-1
-2
-3
-3
-2
-2
-3
-5
-5
-4
-5
-5
-5
-6
-4
-1
1
0
-2
-1
-1
0
-1
-4
-5
-4
-1
2
1
1
0
0
2
0
2
3
5
5
4
1
0
0
1
1
-1
-3
-3
-2
-4
-4
-4
-4
-4
-5
-6
-4
-3
-2
-2
-3
-5
-7
-9
-8
-8
-6
-2
-1
-2
-6
-7
-11
-10
-11
-13
-11
-7
-6
-4
-6
-8
-8
-8
-8
-9
-9
-9
-8
-7
-8
-9
-10
-13
-14
-16
-13
-12
-11
-11
-12
-13
-12
-13
-15
-15
-14
-14
-14
-13
-11
-11
-14
-16
-17
-16
-17
-14
-12
-10
-11
-12
-13
-15
-14
-12
-11
-11
-14
-16
-16
-13
-12
-14
-17
-16
-16
-15
-13
-15
-15
-16
-15
-13
-10
-12
-14
-14
-13
-10
-8
-8
-8
-8
-7
-8
-10
-8
-6
-6
-7
-8
-9
-9
-8
-9
-9
-6
-7
-8
-7
-5
-4
-9
-13
-15
-11
-7
-8
-9
-11
-11
-12
-14
-13
-13
-13
-14
-15
-15
-17
-16
-14
-14
-15
-15
-14
-14
-15
-15
-16
-16
-16
-16
-16
-16
-15
-14
-15
-15
-13
-10
-10
-11
-13
-14
-13
-11
-11
-12
-11
-10
-11
-13
-14
-17
-18
-14
-12
-11
-11
-12
-12
-10
-10
-9
-8
-8
-9
-7
-7
-7
-6
-8
-10
-10
-10
-6
-4
-6
-9
-10
-10
-10
-11
-12
-12
-12
-11
-10
-8
-9
-9
-8
-8
-8
-7
-6
-6
-6
-7
-9
-9
-8
-7
-9
-9
-9
-7
-8
-7
-8
-8
-6
-5
-4
-6
-9
-10
-7
-5
-5
-7
-10
-8
-7
-7
-8
-10
-9
-7
-6
-6
-7
-6
-6
-8
-8
-8
-7
-8
-8
-9
-9
-11
-12
-10
-8
-8
-8
-8
-10
-11
-11
-14
-12
-11
-11
-11
-11
-12
-10
-9
-8
-6
-9
-10
-10
-10
-11
-12
-11
-10
-9
-11
-13
-13
-14
-13
-12
-13
-13
-13
-13
-13
-13
-13
-14
-16
-16
-15
-14
-15
-15
-17
-15
-15
-14
-13
-13
-15
-16
-16
-14
-14
-15
-17
-16
-15
-15
-15
-15
-16
-16
-17
-15
-13
-12
-13
-13
-13
-14
-13
-14
-15
-13
-14
-14
-11
-11
-10
-11
-12
-11
-9
-9
-11
-12
-14
-15
-15
-14
-13
-8
-8
-10
-13
-13
-10
-7
-7
-10
-11
-9
-8
-8
-8
-8
-7
-7
-8
-10
-9
-11
-9
-8
-10
-12
-11
-11
-8
-6
-7
-8
-7
-7
-9
-7
-7
-6
-5
-6
-5
-6
-5
-9
-11
-12
-11
-9
-10
-13
-11
-9
-10
-10
-11
-10
-9
-10
-13
-14
-12
-11
-13
-14
-13
-10
-9
-10
-13
-14
-14
-11
-10
-11
-14
-15
-15
-16
-15
-14
-16
-16
-18
-17
-16
-17
-15
-17
-19
-20
-20
-20
-20
-21
-19
-20
-19
-21
-20
-21
-18
-18
-16
-16
-15
-12
-11
-10
-12
-13
-14
-13
-16
-16
-19
-19
-15
-15
-18
-20
-20
-21
-22
-22
-21
-20
-19
-22
-22
-23
-21
-23
-25
-26
-26
-22
-23
-25
-27
-26
-29
-27
-29
-29
-27
-24
-23
-24
-26
-29
-29
-29
-29
-29
-28
-26
-24
-24
-22
-24
-24
-25
-24
-24
-25
-25
-28
-27
-27
-26
-25
-27
-27
-29
-28
-24
-24
-24
-26
-28
-28
-26
-27
-27
-27
-25
-24
-22
-24
-29
-31
-31
-29
-28
-29
-30
-30
-29
-27
-28
-29
-31
-30
-29
-27
-27
-26
-28
-24
-26
-26
-26
-27
-27
-28
-30
-29
-27
-27
-27
-29
-28
-30
-28
-28
-27
-29
-32
-33
-32
-28
-26
-27
-31
-28
-25
-26
-26
-27
-25
-24
-25
-27
-26
-25
-25
-28
-28
-32
-28
-27
-28
-26
-29
-29
-29
-29
-26
-25
-28
-30
-27
-23
-23
-22
-27
-25
-25
-25
-26
-28
-26
-24
-23
-22
-25
-26
-27
-24
-25
-25
-26
-28
-27
-28
-27
-28
-27
-25
-24
-25
-25
-25
-24
-26
-26
-26
-23
-24
-24
-27
-28
-27
-28
-29
-29
-29
-29
-27
-29
-32
-32
-33
-27
-28
-29
-30
-31
-27
-27
-26
-26
-30
-29
-28
-29
-31
-34
-35
-32
-32
-32
-35
-33
-34
-36
-37
-39
-39
-36
-35
-38
-38
-39
-36
-36
-37
-38
-41
-42
-43
-41
-42
-39
-40
-40
-39
-40
-39
-38
-41
-38
-39
-40
-40
-40
-41
-41
-40
-40
-39
-38
-35
-37
-38
-41
-38
-40
-40
-38
-39
-39
-37
-39
-39
-39
-42
-36
-41
-39
-42
-40
-39
-39
-39
-41
-44
-39
-42
-43
-44
-46
-43
-43
-44
-47
-46
-45
-43
-47
-46
-45
-42
-37
-37
-39
-40
-43
-39
-39
-39
-39
-42
-39
-37
-34
-37
-38
-40
-40
-40
-40
-40
-39
-40
-40
-39
-39
-40
-42
-43
-41
-40
-40
-39
-42
-43
-45
-42
-42
-41
-41
-43
-42
-42
-42
-44
-43
-44
-42
-43
-39
-41
-39
-40
-40
-41
-42
-39
-37
-38
-41
-42
-38
-37
-37
-43
-42
-42
-40
-39
-39
-39
-40
-39
-41
-40
-40
-39
-43
-43
-40
-37
-38
-38
-43
-41
-42
-43
-43
-45
-41
-43
-42
-40
-42
-41
-44
-44
-45
-45
-40
-40
-40
-41
-43
-44
-44
-44
-42
-44
-46
-47
-47
-47
-47
-47
-46
-48
-47
-48
-50
-49
-49
-49
-48
-49
-47
-48
-47
-49
-49
-47
-49
-52
-51
-52
-49
-48
-51
-50
-49
-47
-46
-47
-49
-51
-50
-46
-44
-44
-43
-43
-42
-42
-43
-43
-44
-43
-43
-40
-38
-41
-40
-40
-39
-40
-39
-38
-40
-39
-38
-36
-35
-34
-35
-37
-35
-37
-38
-37
-34
-35
-37
-38
-38
-37
-36
-40
-43
-43
-42
-43
-45
-46
-50
-49
-50
-50
-52
-54
-57
-56
-58
-59
-62
-63
-63
-63
-64
-65
-68
-69
-72
-74
-75
-75
-74
-77
-81
-82
-84
-86
-88
-91
-92
-92
-93
-91
-94
-95
-94
-94
-94
-96
-95
-94
-95
-98
-100
-100
-101
-98
-97
-94
-95
-95
-96
-98
-96
-93
-89
-85
-83
-78
-75
-69
-62
-57
-54
-49
-45
-40
-32
-25
-19
-14
-10
-8
-5
-2
3
7
14
19
22
24
25
28
30
33
36
36
38
41
40
36
33
30
29
29
27
24
21
22
19
16
13
7
4
1
2
0
-4
-8
-10
-14
-18
-24
-31
-38
-46
-50
-52
-55
-59
-68
-76
-84
-88
-93
-98
-103
-110
-117
-124
-128
-135
-142
-149
-158
-162
-167
-173
-178
-187
-192
-198
-202
-206
-210
-216
-222
-225
-227
-228
-221
-213
-198
-180
-163
-146
-137
-124
-110
-93
-70
-50
-36
-25
-14
-6
2
7
7
12
15
18
21
20
22
20
21
22
25
30
27
25
18
12
10
6
1
-10
-17
-23
-33
-38
-42
-47
-51
-55
-56
-57
-54
-52
-49
-47
-44
-40
-34
-29
-23
-15
-10
-6
2
4
8
10
15
23
27
34
36
40
41
41
39
40
40
35
32
31
27
25
18
12
8
4
0
-5
-11
-14
-14
-14
-14
-16
-17
-20
-22
-26
-31
-38
-46
-55
-62
-67
-72
-78
-89
-99
-111
-122
-132
-140
-148
-157
-165
-173
-179
-186
-198
-206
-218
-225
-233
-241
-251
-258
-264
-267
-261
-252
-235
-216
-200
-189
-178
-168
-151
-135
-115
-97
-80
-65
-56
-46
-48
-37
-31
-35
-29
-26
-23
-21
-19
-13
-15
-12
-7
-5
-6
-9
-13
-14
-12
-14
-18
-27
-35
-36
-39
-41
-46
-48
-44
-43
-41
-35
-27
-20
-15
-11
-4
2
10
20
29
37
46
52
60
66
67
71
77
87
92
94
95
95
95
94
90
86
79
73
66
60
56
50
42
31
22
12
3
-2
-7
-10
-14
-14
-16
-21
-26
-34
-43
-52
-62
-71
-80
-88
-96
-102
-109
-118
-131
-145
-157
-166
-176
-187
-195
-203
-212
-219
-231
-241
-248
-259
-263
-276
-282
-291
-300
-298
-288
-268
-241
-216
-198
-184
-173
-154
-132
-106
-82
-57
-39
-23
-8
4
9
13
16
16
26
28
36
43
44
47
50
53
58
58
56
54
51
49
49
41
31
18
4
-3
-13
-16
-20
-23
-23
-25
-23
-19
-13
-9
-9
-4
5
15
26
35
44
56
64
70
77
81
91
101
112
122
130
136
142
146
149
149
150
146
144
137
130
123
118
109
101
94
85
80
71
65
58
55
55
53
49
44
38
34
27
20
11
2
-10
-22
-31
-40
-50
-62
-77
-93
-107
-120
-133
-147
-159
-168
-177
-186
-196
-211
-222
-237
-249
-262
-273
-286
-295
-302
-307
-303
-287
-264
-233
-215
-200
-187
-169
-144
-115
-88
-60
-31
-19
-4
8
14
21
23
25
37
40
48
57
57
63
64
72
80
83
80
79
78
76
72
66
59
47
34
22
12
8
2
-1
-1
-4
-1
1
5
7
10
15
28
42
54
60
70
84
94
102
112
119
127
131
137
150
158
168
175
178
177
176
174
173
171
168
161
158
153
146
140
129
119
108
96
88
84
78
75
73
73
70
64
54
44
34
21
9
-6
-16
-24
-33
-44
-59
-76
-97
-110
-128
-141
-153
-163
-174
-185
-195
-211
-222
-236
-251
-264
-278
-286
-296
-304
-309
-312
-300
-280
-245
-219
-203
-188
-178
-150
-121
-89
-60
-31
-6
9
28
36
41
47
45
54
64
70
78
77
80
81
82
90
94
95
89
87
80
82
80
71
60
39
24
15
9
5
-3
-5
-12
-10
-4
1
7
10
18
29
44
59
70
81
94
110
122
136
147
152
162
172
184
198
206
212
218
227
236
237
234
227
221
217
213
208
200
189
181
169
160
147
133
125
119
116
112
108
103
96
87
79
70
58
46
32
21
7
-5
-15
-27
-40
-60
-81
-99
-114
-127
-140
-156
-163
-175
-184
-202
-217
-237
-252
-269
-285
-299
-312
-321
-322
-315
-299
-272
-242
-216
-205
-191
-174
-145
-117
-78
-47
-12
6
23
42
45
52
52
52
61
70
79
92
91
99
103
105
110
115
112
111
106
101
104
97
93
76
57
45
31
21
16
7
9
4
10
15
19
27
28
35
50
65
77
92
99
117
135
152
171
180
191
201
210
227
241
252
268
277
286
289
293
294
290
285
277
273
272
265
258
246
231
219
207
192
181
168
161
159
154
149
140
128
119
107
90
71
50
37
23
11
-3
-16
-31
-52
-76
-97
-116
-131
-144
-157
-169
-180
-191
-206
-221
-239
-257
-276
-293
-315
-332
-338
-339
-332
-320
-295
-262
-228
-215
-199
-185
-158
-121
-81
-46
-9
18
36
61
68
77
77
73
79
93
101
117
119
119
125
129
140
146
143
139
136
131
134
131
126
111
90
71
60
49
39
25
20
16
20
30
33
40
41
44
56
69
85
102
114
135
153
172
190
206
215
227
236
253
272
285
303
315
328
336
343
345
342
335
329
322
319
312
303
297
284
268
254
238
228
215
205
195
187
179
172
163
153
140
123
106
85
64
43
25
12
2
-11
-31
-55
-79
-101
-119
-135
-152
-164
-178
-187
-204
-219
-239
-259
-280
-297
-317
-337
-348
-358
-352
-347
-325
-292
-249
-226
-212
-199
-175
-145
-109
-71
-30
12
35
58
71
82
86
79
73
84
90
106
117
118
125
129
139
154
155
147
141
129
130
130
126
117
102
83
70
52
41
27
17
9
3
9
16
29
39
47
56
67
75
90
102
120
145
167
191
214
228
246
258
270
293
309
327
347
364
381
391
396
397
391
384
373
366
358
347
337
326
314
306
291
275
262
245
232
221
208
198
186
177
168
151
132
108
82
56
29
8
-8
-22
-36
-58
-82
-106
-127
-148
-165
-180
-192
-205
-216
-234
-249
-269
-285
-307
-326
-342
-355
-360
-365
-361
-337
-291
-251
-218
-209
-193
-167
-131
-96
-50
-12
29
58
78
105
112
116
104
100
106
120
127
138
138
151
160
177
185
183
171
159
154
151
157
153
146
126
112
98
85
69
52
32
30
22
29
37
45
54
61
75
93
104
104
105
114
143
169
198
220
239
256
279
298
322
337
350
365
382
402
419
431
438
437
427
420
410
400
382
368
356
348
340
329
315
302
290
279
266
253
239
227
213
202
186
169
150
127
101
71
44
20
0
-21
-39
-61
-79
-99
-119
-137
-156
-172
-187
-201
-216
-234
-255
-273
-295
-316
-341
-363
-375
-378
-375
-357
-324
-277
-241
-220
-207
-190
-155
-115
-74
-27
12
47
73
99
115
122
111
95
89
94
106
117
126
134
147
164
184
193
189
172
156
145
142
138
130
120
109
102
98
85
64
44
26
14
6
11
19
32
42
56
79
103
116
119
120
133
148
162
181
201
228
255
286
318
346
362
374
387
401
417
428
438
450
457
461
455
450
438
418
393
373
355
340
325
312
306
302
296
292
279
264
243
221
201
183
160
137
112
84
58
32
7
-17
-41
-70
-96
-118
-140
-157
-178
-196
-211
-223
-237
-249
-267
-287
-312
-340
-369
-387
-400
-410
-401
-385
-342
-288
-246
-197
-172
-168
-180
-175
-93
-32
16
54
104
130
157
171
158
177
153
121
107
121
132
124
126
140
175
184
168
158
153
124
85
52
52
61
42
19
20
35
36
23
2
1
-4
-27
-37
-19
8
22
36
71
120
156
161
166
193
222
233
234
245
274
298
322
367
424
461
503
521
507
521
494
459
468
472
469
465
458
461
435
417
409
365
326
301
249
231
253
259
246
259
248
226
202
177
148
103
57
21
-11
-31
-50
-78
-109
-140
-165
-210
-245
-291
-336
-361
-411
-403
-433
-440
-459
-485
-489
-519
-529
-532
-528
-491
-423
-323
-142
-30
75
119
223
258
271
229
258
292
339
350
365
382
375
260
149
59
-11
-106
-224
-268
-262
-221
-236
-224
-177
-104
-112
-135
-155
-106
-102
-95
-99
-10
63
109
103
144
186
203
162
132
137
152
125
100
116
148
156
114
124
143
174
144
125
134
177
178
192
220
287
338
380
427
495
534
547
531
537
552
544
516
505
505
503
478
450
431
396
357
310
289
274
260
240
245
265
287
294
287
285
287
269
255
222
202
172
129
92
48
17
-30
-76
-119
-160
-198
-243
-291
-341
-382
-411
-443
-457
-475
-499
-498
-524
-517
-530
-542
-544
-521
-484
-416
-313
-142
40
172
267
337
416
453
414
340
327
322
322
270
246
240
201
93
-40
-140
-200
-313
-440
-512
-480
-434
-399
-358
-240
-100
-26
-25
-7
52
82
49
24
80
168
219
215
257
328
363
308
232
194
165
91
4
-34
3
18
10
10
71
137
155
136
148
181
209
216
242
309
407
474
544
602
666
687
667
629
596
553
500
436
395
384
368
348
310
295
275
243
194
161
149
163
164
179
215
261
294
304
303
310
292
251
195
142
102
41
-20
-76
-96
-128
-163
-215
-251
-288
-352
-409
-482
-493
-547
-551
-593
-574
-565
-557
-556
-557
-545
-517
-503
-452
-370
-199
-8
169
289
408
512
578
556
463
393
343
294
217
154
117
98
18
-76
-171
-219
-307
-424
-537
-558
-533
-485
-437
-333
-173
-16
65
125
177
231
208
150
119
152
191
189
192
242
314
336
294
236
196
133
36
-72
-112
-111
-112
-118
-79
15
120
179
224
273
338
375
386
408
461
529
581
635
691
754
780
766
727
671
605
508
396
304
242
198
162
138
148
168
192
199
205
219
234
226
222
232
257
278
285
288
310
310
297
238
174
102
23
-72
-170
-235
-279
-305
-345
-366
-392
-405
-443
-494
-530
-555
-574
-612
-625
-617
-578
-560
-549
-516
-443
-363
-274
-165
27
199
347
409
498
559
584
493
400
326
296
215
102
8
-27
-66
-162
-266
-335
-363
-436
-523
-573
-537
-476
-422
-359
-215
-44
101
172
238
299
337
295
246
216
233
209
187
176
226
255
254
204
174
126
64
-37
-111
-152
-155
-160
-138
-79
29
142
240
316
390
463
511
534
549
581
623
666
690
718
740
757
734
687
625
556
461
353
245
166
101
53
21
29
58
101
140
192
241
281
299
307
315
331
328
322
305
301
296
270
232
170
110
26
-63
-158
-243
-305
-361
-404
-446
-467
-481
-495
-513
-511
-530
-511
-554
-538
-557
-541
-559
-550
-519
-434
-338
-205
-23
187
367
481
542
598
607
536
404
283
203
148
37
-67
-142
-154
-201
-279
-356
-391
-423
-490
-556
-571
-511
-442
-368
-260
-78
105
238
316
394
452
448
389
325
290
256
202
159
168
194
201
190
166
159
117
42
-45
-105
-149
-181
-198
-159
-80
23
134
263
377
488
560
616
646
661
670
673
667
661
656
655
643
622
583
532
469
391
302
213
132
61
3
-23
-20
15
67
140
220
297
357
402
434
441
424
393
361
329
292
247
200
155
105
49
-17
-90
-167
-242
-306
-370
-429
-490
-523
-554
-549
-564
-536
-536
-510
-512
-500
-512
-511
-526
-509
-475
-398
-295
-115
66
274
407
525
610
658
615
504
365
252
150
26
-111
-204
-234
-255
-298
-348
-355
-365
-389
-447
-470
-453
-398
-362
-284
-155
18
151
260
347
445
482
469
411
368
314
248
169
127
102
98
85
86
88
94
64
40
4
-27
-70
-91
-91
-57
-6
82
188
306
423
529
623
696
731
746
737
723
681
637
586
549
512
481
450
423
385
347
301
249
181
108
49
12
-4
0
33
96
177
269
354
426
472
491
490
476
446
390
319
246
183
127
61
0
-65
-123
-173
-226
-267
-330
-379
-438
-463
-499
-516
-538
-551
-531
-535
-497
-525
-487
-512
-459
-463
-389
-343
-196
-44
145
288
412
517
600
618
563
480
383
293
172
36
-96
-177
-239
-303
-369
-396
-403
-407
-427
-428
-413
-354
-313
-248
-171
-32
83
196
272
371
438
483
473
460
424
390
322
261
203
168
137
110
86
81
70
55
30
13
-1
-12
-24
-19
7
73
150
232
316
416
518
602
654
692
719
731
709
663
606
554
495
454
410
387
358
335
311
290
253
202
145
101
63
41
37
66
113
178
253
339
411
468
495
514
514
485
425
352
279
214
139
61
-14
-80
-140
-189
-236
-278
-331
-375
-414
-456
-487
-526
-534
-558
-556
-562
-552
-536
-539
-515
-506
-435
-388
-284
-158
20
185
314
413
517
580
583
499
414
335
265
133
-13
-126
-178
-242
-316
-392
-394
-396
-404
-438
-421
-369
-302
-259
-200
-87
51
153
228
305
399
455
465
448
435
418
375
308
246
207
172
136
97
71
54
36
17
-9
-22
-30
-22
-15
9
47
111
181
249
321
400
489
559
611
650
686
699
687
647
605
554
504
455
408
370
334
307
281
251
217
173
135
103
83
73
83
104
142
200
280
352
404
440
479
512
518
484
432
371
312
235
150
51
-40
-126
-184
-233
-267
-309
-341
-370
-389
-419
-465
-496
-528
-542
-560
-583
-579
-607
-574
-593
-521
-497
-395
-312
-125
38
222
324
453
535
613
578
520
424
366
268
154
11
-74
-150
-205
-301
-349
-372
-370
-397
-417
-397
-337
-277
-241
-176
-68
60
145
212
277
358
401
415
405
406
389
349
283
241
202
176
126
98
62
50
19
2
-20
-24
-28
-16
1
38
84
150
214
281
339
417
489
550
585
620
646
661
640
609
566
532
483
432
381
350
318
286
245
219
190
167
132
105
93
101
111
128
153
206
267
318
351
387
428
460
462
436
401
364
317
254
169
83
-15
-95
-174
-231
-293
-337
-379
-397
-405
-431
-448
-475
-484
-491
-528
-533
-582
-578
-607
-589
-565
-522
-444
-350
-176
-7
173
299
417
527
594
595
533
459
396
312
191
57
-47
-116
-191
-278
-333
-354
-351
-387
-396
-380
-309
-264
-230
-182
-81
37
117
165
226
304
361
378
378
385
391
367
332
289
260
218
172
126
91
63
31
10
-8
-11
-11
10
30
64
104
163
226
282
328
387
450
500
534
554
579
600
593
565
533
510
485
443
400
372
351
323
280
246
217
184
147
106
90
95
111
124
146
193
250
296
332
366
401
427
435
424
407
381
347
296
226
139
44
-49
-129
-207
-279
-342
-381
-395
-414
-422
-438
-441
-437
-462
-470
-509
-511
-556
-563
-601
-577
-574
-510
-451
-296
-138
56
202
349
480
589
635
614
555
497
419
321
181
56
-44
-124
-213
-299
-339
-351
-354
-372
-356
-314
-241
-205
-153
-91
19
88
142
169
231
287
325
331
348
368
388
373
354
325
303
262
215
156
107
61
27
-7
-22
-25
2
30
69
106
172
236
295
325
366
416
464
478
484
498
528
535
518
496
488
483
462
429
406
394
374
330
292
258
230
193
158
134
129
132
145
163
196
236
282
319
349
373
394
406
401
383
364
342
308
251
182
104
30
-52
-135
-221
-277
-323
-355
-377
-391
-388
-392
-393
-402
-403
-409
-426
-447
-470
-496
-518
-543
-535
-511
-449
-366
-223
-62
114
247
391
505
604
624
591
529
476
395
273
122
13
-76
-156
-256
-323
-345
-329
-333
-328
-298
-226
-168
-121
-71
9
81
114
127
160
205
248
259
279
313
355
371
373
366
359
334
287
235
174
125
78
46
14
9
18
53
78
119
169
235
288
319
348
386
415
422
413
416
436
445
437
426
428
438
427
400
373
352
326
297
268
248
228
207
190
190
196
208
212
224
245
269
292
294
290
290
295
300
289
277
271
272
265
235
200
166
125
65
-5
-66
-123
-173
-238
-261
-294
-288
-326
-332
-353
-340
-348
-368
-394
-400
-412
-425
-462
-492
-507
-508
-490
-454
-370
-226
-72
95
230
398
520
614
619
598
559
513
422
283
143
43
-46
-140
-240
-297
-305
-290
-286
-279
-244
-176
-129
-93
-56
2
49
67
80
109
172
215
251
284
346
406
440
434
425
411
391
343
285
227
178
136
100
72
60
63
80
96
125
165
209
244
268
286
311
334
345
345
356
379
399
408
407
408
408
395
377
353
329
302
272
247
234
222
205
186
177
189
198
200
192
201
215
227
219
208
212
228
237
228
223
231
241
234
214
192
168
138
85
30
-27
-76
-133
-193
-234
-272
-288
-323
-338
-359
-355
-368
-379
-401
-412
-416
-431
-447
-478
-481
-489
-479
-467
-414
-302
-155
0
132
273
420
529
580
568
542
510
460
352
230
118
40
-57
-153
-233
-262
-269
-280
-293
-280
-232
-196
-178
-155
-97
-34
2
28
82
160
234
280
318
367
419
443
442
433
426
413
385
347
310
277
239
197
148
108
80
66
50
36
46
78
112
131
152
192
244
275
295
319
359
386
382
365
358
355
333
298
267
261
256
248
236
239
247
249
238
222
208
204
190
163
136
131
138
138
122
113
123
150
166
168
177
203
232
246
241
238
228
201
155
102
47
-11
-84
-155
-214
-256
-287
-347
-376
-407
-400
-411
-420
-424
-427
-409
-419
-421
-433
-430
-413
-414
-382
-369
-303
-217
-91
27
138
252
369
456
501
493
479
460
419
333
212
117
40
-51
-153
-245
-277
-302
-321
-350
-334
-286
-243
-213
-158
-64
31
86
133
208
286
337
350
366
401
434
436
424
427
441
435
406
370
332
285
222
144
78
22
-22
-59
-88
-97
-70
-33
7
45
98
169
227
257
271
293
317
318
296
273
265
256
241
216
214
220
230
223
217
227
232
220
191
158
138
117
88
48
22
22
36
40
44
72
120
163
196
219
257
290
302
296
280
267
233
180
120
66
8
-63
-134
-199
-243
-293
-326
-370
-384
-392
-400
-401
-412
-397
-393
-382
-377
-368
-340
-324
-307
-306
-289
-268
-255
-236
-177
-99
-2
65
154
249
342
395
393
389
385
363
293
187
106
39
-28
-121
-197
-236
-251
-266
-281
-271
-216
-159
-114
-61
20
114
176
220
264
319
362
375
375
387
410
422
401
378
359
341
302
248
194
146
100
46
-6
-38
-57
-66
-76
-74
-48
-6
27
53
85
131
168
183
186
206
237
251
245
242
250
258
249
232
225
230
223
205
182
174
160
131
86
50
28
9
-23
-47
-45
-14
25
56
89
141
200
248
266
279
292
298
285
255
220
191
149
102
52
8
-36
-93
-153
-199
-228
-252
-296
-325
-338
-337
-328
-344
-333
-333
-300
-297
-284
-281
-258
-245
-245
-247
-248
-235
-241
-246
-260
-203
-147
-64
-16
66
162
253
302
314
327
348
343
307
229
181
126
70
-19
-82
-126
-144
-182
-202
-195
-144
-99
-69
-23
63
163
216
248
287
344
377
374
347
342
337
311
265
231
211
187
145
110
93
82
60
32
19
21
20
10
-3
-2
1
7
8
13
25
49
73
93
120
156
200
231
247
262
281
292
277
246
221
201
166
114
71
43
27
0
-24
-25
-6
21
33
45
73
111
141
155
170
194
212
216
204
195
197
190
169
145
134
126
109
77
54
37
18
-16
-56
-88
-120
-150
-193
-224
-251
-260
-268
-285
-276
-276
-247
-242
-222
-208
-196
-185
-192
-200
-200
-217
-236
-275
-293
-299
-298
-259
-219
-134
-60
41
134
213
286
333
374
401
398
376
322
276
212
139
52
-17
-73
-109
-145
-155
-153
-116
-81
-32
30
100
164
194
231
257
274
258
225
195
172
142
106
73
58
58
57
71
93
121
139
151
151
151
142
115
77
33
1
-27
-53
-72
-75
-52
-10
26
65
109
159
198
215
218
220
216
196
163
132
109
81
51
33
26
31
31
35
51
72
88
95
102
116
130
140
138
132
129
125
110
98
88
85
80
80
82
87
96
101
105
107
118
112
98
70
37
4
-49
-92
-155
-186
-230
-257
-285
-298
-287
-277
-260
-248
-227
-202
-188
-181
-179
-190
-196
-233
-251
-287
-302
-320
-314
-269
-196
-107
-11
90
223
321
410
446
485
495
485
428
358
287
220
124
28
-53
-96
-128
-158
-174
-164
-126
-97
-70
-25
32
83
93
98
114
130
124
100
84
82
80
68
60
75
98
114
125
141
166
180
177
156
141
123
99
56
13
-25
-49
-77
-101
-115
-104
-82
-62
-47
-12
37
90
127
158
192
217
223
199
176
146
116
68
24
-2
-9
-6
-12
3
29
69
100
122
144
159
163
152
125
102
77
52
23
3
-3
0
10
32
62
102
140
170
196
215
222
204
162
110
56
-4
-70
-148
-205
-255
-281
-307
-318
-304
-284
-246
-229
-194
-175
-151
-154
-154
-162
-165
-188
-203
-221
-221
-225
-220
-218
-198
-156
-94
-36
38
107
200
257
312
337
361
374
366
333
279
229
172
95
6
-65
-123
-168
-216
-245
-252
-223
-201
-175
-131
-64
-1
39
65
103
128
134
112
92
89
83
59
38
36
54
65
72
83
107
125
126
106
89
73
41
-7
-61
-97
-116
-134
-149
-155
-136
-98
-63
-36
4
55
104
132
144
162
176
171
146
118
103
90
63
35
24
31
35
25
28
41
65
73
69
66
68
70
57
39
28
29
32
33
40
58
83
102
116
131
154
168
167
150
141
123
88
37
-13
-52
-90
-136
-187
-228
-245
-267
-276
-293
-280
-264
-237
-218
-195
-167
-141
-126
-118
-110
-109
-105
-124
-133
-151
-157
-177
-197
-205
-189
-150
-106
-57
8
74
143
183
222
238
251
240
218
174
129
81
26
-42
-108
-161
-198
-233
-253
-255
-234
-204
-175
-132
-68
-7
34
61
90
115
111
88
63
43
25
-13
-41
-52
-51
-48
-46
-27
8
35
45
55
60
67
50
21
-6
-30
-50
-75
-97
-104
-96
-82
-63
-45
-11
31
66
94
112
133
148
143
125
102
79
54
18
-9
-24
-26
-27
-26
-18
9
33
53
69
82
97
109
109
107
95
84
71
57
52
48
44
43
49
56
63
67
67
65
64
57
32
2
-29
-52
-78
-116
-147
-172
-186
-202
-213
-219
-213
-204
-192
-175
-150
-125
-106
-97
-83
-78
-69
-90
-103
-131
-148
-180
-203
-235
-256
-283
-288
-290
-261
-230
-175
-120
-47
6
59
85
114
124
126
112
87
61
34
-4
-45
-81
-100
-123
-145
-163
-167
-161
-162
-163
-152
-121
-93
-72
-65
-38
-21
-13
-25
-23
-26
-23
-41
-50
-52
-45
-48
-46
-38
-14
-4
7
14
31
40
43
34
34
27
21
3
-11
-21
-27
-33
-43
-54
-48
-37
-23
-13
0
16
33
42
47
57
68
71
63
54
57
46
33
12
1
-4
-18
-28
-37
-31
-25
-27
-21
-10
11
24
34
43
55
61
63
57
56
51
40
17
-5
-18
-28
-42
-65
-79
-88
-96
-110
-125
-138
-146
-156
-176
-184
-191
-188
-195
-198
-198
-196
-196
-212
-214
-220
-216
-223
-230
-237
-239
-242
-249
-266
-267
-276
-250
-235
-189
-150
-88
-37
12
58
98
130
146
146
138
115
90
49
0
-48
-97
-134
-183
-215
-241
-244
-245
-233
-217
-178
-143
-101
-68
-30
-3
16
17
26
27
28
7
-15
-29
-35
-47
-54
-56
-43
-29
-20
-3
19
40
54
55
61
62
57
38
12
-5
-19
-39
-57
-74
-82
-79
-74
-56
-37
-14
7
27
42
59
60
55
45
37
28
17
2
-10
-19
-17
-18
-19
-12
-1
10
16
16
23
26
31
28
25
22
20
10
4
-2
-3
-7
-13
-17
-21
-24
-31
-42
-52
-65
-77
-91
-105
-118
-132
-145
-159
-171
-180
-186
-191
-195
-196
-199
-199
-201
-197
-198
-199
-208
-210
-219
-220
-224
-226
-228
-233
-230
-238
-245
-261
-275
-272
-262
-244
-215
-180
-132
-92
-50
-19
24
52
77
80
82
77
63
30
-3
-42
-74
-118
-152
-183
-193
-200
-201
-196
-170
-139
-102
-75
-45
-21
-4
0
2
-2
-8
-22
-35
-48
-55
-60
-60
-57
-38
-24
-5
9
22
43
59
70
72
69
60
45
24
5
-17
-37
-59
-75
-84
-86
-83
-67
-46
-22
0
22
41
56
69
76
79
73
59
41
22
2
-21
-45
-62
-76
-87
-93
-91
-89
-82
-68
-49
-34
-17
-5
5
11
11
10
6
-2
-12
-28
-39
-54
-69
-88
-100
-110
-118
-129
-135
-138
-140
-151
-163
-177
-183
-189
-200
-203
-211
-208
-212
-214
-215
-219
-219
-222
-222
-217
-219
-210
-218
-210
-219
-216
-228
-232
-236
-231
-216
-188
-156
-107
-76
-31
-2
40
72
99
110
112
107
101
75
48
6
-25
-69
-110
-149
-174
-188
-200
-204
-188
-159
-122
-95
-71
-39
-12
2
1
1
1
-5
-17
-34
-42
-46
-54
-57
-55
-41
-30
-16
-2
19
41
57
67
73
74
71
59
45
33
25
11
-4
-17
-21
-24
-20
-21
