1
0
-1
-2
1
1
-1
-4
-4
-2
0
0
0
-2
-2
-1
-3
-3
-3
-2
-2
-2
-2
-2
-1
1
1
-2
-2
-3
-4
-5
-4
-3
0
-1
-1
-2
-1
2
1
0
-1
0
0
1
0
1
1
2
2
2
0
-1
2
1
3
3
3
1
0
0
0
1
1
1
1
3
2
1
-1
-2
-1
1
2
4
3
3
3
3
3
2
1
3
4
3
5
4
2
2
3
5
8
6
6
6
5
5
5
6
7
9
10
9
8
10
9
10
10
11
12
13
13
11
11
11
14
15
15
15
15
16
16
16
14
12
12
13
14
13
13
13
14
14
13
13
16
16
17
18
18
18
19
20
22
23
23
22
22
22
22
23
21
19
17
19
20
22
25
26
24
24
25
27
28
27
27
27
29
30
30
27
24
23
22
22
24
27
28
30
29
30
30
31
31
32
30
30
31
31
32
32
33
32
32
33
34
34
32
31
33
35
36
36
36
36
36
36
36
35
38
38
38
38
36
35
36
37
37
35
37
39
40
40
40
41
42
44
44
43
43
42
43
42
43
45
46
45
44
43
43
42
41
40
41
44
47
49
50
49
50
49
48
48
49
49
49
47
44
45
44
46
48
47
47
48
48
47
47
48
45
44
43
46
47
48
46
45
45
46
47
46
45
43
42
43
45
49
51
47
46
45
47
49
47
46
47
48
48
46
47
48
47
46
44
41
42
43
44
43
42
41
44
45
44
42
41
39
40
40
39
40
40
41
40
42
42
43
43
43
41
41
40
42
42
41
40
38
39
41
42
42
42
41
41
39
39
39
38
39
39
39
40
39
41
40
39
36
37
40
41
42
42
42
39
39
38
36
36
37
36
39
42
41
39
38
38
39
39
39
38
36
35
35
36
38
37
35
36
38
41
39
36
35
36
38
38
39
39
39
37
34
33
33
33
35
36
37
38
38
37
38
39
38
37
37
36
36
38
37
38
38
37
38
41
42
41
41
41
40
42
42
42
40
38
36
36
36
34
34
34
36
37
38
37
35
36
33
34
36
36
37
36
37
38
38
39
38
36
36
33
32
33
34
36
36
37
37
38
37
39
38
40
40
41
42
43
45
46
46
46
46
44
46
45
44
44
45
46
47
47
44
45
47
49
49
46
44
45
46
47
47
45
43
45
46
46
46
47
48
48
47
46
44
42
44
47
47
48
48
46
44
43
44
47
50
51
52
52
49
49
49
49
50
50
50
49
49
48
47
49
51
51
51
51
52
53
53
51
50
50
49
50
51
51
49
48
46
46
48
48
47
45
45
46
49
48
44
44
44
47
51
49
46
44
43
46
48
48
46
45
46
47
47
47
44
45
45
43
42
40
39
41
42
43
41
43
44
43
43
42
43
43
45
46
46
46
44
41
41
43
44
43
41
41
43
44
43
40
40
41
42
44
44
45
44
43
43
43
43
45
45
44
46
45
43
42
41
41
42
45
43
42
41
41
43
44
43
42
43
43
46
48
46
43
42
43
47
47
46
45
45
43
42
40
39
39
40
43
44
44
43
42
43
44
45
43
42
40
41
41
40
42
41
38
36
37
39
39
40
38
39
39
39
40
38
38
39
40
39
37
37
39
39
42
40
38
37
37
36
38
38
39
39
40
39
39
39
40
39
38
39
42
41
40
40
39
38
37
38
37
39
38
37
36
34
36
34
35
37
36
35
34
35
35
35
33
33
32
34
34
32
31
32
32
32
30
31
30
30
31
30
30
29
27
27
28
29
29
26
25
24
25
25
28
27
27
27
27
28
27
23
24
24
27
28
27
26
23
24
25
26
23
23
24
25
29
28
27
26
24
24
26
28
25
25
24
23
22
22
23
22
23
25
25
23
20
18
17
16
18
17
17
17
16
15
16
16
16
18
17
17
16
14
10
10
10
11
12
12
11
9
9
9
10
9
10
10
9
8
7
7
9
10
10
9
9
10
10
8
7
5
8
10
9
9
9
9
8
7
6
7
11
11
11
11
8
7
6
7
9
11
14
14
15
16
13
11
12
15
17
15
15
15
18
19
18
16
15
17
18
19
20
18
19
22
25
25
22
20
17
18
22
23
21
21
21
23
24
24
23
19
18
18
16
15
16
17
17
18
20
19
16
16
18
21
22
19
18
18
18
19
18
18
20
21
20
19
19
20
19
19
20
22
23
22
22
21
20
19
18
19
19
18
17
16
17
19
19
19
20
19
19
18
19
19
17
16
16
16
16
15
14
12
11
13
14
14
14
12
9
8
8
9
9
8
8
8
8
7
6
6
4
4
6
7
7
6
5
3
5
6
4
4
6
5
6
6
6
5
4
4
5
4
3
2
4
7
7
6
4
5
5
4
3
4
3
4
6
4
4
2
0
0
1
3
3
4
2
0
1
1
4
5
4
1
0
-1
-2
-4
-3
-3
-1
2
1
-1
-3
-4
-3
-1
0
-2
-3
-5
-3
-2
-3
-3
-6
-7
-7
-6
-6
-5
-6
-6
-6
-6
-3
-4
-7
-7
-8
-7
-6
-7
-9
-8
-8
-8
-7
-8
-10
-7
-4
-5
-6
-6
-6
-6
-5
-6
-8
-11
-12
-12
-10
-8
-7
-6
-6
-8
-7
-5
-6
-6
-8
-10
-9
-8
-6
-8
-8
-8
-8
-10
-12
-11
-8
-6
-8
-8
-10
-12
-9
-8
-8
-8
-9
-9
-9
-8
-9
-10
-9
-8
-9
-10
-11
-9
-8
-10
-9
-11
-12
-12
-12
-12
-10
-9
-7
-6
-9
-9
-12
-12
-11
-10
-10
-10
-11
-10
-9
-11
-12
-13
-13
-13
-11
-12
-12
-13
-11
-10
-9
-9
-10
-11
-10
-10
-10
-11
-12
-11
-11
-10
-8
-10
-11
-12
-11
-11
-12
-13
-15
-14
-14
-14
-15
-14
-13
-15
-15
-14
-15
-15
-17
-19
-19
-17
-18
-17
-21
-22
-22
-20
-18
-17
-19
-21
-21
-21
-23
-25
-25
-24
-21
-21
-22
-24
-24
-24
-26
-25
-24
-24
-25
-26
-25
-23
-23
-22
-22
-22
-22
-24
-26
-26
-27
-26
-27
-26
-25
-26
-25
-25
-27
-25
-25
-24
-22
-21
-21
-22
-22
-22
-22
-21
-20
-19
-21
-22
-22
-24
-24
-23
-23
-23
-22
-20
-20
-24
-26
-26
-26
-23
-21
-23
-22
-23
-23
-23
-26
-25
-24
-24
-22
-21
-20
-20
-19
-21
-22
-23
-26
-27
-27
-23
-20
-19
-22
-24
-25
-26
-26
-27
-25
-24
-25
-25
-24
-23
-23
-26
-28
-28
-27
-26
-27
-28
-29
-30
-30
-31
-32
-31
-30
-31
-33
-34
-34
-33
-34
-35
-38
-38
-36
-36
-35
-37
-39
-39
-38
-37
-37
-38
-40
-41
-42
-40
-39
-39
-41
-42
-41
-41
-42
-42
-43
-43
-44
-42
-42
-42
-41
-40
-40
-42
-44
-44
-44
-43
-43
-45
-46
-45
-43
-41
-42
-45
-45
-43
-39
-38
-40
-44
-43
-42
-44
-45
-47
-46
-45
-46
-45
-44
-43
-45
-45
-46
-46
-46
-46
-46
-45
-45
-48
-48
-46
-45
-46
-48
-47
-45
-46
-46
-47
-44
-41
-42
-46
-47
-47
-46
-46
-47
-48
-48
-48
-48
-45
-44
-43
-44
-46
-48
-49
-50
-52
-50
-48
-49
-51
-51
-50
-50
-49
-50
-51
-50
-49
-50
-50
-54
-55
-55
-56
-54
-55
-54
-55
-55
-56
-57
-56
-57
-59
-60
-60
-58
-57
-58
-58
-59
-62
-61
-61
-62
-62
-59
-60
-59
-59
-60
-61
-61
-60
-60
-62
-62
-62
-61
-61
-61
-62
-58
-58
-59
-62
-63
-63
-60
-57
-59
-60
-60
-61
-60
-59
-61
-63
-64
-62
-63
-64
-63
-61
-61
-59
-59
-60
-61
-61
-60
-59
-58
-58
-59
-58
-56
-55
-55
-55
-55
-54
-54
-54
-52
-52
-52
-54
-55
-55
-57
-58
-55
-54
-54
-55
-56
-56
-54
-55
-56
-56
-56
-55
-56
-56
-56
-53
-54
-54
-55
-56
-56
-53
-54
-56
-55
-55
-53
-53
-54
-52
-52
-53
-52
-53
-54
-54
-53
-53
-54
-54
-54
-55
-53
-54
-53
-56
-58
-58
-57
-56
-55
-56
-54
-54
-54
-53
-53
-51
-51
-53
-53
-55
-55
-54
-53
-55
-56
-56
-55
-55
-54
-57
-57
-55
-54
-54
-57
-59
-60
-57
-56
-58
-57
-60
-58
-57
-56
-57
-58
-58
-57
-56
-56
-56
-57
-57
-55
-55
-57
-57
-57
-56
-56
-54
-54
-53
-53
-54
-56
-53
-51
-50
-52
-52
-53
-52
-53
-52
-51
-50
-50
-52
-50
-47
-44
-43
-46
-47
-46
-46
-44
-44
-44
-45
-47
-49
-47
-44
-44
-43
-44
-46
-45
-44
-46
-44
-43
-43
-42
-43
-43
-43
-43
-43
-44
-45
-45
-45
-41
-42
-44
-45
-44
-44
-43
-44
-43
-42
-43
-42
-44
-44
-43
-45
-46
-46
-42
-41
-43
-47
-45
-44
-42
-43
-46
-47
-45
-43
-42
-42
-44
-44
-43
-43
-43
-45
-46
-44
-43
-43
-44
-44
-45
-44
-42
-44
-45
-46
-45
-43
-42
-43
-43
-43
-43
-43
-43
-41
-40
-40
-42
-43
-43
-44
-44
-43
-42
-39
-40
-40
-41
-42
-43
-41
-40
-39
-39
-41
-38
-36
-36
-37
-38
-39
-38
-35
-34
-35
-37
-37
-38
-38
-35
-37
-37
-38
-37
-35
-33
-34
-35
-34
-37
-36
-36
-37
-37
-37
-37
-35
-34
-34
-36
-38
-38
-37
-36
-37
-37
-36
-35
-33
-34
-36
-36
-37
-36
-36
-37
-35
-35
-36
-36
-35
-35
-37
-38
-38
-37
-34
-36
-39
-39
-39
-37
-35
-35
-36
-36
-36
-37
-37
-38
-38
-36
-35
-35
-35
-33
-34
-32
-34
-35
-36
-35
-35
-36
-38
-39
-37
-35
-34
-34
-34
-34
-36
-37
-37
-36
-36
-36
-36
-36
-35
-34
-34
-34
-37
-36
-37
-38
-38
-38
-38
-39
-40
-39
-40
-39
-36
-38
-36
-37
-38
-40
-40
-39
-40
-39
-38
-37
-37
-36
-38
-40
-40
-41
-40
-39
-38
-38
-36
-37
-36
-38
-37
-35
-35
-34
-37
-39
-41
-39
-36
-35
-36
-39
-38
-37
-37
-38
-37
-36
-37
-37
-38
-37
-37
-36
-36
-37
-37
-38
-39
-38
-40
-42
-42
-42
-38
-36
-37
-38
-40
-39
-37
-37
-37
-36
-33
-32
-33
-37
-36
-35
-34
-36
-35
-33
-34
-33
-37
-38
-36
-32
-31
-33
-34
-33
-33
-35
-36
-36
-37
-36
-36
-36
-34
-33
-34
-35
-36
-34
-34
-33
-34
-32
-32
-31
-31
-33
-34
-34
-35
-34
-35
-33
-31
-30
-30
-30
-30
-27
-27
-27
-27
-28
-27
-28
-29
-29
-28
-29
-30
-30
-28
-27
-28
-31
-34
-32
-29
-28
-28
-30
-31
-32
-30
-30
-30
-28
-30
-29
-30
-32
-33
-33
-32
-30
-30
-32
-29
-31
-31
-31
-29
-28
-26
-25
-26
-26
-27
-27
-27
-27
-29
-29
-28
-28
-29
-29
-29
-27
-26
-26
-28
-30
-33
-32
-29
-29
-26
-26
-27
-28
-29
-29
-29
-29
-28
-28
-28
-29
-29
-29
-26
-24
-25
-28
-27
-24
-23
-25
-26
-29
-29
-29
-28
-27
-25
-26
-26
-26
-26
-27
-26
-25
-25
-25
-23
-24
-27
-30
-30
-28
-25
-24
-25
-27
-26
-25
-25
-24
-24
-23
-23
-24
-25
-25
-24
-24
-24
-26
-28
-28
-28
-29
-28
-28
-27
-27
-28
-27
-25
-26
-27
-27
-26
-25
-23
-23
-24
-23
-23
-22
-22
-22
-22
-21
-21
-20
-23
-23
-22
-22
-22
-25
-27
-27
-25
-22
-21
-20
-18
-18
-19
-20
-23
-24
-24
-24
-23
-21
-20
-21
-22
-22
-21
-21
-22
-22
-22
-20
-19
-19
-20
-21
-21
-21
-18
-19
-21
-22
-21
-19
-19
-19
-20
-18
-15
-14
-15
-17
-19
-18
-18
-19
-20
-20
-18
-18
-17
-17
-19
-17
-17
-16
-15
-18
-16
-17
-18
-18
-20
-22
-21
-19
-21
-21
-21
-22
-22
-21
-20
-19
-19
-20
-22
-22
-24
-24
-20
-19
-20
-20
-19
-19
-20
-20
-19
-17
-17
-18
-21
-21
-19
-19
-20
-23
-25
-22
-22
-22
-23
-22
-20
-20
-21
-23
-21
-23
-23
-22
-23
-23
-22
-24
-25
-25
-23
-23
-23
-23
-25
-24
-24
-26
-26
-26
-25
-24
-22
-21
-22
-21
-21
-21
-21
-22
-21
-21
-21
-21
-21
-21
-21
-22
-20
-18
-18
-20
-20
-19
-18
-19
-17
-17
-16
-15
-14
-15
-16
-18
-16
-14
-13
-14
-16
-17
-17
-15
-15
-16
-16
-15
-13
-13
-16
-17
-16
-14
-12
-11
-11
-11
-10
-11
-12
-13
-13
-13
-14
-14
-16
-16
-13
-10
-11
-12
-11
-12
-12
-12
-12
-11
-12
-10
-9
-9
-11
-13
-14
-14
-13
-12
-11
-9
-9
-9
-12
-14
-15
-12
-10
-9
-9
-12
-13
-15
-14
-14
-13
-13
-13
-13
-13
-10
-8
-9
-12
-15
-17
-15
-14
-13
-14
-14
-17
-16
-14
-15
-17
-18
-17
-16
-16
-17
-17
-19
-18
-18
-19
-17
-18
-18
-17
-17
-15
-15
-17
-18
-19
-19
-20
-17
-18
-19
-17
-16
-16
-14
-16
-20
-21
-19
-18
-17
-18
-20
-19
-15
-13
-14
-18
-20
-20
-18
-17
-19
-20
-18
-15
-12
-13
-13
-15
-16
-16
-15
-15
-17
-16
-16
-18
-16
-17
-18
-16
-15
-13
-12
-13
-15
-13
-12
-12
-12
-13
-15
-16
-13
-12
-12
-12
-14
-14
-13
-13
-11
-13
-14
-15
-14
-12
-11
-13
-13
-14
-14
-16
-17
-17
-13
-10
-10
-12
-13
-15
-13
-11
-10
-9
-11
-10
-11
-11
-12
-11
-11
-11
-11
-10
-8
-9
-9
-8
-8
-6
-6
-6
-8
-11
-11
-10
-7
-7
-7
-8
-9
-8
-8
-10
-10
-9
-8
-7
-8
-8
-8
-7
-10
-9
-8
-9
-7
-6
-5
-4
-3
-5
-5
-6
-3
-1
-2
-4
-7
-6
-5
-3
-3
-3
-3
-5
-5
-5
-4
-3
-3
-5
-3
-2
-4
-5
-6
-6
-6
-7
-7
-7
-6
-5
-4
-5
-7
-8
-8
-8
-7
-8
-7
-7
-5
-6
-8
-10
-12
-10
-9
-9
-10
-9
-9
-6
-7
-8
-9
-8
-7
-9
-11
-12
-11
-11
-11
-10
-10
-11
-12
-12
-11
-10
-10
-8
-11
-15
-17
-15
-13
-12
-13
-15
-15
-15
-16
-16
-15
-13
-13
-16
-17
-18
-18
-19
-20
-20
-21
-19
-19
-20
-22
-22
-20
-21
-22
-21
-21
-19
-21
-22
-22
-22
-22
-24
-25
-25
-24
-23
-23
-22
-20
-21
-23
-24
-24
-24
-26
-25
-25
-24
-23
-23
-25
-25
-25
-23
-23
-25
-25
-25
-26
-25
-25
-25
-25
-25
-24
-24
-23
-23
-24
-25
-25
-23
-23
-25
-26
-24
-23
-25
-27
-30
-30
-28
-27
-25
-26
-28
-27
-27
-27
-28
-27
-27
-29
-28
-26
-26
-26
-26
-27
-28
-26
-26
-27
-28
-28
-27
-27
-27
-26
-28
-29
-31
-28
-27
-28
-29
-33
-32
-31
-30
-31
-30
-31
-32
-34
-36
-35
-35
-34
-35
-34
-33
-34
-35
-35
-34
-35
-35
-36
-36
-36
-33
-31
-31
-32
-31
-33
-34
-36
-37
-36
-36
-35
-37
-36
-35
-33
-34
-33
-34
-38
-39
-39
-37
-37
-38
-41
-41
-38
-37
-37
-38
-41
-40
-39
-39
-39
-38
-38
-37
-38
-40
-43
-43
-42
-41
-40
-41
-40
-40
-39
-39
-40
-40
-41
-41
-41
-42
-40
-40
-42
-44
-44
-44
-44
-43
-42
-40
-40
-40
-41
-42
-42
-43
-44
-45
-47
-46
-48
-48
-48
-47
-44
-45
-45
-47
-46
-45
-46
-47
-46
-46
-48
-50
-52
-50
-49
-49
-51
-51
-51
-48
-47
-48
-50
-53
-51
-50
-51
-52
-55
-54
-52
-52
-52
-52
-56
-57
-59
-59
-58
-57
-57
-58
-59
-58
-58
-57
-58
-60
-61
-61
-60
-61
-60
-58
-59
-60
-62
-64
-66
-66
-68
-67
-65
-62
-61
-62
-64
-66
-66
-67
-68
-67
-65
-64
-63
-66
-67
-66
-66
-67
-68
-69
-66
-65
-66
-68
-67
-67
-66
-69
-70
-68
-66
-66
-66
-69
-71
-73
-75
-73
-71
-70
-71
-73
-73
-72
-72
-71
-71
-70
-70
-72
-73
-73
-73
-75
-76
-77
-78
-77
-75
-75
-75
-76
-78
-78
-77
-76
-77
-80
-82
-81
-79
-79
-78
-79
-79
-78
-80
-81
-82
-82
-79
-79
-81
-80
-80
-80
-79
-79
-80
-80
-81
-81
-84
-84
-83
-82
-81
-83
-83
-83
-86
-85
-85
-87
-88
-87
-86
-85
-83
-85
-86
-87
-86
-85
-88
-88
-89
-87
-87
-89
-89
-89
-86
-86
-85
-85
-87
-87
-88
-89
-88
-87
-84
-83
-84
-84
-86
-86
-85
-85
-85
-86
-86
-88
-89
-88
-87
-85
-86
-88
-89
-89
-89
-90
-89
-88
-86
-85
-86
-88
-90
-89
-89
-87
-87
-88
-86
-85
-83
-83
-84
-86
-88
-86
-83
-81
-83
-85
-87
-84
-82
-82
-84
-87
-88
-86
-85
-85
-85
-86
-86
-86
-87
-87
-87
-87
-85
-84
-84
-84
-86
-86
-86
-85
-85
-85
-87
-88
-90
-90
-88
-86
-87
-86
-86
-87
-87
-84
-85
-86
-85
-84
-83
-83
-83
-84
-83
-83
-83
-86
-84
-83
-83
-81
-82
-80
-80
-80
-80
-81
-81
-80
-79
-80
-82
-84
-83
-81
-80
-80
-81
-78
-76
-76
-77
-79
-78
-76
-76
-75
-73
-73
-73
-73
-72
-73
-73
-71
-70
-69
-70
-71
-70
-69
-70
-71
-69
-68
-67
-67
-69
-70
-71
-70
-72
-73
-71
-69
-67
-68
-69
-70
-70
-70
-70
-71
-69
-67
-66
-65
-67
-68
-67
-68
-69
-72
-72
-72
-71
-69
-68
-67
-70
-70
-70
-70
-67
-69
-69
-68
-68
-67
-67
-68
-70
-71
-71
-68
-68
-68
-68
-68
-67
-65
-66
-69
-70
-70
-70
-68
-66
-64
-63
-66
-67
-69
-69
-69
-67
-68
-68
-70
-71
-71
-71
-72
-71
-72
-72
-73
-70
-67
-68
-70
-74
-72
-69
-69
-73
-77
-77
-77
-75
-74
-74
-75
-76
-78
-77
-77
-75
-74
-74
-73
-74
-75
-76
-77
-77
-76
-77
-76
-75
-73
-73
-75
-76
-75
-73
-72
-72
-73
-72
-73
-73
-74
-73
-72
-75
-77
-77
-77
-76
-75
-76
-78
-76
-74
-73
-73
-74
-75
-74
-73
-75
-76
-78
-77
-77
-77
-75
-72
-74
-78
-77
-73
-71
-71
-73
-74
-75
-73
-71
-71
-73
-75
-73
-73
-73
-73
-76
-75
-75
-74
-72
-72
-73
-74
-75
-75
-72
-73
-75
-75
-74
-72
-73
-74
-73
-74
-73
-75
-76
-76
-75
-74
-73
-75
-77
-77
-77
-75
-74
-71
-71
-73
-75
-75
-73
-72
-72
-73
-74
-73
-70
-71
-73
-74
-72
-71
-70
-70
-73
-74
-74
-73
-72
-73
-74
-73
-73
-74
-73
-73
-74
-77
-76
-74
-73
-71
-71
-74
-78
-78
-78
-76
-76
-77
-76
-75
-75
-76
-79
-81
-82
-80
-78
-78
-77
-75
-76
-75
-77
-78
-79
-80
-78
-79
-79
-77
-76
-76
-77
-78
-79
-81
-81
-81
-80
-81
-80
-79
-81
-80
-81
-82
-82
-83
-85
-84
-80
-80
-80
-80
-81
-81
-79
-79
-79
-79
-80
-79
-78
-77
-77
-81
-83
-83
-82
-82
-80
-80
-80
-80
-81
-80
-81
-83
-83
-84
-85
-83
-81
-79
-79
-79
-79
-79
-80
-80
-80
-81
-82
-81
-79
-77
-77
-76
-80
-83
-85
-82
-78
-75
-75
-76
-79
-80
-80
-81
-80
-80
-81
-80
-79
-79
-77
-77
-78
-77
-79
-81
-82
-82
-79
-78
-78
-79
-79
-76
-76
-77
-79
-80
-79
-75
-73
-75
-76
-75
-75
-74
-74
-75
-75
-77
-77
-75
-73
-72
-73
-74
-73
-72
-71
-71
-73
-76
-75
-72
-72
-70
-69
-69
-68
-68
-68
-71
-71
-71
-69
-69
-72
-73
-72
-68
-68
-69
-70
-71
-71
-69
-68
-67
-64
-65
-65
-62
-62
-64
-65
-66
-67
-66
-67
-67
-69
-68
-68
-67
-66
-66
-64
-64
-65
-64
-64
-63
-64
-65
-64
-62
-61
-63
-66
-65
-66
-66
-63
-63
-63
-62
-60
-58
-58
-61
-63
-62
-60
-59
-59
-59
-58
-59
-59
-62
-62
-62
-62
-61
-63
-62
-60
-63
-62
-62
-62
-63
-62
-63
-63
-62
-63
-63
-63
-62
-60
-60
-61
-64
-68
-67
-66
-63
-64
-64
-63
-61
-62
-62
-61
-64
-64
-65
-65
-62
-60
-60
-63
-63
-62
-60
-60
-61
-62
-61
-61
-60
-61
-60
-60
-62
-61
-62
-62
-61
-59
-59
-59
-60
-61
-61
-61
-61
-60
-61
-61
-62
-63
-62
-59
-58
-61
-63
-63
-61
-60
-61
-60
-59
-59
-60
-58
-59
-60
-60
-61
-62
-62
-61
-59
-58
-57
-58
-60
-58
-58
-57
-58
-60
-59
-57
-57
-58
-60
-62
-60
-59
-59
-62
-65
-64
-63
-62
-62
-62
-60
-60
-63
-63
-64
-63
-62
-62
-64
-65
-63
-61
-61
-62
-62
-62
-59
-57
-58
-58
-59
-58
-57
-57
-56
-58
-58
-56
-58
-58
-59
-59
-59
-59
-56
-56
-59
-58
-58
-59
-59
-58
-57
-57
-59
-59
-58
-57
-55
-53
-54
-55
-55
-55
-54
-56
-58
-57
-54
-51
-52
-56
-57
-54
-50
-51
-50
-49
-51
-50
-50
-48
-47
-48
-49
-48
-48
-48
-48
-49
-52
-51
-49
-50
-49
-50
-51
-48
-46
-45
-45
-46
-48
-48
-49
-51
-50
-50
-48
-48
-47
-48
-49
-51
-48
-45
-45
-48
-50
-50
-48
-48
-48
-48
-47
-45
-44
-45
-47
-48
-49
-47
-45
-44
-44
-44
-45
-46
-45
-44
-45
-45
-46
-46
-47
-45
-44
-44
-45
-46
-45
-47
-47
-46
-47
-46
-43
-46
-46
-45
-44
-44
-42
-41
-41
-44
-45
-45
-46
-47
-46
-46
-46
-46
-46
-45
-45
-46
-44
-44
-46
-46
-45
-47
-49
-49
-47
-46
-47
-48
-49
-47
-46
-46
-47
-49
-49
-46
-44
-45
-47
-47
-47
-45
-43
-46
-48
-48
-48
-49
-50
-51
-49
-47
-45
-45
-46
-47
-47
-47
-48
-48
-48
-50
-51
-51
-51
-50
-48
-48
-50
-51
-53
-52
-51
-51
-51
-50
-52
-52
-52
-49
-48
-50
-53
-52
-51
-52
-51
-51
-49
-46
-44
-46
-48
-50
-52
-51
-49
-50
-50
-51
-51
-50
-50
-52
-56
-57
-56
-52
-51
-53
-56
-56
-55
-51
-49
-52
-55
-58
-56
-55
-53
-55
-56
-57
-54
-53
-55
-57
-59
-60
-57
-56
-58
-58
-57
-58
-59
-58
-58
-58
-58
-56
-55
-56
-56
-55
-54
-55
-56
-56
-57
-57
-55
-53
-52
-49
-50
-52
-52
-52
-52
-52
-54
-54
-53
-54
-52
-49
-48
-51
-54
-54
-51
-49
-51
-55
-55
-52
-51
-51
-53
-50
-48
-48
-50
-51
-51
-51
-51
-50
-49
-48
-47
-51
-52
-54
-54
-51
-51
-49
-50
-51
-50
-51
-50
-50
-49
-48
-47
-49
-49
-47
-45
-43
-44
-44
-44
-46
-45
-44
-43
-44
-41
-38
-38
-38
-37
-37
-40
-40
-43
-43
-43
-41
-38
-38
-40
-40
-39
-40
-40
-38
-39
-36
-36
-36
-36
-37
-38
-38
-41
-40
-41
-38
-37
-37
-38
-38
-37
-37
-36
-37
-34
-33
-33
-34
-33
-31
-31
-30
-32
-34
-35
-34
-33
-31
-29
-29
-28
-27
-29
-30
-31
-30
-31
-30
-30
-31
-31
-32
-30
-28
-27
-29
-31
-32
-31
-29
-28
-28
-26
-26
-26
-25
-25
-26
-27
-28
-26
-23
-20
-21
-24
-26
-26
-23
-22
-22
-21
-24
-23
-20
-19
-21
-22
-22
-21
-20
-19
-21
-23
-24
-25
-25
-24
-26
-25
-26
-26
-25
-22
-22
-23
-21
-21
-20
-19
-20
-21
-21
-21
-22
-23
-21
-22
-25
-26
-25
-23
-22
-22
-24
-27
-26
-24
-22
-22
-21
-21
-21
-20
-22
-22
-22
-24
-25
-24
-23
-23
-21
-20
-25
-27
-26
-25
-25
-25
-27
-27
-26
-26
-26
-25
-24
-22
-23
-24
-25
-25
-24
-23
-22
-22
-23
-22
-22
-24
-24
-24
-22
-18
-18
-20
-22
-23
-21
-18
-18
-19
-18
-18
-16
-16
-19
-20
-20
-19
-17
-18
-20
-19
-17
-16
-17
-20
-21
-20
-18
-17
-16
-17
-16
-16
-17
-17
-16
-14
-13
-16
-18
-17
-15
-14
-17
-18
-19
-15
-12
-12
-15
-18
-19
-16
-14
-13
-12
-12
-11
-12
-12
-14
-15
-17
-16
-14
-11
-12
-15
-19
-20
-16
-14
-13
-14
-15
-14
-12
-12
-14
-16
-18
-19
-17
-17
-16
-16
-18
-17
-17
-18
-19
-16
-14
-12
-14
-18
-20
-19
-20
-19
-17
-17
-18
-18
-17
-17
-17
-19
-21
-20
-17
-18
-20
-21
-21
-20
-19
-18
-18
-18
-19
-19
-18
-19
-19
-20
-20
-18
-16
-16
-18
-20
-21
-19
-16
-17
-17
-17
-16
-16
-16
-17
-19
-20
-21
-23
-22
-22
-23
-23
-24
-25
-26
-27
-27
-24
-23
-26
-30
-28
-27
-27
-29
-29
-31
-29
-29
-32
-34
-33
-31
-30
-30
-31
-30
-30
-32
-30
-30
-32
-35
-36
-36
-34
-34
-33
-35
-36
-35
-33
-33
-35
-34
-34
-35
-37
-37
-37
-38
-36
-35
-35
-33
-33
-37
-39
-40
-41
-39
-39
-36
-36
-37
-38
-39
-39
-39
-40
-42
-40
-40
-37
-39
-38
-39
-37
-38
-40
-43
-46
-44
-41
-40
-43
-44
-43
-42
-42
-42
-44
-46
-45
-42
-43
-43
-44
-44
-44
-44
-47
-49
-50
-49
-47
-45
-45
-45
-46
-49
-50
-48
-48
-48
-48
-49
-48
-45
-46
-48
-49
-47
-48
-48
-50
-50
-45
-47
-50
-51
-51
-50
-51
-51
-51
-50
-49
-50
-53
-54
-54
-53
-53
-54
-54
-55
-54
-53
-54
-56
-57
-55
-56
-56
-56
-57
-56
-57
-57
-57
-55
-58
-58
-57
-58
-57
-57
-59
-58
-58
-56
-56
-57
-60
-63
-62
-61
-60
-60
-61
-61
-59
-60
-62
-63
-64
-65
-63
-64
-65
-65
-65
-65
-63
-62
-62
-62
-64
-66
-67
-68
-68
-66
-68
-68
-66
-65
-66
-66
-66
-64
-64
-65
-67
-67
-66
-65
-65
-65
-66
-65
-66
-66
-67
-66
-68
-70
-69
-66
-66
-64
-65
-68
-71
-72
-71
-71
-71
-70
-70
-68
-67
-67
-70
-70
-68
-67
-69
-71
-72
-71
-68
-68
-69
-70
-70
-69
-71
-72
-74
-74
-72
-70
-69
-70
-72
-72
-72
-72
-71
-71
-70
-70
-71
-73
-73
-73
-73
-72
-73
-72
-73
-74
-75
-76
-76
-73
-72
-70
-71
-71
-72
-72
-70
-68
-70
-73
-74
-73
-72
-73
-72
-73
-72
-71
-72
-71
-70
-70
-70
-70
-72
-71
-72
-73
-72
-72
-73
-72
-72
-72
-72
-73
-72
-72
-71
-71
-70
-70
-71
-72
-73
-72
-68
-67
-69
-72
-71
-69
-69
-67
-68
-68
-68
-68
-68
-67
-68
-68
-67
-66
-66
-69
-71
-72
-69
-68
-70
-70
-68
-68
-68
-69
-69
-68
-69
-71
-70
-71
-72
-74
-75
-72
-71
-72
-76
-78
-76
-73
-72
-73
-75
-75
-77
-75
-74
-74
-75
-74
-71
-73
-74
-74
-73
-73
-70
-72
-72
-72
-71
-72
-73
-75
-76
-76
-77
-78
-76
-77
-78
-78
-76
-71
-71
-71
-77
-78
-76
-71
-71
-73
-76
-76
-75
-71
-68
-67
-69
-71
-71
-73
-73
-73
-72
-73
-73
-75
-73
-72
-72
-73
-74
-72
-74
-74
-75
-75
-72
-70
-69
-68
-69
-70
-71
-72
-72
-71
-70
-68
-69
-69
-67
-66
-66
-68
-67
-65
-65
-65
-67
-66
-63
-63
-62
-64
-64
-63
-66
-64
-66
-65
-66
-63
-63
-63
-65
-68
-69
-67
-66
-67
-66
-69
-71
-69
-67
-65
-65
-67
-67
-67
-66
-67
-68
-69
-69
-68
-65
-64
-66
-67
-68
-68
-67
-67
-65
-64
-63
-63
-64
-63
-62
-63
-64
-65
-66
-66
-66
-63
-62
-63
-65
-69
-67
-65
-65
-63
-64
-63
-63
-62
-63
-64
-64
-64
-64
-62
-63
-64
-66
-67
-67
-66
-65
-67
-66
-66
-65
-65
-65
-66
-67
-67
-65
-66
-66
-64
-61
-62
-64
-65
-65
-64
-63
-64
-63
-62
-62
-64
-66
-65
-66
-68
-69
-68
-66
-63
-62
-65
-67
-69
-66
-61
-60
-63
-66
-65
-64
-64
-65
-66
-67
-66
-65
-65
-65
-62
-61
-61
-62
-64
-66
-65
-65
-63
-61
-61
-62
-63
-62
-62
-62
-62
-63
-64
-65
-63
-61
-59
-60
-61
-62
-62
-61
-59
-61
-63
-63
-58
-57
-60
-64
-65
-63
-61
-59
-60
-63
-62
-63
-64
-64
-64
-64
-65
-64
-64
-65
-66
-67
-67
-66
-64
-61
-61
-61
-62
-64
-66
-65
-65
-65
-65
-64
-65
-64
-62
-62
-63
-64
-63
-61
-60
-60
-60
-61
-62
-62
-60
-59
-60
-59
-59
-58
-59
-59
-60
-61
-63
-63
-59
-57
-55
-56
-58
-58
-56
-56
-56
-56
-56
-57
-57
-57
-55
-54
-54
-57
-58
-61
-62
-61
-58
-58
-59
-58
-58
-58
-57
-59
-60
-59
-59
-57
-58
-59
-60
-61
-61
-59
-59
-59
-60
-58
-57
-57
-57
-60
-61
-62
-62
-58
-58
-58
-59
-61
-61
-61
-62
-64
-65
-64
-63
-61
-61
-62
-60
-60
-58
-58
-57
-59
-61
-60
-60
-59
-62
-63
-62
-60
-57
-59
-60
-60
-58
-58
-62
-62
-63
-61
-59
-59
-59
-59
-59
-60
-60
-61
-61
-62
-62
-61
-62
-62
-63
-64
-65
-63
-60
-59
-61
-63
-65
-66
-65
-66
-64
-64
-65
-63
-64
-65
-67
-68
-68
-67
-64
-64
-64
-66
-66
-65
-64
-63
-65
-63
-61
-62
-62
-62
-62
-61
-59
-61
-64
-65
-65
-63
-60
-62
-64
-64
-65
-63
-63
-65
-66
-67
-66
-63
-62
-64
-64
-64
-63
-64
-64
-65
-66
-66
-67
-69
-69
-67
-68
-69
-69
-71
-71
-70
-71
-72
-71
-71
-71
-70
-72
-73
-73
-74
-75
-75
-74
-74
-73
-75
-76
-76
-75
-74
-75
-75
-75
-74
-74
-77
-79
-80
-79
-76
-73
-73
-77
-79
-79
-78
-77
-77
-79
-79
-78
-78
-78
-76
-77
-78
-78
-78
-79
-80
-81
-80
-80
-79
-77
-78
-78
-78
-80
-80
-79
-78
-80
-79
-80
-79
-79
-81
-80
-79
-78
-78
-77
-78
-79
-82
-81
-79
-76
-74
-76
-77
-81
-80
-75
-77
-79
-80
-79
-77
-75
-74
-77
-79
-80
-81
-80
-78
-79
-77
-75
-76
-76
-76
-78
-80
-79
-77
-77
-74
-73
-71
-71
-71
-71
-72
-73
-72
-73
-75
-76
-76
-74
-74
-72
-72
-71
-70
-70
-69
-72
-75
-74
-72
-68
-69
-69
-72
-73
-72
-72
-72
-72
-71
-70
-70
-69
-69
-69
-72
-72
-73
-70
-69
-68
-67
-68
-70
-73
-74
-75
-74
-71
-69
-69
-69
-70
-69
-68
-70
-71
-71
-68
-68
-70
-72
-68
-67
-68
-69
-72
-72
-74
-76
-73
-72
-74
-74
-75
-76
-77
-76
-75
-74
-72
-73
-73
-75
-74
-71
-73
-74
-76
-75
-75
-76
-76
-77
-76
-74
-74
-74
-74
-74
-73
-74
-73
-72
-70
-71
-70
-71
-71
-69
-70
-70
-72
-75
-74
-73
-71
-71
-71
-71
-72
-71
-71
-71
-73
-73
-74
-74
-73
-72
-71
-72
-74
-74
-76
-77
-78
-75
-74
-74
-73
-74
-73
-74
-75
-78
-78
-77
-76
-74
-74
-75
-74
-76
-77
-78
-77
-76
-77
-77
-76
-75
-76
-76
-76
-74
-74
-75
-76
-75
-74
-73
-74
-76
-76
-75
-74
-75
-75
-75
-74
-74
-76
-77
-76
-74
-77
-77
-75
-73
-73
-73
-76
-79
-79
-76
-74
-74
-76
-78
-78
-75
-74
-76
-79
-78
-76
-76
-76
-78
-78
-77
-76
-74
-74
-74
-73
-74
-74
-75
-78
-77
-77
-76
-74
-73
-74
-74
-74
-73
-72
-72
-72
-71
-69
-67
-67
-70
-69
-71
-70
-71
-71
-72
-71
-72
-72
-70
-70
-71
-71
-69
-68
-68
-70
-72
-70
-68
-66
-69
-72
-72
-70
-67
-65
-65
-68
-67
-66
-67
-70
-69
-67
-66
-64
-63
-64
-65
-66
-66
-65
-66
-65
-65
-65
-64
-62
-64
-63
-62
-64
-64
-66
-68
-70
-68
-65
-62
-61
-62
-64
-63
-63
-62
-63
-67
-67
-65
-61
-62
-64
-63
-63
-60
-59
-61
-63
-63
-63
-62
-61
-60
-56
-59
-60
-63
-63
-61
-59
-61
-61
-60
-60
-59
-61
-60
-62
-63
-64
-66
-65
-64
-62
-62
-60
-61
-62
-63
-66
-67
-64
-63
-61
-60
-60
-60
-60
-61
-60
-59
-59
-60
-58
-56
-55
-55
-55
-54
-53
-55
-56
-56
-56
-54
-53
-55
-58
-57
-55
-54
-53
-54
-52
-53
-52
-52
-52
-49
-49
-53
-55
-54
-52
-50
-50
-51
-52
-53
-52
-52
-53
-54
-53
-53
-53
-51
-51
-50
-48
-51
-51
-51
-52
-50
-49
-49
-49
-50
-50
-49
-47
-47
-49
-50
-53
-53
-52
-53
-52
-51
-50
-48
-50
-52
-54
-54
-55
-56
-54
-53
-53
-55
-56
-56
-55
-53
-53
-54
-56
-59
-58
-55
-55
-56
-56
-57
-56
-55
-56
-58
-59
-58
-58
-58
-57
-56
-56
-55
-56
-59
-59
-59
-57
-57
-55
-55
-55
-55
-57
-57
-56
-56
-56
-55
-53
-53
-53
-55
-54
-55
-54
-55
-53
-53
-53
-52
-53
-54
-53
-51
-51
-53
-54
-53
-53
-53
-53
-53
-52
-52
-53
-54
-55
-53
-53
-52
-52
-52
-53
-51
-50
-51
-50
-49
-48
-49
-49
-51
-51
-51
-51
-51
-51
-52
-52
-52
-50
-49
-49
-47
-49
-48
-47
-47
-48
-47
-48
-47
-46
-45
-46
-47
-47
-47
-45
-45
-48
-50
-49
-47
-47
-47
-48
-47
-46
-46
-48
-48
-48
-46
-46
-47
-47
-48
-49
-48
-49
-53
-55
-53
-54
-52
-50
-49
-50
-52
-51
-51
-50
-50
-53
-56
-54
-52
-51
-51
-51
-51
-49
-50
-52
-53
-54
-52
-49
-49
-50
-49
-50
-50
-49
-50
-50
-49
-48
-47
-46
-48
-49
-50
-51
-49
-47
-46
-46
-45
-47
-49
-47
-46
-46
-46
-46
-45
-43
-41
-42
-44
-44
-46
-47
-48
-47
-46
-44
-46
-48
-47
-46
-45
-46
-47
-48
-46
-44
-45
-45
-46
-46
-45
-47
-48
-49
-47
-43
-43
-43
-44
-45
-44
-41
-43
-44
-44
-45
-46
-46
-46
-47
-49
-48
-47
-46
-46
-46
-46
-46
-47
-47
-47
-47
-46
-46
-46
-45
-44
-44
-46
-48
-47
-48
-48
-47
-48
-48
-48
-47
-45
-46
-48
-51
-52
-51
-49
-48
-49
-48
-47
-46
-45
-46
-46
-47
-48
-46
-45
-46
-46
-45
-44
-46
-48
-48
-49
-46
-48
-49
-51
-51
-52
-52
-53
-53
-53
-51
-52
-55
-55
-54
-54
-54
-55
-57
-56
-55
-56
-58
-59
-60
-58
-57
-55
-57
-57
-60
-61
-60
-60
-60
-58
-57
-58
-57
-58
-58
-61
-62
-62
-59
-57
-58
-56
-55
-56
-59
-61
-61
-60
-60
-59
-59
-60
-60
-61
-64
-63
-63
-63
-64
-64
-64
-64
-63
-64
-62
-62
-64
-67
-69
-68
-68
-67
-68
-70
-68
-65
-66
-65
-65
-64
-65
-66
-66
-67
-67
-67
-67
-68
-68
-68
-68
-68
-68
-67
-69
-70
-71
-71
-69
-70
-69
-71
-73
-73
-74
-74
-73
-74
-76
-76
-75
-73
-71
-72
-74
-75
-74
-75
-76
-75
-74
-73
-73
-74
-74
-74
-74
-75
-74
-74
-73
-71
-73
-74
-75
-75
-74
-73
-74
-73
-72
-73
-75
-74
-74
-70
-71
-73
-76
-76
-73
-73
-73
-73
-74
-74
-76
-75
-74
-73
-73
-76
-77
-79
-77
-76
-78
-78
-77
-76
-74
-74
-74
-74
-75
-74
-75
-76
-78
-77
-75
-73
-75
-76
-77
-77
-76
-75
-75
-75
-72
-70
-70
-71
-71
-72
-70
-70
-72
-70
-70
-71
-73
-76
-74
-73
-72
-73
-72
-71
-70
-71
-74
-75
-75
-75
-75
-75
-77
-77
-78
-76
-74
-74
-75
-75
-75
-76
-78
-79
-78
-78
-75
-76
-79
-80
-80
-78
-77
-79
-80
-81
-81
-82
-80
-80
-81
-83
-83
-82
-82
-82
-85
-86
-85
-81
-82
-82
-83
-85
-86
-88
-88
-88
-91
-91
-88
-86
-84
-84
-86
-87
-87
-87
-87
-86
-86
-86
-85
-84
-85
-88
-88
-89
-90
-87
-87
-84
-83
-84
-85
-87
-89
-88
-88
-88
-86
-85
-83
-83
-85
-86
-84
-86
-87
-87
-86
-84
-83
-85
-84
-82
-81
-81
-84
-86
-85
-83
-82
-82
-84
-83
-82
-81
-83
-84
-83
-83
-79
-77
-80
-83
-86
-85
-83
-82
-80
-81
-82
-80
-80
-78
-78
-81
-81
-81
-81
-81
-83
-85
-84
-83
-82
-82
-81
-81
-81
-83
-84
-85
-84
-83
-83
-81
-82
-82
-82
-81
-82
-81
-80
-80
-81
-84
-85
-84
-83
-82
-82
-84
-85
-86
-85
-83
-83
-83
-84
-82
-83
-81
-81
-83
-82
-80
-79
-80
-82
-82
-83
-79
-77
-79
-81
-85
-85
-82
-81
-80
-79
-81
-82
-83
-83
-83
-82
-82
-82
-81
-80
-79
-82
-82
-82
-80
-79
-79
-80
-84
-83
-82
-81
-78
-77
-76
-78
-81
-82
-81
-80
-79
-77
-77
-75
-74
-75
-77
-78
-78
-77
-75
-75
-77
-78
-76
-77
-79
-81
-83
-83
-83
-82
-85
-86
-84
-83
-83
-83
-84
-83
-82
-81
-82
-85
-85
-85
-84
-83
-81
-81
-80
-81
-83
-82
-82
-85
-85
-86
-85
-84
-82
-83
-83
-83
-82
-82
-83
-85
-87
-86
-83
-81
-81
-83
-85
-85
-85
-86
-86
-85
-83
-84
-84
-85
-85
-85
-83
-82
-85
-87
-85
-86
-86
-85
-85
-87
-90
-92
-93
-89
-87
-87
-87
-87
-88
-89
-88
-87
-88
-90
-90
-88
-86
-87
-90
-88
-86
-84
-85
-88
-88
-89
-87
-85
-86
-87
-89
-90
-89
-87
-87
-87
-87
-88
-88
-87
-87
-87
-85
-85
-86
-86
-87
-88
-87
-86
-84
-84
-84
-83
-83
-85
-87
-88
-88
-87
-88
-87
-85
-83
-83
-84
-85
-85
-83
-81
-83
-84
-83
-82
-81
-81
-81
-79
-77
-81
-82
-84
-84
-83
-85
-86
-84
-84
-84
-86
-85
-86
-85
-87
-87
-86
-86
-87
-82
-80
-81
-83
-86
-84
-82
-84
-84
-84
-85
-84
-86
-87
-88
-86
-85
-86
-87
-86
-85
-82
-80
-81
-84
-86
-86
-87
-87
-86
-83
-83
-85
-85
-85
-84
-87
-87
-87
-88
-88
-88
-89
-89
-87
-87
-88
-89
-89
-89
-89
-89
-89
-88
-86
-85
-85
-88
-89
-87
-88
-87
-88
-89
-89
-88
-86
-86
-87
-89
-91
-89
-91
-91
-89
-88
-86
-88
-91
-93
-91
-89
-88
-88
-88
-88
-88
-89
-90
-89
-88
-87
-87
-89
-91
-91
-90
-91
-90
-92
-90
-89
-89
-91
-92
-92
-90
-88
-87
-88
-90
-91
-91
-92
-90
-89
-89
-88
-88
-89
-93
-94
-94
-91
-88
-86
-85
-88
-90
-93
-93
-91
-92
-92
-92
-91
-93
-95
-94
-96
-96
-96
-97
-96
-94
-94
-96
-96
-95
-95
-96
-97
-97
-97
-96
-97
-99
-100
-100
-99
-100
-101
-101
-99
-99
-100
-101
-102
-101
-100
-100
-101
-101
-100
-99
-100
-99
-101
-102
-103
-102
-103
-105
-106
-104
-101
-98
-98
-101
-102
-102
-101
-100
-100
-99
-98
-98
-99
-99
-99
-100
-100
-99
-99
-99
-98
-96
-97
-97
-98
-97
-93
-93
-96
-98
-101
-100
-98
-97
-99
-101
-100
-99
-99
-99
-100
-99
-95
-95
-97
-100
-101
-100
-97
-99
-100
-102
-102
-103
-102
-101
-98
-97
-99
-101
-104
-103
-103
-105
-103
-104
-104
-104
-103
-103
-104
-103
-103
-102
-102
-102
-103
-104
-102
-105
-105
-104
-102
-101
-101
-102
-103
-102
-100
-101
-104
-104
-105
-103
-103
-105
-108
-108
-108
-107
-106
-107
-109
-110
-110
-111
-112
-110
-109
-107
-105
-106
-106
-107
-109
-109
-108
-109
-110
-112
-112
-111
-112
-113
-112
-111
-110
-108
-109
-110
-108
-108
-110
-110
-110
-108
-107
-108
-108
-109
-108
-108
-106
-106
-107
-110
-108
-107
-106
-107
-110
-109
-108
-105
-105
-104
-105
-105
-105
-106
-105
-106
-105
-105
-104
-103
-103
-104
-104
-104
-103
-102
-100
-98
-98
-102
-104
-103
-101
-98
-97
-98
-100
-100
-100
-99
-99
-96
-94
-93
-95
-97
-96
-93
-90
-92
-95
-95
-93
-91
-92
-92
-94
-92
-91
-90
-90
-90
-89
-90
-90
-90
-91
-91
-88
-88
-89
-89
-87
-87
-89
-90
-91
-89
-87
-86
-88
-89
-90
-90
-90
-89
-89
-88
-86
-88
-87
-87
-86
-85
-83
-84
-86
-85
-85
-85
-84
-86
-86
-86
-85
-84
-83
-84
-84
-84
-82
-83
-86
-86
-86
-83
-83
-83
-82
-80
-80
-82
-85
-87
-84
-84
-84
-83
-84
-83
-83
-83
-83
-81
-80
-81
-82
-82
-82
-82
-81
-81
-81
-79
-78
-78
-79
-81
-82
-83
-83
-81
-81
-79
-79
-78
-77
-76
-78
-78
-78
-77
-78
-78
-77
-77
-76
-76
-78
-77
-74
-74
-73
-75
-76
-73
-74
-75
-76
-77
-75
-73
-74
-77
-79
-76
-73
-72
-70
-69
-73
-72
-70
-68
-69
-70
-70
-70
-70
-69
-71
-71
-72
-72
-72
-71
-71
-74
-75
-75
-74
-71
-69
-69
-72
-74
-74
-70
-68
-70
-71
-71
-71
-71
-71
-72
-73
-71
-71
-73
-73
-71
-71
-69
-71
-72
-72
-70
-69
-67
-65
-67
-68
-68
-67
-64
-64
-65
-69
-70
-71
-69
-67
-64
-63
-63
-64
-66
-67
-68
-68
-68
-66
-67
-66
-67
-68
-68
-66
-64
-64
-64
-64
-63
-63
-63
-63
-63
-63
-64
-65
-64
-62
-59
-60
-60
-61
-63
-63
-61
-61
-61
-62
-62
-62
-63
-64
-65
-66
-64
-62
-61
-61
-60
-60
-61
-60
-58
-57
-60
-59
-58
-57
-57
-57
-59
-62
-60
-60
-60
-58
-59
-57
-58
-59
-60
-58
-57
-56
-57
-60
-61
-59
-57
-56
-56
-55
-55
-54
-55
-57
-57
-56
-55
-53
-54
-54
-53
-53
-54
-54
-56
-56
-52
-51
-53
-54
-54
-52
-50
-49
-51
-52
-53
-52
-54
-56
-54
-52
-52
-53
-53
-53
-52
-51
-52
-53
-53
-52
-50
-51
-51
-53
-52
-49
-49
-51
-52
-52
-50
-49
-48
-48
-47
-48
-48
-49
-51
-49
-47
-46
-46
-46
-47
-47
-47
-47
-46
-45
-45
-46
-45
-42
-40
-40
-41
-43
-43
-43
-43
-43
-42
-41
-42
-40
-40
-40
-43
-43
-44
-43
-41
-40
-39
-39
-39
-39
-39
-40
-40
-41
-41
-38
-37
-38
-39
-38
-37
-38
-40
-43
-43
-39
-37
-35
-36
-40
-41
-41
-40
-36
-36
-36
-35
-32
-32
-36
-39
-41
-41
-40
-37
-34
-33
-34
-37
-38
-38
-36
-37
-38
-38
-37
-36
-38
-40
-40
-41
-40
-38
-38
-38
-42
-42
-42
-42
-41
-42
-45
-43
-41
-40
-39
-39
-39
-38
-37
-37
-38
-39
-39
-36
-35
-34
-34
-33
-34
-36
-39
-39
-37
-37
-36
-37
-36
-36
-37
-40
-40
-39
-39
-39
-39
-38
-36
-36
-38
-40
-40
-39
-37
-37
-38
-39
-38
-37
-36
-37
-39
-40
-39
-39
-37
-38
-39
-38
-36
-35
-33
-30
-31
-32
-30
-33
-34
-34
-33
-31
-31
-32
-31
-30
-27
-27
-30
-30
-30
-29
-28
-30
-30
-30
-31
-33
-33
-35
-34
-32
-32
-33
-35
-36
-35
-33
-31
-32
-33
-34
-35
-34
-34
-35
-35
-31
-30
-30
-32
-33
-32
-29
-28
-30
-31
-31
-30
-28
-29
-31
-31
-31
-31
-30
-29
-31
-30
-30
-30
-31
-32
-33
-33
-32
-32
-31
-32
-32
-33
-35
-36
-36
-36
-34
-35
-35
-38
-37
-35
-33
-31
-33
-34
-38
-38
-33
-31
-30
-31
-31
-31
-30
-30
-30
-30
-30
-29
-27
-27
-27
-28
-31
-31
-29
-29
-29
-31
-31
-31
-30
-30
-29
-29
-28
-27
-29
-32
-32
-32
-31
-29
-29
-29
-30
-29
-30
-30
-30
-29
-27
-27
-29
-27
-25
-24
-24
-24
-28
-29
-29
-29
-29
-27
-25
-22
-22
-25
-26
-27
-26
-23
-23
-22
-22
-24
-23
-23
-20
-21
-21
-24
-25
-23
-22
-23
-27
-28
-27
-25
-24
-24
-28
-29
-25
-24
-23
-23
-23
-25
-26
-26
-25
-25
-25
-25
-24
-23
-21
-21
-23
-25
-28
-29
-27
-25
-24
-25
-26
-28
-26
-25
-24
-24
-24
-22
-22
-22
-22
-24
-25
-23
-22
-23
-23
-24
-24
-27
-29
-26
-25
-24
-22
-22
-22
-21
-21
-24
-24
-25
-26
-27
-27
-29
-28
-24
-23
-23
-25
-25
-22
-23
-23
-25
-27
-25
-25
-27
-26
-27
-25
-25
-26
-28
-29
-28
-26
-26
-25
-25
-23
-23
-24
-25
-26
-28
-28
-27
-25
-24
-26
-27
-28
-27
-27
-29
-31
-29
-28
-26
-25
-29
-29
-29
-28
-27
-28
-28
-27
-29
-28
-28
-29
-28
-28
-29
-32
-33
-34
-33
-29
-27
-27
-28
-28
-29
-29
-28
-27
-27
-31
-31
-28
-27
-28
-27
-30
-31
-32
-32
-31
-29
-29
-27
-27
-27
-28
-30
-31
-32
-32
-33
-32
-31
-31
-32
-33
-35
-35
-35
-35
-34
-34
-34
-33
-33
-33
-35
-35
-36
-37
-36
-33
-30
-29
-32
-34
-35
-34
-32
-32
-32
-31
-31
-30
-32
-32
-33
-35
-34
-31
-31
-33
-35
-35
-34
-33
-34
-34
-31
-31
-32
-33
-35
-37
-37
-37
-35
-32
-33
-34
-34
-33
-35
-36
-37
-37
-36
-33
-31
-31
-32
-31
-31
-31
-32
-32
-30
-27
-28
-30
-31
-30
-27
-28
-29
-31
-33
-32
-30
-31
-34
-34
-30
-30
-32
-35
-37
-35
-33
-34
-35
-36
-35
-33
-35
-38
-39
-39
-36
-35
-36
-39
-40
-40
-39
-40
-41
-40
-38
-39
-40
-40
-40
-39
-40
-41
-43
-44
-41
-42
-46
-46
-45
-44
-44
-45
-49
-48
-45
-45
-45
-46
-47
-48
-47
-46
-49
-48
-49
-49
-49
-48
-49
-50
-49
-48
-46
-47
-48
-51
-51
-52
-54
-52
-51
-49
-49
-49
-52
-51
-50
-50
-50
-51
-51
-50
-46
-46
-48
-50
-51
-49
-48
-48
-51
-55
-56
-55
-53
-53
-51
-51
-54
-53
-52
-53
-55
-56
-54
-55
-54
-54
-54
-54
-55
-55
-55
-57
-60
-61
-59
-57
-56
-55
-54
-52
-51
-54
-57
-58
-57
-55
-55
-54
-56
-58
-57
-57
-58
-58
-59
-60
-60
-58
-61
-62
-63
-62
-58
-59
-61
-62
-61
-59
-59
-62
-63
-63
-63
-64
-61
-60
-60
-60
-61
-61
-62
-63
-64
-63
-61
-59
-57
-56
-58
-59
-62
-61
-59
-58
-57
-59
-60
-59
-58
-60
-62
-62
-61
-58
-59
-60
-61
-62
-64
-64
-64
-65
-68
-67
-67
-65
-63
-63
-64
-63
-61
-62
-64
-68
-67
-64
-62
-62
-63
-65
-64
-64
-64
-66
-66
-65
-64
-65
-64
-62
-63
-63
-65
-65
-64
-65
-67
-66
-65
-64
-65
-66
-64
-65
-66
-69
-68
-66
-64
-65
-64
-66
-67
-68
-68
-68
-68
-66
-65
-67
-67
-68
-67
-66
-69
-70
-70
-70
-70
-71
-70
-71
-72
-75
-75
-74
-72
-72
-73
-71
-71
-73
-74
-74
-73
-73
-71
-73
-77
-79
-78
-79
-78
-78
-79
-77
-77
-76
-75
-77
-78
-77
-77
-74
-74
-76
-78
-78
-78
-78
-78
-80
-81
-82
-80
-81
-83
-85
-85
-84
-81
-80
-80
-81
-81
-82
-85
-85
-84
-85
-85
-85
-84
-82
-83
-84
-86
-85
-85
-84
-84
-82
-81
-81
-80
-83
-84
-84
-83
-81
-82
-83
-83
-83
-84
-83
-81
-82
-83
-82
-82
-80
-79
-78
-80
-82
-81
-82
-82
-82
-82
-83
-85
-85
-84
-85
-84
-84
-85
-85
-83
-83
-84
-86
-86
-85
-86
-86
-88
-87
-86
-84
-82
-82
-83
-81
-81
-83
-84
-86
-85
-85
-86
-86
-85
-83
-82
-82
-84
-86
-87
-86
-86
-88
-86
-87
-86
-88
-90
-89
-89
-88
-89
-91
-92
-90
-89
-91
-91
-92
-93
-95
-95
-95
-95
-94
-94
-94
-97
-97
-97
-97
-96
-96
-97
-98
-98
-98
-95
-96
-98
-98
-96
-95
-94
-92
-93
-92
-90
-90
-91
-93
-95
-94
-91
-91
-92
-92
-90
-92
-94
-94
-91
-88
-88
-86
-87
-87
-87
-88
-90
-91
-91
-87
-88
-89
-87
-87
-86
-85
-85
-86
-85
-85
-85
-84
-84
-85
-84
-82
-82
-85
-84
-85
-85
-83
-80
-83
-85
-85
-87
-87
-87
-88
-89
-90
-88
-87
-85
-86
-90
-93
-94
-92
-90
-91
-92
-91
-90
-90
-92
-95
-96
-95
-96
-97
-98
-97
-97
-97
-99
-99
-100
-100
-99
-102
-103
-104
-105
-104
-105
-105
-106
-106
-107
-106
-105
-106
-108
-111
-111
-111
-110
-108
-106
-107
-109
-111
-112
-110
-108
-107
-108
-110
-111
-108
-108
-109
-108
-108
-106
-105
-104
-103
-104
-102
-103
-101
-98
-97
-94
-92
-93
-94
-94
-92
-89
-91
-90
-88
-88
-86
-84
-81
-79
-79
-80
-79
-77
-73
-72
-73
-74
-75
-74
-72
-67
-66
-69
-73
-73
-71
-68
-70
-72
-75
-75
-74
-76
-76
-77
-80
-80
-80
-83
-83
-86
-88
-91
-92
-96
-99
-102
-102
-105
-105
-107
-111
-115
-118
-121
-123
-128
-132
-136
-138
-138
-139
-144
-152
-154
-156
-159
-161
-165
-169
-173
-176
-174
-175
-178
-182
-184
-187
-189
-192
-194
-197
-201
-202
-202
-202
-202
-203
-204
-202
-201
-196
-190
-184
-177
-168
-159
-148
-138
-133
-124
-112
-99
-86
-74
-64
-54
-43
-33
-27
-22
-17
-15
-11
-8
-3
4
6
6
8
9
11
13
10
7
6
3
3
-1
-5
-11
-16
-20
-25
-29
-34
-42
-50
-55
-58
-60
-64
-68
-74
-76
-77
-78
-78
-83
-87
-90
-94
-98
-103
-108
-114
-119
-125
-130
-136
-144
-150
-156
-165
-173
-180
-189
-197
-204
-213
-218
-227
-237
-246
-255
-264
-272
-278
-282
-290
-296
-300
-305
-306
-308
-308
-304
-293
-274
-251
-234
-216
-201
-186
-164
-143
-120
-96
-80
-64
-51
-40
-28
-20
-13
-8
-9
-8
-10
-12
-10
-11
-12
-10
-11
-10
-12
-18
-26
-36
-41
-47
-55
-66
-77
-89
-93
-100
-105
-111
-116
-116
-115
-113
-106
-102
-96
-89
-84
-75
-71
-65
-60
-53
-44
-37
-32
-30
-28
-26
-21
-15
-9
-7
-8
-9
-6
-3
-5
-5
-11
-17
-22
-27
-30
-35
-43
-48
-52
-57
-60
-66
-72
-79
-84
-86
-89
-94
-103
-113
-119
-124
-128
-132
-140
-150
-162
-171
-178
-183
-193
-200
-211
-223
-229
-239
-245
-251
-260
-268
-279
-285
-290
-297
-296
-290
-280
-258
-242
-231
-221
-212
-193
-171
-152
-131
-116
-104
-91
-81
-70
-60
-58
-54
-55
-55
-48
-45
-39
-36
-35
-31
-30
-31
-30
-34
-39
-43
-47
-49
-54
-65
-77
-85
-89
-95
-101
-103
-108
-108
-101
-96
-88
-78
-70
-61
-52
-42
-32
-23
-12
0
13
22
31
37
43
51
57
62
66
69
71
74
77
81
82
79
75
69
62
55
47
36
26
20
13
5
-5
-17
-28
-37
-43
-50
-57
-65
-73
-82
-93
-106
-121
-132
-143
-154
-164
-177
-189
-202
-215
-229
-242
-251
-264
-275
-290
-304
-314
-321
-327
-335
-345
-351
-351
-346
-333
-316
-292
-268
-253
-237
-222
-202
-171
-147
-123
-99
-82
-63
-49
-40
-27
-22
-15
-11
-14
-6
1
6
18
18
22
30
26
26
19
6
2
-4
-7
-8
-21
-33
-51
-64
-68
-78
-83
-88
-94
-90
-84
-78
-70
-66
-60
-52
-46
-35
-28
-21
-10
2
18
31
40
47
51
59
72
82
91
95
97
99
101
102
103
98
92
81
70
61
53
48
42
35
30
25
16
7
-2
-8
-13
-17
-23
-29
-39
-51
-63
-76
-92
-106
-119
-131
-143
-156
-170
-187
-203
-215
-226
-236
-250
-266
-282
-298
-310
-319
-333
-342
-356
-365
-368
-365
-348
-324
-300
-279
-266
-251
-227
-201
-168
-141
-114
-86
-68
-49
-34
-25
-9
-7
-4
3
2
15
21
26
38
38
46
57
51
55
48
33
30
20
17
14
-6
-19
-37
-51
-57
-69
-75
-76
-84
-76
-75
-69
-55
-52
-43
-33
-26
-7
4
15
28
37
51
68
83
95
101
111
123
133
143
145
150
155
155
158
155
147
144
134
125
114
103
95
87
78
70
62
54
43
33
23
15
11
6
-1
-10
-20
-30
-41
-53
-66
-81
-94
-109
-124
-139
-156
-171
-186
-202
-215
-229
-244
-261
-281
-294
-310
-323
-336
-348
-357
-354
-347
-328
-297
-272
-254
-241
-231
-205
-175
-140
-105
-74
-50
-30
-12
4
21
27
33
37
40
49
61
70
79
85
88
96
98
99
95
83
71
62
57
55
43
22
3
-16
-29
-37
-51
-61
-70
-74
-69
-62
-54
-49
-43
-32
-23
-14
-5
3
14
30
46
64
80
93
105
114
124
133
144
152
162
169
174
178
184
184
181
177
168
158
151
141
135
130
122
116
110
100
89
78
68
62
55
48
36
24
13
5
-6
-19
-38
-60
-75
-90
-106
-123
-145
-162
-176
-194
-211
-234
-258
-279
-297
-314
-331
-347
-359
-375
-383
-376
-365
-332
-302
-281
-262
-253
-234
-200
-166
-124
-91
-58
-24
-4
16
31
40
56
61
63
74
78
96
108
116
129
133
136
140
125
119
104
89
85
74
66
54
24
5
-15
-29
-40
-64
-79
-87
-89
-79
-69
-65
-54
-51
-40
-30
-21
-6
2
14
35
50
78
94
108
123
133
148
163
170
178
184
189
202
212
221
220
212
205
199
194
187
170
161
153
147
141
133
123
116
103
93
85
74
66
52
40
32
25
15
0
-23
-40
-57
-73
-93
-115
-135
-152
-167
-188
-211
-234
-259
-276
-294
-314
-330
-351
-370
-375
-378
-356
-318
-289
-264
-256
-249
-222
-193
-158
-116
-90
-50
-21
3
30
44
52
61
56
64
69
76
93
100
112
128
136
148
147
132
121
99
89
84
71
60
40
15
2
-17
-28
-45
-68
-81
-92
-95
-85
-77
-65
-57
-48
-32
-20
-7
1
7
25
45
68
90
102
118
138
154
175
186
192
200
204
214
222
227
235
237
235
236
230
222
210
194
178
165
163
159
153
145
135
127
122
111
96
82
65
51
41
33
22
9
-9
-26
-47
-65
-89
-110
-137
-155
-179
-202
-224
-247
-276
-297
-319
-343
-359
-376
-380
-369
-336
-304
-274
-266
-258
-245
-214
-180
-140
-107
-66
-35
-6
28
47
63
73
67
72
83
89
107
108
120
141
157
171
179
165
162
143
124
118
103
92
77
45
29
11
-5
-19
-49
-71
-87
-103
-101
-100
-96
-89
-89
-76
-62
-48
-33
-22
-14
2
15
38
56
71
89
112
139
168
189
208
221
228
237
243
247
249
244
242
240
236
234
230
221
211
200
187
177
169
160
159
154
159
151
155
166
139
113
87
60
35
31
17
9
-3
-41
-72
-97
-119
-138
-159
-197
-240
-261
-291
-302
-327
-348
-377
-392
-404
-372
-342
-296
-274
-257
-254
-238
-209
-176
-143
-95
-66
-29
8
44
74
85
72
65
61
52
59
52
64
69
84
106
142
152
156
126
107
83
58
36
17
0
-16
-47
-60
-65
-69
-87
-114
-135
-142
-154
-158
-166
-159
-144
-130
-114
-83
-55
-36
-23
-6
24
49
63
64
80
102
131
158
194
220
247
253
267
273
273
258
244
227
218
200
187
183
187
183
179
174
168
155
144
134
130
125
121
119
115
112
107
98
86
69
34
11
-8
-34
-57
-86
-110
-130
-152
-182
-218
-240
-268
-287
-323
-347
-387
-404
-432
-438
-438
-402
-368
-316
-282
-251
-228
-213
-193
-158
-117
-74
-37
-2
45
87
107
101
109
116
118
87
74
63
72
56
67
80
120
125
119
97
93
67
40
-4
-24
-43
-64
-100
-114
-126
-119
-143
-158
-157
-137
-137
-143
-149
-136
-131
-125
-115
-82
-49
-32
-14
28
79
111
142
181
187
191
207
215
223
233
241
241
292
305
307
284
257
228
208
167
122
101
108
93
95
110
127
128
135
139
140
140
125
90
76
49
45
24
11
4
-22
-44
-70
-100
-128
-165
-222
-275
-314
-360
-402
-454
-482
-514
-521
-542
-532
-523
-464
-426
-295
-199
-73
-16
67
118
210
190
213
201
262
266
271
231
262
225
185
89
26
-20
-87
-202
-264
-287
-266
-254
-263
-205
-142
-99
-107
-112
-101
-73
-131
-144
-154
-102
-85
-80
-73
8
26
50
12
26
26
10
-65
-79
-100
-82
-118
-117
-98
-44
-32
-4
18
84
98
96
89
127
161
192
194
231
265
286
276
272
273
266
214
162
123
103
67
28
11
31
51
63
72
95
126
136
128
126
129
132
109
90
81
84
65
38
10
-6
-33
-74
-126
-158
-198
-241
-305
-341
-394
-414
-481
-506
-553
-549
-591
-592
-620
-573
-545
-477
-385
-223
-75
82
155
247
336
377
344
310
284
298
271
198
148
124
111
33
-75
-146
-171
-251
-343
-441
-436
-401
-385
-398
-324
-234
-141
-146
-129
-82
-23
-40
-62
-87
-25
-22
-46
-62
-10
43
69
24
27
34
30
-25
-79
-110
-108
-156
-183
-193
-146
-99
-66
-40
45
113
165
184
226
279
320
302
286
282
299
285
247
223
212
185
132
70
44
28
-9
-59
-83
-63
-30
-19
-7
29
91
128
148
151
171
169
138
93
60
37
2
-57
-101
-121
-135
-169
-221
-267
-294
-333
-385
-457
-510
-556
-603
-652
-687
-702
-683
-655
-599
-514
-386
-217
-47
95
210
302
383
421
384
336
298
282
249
172
87
67
27
-18
-120
-205
-238
-284
-383
-447
-489
-436
-409
-410
-367
-264
-169
-93
-101
-39
28
56
37
-4
-10
34
2
-20
-28
-5
26
8
-30
-23
-40
-63
-130
-190
-204
-218
-251
-259
-264
-216
-164
-114
-49
24
103
182
236
299
346
370
379
362
343
319
283
243
196
154
126
90
51
12
-26
-47
-72
-96
-100
-86
-53
-18
19
69
123
169
189
190
187
179
140
90
31
-14
-66
-114
-170
-202
-231
-272
-318
-376
-413
-469
-540
-614
-680
-727
-763
-784
-786
-733
-668
-553
-393
-200
-20
151
258
378
449
479
444
391
342
325
237
154
55
0
-51
-128
-232
-283
-335
-368
-438
-485
-483
-443
-425
-392
-358
-273
-196
-151
-115
-49
3
54
44
41
59
66
52
26
-5
-4
-25
-59
-95
-121
-142
-171
-222
-250
-270
-275
-279
-289
-276
-236
-196
-147
-95
-28
48
120
195
269
328
376
400
413
404
363
310
260
205
147
83
30
0
-27
-60
-87
-99
-94
-92
-87
-68
-28
17
56
92
135
176
207
206
196
176
142
87
11
-67
-129
-191
-253
-309
-360
-392
-443
-492
-563
-606
-669
-724
-793
-832
-856
-835
-801
-726
-618
-430
-238
-27
135
282
394
494
515
495
432
397
345
271
144
30
-43
-103
-193
-300
-378
-402
-438
-491
-539
-532
-474
-433
-419
-370
-295
-201
-148
-128
-76
-12
32
45
29
48
65
49
19
-13
-33
-41
-93
-141
-189
-224
-256
-314
-361
-374
-380
-362
-354
-336
-286
-231
-173
-109
-57
14
80
147
224
279
329
371
394
406
384
341
303
250
185
108
34
-11
-52
-95
-136
-158
-147
-136
-135
-119
-76
-16
39
79
132
185
229
242
235
222
203
155
81
3
-60
-127
-199
-278
-336
-374
-415
-469
-533
-590
-631
-684
-740
-795
-832
-844
-830
-805
-736
-620
-441
-233
-28
145
308
435
541
577
549
499
448
378
286
136
12
-71
-163
-252
-363
-433
-436
-471
-504
-528
-524
-451
-414
-395
-336
-271
-188
-142
-132
-71
-13
28
48
38
69
94
74
56
21
3
-8
-68
-125
-179
-238
-272
-332
-375
-396
-405
-389
-362
-334
-270
-214
-138
-63
-5
62
128
192
259
298
343
379
405
410
390
353
327
270
205
125
55
1
-52
-107
-144
-167
-161
-154
-141
-107
-51
17
90
146
212
267
314
332
333
320
292
230
152
66
-10
-90
-186
-281
-352
-405
-447
-512
-565
-613
-639
-685
-736
-793
-823
-846
-847
-840
-787
-696
-529
-339
-125
73
263
421
563
627
634
591
541
473
371
212
64
-52
-152
-250
-370
-455
-476
-501
-517
-540
-524
-445
-394
-358
-300
-233
-138
-88
-80
-37
4
50
74
58
78
101
100
99
69
50
41
-13
-72
-145
-223
-269
-335
-399
-442
-470
-453
-427
-400
-338
-270
-174
-78
-11
65
136
204
273
315
353
380
386
385
369
339
314
269
223
169
104
49
-6
-56
-85
-111
-114
-102
-80
-36
17
76
145
201
259
303
331
350
352
332
297
235
177
110
37
-50
-144
-239
-310
-386
-442
-501
-546
-590
-626
-672
-706
-755
-795
-836
-857
-863
-847
-799
-705
-531
-323
-98
107
302
477
626
687
689
652
608
535
400
219
68
-55
-165
-299
-430
-492
-503
-520
-538
-550
-501
-413
-358
-306
-238
-153
-73
-56
-53
-14
22
49
40
21
53
84
93
84
61
63
59
9
-59
-139
-205
-264
-354
-436
-489
-512
-503
-491
-458
-381
-282
-177
-92
-17
76
161
228
278
317
358
382
379
382
380
379
357
315
277
242
201
144
74
24
-9
-26
-42
-55
-39
0
46
97
145
210
271
312
338
350
355
339
294
246
198
139
73
-22
-108
-190
-267
-340
-409
-470
-516
-562
-609
-650
-702
-733
-788
-820
-855
-858
-853
-812
-762
-637
-455
-225
14
220
408
583
726
775
761
708
657
573
426
223
63
-73
-188
-338
-473
-522
-521
-538
-549
-556
-464
-353
-291
-233
-165
-76
2
-6
-9
19
43
72
55
49
92
109
118
116
102
116
93
25
-46
-135
-201
-280
-387
-462
-514
-532
-523
-514
-458
-365
-260
-148
-56
41
146
230
309
362
401
437
453
466
471
460
452
432
395
351
291
246
196
128
67
23
10
6
-12
-22
3
57
116
157
191
243
303
343
352
343
338
334
302
245
175
103
25
-62
-153
-234
-306
-379
-452
-509
-544
-572
-604
-653
-681
-706
-713
-748
-775
-801
-781
-740
-663
-554
-372
-156
80
277
458
618
753
797
776
717
665
575
420
207
42
-86
-210
-362
-503
-558
-559
-567
-572
-550
-451
-331
-258
-195
-123
-37
33
29
22
48
81
100
74
53
88
122
137
124
98
104
90
30
-51
-141
-210
-281
-383
-469
-525
-535
-519
-506
-456
-355
-230
-110
-21
67
182
283
349
375
401
446
485
486
478
473
492
485
446
392
352
322
270
191
127
89
81
59
24
13
31
74
112
135
181
228
273
306
322
345
356
345
322
281
238
177
85
3
-74
-150
-231
-323
-397
-447
-492
-539
-584
-615
-639
-661
-687
-716
-727
-740
-742
-725
-684
-610
-490
-323
-109
111
312
488
640
771
818
804
746
682
587
431
229
67
-74
-204
-356
-491
-541
-546
-553
-557
-543
-447
-341
-267
-201
-128
-43
30
39
56
88
120
142
120
115
143
160
156
129
103
106
77
13
-69
-151
-213
-288
-380
-447
-489
-493
-485
-473
-417
-333
-228
-110
-7
102
208
305
395
460
503
544
580
613
617
598
579
559
525
463
382
321
275
218
149
88
57
48
34
23
31
67
119
162
199
243
294
339
368
382
389
385
362
318
260
195
130
58
-22
-109
-185
-265
-333
-404
-459
-505
-536
-575
-603
-637
-648
-656
-668
-679
-681
-651
-616
-548
-461
-299
-107
121
297
476
621
769
835
831
778
735
664
550
358
181
42
-79
-218
-369
-473
-500
-530
-555
-565
-515
-403
-319
-258
-176
-71
33
91
100
143
189
211
194
156
155
168
151
119
79
62
55
15
-48
-109
-160
-198
-254
-317
-362
-384
-376
-362
-345
-293
-205
-94
10
101
208
329
438
516
564
622
678
708
699
667
646
628
573
487
398
334
283
206
128
83
72
69
49
41
71
127
177
203
234
294
353
383
386
387
399
396
360
313
273
240
194
125
55
-12
-70
-153
-235
-316
-370
-425
-475
-533
-565
-583
-584
-582
-582
-569
-541
-511
-477
-448
-394
-317
-199
-64
85
246
395
520
621
689
712
707
658
607
520
399
246
108
-29
-155
-298
-414
-490
-534
-568
-583
-564
-489
-402
-314
-219
-107
3
91
140
183
218
233
220
182
152
134
106
67
30
1
-6
-16
-41
-66
-94
-117
-144
-185
-216
-237
-246
-252
-244
-211
-145
-74
8
99
201
317
425
522
603
664
706
723
707
664
613
551
483
395
304
230
181
133
91
71
80
102
120
136
169
212
255
282
302
332
358
368
365
354
342
327
300
270
244
220
186
138
84
32
-28
-95
-176
-243
-305
-346
-403
-438
-471
-458
-457
-421
-405
-348
-310
-259
-236
-210
-200
-186
-196
-188
-155
-86
0
91
175
274
374
456
489
492
490
482
428
322
202
101
2
-123
-251
-345
-398
-442
-486
-511
-481
-403
-331
-261
-175
-64
34
93
115
140
159
164
138
100
79
67
43
22
3
5
9
9
6
8
8
9
-4
-19
-37
-53
-64
-71
-69
-48
-11
53
125
193
262
346
436
516
562
585
598
601
578
523
463
418
372
319
266
233
228
223
213
214
232
261
267
255
251
266
280
273
252
245
255
258
240
222
221
227
217
189
170
160
142
102
56
20
-14
-62
-124
-168
-198
-210
-238
-258
-266
-250
-233
-217
-220
-205
-188
-179
-183
-205
-232
-252
-287
-311
-321
-277
-208
-109
-20
85
184
296
367
408
428
448
447
390
290
195
113
20
-102
-233
-310
-351
-391
-446
-477
-440
-366
-311
-259
-190
-92
-5
36
58
94
129
143
117
90
89
87
77
53
44
63
87
94
94
105
130
146
127
105
90
87
75
48
36
51
80
107
129
162
217
279
345
401
448
486
509
513
504
481
455
421
377
331
299
282
259
230
207
210
219
216
200
190
199
215
213
198
187
189
185
169
149
143
142
138
128
125
133
143
145
145
146
147
134
104
68
30
1
-37
-83
-120
-154
-174
-203
-228
-254
-253
-268
-274
-295
-307
-325
-347
-386
-411
-424
-389
-333
-253
-150
-33
92
210
303
369
413
431
434
397
325
238
148
49
-59
-183
-282
-356
-413
-463
-495
-488
-439
-380
-311
-229
-127
-32
33
72
110
145
163
155
132
116
115
105
96
94
107
132
150
167
192
220
232
220
201
180
153
117
78
46
28
21
29
56
93
141
193
251
319
378
420
444
458
460
448
419
378
330
282
231
187
155
136
123
118
126
137
146
149
151
153
153
148
143
140
136
133
135
144
153
160
162
178
199
221
233
238
238
238
223
202
158
112
57
4
-54
-109
-159
-201
-235
-256
-278
-295
-315
-325
-341
-355
-374
-392
-411
-424
-432
-432
-426
-405
-352
-276
-177
-77
20
115
209
277
321
342
350
340
295
220
141
65
-19
-123
-225
-302
-351
-392
-428
-446
-424
-370
-309
-244
-168
-80
1
60
105
150
190
216
218
212
212
214
211
198
187
191
196
190
181
183
189
191
173
157
150
150
138
122
112
115
120
120
121
133
150
165
177
189
208
234
252
262
265
277
292
294
274
252
238
225
197
160
136
128
119
104
89
91
102
108
109
123
149
175
186
193
205
223
240
245
244
238
240
237
223
198
179
164
145
112
74
37
-1
-48
-104
-151
-190
-222
-273
-306
-333
-346
-360
-383
-398
-406
-398
-396
-390
-392
-385
-378
-369
-367
-349
-304
-242
-171
-100
-27
54
127
177
211
234
250
254
222
176
128
80
18
-66
-143
-191
-222
-261
-304
-328
-304
-264
-223
-179
-112
-26
46
98
146
201
248
263
254
248
247
228
198
168
158
155
148
136
138
153
170
176
173
172
174
178
171
155
132
115
96
77
55
39
32
33
39
57
86
121
150
177
207
241
266
271
266
266
267
260
236
207
185
171
153
128
110
99
99
97
98
107
126
144
156
160
170
183
190
185
173
165
161
148
125
98
80
62
45
15
-17
-54
-92
-135
-178
-215
-255
-293
-334
-360
-376
-385
-396
-408
-407
-402
-393
-392
-395
-392
-377
-363
-354
-346
-324
-274
-215
-153
-94
-25
43
108
152
186
219
244
252
234
207
181
150
97
32
-27
-72
-114
-164
-213
-241
-237
-220
-202
-166
-112
-44
11
62
108
160
198
217
220
228
236
227
208
188
177
170
154
136
127
132
144
147
142
143
146
147
133
111
90
78
66
53
34
26
29
40
48
62
84
116
140
165
190
225
253
269
273
280
290
287
277
262
248
233
209
180
156
131
109
79
52
32
19
8
0
0
17
37
55
73
98
122
141
148
147
145
139
119
83
38
-7
-56
-114
-171
-223
-267
-302
-331
-346
-351
-347
-345
-351
-342
-338
-326
-333
-331
-329
-315
-318
-316
-318
-304
-286
-260
-223
-173
-99
-32
43
106
174
222
267
296
316
308
282
239
202
152
90
17
-49
-99
-139
-184
-215
-227
-211
-191
-164
-125
-67
-8
45
90
132
174
207
228
242
256
258
249
234
222
211
188
157
125
107
89
71
54
47
47
56
66
80
94
107
113
123
137
146
143
132
119
117
122
126
126
127
135
155
174
189
199
212
228
241
243
233
217
195
167
129
90
47
5
-33
-65
-82
-88
-84
-74
-52
-12
39
85
122
155
184
203
206
191
160
125
86
36
-13
-61
-107
-149
-184
-207
-219
-230
-235
-238
-229
-223
-213
-214
-210
-210
-211
-222
-235
-245
-247
-254
-252
-247
-228
-214
-199
-192
-170
-143
-101
-66
-17
17
67
91
117
120
135
142
154
140
128
111
110
93
71
40
22
3
-13
-43
-65
-79
-81
-81
-72
-50
-9
30
63
99
139
180
209
225
231
235
229
205
174
145
117
85
54
29
21
23
32
44
67
96
132
161
183
197
216
226
223
203
178
150
122
88
58
39
29
21
14
17
35
54
68
80
94
105
109
101
90
80
68
49
28
7
-4
-16
-24
-23
-13
1
17
34
55
76
92
99
94
89
80
68
48
23
0
-19
-39
-60
-80
-91
-97
-100
-103
-101
-99
-95
-99
-102
-109
-109
-121
-132
-150
-161
-171
-179
-191
-195
-205
-201
-200
-196
-195
-199
-199
-205
-205
-215
-209
-204
-177
-150
-108
-75
-30
6
51
88
133
171
198
206
213
219
217
193
161
130
105
70
30
-7
-31
-43
-55
-56
-43
-14
12
38
64
96
124
145
157
166
166
154
139
122
105
86
70
55
49
48
55
68
88
110
130
148
164
174
175
170
163
149
124
97
66
41
18
-3
-23
-35
-39
-34
-25
-7
12
34
54
71
85
95
102
98
90
77
65
52
38
21
9
1
-3
1
6
11
19
25
32
37
38
40
40
39
39
35
31
26
22
18
17
16
13
6
0
-7
-21
-41
-56
-80
-99
-123
-138
-157
-168
-185
-196
-210
-217
-220
-221
-224
-225
-224
-215
-209
-207
-202
-201
-193
-192
-181
-168
-142
-109
-69
-27
17
63
101
143
180
216
241
252
257
256
245
220
182
147
111
69
28
-14
-45
-66
-81
-83
-72
-48
-19
4
30
55
84
107
123
130
136
135
132
123
114
102
86
66
54
46
42
41
39
44
53
61
67
73
82
90
88
83
69
58
52
40
26
14
10
12
13
16
27
43
66
82
92
102
108
108
101
89
82
73
59
38
17
5
-2
-6
-11
-13
0
15
29
41
55
73
86
92
92
91
92
83
69
60
48
34
15
-5
-18
-36
-63
-89
-118
-131
-148
-161
-180
-188
-195
-195
-201
-200
-195
-190
-180
-176
-164
-153
-140
-136
-126
-127
-115
-124
-122
-132
-126
-111
-89
-60
-26
7
47
80
117
158
186
225
239
260
268
267
253
229
194
172
126
87
33
-6
-36
-61
-85
-90
-89
-71
-56
-31
-4
22
46
65
79
96
105
102
100
88
82
71
62
53
48
40
44
37
43
49
56
72
81
91
96
100
110
111
106
103
95
90
81
71
65
62
61
62
61
71
76
84
89
89
96
104
105
108
103
103
97
86
75
63
54
48
41
38
35
35
38
40
46
48
50
52
52
54
56
56
50
43
33
20
6
-11
-29
-45
-64
-74
-84
-89
-91
-95
-102
-105
-107
-99
-100
-96
-98
-96
-97
-98
-105
-107
-117
-118
-127
-128
-133
-131
-126
-117
-101
-75
-45
-7
30
71
107
141
169
190
208
223
226
217
204
184
168
139
108
74
44
12
-16
-47
-63
-73
-73
-69
-55
-35
-11
13
42
67
93
109
123
132
142
141
137
129
122
114
98
85
75
70
65
60
56
61
69
78
80
87
94
105
113
122
127
135
137
139
136
135
133
126
119
115
116
117
118
120
125
131
134
134
132
127
120
105
88
72
55
40
25
11
3
1
6
15
25
39
54
69
81
90
99
104
102
93
79
65
48
32
11
-6
-22
-29
-35
-37
-46
-49
-52
-45
-47
-52
-63
-67
-72
-76
-85
-90
-92
-94
-90
-92
-86
-81
-73
-66
-54
-40
-23
-11
9
20
36
46
55
63
68
74
74
76
76
80
82
86
83
82
78
73
60
55
43
38
23
13
8
11
13
21
24
43
58
81
101
117
131
142
149
149
142
130
117
104
93
77
66
53
49
49
54
66
78
95
111
130
148
161
171
179
178
175
170
164
155
145
137
126
117
109
100
94
93
97
101
104
107
110
112
109
103
96
92
83
76
67
61
55
52
49
52
54
61
64
74
79
85
87
84
81
77
72
58
44
30
20
9
2
-7
-8
-10
-11
-13
-17
-18
-20
-20
-23
-22
-25
-28
-32
-38
-38
-42
-45
-50
-52
-54
-56
-56
-58
-54
-51
-45
-46
-41
-38
-33
-30
-20
-12
0
7
18
23
31
42
50
59
68
69
76
77
85
90
88
87
87
86
86
81
78
81
78
78
76
82
88
95
101
104
110
115
117
116
119
117
118
112
111
113
114
119
122
128
134
140
145
151
151
157
155
156
155
153
151
145
139
131
125
121
118
113
112
107
108
105
108
113
119
127
128
129
130
129
124
122
117
111
102
94
89
86
82
76
71
66
63
65
65
65
60
57
50
47
42
44
41
37
32
26
27
21
16
6
2
-3
-4
-10
-15
-21
-25
-28
-30
-38
-43
-51
-52
-51
-55
-65
-67
-70
-65
-63
-63
-62
-60
-54
-48
-39
-34
-26
-20
-11
0
14
22
31
38
46
52
59
63
72
73
78
79
86
89
89
87
88
88
90
90
85
82
84
89
87
88
90
95
102
109
113
117
121
124
127
128
129
131
129
131
133
137
140
141
145
150
154
158
154
153
149
149
147
143
138
135
136
138
136
136
134
133
136
140
143
144
146
146
143
139
135
129
125
118
114
108
102
94
88
84
82
81
76
72
71
69
67
62
58
56
53
52
52
51
50
48
45
37
33
29
24
15
8
3
-1
-7
-14
-19
-21
-24
-29
-37
-44
-48
-52
-54
-55
-56
-54
-53
-52
-48
-42
-36
-34
-28
-24
-18
-13
-11
-8
-2
2
7
9
15
21
28
36
45
52
58
62
61
68
73
79
82
86
87
90
90
95
99
103
105
107
109
110
111
111
111
115
117
118
120
120
123
126
124
124
125
126
126
128
129
129
129
129
132
138
140
144
145
149
152
155
154
153
150
149
142
137
131
129
124
116
112
108
105
101
99
98
98
98
97
96
97
97
92
90
87
82
80
75
68
64
61
54
48
45
45
42
40
33
33
29
27
21
17
16
12
1
-9
-18
-23
-30
-34
-43
-48
-49
-49
-51
-49
-48
-48
-47
-48
-46
-44
-45
-47
-50
-50
-48
-47
-44
-40
-33
-28
-23
-21
-19
-16
-7
0
10
13
23
28
36
40
44
49
54
57
60
60
60
61
62
63
65
71
74
78
77
81
79
85
87
93
94
97
99
105
106
112
114
120
120
121
124
126
129
127
128
131
133
135
137
139
145
149
149
147
147
146
145
143
141
138
135
130
126
121
114
108
105
102
101
99
97
95
93
94
95
93
87
82
79
77
75
72
68
66
62
62
56
53
48
46
40
40
39
40
36
33
32
29
25
18
13
8
5
-1
-7
-14
-17
-21
-21
-23
-25
-23
-23
-24
-25
-26
-28
-32
-32
-36
-37
-40
-43
-44
-43
-40
-36
-33
-30
-25
-21
-16
-11
-7
-2
0
2
7
12
15
17
20
21
27
34
38
39
41
45
51
54
56
60
62
63
64
67
71
73
76
77
83
89
94
98
102
108
117
119
122
126
131
135
136
136
135
134
132
128
126
124
124
123
122
123
124
124
124
123
128
129
129
125
118
114
108
104
97
90
84
79
76
75
71
69
67
67
69
68
67
64
63
60
58
56
53
52
52
53
55
53
49
45
40
35
31
24
19
16
15
10
9
2
-2
-4
-6
-8
-7
-5
-6
-5
-8
-10
-11
-11
-10
-13
-15
-17
-23
-23
-24
-24
-22
-19
-19
-17
-19
-21
-24
-25
-27
-25
-20
-16
-17
-16
-13
-11
-4
1
8
14
21
27
33
37
44
47
53
58
61
64
66
66
69
70
71
68
68
67
69
74
79
84
88
92
97
98
99
103
106
107
109
110
108
111
114
118
120
121
121
121
122
123
119
116
110
109
104
98
92
92
92
92
92
93
94
95
93
91
89
88
86
81
75
68
63
59
54
49
46
46
45
44
45
46
48
50
54
58
61
59
57
50
47
40
36
30
23
17
10
4
4
1
1
3
5
7
7
5
6
4
4
0
-3
-9
-11
-13
-14
-16
-13
-11
-9
-11
-10
-8
-7
-6
-3
-3
-3
-4
-7
-10
-14
-16
-17
-14
-8
-1
4
8
14
21
28
35
39
43
48
51
54
54
58
61
66
70
75
79
80
85
88
90
93
94
95
96
96
97
96
96
96
94
92
90
92
93
90
91
91
94
95
92
92
93
92
91
89
89
87
87
86
82
83
83
81
83
82
81
79
78
78
75
71
62
58
56
55
52
46
42
39
38
40
39
42
43
44
45
47
48
46
45
45
46
45
44
41
37
36
36
33
30
29
28
27
22
18
12
9
5
2
0
-1
-2
-3
-2
1
2
2
-1
-1
-2
-5
-8
-10
-10
-6
-5
-3
-2
-1
4
6
7
8
9
9
11
13
14
15
16
16
17
16
18
20
23
27
31
37
41
46
51
59
67
70
70
72
79
83
87
88
89
88
86
85
82
81
79
78
75
74
73
74
74
74
71
71
72
71
69
63
61
60
64
66
65
66
67
69
71
74
72
71
73
73
71
67
63
61
60
58
54
48
48
47
46
40
36
36
34
36
35
36
39
41
41
40
39
38
36
33
30
27
29
29
27
24
20
20
19
20
22
21
22
21
20
18
17
18
15
11
7
6
5
3
0
-4
-7
-7
-5
-6
-9
-9
-5
0
2
2
3
4
6
9
12
13
16
16
17
19
22
20
19
21
21
25
27
28
30
33
35
37
40
41
43
47
51
54
57
60
65
66
68
67
65
64
64
65
65
65
63
65
66
67
65
62
59
57
58
54
54
52
52
51
52
50
49
49
49
50
51
49
48
46
44
42
42
40
42
41
39
37
37
36
36
34
31
30
28
29
28
25
23
22
21
23
22
22
21
19
20
17
14
14
10
7
5
4
6
5
4
0
-3
-3
-4
-3
-2
-2
0
2
7
9
13
14
13
13
13
11
10
11
9
8
5
4
2
2
0
1
3
5
6
5
6
6
7
8
9
9
10
9
11
13
17
20
23
26
28
33
36
38
36
38
37
36
35
35
33
30
32
30
28
28
30
31
33
36
38
41
42
46
47
46
43
43
42
43
42
43
42
42
39
38
36
34
35
35
34
33
31
30
27
26
23
21
18
20
21
19
18
16
15
15
15
14
18
19
21
20
21
21
19
18
16
14
15
13
11
9
6
1
1
2
2
-1
-3
-4
-6
-8
-10
-12
-13
-13
-15
-16
-15
-16
-16
-17
-19
-20
-20
-19
-16
-13
-11
-8
-4
-2
-1
-1
0
-1
-2
0
-2
-4
-3
-3
-3
-5
-6
-6
-6
-5
-5
-4
-1
0
3
5
6
6
7
7
9
11
15
17
17
15
12
12
14
16
16
17
17
16
16
14
12
14
14
15
14
16
20
24
27
28
28
27
28
30
33
33
31
30
30
31
32
32
30
28
27
26
26
24
20
13
9
6
5
3
4
2
1
2
3
3
2
0
-1
3
6
4
3
3
3
7
8
7
6
6
10
11
8
3
-1
-2
-1
-1
-2
-5
-8
-8
-10
-12
-14
-15
-15
-12
-8
-8
-10
-10
-10
-7
-7
-8
-9
-8
-6
-2
0
-1
-2
-3
0
1
3
6
10
14
15
17
17
16
17
17
17
16
15
15
15
16
15
16
15
17
20
23
26
27
25
23
21
21
21
21
21
20
19
18
17
17
17
19
20
23
24
28
31
35
40
41
43
45
46
45
44
44
44
43
42
44
45
43
42
41
43
46
45
44
44
44
43
41
40
39
34
31
29
29
27
27
23
20
19
18
20
19
16
16
16
16
18
16
15
15
17
19
21
21
22
23
22
21
22
21
21
21
19
19
19
20
22
20
19
19
15
16
18
19
20
22
23
22
21
19
15
13
10
9
8
11
13
14
14
16
18
21
25
27
30
34
36
38
39
39
39
40
37
35
36
36
35
34
32
33
32
28
26
28
32
35
33
32
31
31
31
30
30
31
30
30
31
31
30
31
32
32
36
39
39
39
39
40
40
42
41
39
37
36
36
35
32
30
29
29
30
29
30
33
36
38
42
42
41
39
37
39
36
33
29
24
21
19
16
11
6
4
3
2
2
0
0
1
2
-1
-1
-1
0
2
2
4
7
8
9
9
9
11
13
14
12
10
9
10
10
10
8
5
5
6
8
8
8
5
5
5
7
7
7
5
5
4
5
7
10
12
14
14
16
18
16
17
20
22
21
19
17
19
21
23
22
19
17
17
16
17
19
18
20
18
18
18
21
25
28
28
28
27
30
31
33
35
35
33
30
29
29
28
26
24
24
25
27
28
27
25
24
22
20
22
26
29
30
29
29
29
30
31
30
30
29
29
29
27
28
27
26
23
22
22
21
21
17
16
15
13
14
13
11
8
8
10
9
7
7
7
10
12
12
11
12
14
13
12
12
14
14
15
15
13
13
11
7
7
7
7
6
6
6
7
9
11
11
11
12
14
15
15
14
14
16
17
20
22
23
24
24
23
23
23
21
18
15
11
12
12
12
10
9
11
15
17
17
16
15
17
23
27
27
31
32
31
33
35
36
39
38
36
37
35
35
33
29
28
26
28
28
28
25
25
24
22
22
19
17
18
18
17
17
18
21
24
24
23
24
28
32
33
32
30
29
29
30
28
25
23
20
19
19
18
17
15
14
13
12
13
13
15
15
15
14
12
13
14
15
13
15
18
19
21
22
20
17
17
15
12
10
10
11
9
7
4
3
4
3
4
6
6
7
9
10
13
16
19
19
20
22
23
24
24
27
28
29
27
24
26
28
25
23
21
21
19
15
11
9
9
10
9
10
13
13
15
15
17
22
25
30
31
30
31
34
35
34
33
33
33
33
33
32
30
30
32
31
27
23
21
20
19
17
16
15
13
10
7
6
9
12
12
14
14
17
19
18
15
13
13
13
13
12
10
11
12
10
8
4
2
2
1
2
3
5
8
8
5
4
4
3
5
5
7
7
6
7
8
8
9
8
11
10
9
6
4
4
5
3
0
-3
-4
-5
-8
-8
-9
-10
-10
-9
-7
-7
-8
-6
-4
0
0
0
0
2
4
5
6
8
9
10
9
7
6
6
7
4
1
2
2
4
4
5
3
5
8
10
10
8
11
14
17
17
13
11
10
12
12
11
10
10
13
14
16
18
17
17
17
19
18
19
18
19
19
19
17
14
11
9
10
10
10
6
7
11
16
17
14
10
11
13
12
8
6
6
6
6
7
6
6
7
8
10
13
14
18
18
14
14
15
15
15
13
10
10
9
10
10
10
10
11
12
14
14
14
13
16
20
20
17
14
13
15
15
12
11
10
11
14
14
13
13
11
10
10
7
7
5
6
5
5
5
5
5
7
8
11
14
16
17
18
17
17
19
20
22
21
18
15
15
16
16
19
17
16
19
20
21
23
22
21
21
21
20
19
21
19
17
14
16
16
18
18
18
17
16
18
19
22
24
25
25
23
23
23
23
22
17
14
14
13
14
14
13
13
13
9
7
9
8
8
9
7
8
7
6
6
6
9
9
10
13
11
10
10
13
14
13
11
10
10
9
7
5
6
6
6
4
3
6
9
9
7
5
7
9
11
12
10
11
13
17
16
13
10
10
11
11
10
5
3
1
3
2
3
2
0
1
-1
-3
-3
0
2
4
4
5
7
10
11
12
13
14
14
14
13
13
14
17
17
15
13
14
14
15
14
14
15
15
17
15
15
17
18
17
18
18
17
18
17
18
18
20
21
21
17
15
14
12
12
12
11
12
9
8
9
9
8
7
7
8
9
9
7
6
8
9
8
7
5
2
5
7
10
12
8
5
5
7
9
10
10
10
10
11
9
6
2
1
2
0
0
-1
0
0
-2
-3
0
1
2
3
4
7
9
10
9
7
9
