135
125
130
149
171
211
262
321
374
418
455
487
492
472
425
377
329
264
182
116
86
86
91
105
149
220
293
347
386
419
437
431
395
343
282
207
127
45
-21
-73
-109
-157
-177
-195
-188
-218
-247
-298
-321
-367
-418
-494
-559
-607
-646
-675
-684
-646
-592
-486
-344
-137
69
261
422
580
707
768
737
665
583
485
342
181
44
-37
-101
-150
-189
-179
-148
-117
-107
-92
-74
-66
-93
-133
-157
-163
-173
-193
-196
-158
-94
-33
13
90
184
278
325
347
365
382
352
287
203
134
63
-20
-94
-140
-167
-178
-177
-144
-92
-40
-4
35
82
129
154
157
153
152
161
168
179
202
238
291
348
400
445
477
486
485
468
441
390
332
275
237
208
187
176
187
219
259
302
342
383
410
414
403
375
328
259
179
98
22
-48
-117
-167
-209
-231
-249
-270
-287
-307
-313
-337
-361
-418
-453
-512
-552
-613
-649
-663
-638
-593
-512
-377
-189
15
204
372
530
668
740
745
705
652
568
434
273
134
30
-59
-148
-207
-218
-186
-169
-156
-140
-93
-58
-58
-81
-88
-86
-90
-118
-145
-137
-106
-74
-43
6
86
163
226
266
314
348
351
309
259
214
155
68
-31
-110
-161
-206
-239
-247
-217
-169
-117
-64
6
80
141
179
205
225
242
247
244
244
266
296
330
357
396
441
485
506
515
509
496
461
408
357
317
284
248
219
212
226
246
267
287
312
332
337
324
299
265
217
151
75
2
-59
-113
-163
-203
-230
-240
-253
-267
-281
-292
-307
-336
-366
-402
-428
-476
-516
-566
-574
-582
-547
-521
-416
-286
-102
67
232
390
547
662
718
720
693
648
549
418
273
156
51
-49
-146
-187
-201
-182
-176
-152
-111
-52
-29
-11
-19
-7
-23
-49
-93
-115
-125
-121
-119
-86
-24
57
125
181
241
303
339
337
304
270
217
142
46
-34
-103
-155
-205
-229
-218
-179
-133
-82
-15
62
137
199
251
292
320
341
353
362
357
355
362
386
414
432
442
451
471
484
487
466
444
415
394
355
316
271
240
215
205
201
210
219
236
254
275
286
288
266
238
195
149
80
6
-68
-123
-172
-210
-242
-257
-262
-261
-271
-276
-296
-306
-340
-365
-405
-437
-476
-503
-521
-504
-467
-408
-323
-196
-30
137
284
413
539
635
678
661
622
569
494
382
264
157
78
-5
-74
-125
-138
-147
-149
-154
-132
-106
-86
-88
-80
-72
-60
-70
-82
-91
-81
-75
-63
-51
-13
27
68
95
136
174
203
202
197
194
175
134
83
39
0
-41
-82
-101
-101
-84
-60
-20
32
96
154
212
264
315
350
376
396
418
432
430
421
423
430
432
409
385
368
360
342
313
284
267
263
255
245
242
245
251
255
261
275
284
285
276
268
260
241
208
169
133
97
56
6
-44
-78
-108
-135
-166
-184
-205
-214
-243
-264
-289
-306
-327
-341
-353
-360
-362
-370
-365
-352
-330
-302
-274
-224
-152
-64
44
137
239
323
405
455
474
467
449
411
352
269
194
124
53
-19
-80
-113
-139
-159
-178
-176
-168
-159
-154
-141
-125
-110
-107
-102
-97
-83
-80
-79
-73
-57
-37
-18
1
29
63
94
116
128
145
154
153
136
123
112
94
65
42
39
52
61
72
97
144
197
239
272
307
346
370
378
372
360
338
304
269
238
211
193
175
170
182
205
231
250
269
299
322
341
343
338
328
318
301
280
254
232
208
187
169
147
128
111
97
83
69
45
20
-9
-41
-83
-122
-157
-182
-193
-207
-210
-214
-204
-199
-186
-176
-164
-157
-152
-157
-170
-183
-208
-231
-253
-267
-269
-264
-225
-167
-84
-3
80
162
239
290
325
334
338
311
262
205
143
86
15
-45
-89
-112
-133
-159
-171
-159
-143
-131
-126
-110
-95
-82
-81
-83
-85
-80
-85
-88
-84
-66
-49
-31
-12
21
59
92
119
148
188
219
235
241
249
251
241
222
206
194
182
164
153
148
154
155
160
170
183
195
206
214
228
237
241
239
240
243
245
247
246
252
260
272
275
277
279
284
283
274
264
253
236
218
193
168
148
127
104
81
61
50
42
33
28
30
40
46
50
49
50
44
39
24
15
-1
-12
-38
-59
-86
-105
-138
-165
-198
-222
-254
-280
-307
-326
-346
-367
-380
-387
-379
-368
-327
-275
-191
-118
-30
41
129
184
236
267
299
296
275
227
191
145
86
13
-54
-100
-140
-176
-210
-219
-220
-205
-194
-165
-135
-103
-85
-64
-52
-36
-37
-36
-35
-17
-1
14
23
50
86
122
152
180
211
240
256
267
274
272
252
222
199
179
160
139
122
118
129
144
156
167
186
207
230
251
267
272
271
265
257
243
224
203
184
168
156
149
147
146
145
151
153
158
155
148
145
147
152
151
149
153
162
169
171
176
178
184
184
183
177
171
159
142
116
88
56
21
-25
-62
-95
-121
-155
-184
-217
-233
-263
-284
-311
-323
-332
-347
-352
-365
-354
-362
-343
-352
-328
-329
-283
-247
-176
-117
-47
15
84
132
172
197
217
230
212
191
155
125
79
32
-14
-46
-84
-109
-143
-147
-156
-150
-150
-132
-116
-87
-73
-49
-29
-7
9
15
24
32
44
48
59
64
84
101
128
159
196
231
265
292
320
336
340
333
317
301
275
243
207
177
152
133
119
117
113
109
110
115
125
133
132
134
134
131
126
114
106
102
99
98
98
106
121
140
160
182
208
231
246
254
258
255
247
230
211
190
166
141
120
101
86
69
55
38
27
14
0
-19
-44
-68
-90
-112
-135
-162
-187
-204
-221
-238
-260
-277
-286
-293
-305
-310
-318
-323
-328
-331
-329
-327
-328
-328
-320
-289
-238
-183
-120
-57
16
79
133
171
203
226
232
212
185
146
108
57
6
-36
-72
-103
-123
-131
-128
-121
-116
-101
-77
-45
-22
-2
18
42
56
68
75
82
88
94
106
124
143
168
190
218
240
261
269
274
274
271
259
235
208
180
159
134
115
98
90
84
88
94
109
123
140
155
177
197
211
214
212
209
206
196
186
167
153
140
131
121
118
114
118
125
128
135
142
147
153
156
155
147
140
130
118
106
88
71
50
29
7
-9
-28
-48
-75
-94
-112
-125
-145
-166
-186
-202
-215
-237
-260
-284
-295
-310
-314
-329
-325
-327
-316
-308
-292
-279
-259
-249
-228
-209
-172
-145
-109
-76
-30
6
37
56
79
97
106
104
99
101
94
81
56
43
31
23
8
2
-3
4
3
12
18
33
43
53
58
70
71
72
64
60
55
49
42
41
48
62
79
97
123
151
182
208
230
251
267
268
260
248
234
218
195
176
163
151
145
139
146
156
170
180
191
203
214
219
216
205
192
177
157
137
118
104
100
102
105
115
124
139
154
168
174
180
175
166
147
128
102
75
41
13
-9
-28
-44
-66
-73
-77
-73
-73
-74
-73
-66
-73
-80
-104
-118
-144
-169
-198
-223
-242
-264
-275
-289
-283
-282
-274
-271
-258
-248
-227
-228
-210
-211
-183
-170
-139
-118
-77
-49
-5
18
56
88
112
141
152
167
167
166
151
138
107
86
47
31
5
-11
-30
-37
-45
-33
-29
-11
0
18
32
49
63
77
83
97
107
113
121
127
140
151
167
176
187
195
210
216
224
225
223
219
212
198
188
174
160
144
133
129
129
131
139
150
165
183
198
217
225
232
228
222
206
191
170
151
128
107
85
71
60
52
41
37
32
32
33
35
36
36
35
35
34
33
27
21
19
16
13
3
-4
-13
-22
-37
-52
-68
-78
-97
-113
-138
-153
-171
-182
-208
-220
-239
-239
-251
-242
-241
-231
-221
-205
-192
-174
-166
-156
-150
-150
-146
-149
-136
-132
-112
-99
-72
-52
-22
-12
17
29
51
55
57
49
46
35
25
7
-5
-14
-15
-15
-16
-11
-2
17
33
51
62
79
89
100
105
111
113
116
116
113
108
108
109
108
109
114
123
135
146
158
169
181
191
200
205
209
210
213
208
202
193
191
187
184
178
174
170
169
169
162
153
141
129
119
108
94
82
66
57
44
37
33
31
32
35
37
41
40
41
41
40
39
34
28
18
5
-10
-26
-39
-51
-65
-79
-90
-101
-105
-108
-108
-111
-107
-105
-104
-104
-106
-108
-108
-109
-115
-123
-130
-136
-143
-150
-156
-159
-157
-149
-146
-143
-141
-136
-131
-124
-119
-112
-105
-96
-89
-77
-67
-51
-45
-32
-20
-4
10
19
26
31
36
37
34
26
22
16
14
11
13
15
23
28
38
48
63
77
92
105
120
134
146
153
163
170
182
186
190
195
193
195
194
194
192
190
188
190
193
194
191
186
186
180
177
168
158
148
143
135
130
127
127
131
128
131
128
134
133
131
123
114
103
88
75
64
53
42
34
27
22
19
16
11
7
3
4
0
-4
-11
-13
-19
-22
-28
-27
-27
-25
-28
-30
-37
-42
-51
-60
-70
-79
-85
-94
-99
-109
-111
-123
-124
-129
-128
-130
-128
-130
-126
-121
-115
-110
-103
-93
-84
-81
-81
-84
-84
-82
-86
-88
-93
-89
-86
-84
-78
-71
-65
-55
-50
-36
-26
-15
-8
2
11
21
27
37
46
59
68
78
90
102
114
126
133
141
146
150
154
153
155
154
152
150
153
153
157
158
160
168
171
175
181
189
193
195
194
197
196
198
192
183
174
163
149
138
129
122
112
102
93
92
93
92
92
92
97
101
104
100
95
89
79
65
53
41
34
29
23
21
21
21
18
15
11
10
6
2
-7
-15
-24
-31
-42
-50
-63
-69
-81
-82
-86
-82
-80
-75
-73
-69
-64
-61
-59
-60
-63
-69
-75
-88
-96
-106
-115
-124
-128
-132
-135
-137
-137
-134
-126
-117
-111
-103
-95
-91
-86
-82
-79
-75
-75
-72
-68
-59
-49
-41
-32
-17
-7
5
12
22
32
39
49
57
67
72
77
76
81
82
88
93
101
111
122
131
141
148
156
163
171
173
179
181
185
183
183
179
176
170
165
160
159
156
151
146
138
131
122
112
103
95
87
82
80
80
81
86
90
95
99
101
102
102
101
97
88
79
66
54
40
26
14
6
1
0
-1
1
2
8
13
19
19
17
14
5
-3
-11
-22
-31
-40
-48
-55
-57
-59
-59
-57
-54
-50
-49
-49
-51
-56
-63
-73
-83
-93
-101
-111
-117
-120
-118
-118
-116
-112
-104
-94
-85
-76
-74
-68
-65
-61
-60
-57
-57
-56
-55
-51
-49
-45
-40
-34
-29
-22
-15
-8
2
9
17
23
31
38
48
56
69
78
88
93
100
104
110
113
116
122
129
134
139
143
149
157
164
168
168
169
174
176
176
174
171
165
158
143
135
124
115
108
107
107
106
103
104
108
113
114
112
107
101
96
95
92
87
82
79
79
81
81
81
82
81
80
76
72
65
57
47
42
32
26
14
6
-4
-13
-22
-25
-29
-27
-28
-27
-28
-30
-32
-36
-37
-40
-39
-43
-41
-43
-42
-44
-48
-51
-53
-57
-66
-68
-74
-80
-87
-90
-95
-97
-101
-102
-100
-94
-86
-78
-70
-59
-48
-39
-32
-30
-24
-25
-24
-25
-26
-25
-25
-23
-17
-10
2
12
26
39
51
63
71
75
77
76
71
69
67
67
65
65
72
84
99
115
131
149
164
175
180
185
186
183
173
164
153
141
127
116
111
109
109
108
111
120
129
134
136
135
132
129
126
125
120
114
105
98
95
93
96
98
103
108
112
111
108
106
103
97
87
75
62
48
34
20
5
-3
-11
-14
-17
-16
-16
-13
-11
-8
-7
-7
-9
-12
-16
-21
-26
-30
-33
-35
-35
-40
-43
-49
-55
-60
-62
-68
-70
-79
-84
-91
-90
-89
-89
-89
-85
-82
-71
-67
-61
-54
-44
-37
-36
-35
-38
-40
-39
-40
-39
-34
-27
-19
-16
-13
-8
2
10
14
18
21
23
25
26
28
29
34
38
41
45
51
60
73
83
92
100
111
116
121
121
119
114
115
111
110
106
106
108
113
112
114
116
122
121
125
128
131
128
127
126
125
122
118
112
110
107
101
98
96
96
96
95
93
93
90
86
79
76
71
64
57
52
47
43
39
34
31
29
23
21
15
11
2
-4
-9
-10
-13
-13
-15
-14
-19
-19
-23
-26
-31
-35
-40
-44
-50
-54
-58
-60
-62
-64
-69
-67
-70
-68
-67
-66
-66
-68
-64
-63
-61
-60
-57
-52
-48
-44
-38
-35
-29
-25
-21
-23
-20
-24
-21
-21
-18
-21
-19
-17
-9
-5
3
11
20
27
32
35
37
36
39
41
45
48
46
47
49
49
54
55
57
63
69
77
83
89
91
96
96
99
97
102
102
106
106
108
109
111
111
110
109
112
115
116
119
118
115
110
106
101
97
93
88
82
78
74
68
66
66
67
65
63
61
60
58
54
49
45
41
37
30
26
20
17
12
8
2
-2
-7
-9
-16
-20
-24
-26
-25
-24
-24
-25
-26
-26
-26
-29
-36
-42
-46
-49
-50
-54
-60
-66
-65
-66
-64
-64
-65
-62
-57
-53
-48
-46
-43
-47
-47
-50
-49
-49
-48
-56
-58
-59
-53
-55
-51
-52
-44
-40
-29
-22
-12
-5
1
5
9
10
11
11
9
9
7
9
7
7
8
11
14
21
29
36
42
44
47
52
54
57
54
55
55
56
55
58
60
67
72
80
83
87
90
93
95
96
96
93
91
88
89
89
88
89
89
85
84
79
78
73
71
67
66
61
57
53
50
45
42
38
35
29
25
20
19
14
13
8
8
5
4
0
-3
-6
-12
-15
-18
-18
-18
-19
-19
-18
-20
-21
-22
-22
-23
-21
-22
-25
-29
-33
-39
-43
-46
-48
-50
-48
-49
-51
-51
-49
-50
-44
-42
-43
-45
-46
-46
-46
-45
-46
-46
-48
-48
-49
-47
-43
-38
-33
-27
-21
-16
-12
-7
-1
5
6
12
13
17
18
20
21
24
27
30
29
28
32
35
39
41
40
40
40
38
36
34
36
36
36
36
37
41
46
53
62
69
75
77
81
80
82
81
79
73
70
66
64
61
60
59
61
61
63
62
60
58
60
57
52
47
42
40
40
42
39
38
37
38
40
38
35
31
29
25
23
18
14
7
0
-5
-6
-12
-13
-17
-20
-22
-21
-22
-21
-19
-16
-17
-18
-20
-21
-24
-24
-25
-27
-26
-27
-28
-30
-31
-34
-36
-38
-38
-43
-42
-44
-45
-46
-46
-46
-46
-45
-42
-39
-37
-35
-33
-26
-22
-21
-20
-18
-14
-10
-9
-8
-5
0
6
10
15
18
18
17
18
19
21
22
18
15
14
15
15
13
13
15
16
17
20
25
30
33
38
39
40
42
43
46
47
50
50
50
52
55
52
54
51
54
53
52
51
51
48
48
45
45
44
45
46
45
43
41
41
41
40
37
34
30
28
26
24
19
15
12
13
13
11
6
4
1
0
-2
-2
-6
-7
-10
-11
-10
-10
-13
-12
-15
-14
-13
-11
-8
-10
-12
-12
-13
-14
-14
-17
-18
-22
-21
-22
-20
-22
-22
-24
-24
-26
-26
-30
-32
-34
-35
-35
-35
-35
-32
-28
-26
-24
-24
-21
-15
-13
-13
-12
-11
-10
-7
-6
-3
3
6
5
8
11
15
19
20
22
24
26
26
26
25
25
26
27
30
32
33
37
40
43
43
42
44
46
46
46
45
46
51
53
56
57
55
51
50
48
48
48
46
41
41
40
40
39
35
34
34
36
35
32
29
27
24
26
26
29
31
29
28
28
26
25
21
17
12
6
5
4
4
1
2
0
1
4
5
8
11
10
8
2
-1
-5
-9
-13
-14
-14
-14
-14
-14
-13
-12
-12
-12
-15
-17
-17
-17
-19
-21
-21
-21
-20
-21
-24
-26
-29
-32
-35
-38
-39
-37
-35
-32
-29
-24
-21
-15
-13
-10
-7
-5
-4
-5
-5
-3
-2
-1
1
3
5
8
13
16
21
24
25
25
26
24
23
21
21
18
17
14
12
16
18
22
25
30
35
41
45
47
47
47
44
44
42
41
36
34
30
28
26
26
27
27
25
23
21
20
24
24
23
21
21
20
19
17
16
16
17
18
16
14
14
13
13
11
16
16
14
10
7
2
-1
0
-2
-1
-1
-1
-1
0
3
7
8
9
9
9
8
6
1
-2
-6
-9
-9
-9
-11
-12
-14
-15
-17
-16
-20
-22
-24
-21
-21
-20
-21
-21
-21
-19
-20
-18
-17
-14
-15
-14
-15
-13
-10
-8
-9
-7
-4
0
3
2
-3
-1
0
-1
-1
-4
-3
-7
-6
-5
-2
-1
2
3
7
9
14
15
16
14
14
13
14
15
17
16
11
10
12
12
14
15
13
14
12
11
9
10
9
11
8
5
3
0
0
-2
-2
-1
-2
0
-1
-2
-5
-6
-7
-6
-3
-6
-5
-3
-4
-3
-6
-9
-12
-11
-11
-11
-10
-14
-13
-12
-13
-12
-14
-14
-14
-12
-12
-10
-7
-5
0
2
3
1
-1
-5
-7
-8
-11
-14
-19
-22
-23
-23
-23
-25
-28
-29
-29
-27
-25
-24
-26
-28
-30
-30
-29
-26
-26
-27
-27
-24
-22
-21
-18
-14
-16
-15
-16
-17
-19
-22
-24
-23
-19
-16
-17
-16
-15
-12
-11
-10
-8
-8
-6
-6
-5
-2
0
0
3
6
6
6
6
10
17
19
18
18
16
16
14
11
7
4
4
4
4
0
1
3
5
5
5
6
6
6
7
6
7
7
4
0
-4
-5
-6
-6
-6
-5
-6
-9
-11
-11
-10
-13
-14
-17
-18
-17
-15
-18
-18
-15
-17
-15
-13
-15
-15
-13
-11
-15
-15
-14
-13
-15
-15
-14
-13
-13
-15
-17
-19
-16
-18
-17
-20
-21
-23
-25
-26
-26
-27
-29
-29
-27
-26
-24
-26
-28
-28
-29
-30
-33
-34
-34
-32
-30
-30
-29
-28
-28
-27
-25
-23
-23
-23
-25
-24
-24
-23
-24
-24
-24
-24
-26
-26
-27
-24
-23
-17
-14
-10
-7
-7
-8
-9
-8
-5
-5
-5
-5
-6
-4
-4
-3
-6
-6
-6
-4
-3
-4
-7
-7
-9
-9
-10
-11
-11
-9
-8
-7
-8
-8
-6
-5
-7
-6
-7
-8
-6
-7
-8
-9
-7
-5
-5
-4
-3
-5
-5
-6
-8
-7
-7
-7
-8
-10
-13
-14
-13
-13
-11
-9
-9
-9
-11
-9
-9
-8
-9
-10
-10
-9
-8
-7
-9
-10
-11
-14
-15
-16
-19
-21
-21
-21
-22
-19
-15
-12
-10
-9
-10
-9
-9
-11
-11
-9
-9
-8
-11
-11
-13
-12
-10
-9
-8
-10
-13
-13
-12
-10
-9
-9
-9
-10
-9
-7
-7
-9
-11
-12
-13
-14
-13
-12
-9
-5
-3
0
3
4
7
7
6
5
4
4
5
4
2
-2
-3
0
2
3
3
4
6
8
8
9
8
9
8
6
5
4
3
4
2
2
3
4
3
2
-1
1
3
4
3
1
-1
0
0
0
1
2
0
-2
0
2
7
5
1
-3
-2
-3
-5
-7
-7
-5
-3
-2
0
1
3
3
6
3
0
-5
-8
-14
-17
-19
-20
-20
-17
-16
-14
-10
-7
-6
-4
-3
-1
-2
-3
-5
-8
-6
-6
-6
-8
-7
-6
-3
-1
1
3
5
6
4
0
-3
-6
-8
-11
-13
-11
-11
-10
-8
-6
-5
-3
0
1
-1
-3
-4
-6
-6
-6
-8
-10
-11
-11
-11
-7
-4
1
4
7
7
5
6
6
6
2
0
-1
0
-1
-5
-7
-6
-3
0
3
3
4
6
7
5
3
0
-4
-7
-10
-12
-14
-15
-15
-15
-15
-13
-13
-12
-11
-8
-7
-4
-5
-7
-4
-3
-3
-2
-3
-4
-4
-5
-4
-7
-10
-10
-10
-13
-16
-18
-18
-18
-20
-22
-25
-25
-25
-23
-22
-20
-21
-21
-26
-30
-32
-33
-33
-32
-31
-30
-28
-25
-25
-23
-20
-19
-16
-16
-18
-19
-18
-18
-19
-20
-20
-19
-18
-16
-15
-14
-12
-11
-11
-12
-13
-13
-14
-15
-16
-17
-18
-16
-14
-13
-14
-12
-11
-10
-11
-12
-15
-17
-19
-19
-18
-19
-18
-14
-11
-5
-1
1
2
2
0
0
2
-1
-4
-6
-8
-8
-7
-10
-11
-11
-11
-11
-9
-4
-2
0
-2
-2
-1
-1
0
-3
-5
-5
-4
-3
-4
-6
-10
-8
-5
-3
-5
-8
-10
-10
-10
-10
-12
-13
-13
-14
-14
-13
-15
-14
-13
-13
-11
-9
-8
-9
-15
-19
-21
-20
-18
-18
-18
-21
-23
-23
-21
-20
-20
-19
-18
-18
-18
-19
-20
-17
-14
-12
-12
-12
-10
-8
-4
-3
-5
-3
-1
-3
-5
-7
-4
-3
-4
-8
-9
-6
-7
-6
-6
-6
-6
-6
-10
-14
-14
-13
-10
-6
-5
-4
-1
0
-1
-2
-2
-1
1
1
-1
-3
-4
-4
-5
-5
-7
-7
-6
-6
-7
-7
-5
-4
-2
-4
-4
-1
1
2
4
4
2
2
2
2
3
2
3
2
3
4
2
-1
2
3
3
2
-2
-3
-3
-2
-4
-5
-7
-7
-7
-9
-10
-10
-10
-8
-8
-4
-5
-3
-2
0
2
3
1
-4
-6
-8
-10
-16
-21
-24
-25
-26
-25
-24
-21
-18
-16
-15
-12
-9
-6
-4
-2
-3
-2
-2
-2
-2
-2
-3
-3
-2
1
2
3
3
5
4
2
0
-1
-2
-2
-2
-1
0
1
3
4
5
6
9
10
11
10
11
12
12
12
12
11
10
10
10
13
14
17
17
15
13
10
9
9
8
5
3
1
0
4
6
8
8
7
8
11
13
16
17
16
15
17
20
19
18
19
20
18
18
14
11
11
12
10
9
7
7
11
12
11
11
12
14
13
10
10
10
13
16
15
13
13
11
10
9
8
7
9
8
7
7
6
5
5
5
4
0
0
-2
0
1
3
4
5
6
5
5
6
6
7
8
11
12
15
15
14
13
13
14
13
14
14
13
11
9
8
7
8
6
5
3
2
4
8
13
13
12
10
11
12
11
12
15
17
17
16
16
16
16
15
15
13
9
9
8
8
10
13
13
14
14
15
16
17
15
15
15
11
11
9
8
8
7
8
10
11
11
13
15
15
13
11
11
12
9
7
5
5
4
4
4
5
5
5
4
3
6
11
10
10
11
11
9
11
10
9
10
9
9
10
10
9
8
7
6
6
6
6
5
5
6
5
6
6
4
6
7
7
8
8
8
9
10
12
14
15
14
16
16
16
17
19
22
23
24
23
22
23
23
22
22
20
18
15
17
17
13
12
14
15
18
20
19
18
17
16
16
17
18
19
21
23
24
25
26
26
25
24
22
21
19
19
22
22
23
22
21
22
24
23
23
24
24
26
25
25
20
18
14
12
13
15
13
13
13
14
16
14
14
16
17
17
15
12
9
8
7
5
2
2
4
5
4
1
0
1
7
10
12
12
10
7
7
7
5
4
2
1
0
-1
-2
0
1
0
0
-1
-5
-5
-8
-8
-6
-5
-5
-4
-3
0
0
1
0
-1
0
1
2
3
2
-1
-2
-1
-2
0
-1
-3
-1
1
2
3
2
-1
-2
-2
1
3
5
4
3
1
1
4
5
7
8
7
6
6
9
11
14
12
9
5
8
9
6
2
1
1
2
4
3
2
5
6
7
7
8
9
10
10
10
10
14
13
10
8
5
6
4
5
5
5
5
3
1
2
2
1
1
0
0
0
0
2
5
5
4
2
3
1
2
4
4
3
2
-1
-4
-3
-4
-4
-4
-3
-3
-5
-7
-6
-5
-4
-3
-5
-5
-2
-2
-2
0
1
2
1
0
1
2
4
5
4
5
6
7
7
7
6
5
4
3
2
2
2
3
3
4
6
6
8
13
15
15
16
16
17
15
14
10
10
9
12
13
15
15
15
15
11
12
11
10
8
8
7
6
4
3
2
3
2
1
3
4
4
4
2
4
6
6
5
6
6
7
8
9
9
10
11
9
4
2
0
1
3
1
0
2
4
5
8
7
9
9
9
7
7
6
9
7
6
4
4
4
4
3
4
6
5
3
-1
-4
-5
-5
-3
-4
-5
-6
-9
-8
-5
-3
-3
-5
-3
-3
-2
-3
-2
-2
-2
0
2
5
6
5
3
1
-1
-2
-5
-8
-9
-8
-7
-7
-6
-6
-7
-6
-5
-4
-1
1
1
3
4
3
0
1
2
3
3
1
1
3
5
5
2
0
-1
-4
-2
-4
-1
2
3
3
2
3
1
3
4
4
4
6
5
6
9
11
12
11
8
9
10
9
10
6
2
4
5
5
5
2
0
1
4
4
3
2
3
5
6
4
3
0
2
4
6
6
4
3
4
4
4
3
1
0
-1
-1
-4
-4
-6
-6
-5
-3
-4
-5
-6
-6
-5
-5
-6
-8
-8
-7
-7
-7
-6
-8
-6
-6
-9
-9
-7
-6
-7
-7
-7
-5
-4
-4
-5
-5
-4
-2
-3
-5
-8
-8
-7
-6
-4
-3
-4
-5
-6
-6
-3
1
4
3
2
2
2
0
-2
-3
-3
-2
-3
-6
-8
-10
-9
-8
-8
-7
-9
-9
-11
-11
-13
-14
-12
-10
-8
-5
-3
-3
-4
-8
-11
-9
-7
-6
-9
-12
-12
-13
-12
-12
-12
-11
-10
-11
-10
-11
-13
-15
-15
-14
-12
-13
-15
-17
-20
-21
-21
-21
-22
-22
-23
-22
-21
-22
-21
-22
-22
-23
-24
-25
-24
-23
-23
-24
-27
-26
-26
-25
-22
-21
-19
-17
-16
-18
-20
-20
-20
-21
-23
-24
-24
-26
-26
-27
-26
-24
-25
-24
-25
-26
-27
-26
-26
-25
-27
-28
-28
-27
-25
-26
-26
-26
-24
-22
-24
-25
-26
-24
-21
-19
-19
-20
-20
-20
-18
-19
-19
-18
-16
-16
-17
-17
-18
-18
-17
-18
-18
-19
-18
-17
-18
-20
-20
-20
-19
-17
-18
-20
-22
-24
-23
-22
-20
-21
-21
-19
-18
-18
-20
-21
-22
-20
-23
-23
-24
-23
-21
-22
-22
-22
-23
-24
-23
-21
-20
-22
-24
-27
-24
-22
-23
-26
-28
-26
-22
-21
-25
-27
-27
-25
-26
-28
-32
-32
-30
-30
-30
-28
-28
-27
-28
-30
-29
-30
-29
-29
-31
-31
-29
-28
-27
-28
-30
-31
-30
-28
-28
-28
-28
-29
-28
-29
-29
-30
-30
-30
-30
-32
-34
-34
-31
-30
-31
-31
-31
-30
-29
-29
-30
-30
-28
-27
-25
-24
-25
-26
-28
-29
-30
-30
-29
-30
-29
-29
-29
-28
-30
-32
-32
-30
-29
-26
-26
-28
-28
-28
-29
-29
-32
-32
-32
-31
-31
-32
-30
-31
-30
-31
-33
-32
-30
-28
-27
-27
-30
-30
-32
-32
-31
-32
-30
-33
-33
-34
-35
-34
-33
-32
-33
-35
-34
-32
-33
-33
-35
-34
-33
-33
-37
-39
-38
-36
-36
-36
-34
-33
-30
-29
-31
-34
-38
-38
-38
-36
-34
-34
-37
-39
-40
-38
-36
-31
-30
-32
-32
-31
-29
-27
-27
-26
-29
-29
-30
-31
-29
-29
-27
-26
-25
-28
-31
-32
-32
-31
-31
-29
-28
-27
-30
-32
-32
-31
-29
-30
-31
-28
-27
-27
-26
-27
-27
-28
-28
-29
-31
-32
-31
-31
-32
-30
-33
-34
-34
-33
-32
-29
-28
-26
-27
-29
-31
-33
-35
-36
-35
-34
-32
-32
-32
-31
-29
-28
-26
-28
-29
-27
-26
-28
-30
-31
-31
-30
-31
-33
-33
-33
-32
-34
-36
-37
-36
-37
-35
-33
-33
-33
-32
-29
-28
-29
-32
-33
-32
-31
-33
-34
-37
-38
-37
-35
-35
-36
-36
-34
-33
-33
-33
-37
-37
-38
-37
-37
-37
-37
-35
-35
-38
-38
-38
-37
-36
-35
-34
-32
-32
-32
-33
-34
-37
-38
-38
-37
-36
-38
-38
-38
-37
-39
-39
-39
-38
-38
-41
-43
-44
-42
-39
-34
-37
-37
-36
-39
-40
-39
-39
-37
-34
-34
-34
-35
-35
-37
-37
-37
-39
-40
-39
-40
-40
-38
-35
-36
-36
-37
-38
-39
-39
-37
-37
-35
-35
-36
-36
-37
-39
-43
-45
-45
-43
-43
-44
-43
-41
-40
-40
-39
-40
-41
-40
-43
-45
-44
-45
-45
-46
-46
-47
-48
-47
-43
-43
-42
-42
-42
-42
-43
-42
-43
-42
-42
-43
-46
-46
-46
-42
-40
-39
-39
-41
-42
-41
-40
-41
-41
-41
-41
-40
-38
-38
-41
-42
-42
-40
-42
-42
-44
-46
-42
-40
-38
-38
-39
-40
-40
-39
-38
-40
-42
-46
-46
-46
-45
-45
-46
-47
-46
-46
-47
-46
-45
-48
-50
-51
-50
-47
-45
-45
-44
-42
-41
-40
-40
-42
-42
-42
-41
-44
-46
-44
-44
-45
-47
-48
-48
-46
-47
-46
-43
-42
-44
-46
-51
-50
-47
-45
-43
-42
-42
-42
-41
-42
-41
-43
-42
-42
-41
-42
-44
-45
-43
-41
-40
-44
-45
-46
-46
-47
-49
-49
-48
-47
-47
-49
-50
-50
-47
-46
-47
-48
-49
-49
-49
-47
-46
-45
-44
-44
-46
-48
-49
-46
-45
-45
-44
-45
-45
-45
-46
-44
-44
-45
-45
-45
-44
-44
-47
-50
-52
-52
-50
-46
-44
-45
-48
-51
-51
-50
-50
-53
-57
-59
-57
-54
-53
-54
-56
-56
-54
-53
-51
-50
-49
-50
-50
-50
-51
-52
-51
-50
-51
-50
-50
-50
-49
-47
-45
-43
-43
-43
-44
-45
-46
-48
-48
-46
-46
-47
-48
-48
-50
-52
-51
-50
-49
-47
-47
-47
-45
-47
-45
-44
-43
-41
-42
-43
-45
-45
-46
-43
-42
-42
-43
-43
-42
-41
-42
-43
-43
-41
-44
-46
-44
-41
-39
-41
-45
-46
-44
-43
-43
-43
-43
-43
-44
-44
-43
-41
-41
-44
-45
-43
-41
-40
-43
-43
-43
-40
-37
-35
-34
-35
-36
-36
-35
-36
-34
-33
-31
-30
-31
-31
-30
-30
-28
-31
-32
-31
-30
-27
-25
-24
-23
-25
-28
-30
-32
-30
-29
-30
-29
-30
-30
-31
-30
-27
-26
-25
-26
-26
-25
-26
-26
-24
-23
-24
-25
-25
-26
-25
-24
-25
-28
-29
-29
-26
-24
-23
-21
-20
-19
-20
-22
-22
-21
-20
-22
-23
-23
-21
-16
-15
-15
-19
-20
-19
-16
-16
-17
-19
-18
-18
-20
-20
-17
-16
-18
-19
-18
-16
-14
-16
-19
-20
-19
-15
-14
-16
-17
-15
-15
-14
-14
-16
-17
-17
-17
-15
-15
-15
-16
-16
-17
-19
-20
-20
-18
-16
-16
-18
-19
-20
-19
-18
-18
-18
-18
-17
-17
-17
-18
-20
-19
-18
-18
-19
-19
-21
-22
-21
-21
-21
-20
-20
-20
-19
-19
-19
-19
-22
-23
-22
-22
-21
-23
-25
-27
-28
-28
-28
-28
-28
-27
-31
-30
-29
-28
-29
-28
-29
-26
-26
-25
-27
-27
-26
-27
-29
-31
-33
-32
-29
-27
-27
-26
-25
-24
-25
-25
-26
-24
-24
-25
-25
-25
-27
-28
-28
-27
-25
-25
-27
-28
-29
-28
-30
-32
-31
-31
-32
-33
-35
-35
-34
-33
-32
-33
-31
-31
-32
-30
-28
-26
-25
-27
-28
-28
-27
-28
-30
-32
-32
-31
-31
-31
-32
-30
-30
-30
-27
-23
-24
-24
-26
-30
-30
-29
-29
-32
-34
-32
-30
-28
-27
-28
-27
-24
-26
-25
-28
-25
-23
-23
-25
-27
-28
-29
-30
-29
-27
-25
-25
-27
-27
-26
-23
-21
-20
-24
-23
-23
-24
-24
-26
-27
-23
-22
-22
-23
-23
-24
-24
-25
-26
-26
-25
-23
-22
-22
-23
-23
-23
-24
-24
-22
-21
-22
-24
-24
-24
-25
-22
-18
-17
-15
-17
-17
-17
-17
-15
-16
-17
-17
-13
-9
-10
-9
-9
-9
-9
-6
-7
-8
-8
-10
-10
-10
-11
-12
-13
-13
-11
-9
-11
-14
-15
-13
-12
-11
-11
-11
-11
-11
-12
-12
-13
-15
-16
-15
-13
-14
-13
-15
-16
-16
-15
-16
-15
-16
-16
-15
-16
-15
-16
-18
-19
-18
-17
-17
-18
-18
-19
-20
-19
-17
-18
-19
-16
-17
-18
-20
-21
-21
-21
-22
-23
-24
-23
-24
-23
-25
-25
-23
-22
-22
-24
-24
-22
-19
-19
-20
-22
-23
-25
-25
-23
-21
-21
-21
-19
-18
-18
-20
-21
-20
-18
-18
-19
-17
-18
-17
-18
-18
-19
-17
-18
-20
-22
-22
-22
-21
-20
-18
-20
-22
-25
-26
-24
-20
-19
-18
-19
-19
-19
-19
-20
-17
-16
-15
-17
-18
-19
-19
-19
-21
-21
-21
-20
-17
-16
-17
-18
-16
-17
-18
-16
-13
-13
-14
-15
-15
-17
-17
-17
-20
-20
-19
-17
-18
-19
-21
-21
-19
-19
-18
-18
-20
-19
-19
-19
-17
-18
-21
-22
-19
-17
-16
-17
-19
-20
-15
-10
-11
-15
-18
-18
-18
-16
-18
-17
-18
-18
-20
-23
-23
-22
-21
-20
-21
-23
-23
-20
-19
-16
-17
-18
-19
-21
-24
-22
-21
-19
-20
-20
-20
-18
-19
-21
-20
-19
-18
-20
-22
-21
-19
-15
-15
-16
-15
-16
-14
-14
-13
-13
-13
-14
-16
-16
-15
-12
-12
-14
-16
-15
-16
-16
-15
-14
-13
-11
-13
-14
-13
-11
-10
-10
-11
-12
-13
-13
-11
-10
-11
-14
-14
-13
-10
-9
-7
-7
-7
-6
-6
-7
-9
-9
-7
-4
-3
-4
-6
-5
-7
-7
-8
-11
-11
-11
-8
-8
-9
-8
-10
-12
-13
-12
-12
-12
-11
-11
-13
-14
-15
-11
-7
-9
-13
-15
-16
-13
-12
-14
-14
-13
-12
-10
-12
-12
-11
-12
-12
-10
-9
-9
-7
-7
-8
-9
-9
-8
-8
-7
-7
-7
-10
-8
-7
-6
-6
-8
-8
-8
-9
-7
-7
-6
-7
-9
-6
-3
-3
-4
-4
-5
-3
-3
-4
-4
-4
-2
-2
-1
-2
-4
-4
-2
-2
-3
-7
-8
-7
-5
-4
-4
-5
-5
-7
-8
-8
-8
-7
-6
-5
-5
-7
-10
-13
-10
-10
-7
-6
-7
-7
-6
-5
-4
-3
-4
-6
-7
-6
-4
-6
-6
-7
-10
-9
-9
-8
-9
-9
-11
-10
-9
-9
-11
-11
-10
-10
-13
-17
-18
-16
-15
-14
-15
-17
-19
-19
-21
-21
-19
-18
-18
-20
-20
-20
-21
-22
-22
-21
-22
-21
-21
-23
-22
-24
-24
-23
-21
-19
-17
-19
-22
-24
-25
-26
-30
-31
-30
-28
-27
-28
-30
-30
-30
-30
-32
-33
-33
-29
-27
-27
-28
-31
-31
-31
-28
-26
-26
-27
-27
-23
-23
-24
-26
-26
-26
-26
-28
-29
-28
-26
-24
-22
-20
-20
-22
-23
-24
-23
-23
-23
-23
-25
-24
-25
-24
-23
-22
-22
-22
-22
-23
-23
-22
-22
-24
-27
-28
-28
-28
-28
-29
-30
-29
-26
-23
-25
-26
-26
-26
-25
-25
-25
-24
-24
-24
-23
-22
-24
-25
-27
-27
-26
-27
-26
-27
-27
-27
-28
-29
-30
-30
-31
-29
-28
-29
-28
-29
-27
-27
-28
-30
-30
-30
-28
-25
-24
-25
-26
-27
-28
-30
-31
-29
-28
-27
-25
-28
-27
-26
-26
-26
-25
-26
-26
-26
-29
-30
-29
-25
-24
-23
-24
-25
-23
-23
-23
-23
-23
-22
-20
-22
-25
-22
-20
-20
-22
-25
-28
-28
-24
-22
-23
-24
-22
-19
-19
-20
-23
-25
-25
-25
-25
-26
-27
-27
-26
-25
-27
-28
-29
-28
-30
-31
-32
-30
-29
-26
-28
-28
-30
-29
-27
-27
-27
-28
-29
-29
-30
-30
-30
-29
-29
-27
-26
-27
-26
-27
-25
-23
-23
-25
-25
-26
-26
-27
-27
-27
-27
-28
-27
-26
-26
-24
-25
-27
-27
-26
-26
-27
-26
-23
-22
-25
-26
-26
-26
-24
-24
-22
-23
-26
-27
-27
-27
-25
-26
-27
-27
-26
-24
-24
-25
-26
-26
-23
-23
-26
-26
-26
-23
-23
-26
-27
-26
-26
-26
-24
-25
-26
-28
-31
-30
-27
-26
-25
-26
-27
-27
-26
-29
-29
-29
-29
-27
-24
-25
-25
-25
-25
-24
-24
-24
-22
-21
-19
-19
-22
-22
-24
-23
-23
-23
-23
-24
-26
-25
-23
-20
-19
-19
-19
-21
-22
-22
-24
-25
-24
-23
-25
-25
-26
-26
-27
-29
-27
-27
-26
-25
-22
-21
-21
-23
-28
-27
-26
-27
-27
-27
-27
-27
-27
-29
-28
-28
-27
-27
-27
-26
-25
-24
-26
-27
-27
-28
-29
-34
-33
-32
-31
-32
-34
-36
-36
-34
-34
-35
-37
-37
-36
-35
-35
-34
-34
-35
-34
-35
-36
-40
-41
-40
-40
-38
-36
-35
-35
-36
-38
-39
-38
-39
-38
-38
-39
-38
-40
-40
-39
-36
-38
-40
-40
-39
-38
-39
-40
-39
-40
-43
-44
-45
-45
-45
-48
-49
-48
-46
-46
-49
-48
-49
-50
-50
-49
-49
-48
-49
-48
-48
-48
-48
-50
-50
-49
-48
-48
-50
-48
-48
-49
-48
-47
-47
-48
-51
-49
-49
-50
-50
-52
-51
-52
-53
-54
-55
-53
-52
-53
-53
-54
-53
-50
-50
-51
-52
-53
-53
-53
-52
-51
-50
-48
-49
-48
-49
-50
-50
-51
-51
-47
-47
-47
-47
-47
-46
-46
-46
-47
-46
-48
-48
-47
-46
-48
-51
-52
-50
-48
-49
-50
-53
-54
-54
-55
-55
-54
-54
-52
-53
-55
-54
-53
-54
-53
-55
-55
-53
-54
-55
-54
-54
-52
-52
-54
-55
-54
-54
-54
-51
-50
-51
-53
-54
-54
-52
-51
-50
-50
-52
-53
-54
-55
-55
-56
-57
-55
-54
-54
-53
-55
-54
-56
-57
-60
-60
-59
-59
-59
-59
-60
-60
-60
-61
-62
-62
-63
-63
-63
-63
-63
-61
-63
-64
-65
-64
-66
-66
-63
-61
-61
-63
-64
-66
-66
-64
-65
-65
-65
-66
-67
-69
-68
-69
-68
-68
-64
-62
-63
-64
-65
-65
-64
-62
-62
-62
-61
-60
-64
-64
-64
-64
-62
-60
-59
-59
-64
-64
-64
-62
-61
-61
-61
-60
-58
-57
-57
-58
-58
-59
-61
-60
-59
-57
-57
-57
-58
-56
-57
-57
-58
-58
-60
-60
-59
-59
-60
-61
-61
-61
-59
-58
-58
-61
-62
-60
-59
-55
-53
-53
-54
-56
-58
-59
-57
-53
-53
-56
-57
-57
-57
-55
-56
-56
-54
-50
-51
-52
-55
-55
-55
-54
-54
-54
-53
-54
-55
-56
-56
-54
-54
-54
-55
-56
-54
-54
-54
-53
-53
-54
-53
-52
-50
-49
-50
-50
-48
-48
-48
-50
-51
-52
-50
-51
-53
-55
-55
-54
-52
-51
-52
-52
-53
-53
-54
-55
-55
-54
-52
-53
-51
-49
-51
-55
-57
-58
-57
-57
-56
-56
-55
-53
-54
-55
-57
-56
-55
-56
-55
-54
-54
-52
-53
-53
-52
-53
-53
-52
-52
-52
-51
-50
-50
-51
-54
-55
-54
-54
-52
-53
-55
-57
-58
-59
-59
-61
-62
-62
-59
-59
-61
-62
-63
-63
-64
-64
-65
-65
-63
-62
-63
-64
-65
-65
-64
-63
-65
-67
-65
-65
-63
-62
-63
-63
-63
-62
-62
-62
-61
-64
-62
-62
-60
-58
-59
-61
-63
-64
-65
-65
-63
-62
-59
-59
-60
-63
-63
-61
-59
-58
-59
-60
-59
-56
-56
-54
-55
-54
-54
-54
-55
-57
-53
-52
-50
-49
-50
-49
-49
-50
-52
-51
-49
-46
-45
-48
-49
-49
-49
-48
-48
-49
-49
-49
-47
-48
-48
-48
-49
-46
-45
-48
-49
-47
-46
-47
-46
-47
-47
-48
-48
-48
-47
-47
-46
-47
-47
-47
-46
-46
-42
-42
-44
-46
-48
-46
-46
-44
-45
-46
-46
-45
-44
-44
-45
-46
-46
-44
-45
-45
-47
-47
-47
-45
-41
-44
-44
-46
-48
-46
-46
-47
-49
-48
-47
-46
-49
-52
-51
-50
-47
-47
-48
-47
-46
-46
-48
-48
-48
-48
-49
-50
-49
-50
-50
-50
-52
-51
-50
-51
-48
-46
-45
-47
-48
-48
-48
-47
-48
-52
-52
-51
-51
-51
-50
-52
-52
-49
-47
-48
-49
-50
-53
-52
-51
-50
-49
-48
-50
-50
-48
-47
-47
-47
-47
-47
-47
-47
-50
-50
-49
-47
-46
-48
-48
-49
-47
-48
-49
-50
-52
-55
-54
-52
-53
-51
-51
-52
-53
-53
-55
-56
-56
-58
-55
-53
-51
-53
-54
-55
-57
-55
-55
-56
-58
-57
-56
-55
-55
-56
-58
-57
-58
-56
-56
-54
-54
-56
-57
-58
-57
-56
-58
-58
-59
-57
-57
-58
-59
-60
-61
-59
-57
-59
-59
-59
-59
-58
-60
-61
-59
-59
-58
-57
-60
-60
-60
-59
-59
-60
-59
-58
-56
-55
-55
-55
-55
-54
-51
-52
-53
-54
-53
-52
-52
-52
-53
-51
-49
-49
-50
-53
-54
-54
-52
-51
-52
-55
-53
-53
-51
-51
-53
-53
-52
-53
-51
-53
-55
-52
-52
-52
-54
-56
-55
-56
-56
-57
-56
-55
-55
-53
-54
-53
-51
-50
-51
-51
-51
-49
-47
-47
-49
-51
-51
-48
-47
-46
-48
-49
-49
-51
-49
-49
-50
-48
-47
-48
-48
-48
-52
-51
-50
-49
-49
-50
-50
-49
-49
-49
-52
-51
-49
-49
-50
-50
-51
-53
-54
-53
-51
-48
-47
-51
-55
-55
-53
-50
-48
-50
-52
-55
-54
-53
-54
-52
-51
-52
-54
-55
-54
-51
-49
-50
-51
-53
-54
-51
-51
-51
-51
-52
-52
-54
-55
-53
-52
-52
-52
-52
-51
-51
-53
-52
-52
-52
-48
-49
-51
-51
-50
-48
-48
-47
-49
-51
-49
-47
-46
-44
-46
-47
-47
-46
-44
-44
-45
-47
-49
-49
-48
-47
-46
-45
-46
-47
-45
-48
-49
-48
-48
-48
-49
-49
-49
-46
-46
-45
-44
-43
-45
-48
-48
-48
-46
-46
-47
-48
-45
-43
-45
-46
-46
-45
-44
-44
-43
-44
-42
-40
-40
-38
-38
-37
-37
-37
-39
-40
-41
-41
-40
-41
-41
-42
-41
-42
-42
-42
-43
-44
-43
-43
-41
-39
-38
-39
-41
-41
-39
-41
-42
-43
-44
-41
-40
-39
-41
-44
-44
-42
-41
-41
-41
-41
-40
-39
-38
-39
-40
-40
-40
-40
-39
-41
-41
-42
-42
-41
-41
-40
-41
-42
-44
-42
-38
-38
-39
-42
-41
-39
-38
-38
-39
-40
-39
-37
-35
-36
-35
-36
-35
-34
-35
-36
-37
-35
-35
-35
-37
-37
-37
-36
-38
-41
-41
-40
-42
-43
-41
-39
-37
-38
-39
-40
-39
-40
-40
-39
-38
-38
-37
-40
-44
-42
-43
-41
-42
-43
-42
-41
-41
-41
-42
-43
-42
-41
-39
-39
-40
-42
-39
-39
-38
-37
-36
-37
-38
-38
-39
-40
-39
-39
-38
-39
-38
-37
-39
-39
-40
-39
-37
-37
-39
-38
-35
-34
-35
-35
-34
-34
-33
-34
-35
-33
-32
-32
-32
-32
-34
-34
-32
-31
-33
-33
-32
-31
-31
-34
-36
-35
-34
-32
-33
-35
-37
-37
-36
-36
-37
-37
-38
-38
-33
-33
-31
-32
-33
-32
-31
-32
-32
-34
-35
-33
-33
-32
-30
-29
-26
-29
-36
-35
-34
-31
-29
-29
-29
-28
-27
-29
-30
-31
-30
-29
-31
-32
-33
-30
-29
-28
-27
-28
-30
-31
-32
-32
-32
-31
-30
-31
-33
-34
-34
-31
-31
-31
-33
-36
-35
-33
-31
-30
-30
-32
-32
-32
-34
-35
-38
-38
-37
-36
-35
-34
-35
-34
-32
-31
-31
-34
-34
-36
-36
-38
-39
-38
-38
-39
-40
-41
-41
-41
-40
-38
-36
-37
-39
-43
-42
-41
-41
-41
-41
-40
-40
-41
-43
-44
-44
-43
-41
-40
-41
-41
-42
-41
-39
-39
-39
-41
-39
-38
-37
-36
-38
-38
-38
-38
-41
-40
-40
-40
-40
-40
-38
-38
-38
-40
-40
-39
-38
-37
-39
-39
-42
-44
-44
-44
-44
-41
-40
-39
-39
-40
-41
-41
-39
-39
-38
-37
-37
-38
-38
-39
-38
-38
-40
-41
-40
-40
-39
-38
-40
-42
-41
-40
-39
-39
-38
-39
-37
-37
-38
-38
-38
-38
-37
-36
-35
-34
-34
-35
-36
-38
-38
-38
-38
-36
-35
-37
-38
-39
-38
-37
-36
-34
-34
-34
-36
-36
-35
-38
-39
-38
-37
-37
-37
-38
-39
-40
-41
-41
-40
-38
-38
-40
-41
-40
-40
-40
-41
-43
-42
-41
-42
-42
-42
-39
-37
-39
-40
-40
-39
-37
-37
-38
-40
-38
-38
-36
-37
-40
-42
-42
-41
-40
-41
-42
-42
-43
-43
-45
-46
-46
-44
-41
-41
-42
-44
-43
-44
-43
-43
-45
-45
-46
-48
-48
-47
-47
-47
-46
-46
-47
-48
-47
-44
-44
-43
-45
-45
-44
-44
-43
-42
-45
-44
-45
-43
-40
-41
-43
-45
-45
-45
-44
-44
-42
-42
-42
-41
-41
-43
-45
-44
-41
-37
-37
-39
-39
-41
-41
-41
-41
-40
-41
-45
-44
-42
-40
-38
-39
-40
-42
-40
-39
-38
-37
-38
-37
-36
-35
-36
-37
-39
-39
-37
-36
-34
-32
-33
-35
-37
-37
-35
-31
-30
-32
-34
-34
-33
-35
-35
-35
-33
-29
-28
-30
-34
-35
-34
-34
-35
-35
-35
-36
-36
-36
-35
-33
-34
-35
-34
-33
-33
-36
-36
-35
-32
-32
-33
-35
-34
-32
-32
-32
-34
-35
-35
-34
-32
-31
-31
-33
-35
-35
-32
-31
-31
-32
-33
-34
-35
-35
-31
-30
-32
-35
-38
-38
-36
-34
-34
-36
-36
-39
-39
-37
-36
-35
-35
-34
-35
-37
-37
-36
-37
-38
-38
-38
-35
-34
-36
-36
-37
-35
-35
-37
-40
-40
-40
-35
-34
-35
-39
-41
-41
-39
-38
-39
-41
-42
-42
-42
-42
-42
-42
-41
-38
-38
-38
-40
-41
-45
-44
-41
-41
-44
-45
-44
-42
-42
-42
-44
-44
-42
-41
-41
-43
-44
-44
-44
-43
-45
-44
-44
-43
-41
-41
-43
-45
-45
-46
-45
-42
-41
-43
-44
-44
-44
-42
-42
-44
-43
-42
-42
-43
-44
-45
-43
-41
-41
-43
-44
-42
-42
-40
-43
-46
-46
-43
-42
-43
-46
-47
-46
-46
-45
-44
-44
-44
-45
-46
-45
-45
-47
-48
-49
-49
-47
-49
-49
-49
-50
-48
-46
-46
-47
-48
-47
-47
-47
-47
-47
-47
-47
-46
-45
-45
-46
-49
-50
-47
-49
-47
-47
-49
-49
-48
-50
-50
-49
-50
-51
-50
-52
-51
-51
-53
-54
-54
-52
-50
-51
-54
-55
-55
-55
-57
-56
-54
-56
-56
-57
-58
-57
-57
-56
-56
-54
-53
-53
-53
-54
-56
-57
-55
-55
-53
-53
-53
-53
-54
-53
-53
-51
-50
-50
-50
-50
-51
-55
-54
-53
-54
-53
-55
-54
-53
-53
-53
-56
-55
-55
-54
-54
-54
-56
-58
-58
-58
-57
-55
-58
-58
-57
-58
-60
-61
-61
-60
-57
-57
-56
-57
-57
-59
-58
-58
-56
-55
-57
-57
-55
-53
-51
-49
-49
-49
-50
-52
-52
-50
-49
-50
-51
-49
-50
-50
-50
-50
-51
-50
-50
-53
-51
-50
-50
-51
-49
-48
-47
-47
-47
-49
-52
-51
-51
-52
-49
-49
-51
-49
-48
-48
-49
-50
-50
-47
-45
-45
-46
-48
-48
-48
-46
-45
-44
-45
-46
-45
-44
-43
-44
-44
-42
-41
-39
-39
-41
-43
-42
-44
-42
-41
-40
-39
-40
-38
-35
-38
-39
-41
-40
-37
-37
-37
-38
-36
-36
-36
-38
-38
-37
-37
-37
-36
-35
-35
-34
-34
-36
-37
-36
-34
-35
-36
-37
-38
-38
-38
-38
-40
-41
-40
-36
-33
-33
-36
-38
-40
-39
-37
-35
-36
-36
-35
-35
-35
-36
-38
-39
-38
-39
-37
-36
-37
-35
-34
-35
-35
-34
-34
-34
-36
-35
-35
-35
-32
-30
-28
-30
-30
-31
-30
-29
-29
-27
-26
-25
-26
-28
-29
-28
-26
-26
-27
-27
-28
-26
-25
-24
-25
-25
-24
-21
-23
-24
-23
-23
-23
-24
-24
-23
-23
-24
-24
-23
-21
-20
-22
-24
-25
-25
-24
-24
-23
-25
-26
-27
-26
-26
-27
-26
-22
-22
-22
-22
-23
-25
-25
-27
-26
-24
-24
-26
-27
-29
-30
-29
-27
-24
-25
-26
-28
-28
-29
-30
-30
-29
-28
-29
-30
-29
-28
-27
-27
-29
-29
-29
-30
-30
-31
-32
-31
-28
-26
-26
-29
-32
-32
-32
-30
-29
-31
-32
-33
-34
-35
-35
-34
-33
-32
-32
-33
-32
-33
-33
-33
-34
-35
-34
-31
-31
-31
-33
-33
-33
-33
-34
-37
-39
-39
-38
-36
-36
-38
-38
-37
-38
-41
-39
-40
-38
-37
-37
-37
-39
-39
-40
-38
-37
-36
-36
-35
-35
-38
-40
-39
-39
-39
-40
-40
-42
-39
-37
-36
-36
-37
-38
-39
-38
-36
-34
-33
-35
-36
-34
-33
-32
-33
-34
-35
-34
-34
-33
-35
-38
-36
-35
-33
-33
-33
-34
-33
-33
-33
-34
-34
-33
-35
-35
-36
-37
-36
-39
-43
-43
-44
-43
-42
-42
-43
-44
-44
-42
-39
-41
-43
-43
-40
-38
-39
-43
-45
-45
-41
-40
-40
-41
-40
-40
-38
-39
-40
-40
-40
-38
-37
-34
-35
-35
-36
-36
-35
-36
-35
-35
-33
-34
-33
-34
-35
-35
-37
-37
-34
-34
-35
-34
-35
-35
-35
-35
-34
-35
-35
-35
-35
-32
-33
-36
-39
-40
-37
-38
-38
-40
-38
-37
-38
-40
-41
-41
-40
-37
-37
-39
-41
-41
-39
-40
-41
-42
-42
-40
-42
-45
-44
-43
-41
-39
-40
-41
-41
-42
-41
-44
-44
-41
-39
-38
-41
-44
-43
-42
-40
-39
-43
-43
-44
-40
-39
-39
-38
-37
-39
-41
-44
-44
-43
-41
-42
-44
-42
-41
-40
-40
-42
-43
-44
-44
-43
-41
-40
-39
-39
-40
-40
-39
-39
-40
-39
-42
-42
-41
-40
-40
-40
-42
-41
-38
-40
-41
-43
-44
-45
-44
-45
-44
-44
-44
-43
-42
-42
-43
-41
-40
-40
-40
-41
-43
-44
-43
-42
-43
-43
-42
-40
-42
-42
-44
-44
-44
-45
-45
-45
-44
-43
-43
-43
-42
-42
-43
-43
-44
-43
-43
-44
-42
-44
-44
-43
-42
-40
-41
-42
-44
-44
-44
-45
-44
-45
-49
-53
-52
-50
-47
-45
-46
-46
-48
-50
-50
-50
-48
-47
-48
-49
-49
-49
-48
-48
-48
-49
-49
-50
-52
-53
-53
-54
-52
-50
-49
-50
-52
-54
-55
-54
-52
-51
-53
-54
-54
-56
-55
-54
-54
-51
-50
-51
-50
-52
-55
-54
-54
-52
-51
-50
-50
-52
-53
-56
-56
-55
-55
-54
-55
-56
-54
-53
-54
-56
-55
-54
-53
-54
-55
-58
-58
-56
-55
-55
-55
-55
-58
-59
-58
-58
-58
-56
-56
-56
-54
-53
-54
-55
-57
-58
-57
-56
-54
-54
-52
-52
-52
-52
-54
-52
-50
-50
-51
-51
-50
-51
-51
-51
-50
-52
-50
-49
-49
-49
-52
-52
-52
-50
-50
-48
-48
-47
-48
-50
-50
-47
-48
-49
-49
-49
-49
-49
-48
-49
-48
-45
-45
-45
-45
-45
-45
-46
-46
-48
-49
-48
-45
-44
-47
-50
-49
-44
-43
-43
-44
-45
-45
-46
-48
-47
-44
-43
-46
-48
-47
-46
-43
-42
-44
-45
-47
-46
-44
-42
-42
-44
-45
-45
-43
-42
-41
-43
-44
-45
-45
-43
-44
-43
-43
-42
-41
-39
-42
-43
-44
-42
-41
-42
-41
-42
-40
-40
-39
-40
-43
-44
-43
-42
-43
-42
-42
-44
-44
-43
-44
-42
-41
-40
-41
-41
-42
-41
-41
-41
-44
-42
-42
-41
-41
-41
-41
-42
-41
-42
-42
-38
-38
-37
-38
-41
-43
-43
-41
-39
-40
-41
-44
-43
-41
-40
-40
-41
-43
-43
-41
-40
-39
-39
-40
-41
-43
-43
-43
-41
-37
-38
-40
-41
-41
-41
-41
-40
-40
-41
-42
-42
-42
-42
-40
-40
-39
-38
-38
-39
-40
-41
-42
-41
-39
-39
-38
-38
-37
-39
-39
-39
-39
-39
-39
-39
-40
-41
-40
-37
-37
-36
-38
-37
-38
-38
-39
-40
-40
-37
-37
-37
-38
-40
-40
-38
-37
-36
-37
-38
-39
-39
-40
-40
-40
-37
-34
-33
-34
-38
-38
-39
-39
-38
-39
-38
-37
-36
-35
-35
-38
-40
-38
-35
-33
-34
-37
-41
-43
-41
-40
-38
-39
-41
-41
-39
-39
-39
-42
-42
-40
-39
-41
-43
-46
-46
-46
-45
-46
-46
-45
-43
-44
-45
-44
-44
-45
-46
-46
-44
-44
-44
-46
-45
-44
-45
-45
-45
-44
-43
-41
-43
-44
-44
-39
-39
-40
-44
-45
-42
-40
-40
-41
-41
-42
-41
-41
-42
-40
-40
-38
-37
-38
-38
-38
-38
-37
-36
-34
-35
-38
-42
-42
-40
-38
-38
-41
-40
-40
-39
-39
-39
-40
-39
-37
-38
-39
-41
-41
-42
-42
-42
-43
-44
-46
-45
-42
-43
-45
-45
-45
-44
-42
-41
-42
-44
-46
-44
-42
-40
-40
-38
-39
-40
-42
-43
-44
-42
-42
-39
-40
-41
-41
-42
-42
-41
-42
-41
-40
-39
-41
-44
-44
-43
-43
-41
-41
-41
-40
-39
-39
-41
-40
-41
-40
-40
-41
-41
-41
-40
-40
-39
-41
-42
-41
-40
-38
-40
-42
-45
-43
-43
-43
-43
-46
-45
-43
-42
-41
-41
-41
-42
-44
-44
-44
-42
-40
-38
-37
-37
-38
-38
-38
-38
-38
-37
-36
-35
-34
-33
-31
-28
-28
-31
-31
-31
-29
-29
-31
-31
-33
-31
-29
-27
-29
-29
-29
-26
-27
-27
-28
-28
-26
-26
-22
-23
-22
-21
-24
-24
-25
-26
-27
-29
-30
-29
-27
-28
-28
-28
-26
-23
-26
-28
-31
-32
-29
-27
-27
-26
-25
-25
-25
-28
-29
-30
-28
-27
-27
-27
-28
-30
-31
-29
-26
-24
-27
-28
-28
-29
-28
-28
-29
-30
-30
-32
-31
-30
-31
-31
-32
-32
-30
-29
-31
-33
-32
-30
-27
-26
-28
-29
-30
-30
-30
-29
-29
-28
-28
-26
-27
-27
-28
-29
-30
-30
-32
-32
-31
-29
-27
-27
-27
-27
-29
-32
-32
-31
-28
-25
-27
-29
-30
-30
-29
-30
-31
-32
-32
-30
-29
-30
-30
-31
-31
-29
-28
-30
-31
-31
-31
-30
-31
-33
-32
-32
-34
-35
-35
-32
-31
-32
-34
-35
-33
-30
-28
-27
-27
-30
-30
-30
-30
-31
-33
-35
-35
-32
-29
-30
-30
-30
-32
-31
-30
-29
-29
-29
-30
-28
-29
-29
-30
-30
-30
-29
-29
-28
-27
-29
-30
-32
-33
-32
-32
-32
-31
-31
-30
-32
-32
-35
-34
-32
-32
-29
-28
-29
-29
-28
-32
-33
-34
-33
-31
-32
-33
-33
-33
-33
-34
-36
-38
-36
-33
-33
-36
-39
-40
-38
-35
-35
-35
-35
-35
-36
-38
-37
-36
-38
-40
-38
-36
-34
-36
-38
-38
-38
-38
-37
-37
-37
-33
-34
-37
-39
-38
-35
-34
-33
-34
-35
-33
-33
-34
-35
-36
-35
-35
-35
-36
-37
-36
-36
-35
-37
-38
-39
-38
-40
-39
-39
-41
-41
-41
-40
-39
-42
-42
-41
-41
-41
-42
-45
-46
-44
-40
-41
-43
-46
-45
-44
-45
-44
-44
-45
-44
-43
-43
-43
-41
-42
-42
-38
-39
-41
-41
-41
-39
-40
-39
-39
-40
-40
-41
-39
-36
-35
-37
-38
-41
-40
-39
-38
-37
-35
-35
-36
-40
-41
-40
-37
-37
-39
-39
-39
-39
-39
-39
-39
-38
-37
-36
-35
-35
-37
-36
-33
-32
-28
-29
-28
-30
-30
-30
-30
-31
-29
-28
-29
-26
-25
-25
-27
-27
-28
-26
-24
-23
-23
-24
-23
-22
-22
-20
-18
-18
-18
-19
-21
-23
-21
-21
-18
-16
-16
-16
-18
-17
-17
-16
-14
-14
-15
-16
-17
-15
-12
-13
-14
-16
-17
-17
-15
-14
-16
-17
-16
-15
-16
-18
-19
-19
-20
-19
-17
-16
-19
-19
-20
-21
-22
-21
-22
-21
-18
-18
-18
-19
-19
-19
-19
-21
-19
-19
-18
-17
-18
-21
-22
-20
-20
-18
-16
-17
-20
-21
-22
-21
-22
-20
-21
-21
-22
-22
-20
-21
-21
-21
-21
-23
-23
-25
-25
-24
-22
-22
-25
-23
-23
-22
-25
-24
-22
-23
-23
-25
-27
-26
-23
-23
-24
-27
-30
-29
-27
-26
-26
-25
-24
-26
-28
-29
-27
-26
-25
-26
-28
-27
-24
-23
-23
-25
-25
-26
-27
-28
-28
-28
-26
-26
-26
-29
-28
-27
-27
-25
-28
-28
-27
-25
-23
-23
-21
-22
-24
-26
-26
-25
-21
-22
-24
-26
-30
-29
-29
-28
-28
-29
-28
-28
-28
-26
-24
-25
-23
-24
-24
-25
-26
-24
-23
-22
-24
-26
-26
-24
-25
-25
-24
-25
-24
-25
-26
-27
-28
-29
-30
-30
-31
-31
-33
-35
-33
-31
-28
-28
-30
-33
-32
-29
-29
-29
-33
-35
-35
-34
-32
-33
-34
-35
-35
-34
-34
-34
-34
-33
-34
-30
-31
-32
-32
-32
-31
-31
-27
-28
-29
-31
-30
-31
-31
-32
-31
-31
-31
-31
-30
-32
-32
-31
-32
-32
-32
-33
-33
-33
-35
-37
-38
-38
-38
-37
-35
-34
-33
-33
-36
-36
-37
-36
-36
-37
-40
-39
-39
-39
-39
-41
-41
-40
-39
-38
-38
-37
-35
-35
-38
-40
-39
-39
-37
-36
-36
-36
-36
-38
-37
-35
-34
-33
-34
-35
-36
-34
-34
-35
-37
-37
-36
-33
-33
-35
-36
-35
-36
-35
-35
-36
-35
-34
-33
-33
-32
-34
-32
-31
-31
-31
-31
-29
-28
-27
-28
-27
-28
-28
-28
-28
-28
-28
-29
-28
-25
-24
-26
-27
-28
-28
-28
-27
-24
-24
-23
-26
-28
-27
-26
-28
-29
-27
-26
-28
-30
-31
-29
-28
-27
-28
-25
-25
-27
-26
-27
-26
-26
-25
-23
-20
-22
-22
-22
-23
-22
-22
-23
-22
-21
-20
-19
-20
-21
-21
-21
-21
-19
-17
-16
-16
-18
-19
-19
-17
-14
-14
-13
-13
-15
-15
-17
-15
-15
-14
-11
-12
-15
-15
-17
-17
-15
-15
-15
-15
-15
-14
-14
-13
-15
-16
-17
-17
-17
-16
-16
-16
-15
-15
-17
-18
-18
-18
-17
-18
-15
-16
-15
-16
-15
-16
-17
-16
-16
-16
-16
-17
-18
-15
-16
-17
-21
-21
-21
-20
-20
-22
-21
-23
-21
-21
-21
-21
-23
-23
-22
-20
-19
-19
-21
-22
-22
-22
-23
-24
-24
-23
-21
-22
-24
-25
-22
-22
-23
-24
-24
-24
-24
-21
-23
-21
-19
-20
-23
-22
-22
-22
-22
-23
-24
-24
-24
-22
-21
-23
-25
-27
-29
-29
-28
-28
-29
-30
-29
-29
-29
-29
-30
-31
-28
-28
-26
-27
-27
-27
-26
-27
-28
-27
-29
-29
-27
-25
-24
-23
-23
-24
-25
-25
-24
-24
-24
-26
-28
-27
-28
-27
-28
-29
-29
-28
-28
-28
-29
-30
-29
-28
-30
-29
-29
-28
-28
-30
-30
-29
-27
-27
-26
-26
-25
-25
-28
-28
-27
-27
-27
-29
-31
-30
-30
-30
-27
-26
-27
-27
-27
-26
-26
-26
-26
-27
-29
-29
-28
-26
-27
-28
-30
-31
-27
-27
-27
-26
-25
-26
-28
-29
-28
-27
-28
-26
-24
-23
-22
-23
-24
-22
-24
-23
-24
-27
-24
-23
-23
-24
-25
-24
-24
-26
-26
-26
-27
-26
-27
-27
-27
-27
-27
-28
-28
-26
-24
-26
-26
-27
-26
-25
-26
-27
-29
-26
-23
-22
-23
-24
-25
-27
-26
-28
-28
-26
-26
-26
-25
-28
-27
-25
-22
-23
-25
-25
-25
-26
-29
-31
-30
-27
-27
-27
-28
-30
-28
-27
-29
-32
-32
-32
-30
-30
-29
-31
-32
-31
-29
-27
-26
-27
-29
-30
-31
-29
-27
-26
-25
-27
-28
-28
-28
-28
-29
-29
-29
-28
-27
-25
-27
-27
-26
-25
-24
-24
-24
-24
-24
-24
-24
-24
-25
-25
-26
-24
-22
-22
-21
-23
-24
-24
-21
-20
-19
-20
-21
-20
-19
-19
-18
-18
-16
-15
-13
-13
-15
-18
-20
-18
-18
-20
-18
-17
-17
-17
-18
-17
-15
-16
-16
-16
-16
-19
-19
-19
-18
-18
-20
-20
-20
-21
-20
-19
-19
-18
-19
-20
-19
-18
-17
-19
-21
-21
-20
-18
-19
-22
-23
-21
-19
-17
-15
-14
-16
-18
-18
-17
-14
-13
-15
-17
-17
-18
-18
-18
-18
-18
-19
-19
-18
-15
-15
-17
-19
-19
-18
-17
-17
-17
-17
-18
-17
-19
-19
-19
-19
-20
-21
-21
-18
-15
-15
-19
-22
-22
-20
-20
-20
-22
-25
-24
-21
-21
-22
-23
-25
-24
-23
-21
-19
-19
-20
-22
-24
-24
-23
-21
-21
-21
-22
-23
-24
-23
-22
-20
-21
-21
-22
-23
-22
-23
-21
-21
-22
-21
-21
-22
-22
-20
-18
-18
-19
-19
-19
-19
-20
-21
-20
-19
-19
-20
-20
-19
-18
-17
-19
-21
-22
-21
-20
-22
-22
-22
-22
-20
-22
-23
-21
-21
-23
-25
-26
-25
-21
-23
-25
-26
-25
-25
-25
-26
-24
-25
-24
-25
-24
-24
-22
-22
-21
-22
-24
-22
-20
-20
-22
-20
-20
-21
-18
-17
-17
-18
-20
-21
-22
-20
-20
-19
-18
-18
-18
-19
-20
-22
-21
-19
-19
-18
-17
-17
-17
-19
-18
-19
-18
-16
-17
-19
-21
-22
-22
-21
-19
-18
-21
-21
-23
-24
-25
-25
-23
-20
-18
-20
-19
-20
-19
-20
-21
-21
-20
-20
-20
-19
-23
-26
-26
-25
-23
-21
-21
-22
-22
-23
-23
-24
-27
-27
-28
-29
-28
-26
-25
-26
-27
-28
-27
-26
-24
-24
-23
-22
-22
-23
-25
-26
-27
-25
-23
-20
-19
-21
-23
-23
-25
-26
-27
-27
-27
-25
-23
-23
-24
-25
-25
-25
-25
-26
-28
-27
-27
-26
-25
-25
-25
-27
-27
-27
-27
-25
-27
-29
-28
-25
-27
-29
-30
-31
-29
-29
-29
-32
-32
-31
-31
-33
-33
-32
-32
-33
-33
-32
-31
-28
-25
-26
-27
-29
-29
-28
-26
-27
-26
-26
-26
-24
-24
-26
-26
-25
-24
-24
-25
-27
-27
-27
-25
-24
-23
-22
-22
-22
-21
-22
-24
-24
-26
-25
-23
-21
-23
-23
-23
-23
-22
-23
-25
-26
-26
-24
-24
-26
-28
-29
-29
-27
-27
-30
-31
-31
-29
-29
-32
-32
-32
-31
-30
-30
-30
-31
-32
-32
-31
-32
-30
-29
-26
-27
-31
-33
-34
-32
-31
-33
-33
-34
-30
-29
-29
-30
-32
-32
-31
-30
-30
-30
-32
-33
-34
-33
-32
-30
-31
-32
-31
-30
-29
-30
-33
-33
-32
-32
-31
-33
-34
-34
-33
-33
-34
-36
-36
-32
-31
-36
-37
-38
-35
-33
-35
-37
-39
-41
-40
-38
-39
-40
-37
-34
-33
-33
-36
-39
-40
-40
-41
-41
-42
-41
-42
-40
-39
-40
-41
-45
-49
-47
-46
-44
-44
-44
-45
-46
-46
-46
-46
-47
-47
-46
-45
-46
-46
-46
-46
-45
-43
-42
-40
-41
-43
-46
-46
-43
-41
-40
-41
-43
-46
-46
-48
-47
-45
-45
-44
-44
-44
-45
-47
-48
-45
-45
-46
-46
-48
-46
-44
-45
-48
-49
-49
-46
-47
-47
-47
-47
-46
-46
-46
-45
-44
-42
-45
-46
-44
-42
-42
-45
-48
-47
-42
-39
-38
-38
-37
-36
-35
-36
-33
-33
-34
-35
-36
-38
-37
-35
-35
-35
-33
-33
-34
-33
-32
-28
-27
-31
-31
-31
-29
-28
-30
-28
-27
-26
-25
-24
-26
-27
-27
-26
-24
-24
-23
-25
-23
-24
-24
-25
-24
-21
-18
-21
-23
-25
-23
-22
-23
-24
-25
-25
-26
-23
-21
-21
-21
-21
-22
-24
-25
-26
-26
-26
-26
-28
-29
-28
-27
-26
-25
-26
-27
-28
-29
-28
-28
-27
-29
-27
-26
-25
-24
-24
-27
-30
-28
-26
-27
-26
-24
-22
-25
-25
-25
-23
-20
-21
-25
-28
-28
-25
-23
-22
-22
-23
-25
-24
-23
-22
-23
-24
-25
-23
-20
-21
-21
-24
-24
-24
-23
-23
-23
-22
-23
-26
-27
-26
-24
-25
-26
-25
-23
-24
-24
-24
-25
-24
-22
-22
-22
-24
-24
-23
-22
-19
-15
-16
-19
-19
-20
-19
-17
-18
-20
-20
-19
-18
-18
-19
-18
-18
-18
-17
-16
-17
-16
-16
-17
-16
-13
-12
-12
-14
-15
-16
-16
-15
-14
-13
-14
-15
-15
-16
-19
-19
-20
-19
-20
-21
-19
-18
-17
-19
-22
-22
-22
-21
-21
-23
-23
-23
-24
-24
-22
-21
-20
-20
-21
-20
-21
-22
-22
-23
-23
-21
-22
-23
-25
-23
-22
-20
-21
-22
-24
-24
-21
-21
-22
-25
-24
-23
-22
-25
-26
-25
-22
-22
-23
-24
-25
-24
-24
-23
-24
-25
-25
-26
-26
-25
-21
-23
-25
-27
-26
-27
-26
-27
-26
-24
-22
-19
-19
-19
-21
-22
-22
-23
-23
-21
-23
-23
-23
-21
-21
-21
-24
-24
-21
-19
-20
-21
-20
-22
-21
-21
-22
-20
-20
-20
-19
-20
-22
-20
-20
-22
-23
-23
-20
-19
-18
-17
-16
-15
-15
-15
-16
-17
-20
-22
-22
-22
-21
-20
-20
-21
-21
-19
-18
-19
-19
-19
-18
-17
-18
-17
-18
-20
-20
-21
-22
-21
-22
-23
-24
-23
-24
-23
-23
-25
-24
-24
-23
-21
-20
-21
-23
-24
-23
-25
-24
-25
-26
-24
-25
-24
-26
-27
-27
-28
-28
-27
-27
-27
-25
-24
-25
-25
-23
-24
-23
-23
-23
-25
-25
-24
-25
-26
-26
-25
-25
-25
-24
-25
-25
-24
-24
-25
-21
-22
-23
-23
-23
-22
-22
-22
-23
-24
-23
-23
-25
-24
-23
-23
-23
-23
-23
-23
-24
-26
-26
-27
-28
-28
-26
-26
-23
-26
-28
-32
-30
-26
-24
-25
-27
-28
-25
-24
-23
-25
-26
-26
-26
-25
-24
-24
-26
-28
-30
-28
-25
-27
-28
-29
-29
-28
-29
-29
-31
-31
-30
-30
-31
-31
-32
-31
-30
-28
-27
-30
-31
-30
-30
-29
-29
-31
-30
-29
-28
-29
-33
-34
-32
-30
-29
-30
-31
-28
-27
-27
-30
-31
-33
-32
-29
-28
-27
-29
-30
-29
-30
-31
-32
-33
-32
-29
-30
-29
-29
-33
-35
-36
-36
-34
-33
-31
-31
-33
-34
-35
-35
-34
-33
-32
-32
-34
-36
-38
-36
-34
-29
-29
-31
-33
-33
-34
-35
-35
-36
-33
-33
-35
-37
-38
-37
-33
-31
-33
-37
-36
-35
-35
-35
-36
-37
-36
-36
-38
-38
-35
-32
-31
-33
-35
-37
-37
-35
-37
-39
-39
-36
-35
-36
-38
-40
-40
-39
-39
-40
-40
-40
-41
-42
-41
-39
-38
-40
-43
-44
-45
-44
-42
-44
-47
-44
-41
-39
-40
-43
-45
-46
-45
-46
-47
-48
-48
-45
-43
-41
-41
-43
-44
-44
-46
-44
-43
-44
-44
-45
-46
-46
-46
-45
-43
-44
-46
-47
-46
-45
-45
-46
-46
-47
-46
-45
-44
-45
-46
-47
-48
-45
-44
-43
-44
-45
-46
-48
-49
-49
-45
-44
-45
-48
-47
-48
-44
-44
-48
-47
-46
-47
-49
-48
-48
-46
-46
-49
-49
-47
-45
-47
-49
-49
-46
-46
-44
-45
-44
-45
-44
-42
-41
-44
-47
-46
-44
-42
-41
-44
-46
-44
-44
-42
-43
-42
-43
-42
-39
-38
-38
-39
-39
-38
-38
-37
-37
-37
-35
-35
-37
-36
-37
-36
-36
-37
-41
-41
-38
-37
-36
-38
-37
-35
-35
-36
-36
-37
-37
-35
-36
-37
-37
-35
-35
-36
-36
-36
-35
-36
-36
-34
-34
-37
-37
-35
-34
-34
-34
-37
-38
-35
-34
-34
-32
-32
-32
-34
-35
-35
-34
-35
-34
-34
-33
-33
-37
-40
-40
-38
-36
-37
-39
-39
-40
-40
-38
-37
-38
-40
-37
-35
-32
-31
-34
-37
-37
-36
-36
-37
-37
-36
-35
-32
-33
-32
-32
-31
-31
-32
-34
-34
-32
-32
-34
-34
-33
-33
-32
-32
-32
-34
-33
-32
-31
-32
-32
-32
-33
-31
-31
-32
-32
-30
-32
-29
-27
-27
-29
-32
-32
-29
-27
-26
-26
-27
-26
-26
-24
-21
-21
-24
-24
-25
-24
-23
-25
-26
-26
-25
-23
-24
-26
-28
-26
-26
-24
-24
-26
-27
-27
-25
-24
-22
-22
-23
-25
-26
-26
-26
-29
-28
-27
-23
-22
-23
-22
-23
-23
-22
-23
-23
-25
-26
-27
-27
-25
-24
-25
-26
-27
-28
-27
-26
-25
-26
-27
-27
-28
-28
-28
-26
-28
-29
-28
-26
-25
-29
-29
-29
-27
-26
-25
-27
-29
-32
-34
-33
-31
-29
-29
-29
-31
-31
-29
-29
-28
-25
-25
-26
-25
-25
-25
-25
-26
-27
-26
-25
-24
-26
-27
-28
-30
-29
-29
-29
-27
-26
-27
-25
-25
-26
-28
-29
-29
-28
-24
-23
-25
-24
-24
-23
-21
-22
-23
-22
-21
-20
-20
-20
-21
-23
-25
-24
-23
-23
-24
-25
-25
-27
-26
-25
-25
-26
-26
-27
-27
-24
-23
-24
-26
-24
-25
-24
-26
-28
-31
-30
-28
-28
-28
-28
-27
-24
-23
-24
-23
-25
-24
-25
-24
-22
-21
-23
-24
-26
-24
-22
-20
-19
-21
-22
-23
-22
-22
-24
-23
-23
-22
-20
-20
-21
-22
-24
-24
-22
-22
-21
-21
-20
-20
-22
-22
-23
-22
-21
-22
-22
-21
-21
-17
-16
-17
-17
-17
-17
-15
-15
-16
-16
-15
-14
-12
-13
-13
-12
-11
-10
-8
-8
-10
-11
-12
-11
-10
-7
-8
-9
-11
-14
-11
-11
-11
-13
-13
-13
-11
-8
-6
-7
-10
-11
-12
-11
-11
-10
-10
-9
-8
-11
-11
-9
-7
-6
-4
-4
-6
-5
-3
-5
-6
-6
-7
-7
-7
-6
-7
-8
-10
-11
-10
-9
-8
-10
-12
-11
-9
-8
-9
-12
-12
-10
-8
-8
-8
-7
-6
-5
-5
-7
-6
-3
-1
-2
-4
-6
-7
-8
-9
-12
-12
-11
-9
-8
-7
-7
-8
-8
-9
-12
-12
-9
-7
-6
-9
-12
-12
-14
-11
-9
-8
-9
-11
-14
-15
-13
-13
-11
-10
-10
-11
-12
-12
-11
-10
-10
-11
-12
-10
-7
-5
-4
-5
-4
-4
-5
-5
-5
-3
-1
-2
-4
-5
-6
-6
-4
-4
-5
-3
-2
-4
-5
-8
-8
-7
-7
-7
-7
-7
-7
-8
-7
-6
-7
-7
-9
-8
-9
-8
-10
-10
-9
-8
-8
-8
-10
-12
-15
-13
-9
-6
-7
-10
-13
-13
-12
-12
-12
-10
-8
-6
-5
-7
-7
-8
-9
-8
-6
-6
-6
-4
-5
-6
-6
-7
-7
-9
-8
-7
-7
-7
-10
-10
-10
-10
-7
-6
-7
-9
-9
-8
-8
-6
-5
-4
-7
-9
-11
-10
-8
-8
-8
-10
-8
-8
-8
-8
-10
-8
-7
-6
-6
-8
-9
-8
-7
-7
-7
-8
-8
-10
-10
-8
-6
-7
-8
-10
-14
-13
-11
-7
-7
-9
-11
-10
-8
-9
-11
-11
-11
-11
-10
-9
-9
-11
-10
-7
-7
-6
-7
-7
-4
-2
-3
-3
-6
-7
-7
-8
-8
-9
-8
-8
-7
-6
-5
-5
-7
-7
-4
-4
-7
-6
-5
-3
-1
-2
-4
-6
-7
-5
-2
-4
-7
-9
-5
-3
-3
-4
-5
-3
-4
-4
-5
-9
-11
-12
-9
-8
-9
-8
-9
-10
-8
-6
-7
-6
-7
-5
-6
-5
-6
-6
-3
-2
-4
-5
-6
-5
-1
-1
0
0
0
0
-1
2
2
2
2
0
0
2
1
-1
1
1
1
1
1
0
-1
-1
-3
-3
-1
-3
-4
-5
-1
2
1
0
-2
1
1
-2
-4
-4
-4
-1
0
0
0
0
3
5
5
4
2
0
0
0
0
1
0
1
0
0
2
1
-3
-2
-2
1
1
0
0
-1
0
-1
-2
-4
-3
-3
-1
1
0
-2
-3
-5
-5
-1
1
0
1
1
2
3
4
4
4
6
7
7
5
2
2
2
3
5
5
3
1
1
1
0
-1
-2
-3
-2
-1
-1
-2
-2
-6
-6
-6
-4
-5
-6
-7
-7
-7
-7
-7
-7
-8
-9
-10
-10
-9
-9
-8
-7
-8
-7
-7
-8
-9
-8
-8
-10
-11
-10
-6
-4
-4
-7
-8
-6
-8
-8
-10
-10
-8
-7
-8
-9
-9
-8
-8
-8
-10
-11
-11
-12
-12
-11
-9
-8
-7
-7
-7
-7
-8
-7
-7
-7
-7
-7
-9
-9
-10
-10
-8
-9
-11
-10
-10
-9
-9
-12
-13
-12
-10
-9
-10
-10
-12
-14
-16
-15
-12
-9
-9
-12
-13
-11
-11
-10
-12
-13
-11
-9
-8
-9
-8
-8
-7
-7
-6
-7
-6
-4
-3
-3
-5
-6
-7
-4
-3
-2
-4
-4
-3
-3
-3
-5
-6
-4
-2
-2
-2
-2
-2
-2
-3
-3
-3
-3
-3
-4
-5
-6
-2
-3
-3
-2
-3
-4
-4
-3
-5
-4
-6
-3
-3
-5
-4
-4
-4
-4
-2
-1
0
-2
-2
-1
-1
-1
-2
-3
-3
-4
-5
-7
-6
-4
-5
-6
-7
-8
-8
-8
-9
-9
-7
-8
-8
-9
-8
-7
-5
-3
-3
-5
-6
-6
-4
-2
0
-3
-2
-3
-2
-2
-1
0
-2
-4
-5
-5
-3
-1
-1
-3
-2
-1
0
-1
-2
-3
-4
-4
-5
-4
-3
-2
-4
-7
-6
-4
-5
-5
-6
-8
-10
-10
-9
-5
-5
-5
-6
-6
-5
-5
-3
-4
-5
-3
-3
-4
-3
-5
-6
-5
-6
-6
-8
-8
-6
-6
-3
-4
-5
-5
-5
-4
-4
-4
-6
-6
-5
-2
-2
-2
-5
-5
-7
-8
-6
-7
-4
-4
-3
-2
-2
-4
-4
-3
-2
-2
-2
-2
-2
-3
-4
-5
-3
-5
-5
-6
-7
-7
-9
-10
-8
-9
-11
-14
-14
-12
-12
-12
-11
-12
-13
-14
-15
-15
-12
-13
-12
-12
-11
-11
-11
-10
-10
-9
-10
-11
-10
-9
-8
-7
-9
-11
-11
-9
-9
-10
-11
-13
-14
-13
-12
-12
-13
-14
-15
-14
-14
-15
-15
-13
-13
-11
-10
-11
-12
-13
-11
-11
-11
-12
-13
-12
-10
-9
-11
-11
-11
-8
-5
-6
-7
-7
-7
-8
-7
-7
-6
-7
-6
-6
-6
-6
-4
-2
-3
-5
-7
-7
-8
-7
-10
-12
-12
-9
-6
-6
-8
-11
-14
-10
-7
-6
-7
-8
-8
-7
-7
-6
-6
-6
-5
-5
-4
-4
-4
-5
-5
-5
-3
-1
-1
-1
0
-1
-2
-1
-3
-4
-4
-6
-5
-6
-5
-5
-7
-7
-7
-5
-2
-3
-3
-4
-4
-3
-3
-5
-5
-4
-4
-5
-7
-7
-4
-1
-2
-4
-6
-6
-4
-2
-3
-3
-3
-1
-1
1
0
-1
0
-1
-2
-3
-5
-6
-5
-4
-4
-3
-1
0
3
0
-2
-3
-2
-1
-2
-3
-3
-2
-2
-2
-1
-2
-1
0
1
0
1
3
5
6
6
5
5
3
4
1
1
2
3
4
2
3
4
3
0
1
1
0
-1
-4
-5
-1
1
4
2
1
-2
-2
-2
-1
-2
-5
-5
-6
-6
-5
-3
-4
-5
-6
-7
-4
-4
-3
-5
-5
-6
-6
-5
-5
-5
-3
-3
-3
-5
-6
-7
-7
-6
-5
-3
-3
-4
-5
-5
-4
-5
-6
-8
-8
-7
-6
-7
-9
-7
-5
-6
-8
-10
-10
-9
-9
-10
-11
-13
-14
-13
-12
-12
-11
-11
-14
-13
-11
-10
-11
-13
-16
-18
-19
-18
-17
-15
-17
-17
-18
-16
-16
-16
-16
-16
-16
-18
-17
-18
-16
-14
-17
-19
-18
-14
-12
-14
-16
-18
-17
-16
-15
-13
-14
-15
-15
-13
-12
-11
-14
-15
-13
-11
-11
-13
-16
-18
-17
-15
-13
-14
-13
-14
-14
-13
-14
-16
-16
-17
-18
-16
-16
-15
-14
-12
-14
-18
-19
-18
-16
-13
-14
-13
-13
-11
-10
-11
-12
-14
-12
-10
-9
-8
-9
-10
-9
-10
-9
-9
-9
-8
-9
-11
-14
-15
-13
-12
-12
-11
-11
-12
-13
-15
-15
-15
-11
-11
-9
-9
-11
-12
-14
-14
-15
-16
-14
-11
-10
-9
-10
-11
-10
-10
-10
-10
-9
-7
-4
-3
-2
-2
-4
-3
-5
-6
-8
-7
-8
-8
-9
-10
-10
-10
-9
-9
-6
-7
-8
-10
-12
-13
-12
-13
-13
-10
-11
-10
-11
-14
-15
-14
-15
-15
-12
-10
-10
-10
-10
-9
-8
-8
-7
-5
-4
-4
-6
-7
-8
-7
-6
-6
-7
-10
-11
-10
-8
-6
-5
-5
-7
-7
-6
-7
-8
-7
-8
-9
-7
-7
-8
-8
-8
-7
-7
-6
-8
-12
-11
-10
-7
-7
-6
-6
-6
-3
-4
-4
-7
-7
-7
-6
-5
-4
-7
-6
-6
-8
-8
-9
-10
-8
-8
-11
-10
-9
-9
-9
-11
-11
-10
-10
-10
-10
-10
-12
-12
-12
-12
-12
-12
-11
-10
-9
-11
-12
-11
-9
-6
-9
-12
-13
-13
-13
-14
-13
-11
-8
-10
-10
-11
-11
-10
-10
-12
-12
-13
-12
-11
-11
-12
-12
-11
-12
-12
-12
-13
-12
-13
-13
-13
-12
-10
-11
-11
-10
-10
-12
-13
-13
-13
-13
-14
-15
-15
-14
-13
-13
-13
-15
-17
-17
-15
-14
-13
-14
-14
-13
-14
-13
-14
-13
-12
-12
-10
-11
-13
-13
-13
-11
-11
-10
-10
-12
-13
-14
-16
-16
-16
-16
-16
-18
-18
-18
-17
-17
-18
-18
-19
-21
-22
-21
-19
-16
-16
-17
-18
-19
-18
-18
-19
-21
-22
-24
-25
-24
-23
-21
-21
-20
-23
-22
-21
-21
-21
-24
-28
-26
-25
-22
-23
-24
-24
-23
-23
-22
-24
-25
-25
-23
-21
-18
-19
-19
-19
-20
-20
-21
-22
-20
-19
-20
-21
-22
-22
-22
-22
-24
-24
-22
-21
-20
-20
-20
-24
-24
-25
-25
-24
-24
-26
-24
-25
-25
-24
-24
-23
-25
-26
-27
-25
-22
-22
-22
-21
-20
-20
-21
-22
-22
-21
-20
-20
-19
-18
-16
-13
-14
-15
-14
-15
-16
-16
-14
-12
-12
-14
-14
-16
-17
-15
-16
-11
-10
-11
-8
-8
-9
-12
-15
-16
-15
-15
-15
-10
-7
-6
-7
-9
-10
-6
-4
-6
-7
-8
-8
-5
-7
-9
-10
-8
-7
-7
-7
-8
-7
-6
-10
-11
-10
-9
-7
-6
-8
-7
-8
-7
-4
-3
-4
-7
-9
-7
-5
-3
-5
-10
-13
-10
-9
-7
-6
-6
-5
-5
-3
-5
-3
-2
-2
-1
-5
-4
-6
-5
-7
-7
-8
-9
-9
-11
-11
-10
-9
-10
-8
-6
-3
-1
-2
-7
-12
-11
-6
-5
-7
-8
-8
-6
-6
-8
-10
-11
-9
-7
-6
-5
-7
-8
-10
-10
-7
-9
-7
-7
-6
-7
-8
-7
-6
-6
-5
-5
-6
-7
-8
-8
-6
-5
-6
-9
-8
-7
-6
-8
-11
-12
-11
-8
-7
-8
-12
-13
-13
-13
-11
-11
-10
-9
-12
-12
-14
-14
-13
-12
-13
-11
-9
-9
-10
-13
-14
-14
-14
-13
-13
-12
-11
-10
-13
-15
-14
-13
-14
-14
-15
-13
-12
-11
-12
-14
-13
-12
-9
-9
-11
-10
-11
-12
-12
-9
-7
-6
-11
-12
-9
-10
-10
-11
-13
-11
-11
-10
-9
-7
-7
-8
-9
-11
-11
-13
-11
-9
-6
-5
-5
-9
-11
-10
-9
-9
-9
-11
-11
-8
-8
-8
-8
-8
-7
-5
-5
-4
-4
-3
-3
-4
-5
-3
0
-1
-2
-3
-4
-1
-1
1
1
0
2
4
3
1
2
2
4
2
0
-1
-1
-1
1
0
-1
0
1
1
1
-1
-3
-3
-2
-1
-1
-4
-6
-4
-1
1
0
-2
-1
-1
-1
-3
-7
-7
-8
-10
-8
-7
-6
-5
-6
-6
-6
-3
-1
-2
-3
-5
-4
-4
-3
-4
-4
-5
-5
-3
-3
-1
1
0
0
0
-1
1
0
-2
-4
-2
-1
1
-1
-4
-3
-3
-3
-4
-3
-1
1
1
-3
-4
-2
0
1
-1
-2
-3
0
0
-2
-3
-2
1
2
1
1
0
1
2
1
-1
-1
1
2
3
4
4
2
3
2
2
4
3
1
1
1
4
4
2
3
3
4
4
3
1
2
4
7
7
8
5
4
6
7
7
9
8
7
9
8
8
9
8
8
9
10
12
12
10
9
10
13
13
12
12
11
13
14
13
12
11
9
8
8
9
11
12
11
11
10
9
9
9
9
8
8
7
9
8
10
10
11
12
11
11
11
11
10
11
15
16
14
13
11
12
14
14
15
15
12
12
11
9
9
10
10
13
12
12
11
7
6
7
9
8
4
3
4
7
6
8
8
6
6
7
5
4
5
5
6
6
3
1
1
1
1
3
5
9
7
6
5
4
5
3
2
4
6
5
3
2
3
4
4
3
2
2
2
2
2
3
1
-1
0
0
2
1
-2
0
1
3
4
1
-1
-1
2
3
2
0
-1
-4
-2
-1
-3
-2
-1
0
-1
-3
-4
-2
0
0
-3
-3
0
-1
-3
-5
-6
-4
-3
-5
-6
-7
-6
-6
-7
-7
-7
-7
-6
-7
-6
-7
-9
-11
-10
-9
-8
-7
-9
-10
-11
-10
-10
-10
-10
-12
-12
-10
-11
-11
-9
-10
-10
-10
-10
-9
-9
-10
-11
-10
-9
-9
-9
-10
-10
-10
-9
-8
-9
-11
-12
-11
-10
-10
-9
-9
-7
-5
-7
-7
-8
-9
-10
-10
-9
-8
-9
-10
-10
-8
-7
-5
-5
-4
-3
-1
0
-3
-7
-8
-6
-6
-4
-4
-3
-3
-3
-2
-5
-4
-4
-1
0
-2
-3
-4
0
3
3
3
0
0
1
2
0
0
-1
-1
0
1
2
5
5
4
4
2
2
1
1
2
3
3
4
4
2
2
4
4
4
3
3
4
5
6
4
7
8
9
8
8
5
5
5
6
8
10
10
9
7
7
9
8
9
7
5
5
5
6
7
9
10
10
9
7
7
8
9
10
9
7
9
7
6
4
4
2
2
3
5
3
3
2
3
3
3
3
2
1
2
2
1
1
1
2
3
6
8
8
7
4
4
6
9
10
9
6
8
10
11
10
9
7
8
7
8
8
7
8
8
8
6
5
6
8
9
8
7
9
8
10
7
5
2
2
7
9
8
6
6
6
6
5
4
5
6
7
7
6
7
8
10
10
8
8
9
11
12
11
12
12
10
9
12
13
11
11
10
8
7
9
12
15
14
12
9
6
6
6
8
8
7
9
12
11
10
5
4
5
5
8
9
8
7
6
3
3
2
2
0
1
2
2
4
4
4
4
2
0
2
4
4
5
5
5
5
5
4
5
6
3
5
5
5
7
7
7
10
9
8
7
7
9
8
8
9
8
8
7
6
6
6
7
6
6
4
5
7
9
11
10
6
6
6
7
7
6
6
6
7
10
11
8
5
4
3
5
7
8
9
8
6
4
2
0
1
0
0
1
1
0
-1
0
-1
-3
-3
-4
-4
-6
-7
-10
-10
-9
-6
-6
-9
-12
-11
-9
-8
-8
-8
-8
-9
-9
-11
-12
-11
-10
-9
-8
-8
-10
-9
-7
-4
-2
-2
-1
0
1
1
1
1
1
2
5
5
4
5
5
7
8
9
11
10
11
9
8
7
10
12
16
17
18
20
19
20
19
20
22
23
23
25
26
27
26
26
27
30
32
32
31
30
30
30
31
30
31
31
32
34
34
34
32
32
29
27
27
26
26
26
27
28
27
26
24
21
22
19
19
19
20
18
16
12
13
11
12
11
10
8
8
7
8
5
2
1
-2
-1
0
2
3
1
-1
1
1
2
-4
-7
-7
-4
-1
0
1
2
1
2
4
4
3
3
4
5
7
8
12
14
15
14
15
15
17
18
19
22
25
28
30
33
35
38
43
44
47
48
51
53
56
57
61
62
61
63
65
66
67
68
72
75
79
82
82
82
80
80
81
81
79
77
76
75
73
74
71
69
69
65
63
60
59
57
53
47
46
43
41
37
32
26
24
19
13
8
4
0
-6
-15
-20
-24
-30
-33
-38
-42
-47
-48
-51
-57
-60
-64
-64
-68
-73
-75
-77
-80
-82
-86
-85
-88
-87
-90
-92
-91
-89
-86
-83
-78
-71
-64
-53
-44
-33
-21
-11
2
15
23
32
40
51
63
74
83
88
93
99
105
111
115
117
120
123
128
130
133
133
134
137
143
147
147
144
139
133
129
129
127
122
119
118
117
113
107
102
101
98
99
99
102
101
99
99
100
101
100
98
95
92
92
91
85
78
69
64
58
50
42
34
23
15
4
-4
-13
-27
-34
-43
-52
-62
-75
-87
-99
-107
-117
-126
-137
-146
-156
-165
-175
-183
-190
-194
-196
-200
-201
-199
-188
-166
-139
-116
-98
-88
-77
-61
-41
-16
6
30
49
70
88
98
107
111
114
127
137
145
149
147
151
156
161
158
151
145
140
134
128
120
111
100
90
79
67
53
40
27
15
6
-5
-8
-11
-11
-10
-8
-3
2
5
14
23
35
49
59
71
79
94
108
117
123
126
129
137
145
152
156
159
163
165
167
162
161
157
155
152
148
146
143
137
129
121
113
105
97
89
82
74
66
58
50
38
26
14
5
-4
-10
-17
-28
-39
-49
-59
-67
-75
-88
-98
-109
-119
-125
-137
-144
-151
-157
-161
-170
-174
-181
-180
-168
-143
-119
-104
-98
-90
-82
-69
-52
-33
-17
0
11
29
43
51
56
56
58
66
74
82
86
90
99
104
107
106
103
100
95
90
83
74
67
59
55
49
39
24
11
3
-3
-6
-5
-3
2
8
18
28
40
49
56
67
75
90
105
121
132
142
151
165
175
180
181
184
188
196
203
207
207
207
205
204
197
188
179
171
166
161
154
145
135
121
109
94
78
63
52
41
30
19
4
-12
-28
-39
-48
-58
-69
-84
-100
-110
-121
-133
-144
-159
-170
-183
-190
-205
-212
-225
-230
-235
-238
-241
-246
-238
-220
-187
-156
-136
-127
-118
-110
-90
-67
-42
-20
-2
15
35
52
62
66
64
72
84
98
108
114
118
126
133
139
137
135
133
125
119
112
105
94
84
77
66
51
36
17
4
-5
-9
-9
-9
-10
-4
5
17
29
34
39
47
57
77
93
110
122
133
146
155
162
164
165
172
178
191
204
207
210
205
204
205
202
198
190
180
180
181
180
174
160
146
133
123
110
95
80
68
56
50
38
21
-2
-16
-25
-32
-41
-54
-72
-87
-99
-110
-115
-128
-142
-157
-171
-184
-195
-212
-226
-236
-241
-244
-249
-253
-246
-218
-186
-158
-142
-136
-131
-116
-95
-61
-42
-21
-10
12
33
46
54
56
57
70
82
96
107
111
123
132
140
141
139
136
129
122
121
114
101
84
71
66
56
40
18
2
-7
-11
-14
-15
-18
-16
-7
9
25
39
41
46
53
70
91
105
118
129
147
167
178
183
183
182
191
203
220
227
229
231
233
235
232
225
215
205
203
207
205
199
185
169
157
150
140
126
110
97
87
82
70
52
31
14
3
-5
-15
-31
-47
-67
-75
-92
-98
-116
-129
-144
-153
-167
-184
-198
-218
-230
-236
-242
-243
-243
-241
-213
-184
-152
-139
-129
-126
-111
-90
-59
-36
-12
3
24
50
65
79
81
85
100
114
129
144
146
160
174
182
189
188
186
183
174
168
160
145
132
115
109
96
76
52
30
14
4
-3
-2
-2
-1
3
10
24
32
35
37
42
49
72
91
111
125
138
154
165
173
177
180
189
202
222
240
243
246
243
246
248
245
240
233
230
232
230
229
218
208
197
189
181
166
148
134
123
116
105
90
71
51
36
25
13
-7
-27
-45
-59
-74
-91
-107
-122
-138
-158
-175
-200
-221
-244
-252
-262
-260
-268
-265
-263
-234
-202
-169
-155
-144
-136
-117
-92
-61
-32
-7
11
32
61
75
91
91
96
112
128
146
160
166
179
192
202
208
205
203
197
190
180
171
153
135
114
100
84
60
29
1
-16
-30
-36
-38
-42
-48
-44
-36
-18
-11
-10
-11
-5
10
37
53
73
87
104
126
140
149
149
156
170
191
215
232
237
244
246
254
258
253
245
240
240
241
240
236
227
213
202
192
180
164
148
131
120
111
98
82
64
46
33
23
11
-10
-36
-62
-75
-88
-95
-110
-128
-145
-168
-190
-213
-235
-252
-260
-261
-262
-261
-263
-253
-217
-187
-159
-145
-139
-118
-100
-66
-30
-10
15
28
53
76
87
97
94
101
119
136
151
156
164
180
191
202
204
202
200
195
184
180
169
148
131
109
95
76
49
23
1
-13
-22
-30
-30
-34
-32
-26
