131
148
190
229
260
289
334
381
415
435
461
489
503
482
441
385
326
232
133
26
-52
-134
-210
-286
-342
-377
-417
-449
-475
-481
-473
-483
-488
-496
-480
-465
-441
-404
-321
-173
6
189
354
508
663
776
833
809
761
702
625
491
330
190
88
-17
-134
-241
-290
-306
-324
-357
-362
-324
-270
-229
-185
-125
-49
8
55
101
164
222
264
285
307
321
331
319
283
225
161
98
30
-57
-151
-224
-263
-300
-340
-364
-338
-291
-248
-215
-152
-67
12
55
99
163
250
306
343
386
453
521
563
587
614
645
648
617
564
505
444
368
290
220
162
116
86
71
76
92
120
163
216
267
315
356
391
426
448
463
463
446
415
372
310
235
143
61
-24
-97
-182
-263
-328
-378
-412
-445
-451
-464
-454
-457
-447
-434
-424
-404
-390
-359
-320
-260
-161
-18
134
279
401
536
664
746
734
682
628
592
507
351
189
80
-5
-107
-243
-328
-353
-352
-375
-399
-382
-315
-261
-217
-165
-95
-26
36
85
134
178
219
248
270
280
281
267
240
190
128
68
18
-50
-132
-209
-253
-277
-300
-330
-336
-311
-263
-222
-176
-116
-29
48
111
169
235
299
354
392
433
478
525
559
577
587
590
579
540
481
410
345
282
215
146
88
57
53
60
67
77
110
161
215
256
290
325
362
395
416
420
413
386
357
319
274
202
119
20
-61
-153
-236
-323
-386
-431
-457
-484
-503
-503
-483
-462
-438
-415
-376
-337
-296
-263
-222
-181
-117
-29
84
192
294
378
473
547
594
575
534
479
430
337
212
78
-19
-109
-201
-307
-365
-385
-385
-399
-399
-367
-310
-261
-209
-151
-71
-5
46
86
131
161
181
178
175
160
143
113
85
45
5
-36
-74
-124
-171
-209
-231
-249
-264
-274
-263
-236
-197
-155
-96
-24
55
128
203
275
343
397
443
484
513
520
511
494
478
452
416
367
324
282
247
209
176
152
132
118
108
103
104
114
128
151
177
213
250
283
309
330
349
357
358
343
322
297
266
216
142
59
-29
-106
-188
-266
-336
-386
-415
-426
-424
-407
-380
-336
-291
-233
-200
-155
-143
-117
-118
-112
-126
-130
-144
-127
-79
1
81
153
228
311
388
414
393
348
313
275
190
70
-42
-114
-176
-254
-334
-372
-373
-369
-375
-367
-314
-243
-180
-133
-72
-16
29
45
53
53
60
61
51
27
10
3
9
-1
-25
-45
-43
-38
-56
-89
-105
-101
-106
-131
-146
-125
-91
-63
-35
21
106
185
241
292
346
399
424
422
408
394
367
328
287
253
237
223
214
203
206
211
223
227
220
209
201
196
182
166
150
143
140
136
138
147
165
182
196
210
221
222
212
193
177
150
112
62
23
-16
-55
-112
-159
-203
-218
-240
-241
-245
-216
-198
-168
-163
-147
-150
-148
-168
-187
-217
-248
-279
-316
-331
-343
-316
-278
-199
-112
-9
78
173
246
301
311
298
271
244
190
104
4
-66
-124
-184
-266
-321
-347
-339
-357
-367
-364
-319
-277
-230
-194
-146
-108
-72
-44
-21
-9
-2
3
11
15
19
29
47
55
60
66
87
93
78
53
47
49
32
-4
-26
-11
11
21
28
64
117
159
183
216
259
292
300
292
288
284
267
235
209
196
192
187
189
196
206
212
214
207
198
182
160
134
114
91
69
47
34
30
33
38
42
49
70
99
123
135
140
152
172
183
179
162
158
153
145
118
81
44
13
-26
-68
-111
-148
-180
-207
-227
-247
-262
-287
-305
-325
-332
-345
-356
-373
-370
-372
-359
-358
-332
-291
-217
-147
-71
-3
78
146
201
218
225
223
212
178
109
30
-38
-103
-185
-267
-331
-363
-385
-404
-408
-387
-342
-302
-261
-208
-146
-88
-44
-4
31
65
89
114
132
153
164
184
200
215
210
212
204
196
164
133
109
89
56
29
14
21
26
28
37
61
92
114
124
138
160
181
196
205
213
214
204
197
193
184
166
148
132
120
97
76
59
51
44
34
27
26
30
31
35
44
57
68
78
88
98
111
129
153
174
188
200
216
229
233
227
218
203
183
149
113
77
30
-21
-78
-130
-187
-240
-299
-336
-358
-371
-378
-385
-366
-353
-328
-325
-310
-306
-286
-287
-279
-276
-277
-275
-282
-273
-249
-218
-167
-129
-78
-32
20
62
85
89
97
91
80
33
-16
-64
-108
-164
-218
-259
-281
-289
-296
-285
-256
-205
-147
-80
-9
63
121
174
209
234
243
234
218
195
164
138
113
100
86
81
85
99
101
105
110
122
126
115
96
80
61
38
14
0
-2
-3
-7
-3
19
46
74
99
125
143
156
156
148
141
126
107
86
66
47
37
29
29
26
36
53
79
96
113
133
159
169
170
167
164
164
155
139
133
126
114
100
92
92
91
75
53
28
16
-6
-36
-70
-105
-131
-159
-190
-222
-252
-271
-296
-306
-328
-322
-330
-317
-321
-304
-293
-278
-270
-267
-248
-233
-225
-245
-256
-272
-272
-293
-303
-299
-267
-220
-175
-121
-61
4
62
111
153
192
219
216
198
165
139
93
44
-26
-63
-104
-119
-153
-163
-160
-125
-90
-45
-2
53
102
146
173
184
183
179
161
137
105
80
62
49
37
36
42
62
72
84
100
123
131
124
104
89
68
40
7
-23
-41
-48
-50
-46
-30
-4
29
59
86
119
148
175
191
205
210
212
194
171
140
112
79
44
12
-5
-10
-13
-7
4
27
54
79
91
102
108
106
91
67
40
13
-13
-39
-58
-66
-63
-59
-49
-35
-19
-3
-1
-4
-20
-43
-74
-109
-146
-179
-216
-242
-264
-272
-276
-272
-264
-246
-229
-208
-189
-172
-158
-158
-152
-166
-167
-183
-183
-198
-192
-210
-202
-206
-194
-176
-145
-103
-57
-14
34
76
119
149
168
177
189
177
160
126
106
72
42
-1
-24
-48
-55
-71
-70
-60
-37
-14
12
35
60
73
81
83
70
52
28
8
-3
-16
-23
-20
-4
18
44
70
106
136
153
158
161
159
146
122
98
75
56
41
30
26
32
43
60
75
92
103
110
110
104
91
74
50
24
0
-24
-41
-58
-70
-77
-77
-69
-59
-46
-30
-8
9
18
24
29
32
26
13
0
-11
-21
-36
-52
-61
-64
-60
-62
-58
-53
-45
-38
-31
-32
-31
-31
-33
-42
-55
-67
-77
-94
-108
-120
-120
-121
-122
-127
-115
-108
-94
-99
-91
-90
-88
-98
-115
-125
-138
-149
-169
-180
-185
-183
-185
-188
-192
-187
-187
-177
-161
-141
-107
-75
-31
7
46
79
112
141
166
189
192
190
177
159
135
102
52
7
-37
-64
-94
-120
-140
-136
-119
-91
-64
-30
5
43
70
86
100
111
114
111
98
87
84
80
75
74
75
84
87
86
86
90
88
79
62
45
26
2
-22
-46
-62
-72
-77
-79
-77
-68
-53
-39
-23
-8
12
24
31
32
34
34
31
21
12
5
-2
-17
-32
-47
-63
-79
-93
-103
-108
-106
-97
-86
-67
-43
-16
9
32
52
71
80
82
77
69
59
45
30
11
-4
-18
-31
-43
-54
-65
-79
-95
-110
-127
-141
-152
-167
-176
-182
-178
-169
-160
-149
-139
-121
-112
-99
-97
-89
-87
-87
-85
-79
-76
-77
-83
-94
-99
-116
-121
-135
-122
-116
-90
-76
-44
-19
12
36
62
87
105
117
116
118
109
98
74
53
26
7
-12
-31
-44
-56
-54
-44
-28
-11
4
15
30
38
44
44
34
23
1
-23
-44
-70
-95
-110
-117
-112
-104
-93
-68
-40
-12
11
30
47
55
58
52
43
32
15
-4
-15
-26
-34
-42
-50
-50
-50
-44
-40
-33
-22
-10
-3
3
1
4
1
-4
-11
-23
-29
-38
-46
-49
-42
-33
-21
-6
14
33
49
65
73
81
78
65
44
23
-3
-34
-61
-82
-100
-117
-132
-141
-140
-138
-133
-132
-128
-126
-125
-127
-127
-123
-117
-114
-106
-100
-89
-80
-70
-66
-62
-55
-53
-54
-63
-68
-77
-84
-97
-113
-126
-142
-160
-178
-187
-191
-184
-174
-151
-124
-83
-46
-6
29
68
101
125
143
149
149
143
121
91
54
13
-23
-66
-107
-140
-166
-172
-173
-164
-148
-121
-94
-69
-50
-30
-23
-25
-35
-50
-55
-73
-93
-110
-117
-115
-104
-95
-74
-50
-22
1
19
34
49
53
53
46
41
34
17
3
-12
-24
-31
-35
-32
-26
-18
-9
3
18
35
48
52
56
56
54
44
27
11
-4
-18
-35
-53
-67
-74
-78
-80
-83
-81
-70
-59
-45
-34
-24
-16
-9
-7
-9
-14
-19
-30
-43
-53
-62
-67
-72
-79
-84
-89
-96
-101
-107
-106
-104
-98
-100
-99
-100
-97
-100
-99
-98
-95
-89
-84
-77
-71
-68
-66
-69
-71
-68
-75
-80
-98
-108
-120
-131
-147
-160
-164
-154
-143
-121
-103
-81
-57
-34
-13
2
12
25
26
26
11
2
-14
-32
-56
-74
-94
-104
-122
-126
-120
-107
-95
-82
-61
-35
-13
5
12
15
17
9
-7
-19
-32
-41
-57
-68
-72
-67
-61
-47
-34
-9
12
37
57
73
90
101
111
112
111
102
96
83
74
61
49
38
33
28
27
23
18
15
13
12
6
-1
-6
-14
-20
-31
-37
-40
-38
-34
-30
-26
-16
-6
3
9
13
16
18
17
14
8
3
0
-8
-15
-22
-28
-33
-44
-53
-65
-71
-76
-80
-78
-76
-74
-75
-77
-77
-78
-83
-89
-93
-93
-87
-88
-90
-93
-93
-100
-106
-115
-121
-127
-133
-145
-149
-155
-155
-157
-155
-150
-137
-124
-111
-96
-77
-57
-39
-25
-13
-1
5
10
11
7
0
-8
-20
-30
-46
-59
-67
-76
-80
-82
-79
-77
-70
-55
-37
-18
-4
4
12
18
20
20
16
13
12
9
7
6
11
20
30
39
50
55
63
64
66
65
62
57
49
43
36
32
29
26
26
24
26
29
32
35
35
36
37
37
38
38
42
42
42
38
33
28
22
13
6
-1
-8
-14
-18
-21
-26
-31
-32
-30
-29
-26
-25
-23
-23
-20
-19
-20
-22
-21
-15
-8
-4
-1
-1
-2
-8
-17
-37
-52
-73
-87
-111
-127
-142
-156
-168
-179
-186
-189
-188
-187
-185
-180
-170
-164
-156
-149
-141
-133
-126
-121
-116
-109
-103
-94
-93
-90
-83
-78
-71
-70
-64
-62
-55
-56
-59
-58
-59
-61
-62
-62
-61
-60
-59
-58
-58
-57
-47
-40
-33
-28
-23
-17
-8
-1
10
16
24
27
29
34
33
32
26
20
17
14
8
4
2
5
7
12
17
19
24
30
29
31
30
35
34
36
35
38
39
43
44
50
53
55
57
61
62
63
55
50
46
42
34
21
6
-6
-15
-20
-30
-38
-48
-51
-51
-50
-45
-41
-36
-30
-25
-25
-24
-26
-31
-37
-42
-45
-51
-57
-63
-69
-75
-82
-88
-93
-100
-107
-116
-120
-122
-127
-133
-141
-148
-155
-161
-166
-171
-174
-174
-168
-164
-158
-151
-141
-131
-120
-113
-105
-100
-99
-94
-93
-93
-95
-98
-101
-101
-99
-100
-100
-96
-92
-87
-80
-75
-69
-64
-58
-53
-45
-41
-35
-28
-26
-23
-21
-20
-19
-17
-16
-16
-14
-16
-17
-16
-12
-8
-9
-8
-10
-8
-8
-9
-7
-4
4
12
19
22
31
35
38
38
41
42
41
35
34
36
39
38
34
34
34
39
40
37
34
30
27
25
23
19
19
15
14
15
17
17
18
14
10
4
-1
-7
-16
-25
-33
-43
-52
-59
-64
-67
-70
-77
-86
-89
-95
-101
-107
-113
-120
-128
-133
-135
-135
-135
-135
-135
-130
-123
-117
-114
-110
-107
-106
-105
-108
-110
-115
-121
-129
-136
-141
-145
-149
-151
-154
-153
-153
-153
-153
-149
-146
-144
-141
-139
-137
-131
-124
-115
-108
-94
-85
-74
-66
-62
-54
-51
-45
-48
-50
-53
-57
-58
-60
-62
-60
-62
-64
-64
-67
-64
-66
-66
-64
-60
-50
-44
-34
-27
-18
-8
0
6
13
17
21
20
16
14
10
8
5
4
2
5
3
7
11
13
14
12
7
7
7
7
4
2
-1
-3
-3
0
-1
-1
1
3
9
13
13
11
11
10
7
1
-7
-15
-25
-33
-41
-52
-61
-71
-78
-86
-94
-102
-111
-115
-116
-117
-114
-112
-108
-107
-103
-102
-101
-100
-105
-110
-117
-122
-127
-132
-136
-137
-134
-132
-133
-129
-124
-121
-118
-121
-120
-122
-125
-130
-133
-134
-134
-138
-139
-138
-133
-123
-116
-111
-107
-102
-98
-95
-92
-94
-97
-99
-101
-102
-102
-103
-97
-92
-89
-81
-75
-68
-61
-57
-52
-48
-45
-38
-35
-30
-28
-27
-27
-25
-22
-24
-28
-31
-32
-30
-29
-26
-24
-21
-18
-12
-6
3
12
16
18
20
24
22
23
22
22
23
21
21
19
20
23
26
25
22
18
15
12
10
4
-1
-4
-9
-13
-18
-19
-19
-18
-21
-22
-21
-21
-23
-24
-28
-31
-34
-42
-46
-51
-55
-57
-65
-70
-68
-66
-65
-65
-64
-67
-71
-76
-83
-86
-90
-93
-98
-103
-104
-106
-108
-108
-109
-109
-109
-110
-109
-107
-104
-103
-106
-106
-105
-98
-94
-91
-91
-87
-85
-86
-87
-86
-85
-86
-91
-97
-100
-101
-102
-104
-103
-101
-99
-96
-93
-89
-87
-80
-79
-75
-71
-66
-62
-57
-50
-45
-35
-27
-21
-16
-10
-6
-5
-3
-3
-3
-3
-7
-7
-11
-11
-13
-15
-19
-20
-23
-24
-25
-24
-24
-20
-18
-14
-6
2
5
9
13
16
20
25
25
27
28
30
29
25
19
13
8
5
1
-2
-8
-12
-16
-19
-21
-24
-27
-29
-33
-35
-35
-34
-33
-33
-35
-35
-35
-34
-34
-33
-33
-31
-33
-35
-37
-41
-43
-44
-45
-50
-55
-60
-61
-63
-67
-74
-78
-83
-83
-86
-88
-93
-93
-91
-88
-89
-89
-89
-89
-88
-87
-90
-95
-96
-95
-93
-91
-88
-88
-88
-86
-81
-78
-76
-74
-70
-68
-66
-63
-64
-63
-60
-60
-60
-59
-58
-57
-56
-52
-49
-45
-44
-42
-38
-33
-28
-24
-23
-22
-21
-20
-20
-22
-21
-20
-19
-16
-12
-8
-6
-4
-3
-4
-4
-8
-13
-19
-21
-23
-25
-26
-28
-27
-24
-21
-19
-18
-19
-16
-10
-5
-2
-1
2
3
2
1
-3
-5
-7
-8
-12
-15
-18
-22
-24
-24
-25
-25
-26
-27
-30
-34
-36
-39
-44
-47
-51
-50
-47
-48
-49
-53
-52
-49
-45
-46
-49
-52
-49
-47
-48
-52
-51
-48
-46
-47
-51
-52
-53
-55
-58
-61
-64
-67
-74
-81
-87
-86
-89
-91
-95
-97
-94
-90
-88
-87
-84
-80
-76
-74
-71
-65
-62
-62
-62
-65
-61
-55
-52
-51
-49
-47
-46
-46
-45
-44
-42
-41
-40
-38
-36
-33
-30
-29
-27
-25
-24
-21
-19
-20
-20
-23
-27
-32
-33
-34
-35
-36
-38
-37
-33
-28
-24
-21
-18
-15
-16
-18
-20
-20
-21
-23
-26
-27
-26
-23
-25
-22
-22
-19
-18
-18
-15
-15
-20
-26
-27
-25
-21
-21
-21
-19
-17
-14
-14
-14
-16
-15
-14
-14
-16
-16
-20
-23
-27
-28
-30
-32
-35
-33
-32
-31
-34
-37
-38
-38
-39
-40
-41
-45
-47
-48
-48
-49
-55
-60
-61
-59
-58
-56
-59
-59
-55
-50
-48
-48
-50
-49
-46
-47
-47
-49
-52
-53
-49
-48
-51
-52
-51
-50
-51
-47
-43
-42
-42
-41
-40
-38
-37
-37
-36
-37
-32
-33
-33
-32
-31
-31
-31
-30
-28
-27
-25
-23
-21
-19
-19
-20
-21
-21
-19
-20
-19
-20
-18
-16
-14
-14
-17
-17
-17
-14
-16
-19
-21
-21
-20
-19
-18
-15
-14
-11
-13
-13
-10
-9
-11
-14
-14
-14
-16
-20
-24
-28
-28
-28
-29
-31
-31
-30
-30
-29
-28
-26
-24
-24
-26
-26
-26
-29
-31
-33
-35
-36
-35
-36
-35
-31
-30
-29
-29
-29
-29
-28
-30
-36
-39
-40
-43
-44
-46
-47
-48
-50
-54
-54
-53
-54
-55
-55
-56
-55
-54
-53
-52
-48
-45
-46
-43
-41
-38
-36
-36
-37
-38
-39
-37
-38
-39
-37
-34
-32
-29
-26
-24
-22
-22
-22
-20
-20
-20
-23
-24
-24
-25
-25
-24
-22
-21
-24
-26
-26
-27
-26
-30
-35
-37
-37
-33
-31
-31
-31
-31
-30
-27
-26
-24
-22
-22
-20
-21
-19
-18
-19
-19
-19
-19
-22
-24
-25
-23
-22
-26
-30
-31
-31
-30
-28
-27
-27
-29
-29
-27
-25
-23
-22
-21
-21
-20
-21
-20
-19
-20
-24
-27
-30
-32
-32
-34
-35
-34
-33
-34
-34
-33
-31
-29
-29
-30
-31
-32
-34
-35
-36
-39
-39
-41
-39
-37
-37
-35
-36
-39
-40
-38
-39
-39
-39
-39
-37
-35
-36
-37
-38
-38
-40
-40
-40
-40
-41
-40
-37
-33
-29
-26
-26
-25
-22
-18
-16
-17
-16
-13
-12
-10
-9
-8
-4
-2
-1
-2
-3
-2
1
2
1
-3
-8
-10
-12
-14
-18
-18
-16
-13
-13
-12
-13
-14
-15
-16
-17
-15
-12
-12
-12
-12
-14
-17
-18
-16
-15
-13
-11
-11
-10
-8
-6
-6
-9
-9
-10
-13
-15
-14
-13
-14
-14
-16
-18
-18
-16
-15
-15
-12
-12
-13
-11
-13
-13
-14
-14
-11
-13
-16
-19
-21
-22
-25
-29
-33
-35
-38
-37
-36
-36
-33
-29
-26
-23
-21
-23
-24
-24
-24
-24
-24
-23
-26
-30
-34
-34
-31
-27
-22
-23
-23
-22
-21
-22
-23
-23
-22
-19
-19
-19
-17
-13
-8
-5
0
2
4
2
-1
-2
-4
-3
-1
-2
-5
-9
-9
-8
-9
-7
-6
-5
-3
-3
-4
-3
-1
1
2
0
2
3
4
6
10
15
15
13
10
7
7
5
1
1
3
1
-5
-9
-10
-9
-8
-9
-9
-10
-9
-9
-13
-12
-15
-16
-17
-19
-19
-20
-19
-16
-12
-8
-6
-2
-2
0
2
0
-1
-1
-2
-4
-7
-7
-8
-9
-9
-11
-14
-18
-21
-22
-22
-23
-25
-25
-23
-21
-19
-20
-20
-20
-19
-18
-18
-19
-20
-22
-23
-24
-22
-23
-23
-21
-19
-17
-14
-14
-14
-14
-14
-13
-12
-12
-14
-16
-18
-19
-17
-15
-11
-8
-7
-6
-4
-1
3
6
10
12
14
16
16
15
15
14
14
12
8
6
4
2
1
0
-5
-5
-4
-2
-2
0
2
6
7
10
9
9
9
11
12
12
14
13
13
13
15
16
16
15
14
16
15
13
12
10
11
10
11
9
6
4
0
1
2
3
1
1
-1
0
0
-1
0
3
2
1
2
5
8
10
10
9
7
8
7
6
1
0
0
2
1
-3
-6
-6
-4
-2
-1
-1
1
3
2
-1
-1
-3
-1
-2
-3
-2
-3
-3
0
0
0
-1
-3
-1
-1
-1
0
-2
-1
2
4
3
5
5
5
7
9
10
13
16
15
14
14
16
19
20
21
20
19
19
18
17
13
9
8
8
10
7
5
5
7
11
13
13
13
15
18
19
20
19
20
18
18
16
13
14
15
18
16
16
17
17
15
14
12
11
9
8
4
3
3
4
5
4
2
2
5
8
9
8
5
4
5
7
7
5
3
2
2
2
-1
-3
-5
-6
-6
-7
-9
-10
-11
-12
-14
-15
-18
-17
-19
-20
-21
-19
-18
-16
-15
-13
-12
-10
-12
-13
-11
-7
-8
-9
-10
-8
-3
-2
-4
-5
-6
-8
-9
-10
-12
-13
-17
-18
-19
-16
-15
-15
-13
-10
-9
-6
-4
-1
2
3
6
5
4
4
5
6
7
9
9
6
3
1
-2
-6
-7
-11
-12
-12
-10
-7
-7
-5
-4
-1
-1
0
-2
-3
-1
1
2
3
4
3
4
7
10
11
10
10
11
11
10
8
6
0
-1
-4
-7
-5
-5
-5
-5
-4
-3
-2
0
4
5
7
6
5
2
1
1
1
0
-2
-3
-4
-3
-3
-2
-2
-2
-4
-6
-8
-5
-6
-6
-6
-7
-8
-7
-8
-8
-8
-10
-11
-14
-14
-14
-14
-15
-15
-15
-16
-15
-14
-12
-10
-9
-10
-13
-18
-18
-15
-14
-15
-16
-15
-12
-10
-8
-7
-4
0
4
4
3
1
1
0
0
0
-1
0
2
1
1
1
-1
-3
-4
-2
-1
-2
-6
-7
-7
-5
-4
-4
-3
2
5
7
5
4
4
5
5
7
7
7
7
4
2
1
-2
-3
-3
-3
-1
0
-2
-3
-7
-6
-5
-4
-5
-3
-1
1
3
2
1
2
4
6
4
4
1
0
-1
-2
-2
-5
-8
-9
-12
-11
-12
-13
-16
-18
-20
-20
-22
-24
-25
-26
-24
-22
-20
-19
-17
-15
-13
-15
-12
-12
-12
-11
-15
-18
-21
-24
-26
-28
-28
-27
-28
-29
-30
-28
-26
-25
-29
-31
-30
-27
-24
-25
-26
-25
-22
-23
-22
-20
-18
-16
-16
-16
-18
-19
-19
-19
-19
-19
-19
-17
-18
-21
-23
-22
-23
-23
-27
-31
-29
-27
-26
-25
-27
-27
-23
-21
-18
-16
-14
-14
-12
-10
-10
-10
-12
-13
-14
-14
-13
-13
-13
-12
-13
-16
-18
-20
-22
-23
-22
-23
-27
-29
-30
-29
-27
-26
-25
-24
-19
-18
-16
-16
-17
-20
-20
-21
-23
-24
-23
-21
-20
-22
-24
-26
-28
-28
-30
-34
-36
-37
-38
-39
-37
-35
-36
-38
-38
-35
-30
-25
-26
-24
-25
-26
-26
-25
-25
-25
-26
-26
-26
-26
-27
-29
-30
-31
-31
-30
-33
-36
-38
-39
-38
-37
-36
-37
-35
-32
-29
-27
-24
-20
-20
-20
-19
-20
-19
-20
-23
-25
-25
-24
-24
-24
-26
-27
-28
-30
-32
-34
-32
-30
-30
-33
-36
-35
-34
-34
-36
-34
-31
-25
-22
-19
-16
-16
-16
-19
-20
-18
-16
-14
-16
-20
-19
-19
-19
-20
-21
-24
-26
-29
-31
-31
-30
-29
-27
-27
-28
-29
-29
-28
-26
-23
-24
-22
-22
-21
-22
-27
-30
-32
-30
-29
-30
-29
-32
-35
-36
-36
-35
-35
-35
-37
-37
-38
-39
-39
-39
-38
-37
-36
-37
-35
-34
-32
-31
-29
-27
-28
-27
-29
-31
-32
-31
-30
-30
-30
-35
-37
-37
-39
-39
-39
-41
-42
-44
-43
-41
-38
-37
-37
-38
-37
-35
-32
-31
-30
-26
-25
-27
-28
-28
-26
-24
-28
-31
-32
-32
-32
-33
-36
-38
-40
-43
-45
-47
-47
-44
-44
-43
-45
-45
-40
-36
-36
-35
-32
-31
-29
-28
-29
-32
-32
-32
-34
-34
-33
-34
-33
-34
-34
-34
-35
-36
-38
-39
-41
-43
-45
-47
-47
-47
-48
-50
-48
-46
-46
-46
-45
-43
-42
-42
-43
-44
-43
-45
-44
-43
-41
-41
-42
-45
-49
-51
-51
-50
-51
-53
-55
-53
-50
-50
-51
-52
-53
-51
-49
-46
-43
-41
-42
-43
-43
-43
-41
-41
-40
-42
-43
-45
-48
-50
-53
-53
-51
-51
-52
-52
-52
-52
-53
-54
-55
-54
-51
-49
-47
-49
-52
-55
-54
-50
-50
-51
-52
-52
-50
-47
-45
-45
-44
-46
-45
-45
-44
-43
-43
-45
-47
-47
-48
-49
-49
-48
-47
-46
-48
-51
-51
-49
-47
-45
-44
-45
-45
-45
-48
-48
-49
-48
-47
-46
-45
-47
-49
-49
-47
-44
-44
-45
-47
-48
-49
-48
-47
-48
-46
-46
-43
-43
-42
-43
-43
-42
-42
-42
-43
-43
-46
-44
-45
-44
-44
-46
-49
-50
-48
-47
-49
-50
-50
-49
-48
-45
-42
-43
-42
-42
-43
-42
-43
-44
-44
-44
-45
-47
-45
-46
-47
-47
-45
-45
-45
-46
-45
-44
-40
-37
-38
-37
-39
-40
-41
-41
-41
-37
-35
-33
-32
-33
-32
-31
-31
-32
-33
-34
-34
-35
-38
-38
-39
-40
-40
-39
-38
-38
-39
-38
-38
-37
-36
-37
-37
-37
-37
-37
-37
-36
-36
-34
-34
-33
-32
-32
-32
-29
-29
-31
-31
-33
-35
-36
-36
-36
-38
-41
-41
-41
-39
-38
-38
-38
-35
-32
-31
-28
-28
-30
-31
-29
-29
-28
-28
-30
-31
-32
-32
-30
-32
-30
-30
-30
-32
-35
-37
-38
-35
-35
-36
-36
-35
-34
-33
-33
-33
-34
-33
-31
-30
-29
-31
-31
-32
-30
-28
-27
-27
-29
-29
-29
-29
-29
-31
-32
-32
-31
-31
-32
-34
-37
-37
-36
-36
-37
-36
-35
-33
-34
-33
-31
-30
-28
-27
-27
-23
-23
-24
-25
-26
-27
-28
-28
-29
-30
-30
-30
-28
-28
-30
-32
-33
-35
-36
-36
-35
-34
-33
-35
-37
-37
-36
-33
-30
-28
-28
-28
-30
-28
-29
-27
-26
-25
-26
-24
-24
-26
-29
-29
-31
-31
-31
-31
-29
-29
-28
-29
-30
-29
-29
-28
-29
-29
-28
-27
-27
-27
-28
-28
-27
-27
-27
-28
-30
-28
-28
-28
-29
-32
-34
-34
-35
-36
-36
-36
-36
-35
-31
-30
-29
-29
-30
-29
-30
-30
-30
-28
-28
-26
-28
-29
-29
-29
-30
-31
-29
-28
-25
-26
-27
-29
-31
-33
-33
-34
-35
-36
-37
-38
-38
-36
-34
-34
-33
-33
-31
-29
-29
-30
-32
-32
-30
-28
-27
-30
-33
-32
-31
-31
-30
-33
-36
-35
-35
-35
-32
-31
-32
-33
-33
-31
-31
-30
-32
-33
-34
-36
-32
-32
-34
-37
-37
-36
-36
-36
-37
-37
-36
-37
-40
-44
-46
-44
-42
-42
-43
-45
-46
-44
-41
-40
-42
-41
-40
-36
-34
-34
-35
-35
-35
-33
-34
-37
-39
-39
-39
-37
-39
-43
-45
-47
-47
-44
-44
-46
-46
-45
-43
-42
-44
-45
-45
-44
-44
-43
-42
-43
-42
-40
-40
-39
-37
-38
-41
-39
-35
-33
-35
-39
-40
-39
-35
-34
-37
-40
-40
-41
-41
-44
-46
-45
-44
-42
-42
-43
-41
-40
-41
-43
-43
-42
-44
-43
-42
-41
-40
-41
-43
-41
-41
-40
-41
-44
-43
-41
-42
-41
-42
-42
-41
-39
-38
-37
-39
-42
-41
-40
-40
-40
-39
-38
-37
-35
-32
-32
-33
-33
-32
-30
-29
-29
-31
-31
-33
-33
-33
-35
-37
-39
-41
-42
-42
-41
-40
-41
-41
-42
-44
-43
-43
-41
-42
-41
-40
-40
-39
-38
-39
-41
-40
-39
-40
-41
-41
-41
-39
-36
-35
-35
-37
-37
-37
-36
-37
-36
-36
-36
-36
-36
-36
-37
-40
-41
-42
-39
-36
-38
-38
-36
-35
-33
-32
-33
-34
-35
-37
-38
-39
-40
-38
-37
-38
-38
-39
-39
-37
-35
-34
-33
-32
-34
-35
-34
-32
-29
-29
-29
-32
-30
-31
-31
-31
-31
-29
-28
-29
-29
-28
-29
-29
-31
-34
-34
-34
-34
-31
-31
-33
-33
-33
-32
-32
-31
-31
-29
-28
-31
-30
-29
-27
-29
-31
-32
-32
-33
-32
-31
-30
-32
-33
-33
-32
-32
-28
-28
-29
-31
-31
-28
-28
-26
-27
-30
-30
-30
-30
-29
-30
-28
-26
-26
-26
-28
-27
-28
-29
-30
-31
-32
-31
-33
-30
-30
-29
-29
-29
-30
-30
-30
-31
-31
-29
-26
-24
-22
-24
-26
-26
-26
-27
-26
-26
-25
-27
-25
-24
-23
-25
-26
-28
-30
-30
-30
-32
-32
-31
-29
-27
-28
-28
-30
-30
-28
-26
-25
-25
-28
-27
-27
-26
-24
-24
-25
-22
-21
-21
-21
-23
-26
-25
-25
-28
-26
-29
-30
-27
-26
-25
-26
-28
-28
-26
-26
-27
-27
-27
-26
-24
-24
-21
-19
-21
-22
-22
-20
-19
-22
-23
-25
-24
-25
-23
-21
-23
-23
-22
-23
-22
-21
-21
-20
-17
-16
-16
-20
-19
-20
-19
-16
-14
-13
-11
-12
-11
-12
-13
-13
-14
-15
-17
-16
-15
-13
-13
-13
-15
-17
-17
-17
-17
-19
-19
-18
-20
-17
-14
-13
-12
-15
-17
-16
-13
-13
-12
-12
-12
-10
-7
-6
-8
-11
-13
-12
-11
-11
-14
-16
-17
-14
-10
-11
-11
-13
-12
-8
-5
-6
-6
-8
-7
-5
-3
-7
-7
-5
-5
-7
-7
-8
-9
-9
-8
-7
-3
-3
-3
-5
-6
-4
-2
-2
-2
-2
-2
0
1
1
0
-1
0
-1
2
2
1
3
5
7
8
8
7
6
7
8
6
5
5
5
5
4
0
-1
-1
0
-2
0
1
2
3
3
2
2
4
5
5
7
7
7
6
5
4
7
8
8
6
4
1
2
2
2
3
2
1
0
0
1
0
0
3
3
2
4
5
3
2
3
4
4
4
3
4
3
4
5
2
-2
-3
-3
-3
-3
-4
-2
-4
-3
-4
-5
-3
-2
-3
-4
-4
-7
-6
-4
-4
-6
-8
-6
-6
-5
-6
-9
-9
-6
-3
-3
-7
-9
-9
-9
-9
-12
-15
-15
-12
-9
-10
-11
-10
-7
-6
-7
-8
-8
-7
-7
-9
-10
-10
-8
-6
-7
-7
-6
-8
-9
-9
-9
-6
-4
-6
-9
-10
-11
-10
-9
-9
-11
-10
-11
-10
-12
-13
-13
-12
-11
-10
-10
-11
-10
-9
-9
-15
-18
-16
-13
-12
-15
-14
-14
-15
-13
-14
-17
-18
-20
-23
-21
-21
-20
-21
-21
-21
-20
-20
-18
-18
-19
-18
-16
-16
-15
-15
-14
-14
-14
-17
-20
-22
-23
-24
-26
-28
-30
-28
-25
-24
-26
-26
-24
-24
-23
-24
-23
-22
-20
-20
-20
-23
-24
-24
-24
-27
-28
-28
-27
-25
-26
-25
-27
-27
-26
-26
-28
-30
-30
-28
-26
-27
-30
-32
-31
-27
-27
-30
-32
-33
-31
-32
-33
-32
-31
-31
-30
-31
-33
-35
-35
-34
-32
-32
-33
-36
-37
-36
-34
-36
-36
-37
-37
-35
-34
-35
-36
-35
-33
-33
-31
-31
-32
-32
-34
-35
-34
-33
-35
-34
-34
-35
-34
-36
-38
-37
-35
-37
-40
-43
-42
-40
-40
-40
-42
-41
-44
-44
-45
-45
-42
-41
-41
-40
-42
-42
-42
-44
-44
-45
-48
-49
-50
-52
-54
-54
-54
-52
-51
-51
-52
-56
-56
-57
-56
-52
-53
-53
-53
-52
-51
-51
-51
-53
-55
-55
-54
-54
-54
-55
-56
-58
-58
-57
-57
-57
-59
-60
-60
-56
-55
-56
-57
-59
-58
-55
-57
-57
-56
-55
-55
-57
-57
-55
-55
-56
-58
-61
-60
-57
-56
-56
-57
-58
-57
-56
-58
-59
-59
-58
-56
-53
-53
-52
-50
-52
-52
-55
-55
-54
-52
-51
-51
-53
-55
-55
-55
-56
-56
-55
-55
-51
-49
-51
-52
-53
-55
-58
-57
-56
-56
-55
-55
-55
-57
-56
-58
-59
-61
-61
-60
-60
-58
-55
-54
-53
-52
-52
-54
-55
-57
-55
-54
-54
-57
-54
-51
-51
-51
-55
-56
-54
-53
-55
-57
-58
-59
-59
-60
-59
-59
-57
-56
-56
-56
-54
-54
-54
-56
-56
-57
-57
-58
-58
-57
-58
-57
-57
-60
-59
-56
-56
-59
-61
-61
-60
-57
-60
-63
-61
-61
-61
-60
-63
-61
-59
-59
-59
-60
-62
-63
-62
-62
-62
-63
-60
-61
-63
-62
-61
-61
-64
-62
-61
-58
-57
-57
-58
-59
-58
-58
-60
-62
-62
-60
-60
-61
-62
-61
-59
-57
-56
-57
-58
-61
-61
-60
-60
-62
-63
-64
-64
-61
-60
-59
-60
-59
-61
-61
-61
-63
-62
-62
-61
-63
-60
-60
-62
-62
-63
-64
-61
-61
-61
-63
-64
-65
-64
-62
-63
-64
-66
-67
-68
-67
-64
-63
-63
-66
-68
-67
-67
-69
-71
-71
-70
-72
-74
-72
-71
-72
-71
-69
-70
-73
-75
-77
-78
-78
-78
-79
-78
-78
-75
-73
-72
-72
-73
-72
-71
-71
-70
-69
-70
-69
-69
-68
-67
-67
-66
-65
-66
-65
-66
-66
-66
-69
-70
-69
-71
-70
-68
-66
-66
-67
-69
-70
-70
-68
-66
-68
-70
-70
-69
-71
-73
-73
-74
-72
-72
-72
-71
-71
-72
-72
-73
-71
-69
-69
-70
-69
-70
-67
-63
-64
-64
-64
-62
-59
-56
-59
-62
-61
-61
-62
-63
-64
-61
-61
-59
-60
-60
-61
-61
-62
-62
-63
-63
-64
-64
-65
-67
-67
-67
-65
-64
-65
-66
-65
-64
-63
-62
-62
-61
-63
-64
-65
-65
-64
-61
-57
-59
-60
-62
-61
-59
-59
-60
-62
-63
-65
-65
-65
-65
-64
-64
-64
-64
-65
-66
-67
-67
-66
-63
-61
-60
-59
-59
-59
-61
-63
-64
-63
-62
-61
-61
-63
-63
-63
-61
-60
-59
-58
-58
-57
-56
-57
-59
-59
-59
-55
-54
-55
-58
-58
-56
-55
-56
-59
-58
-56
-53
-53
-52
-51
-51
-53
-52
-50
-47
-46
-46
-50
-52
-53
-52
-51
-52
-53
-52
-52
-51
-52
-50
-50
-50
-47
-45
-46
-46
-49
-51
-51
-50
-50
-51
-51
-52
-53
-51
-51
-50
-50
-49
-48
-47
-49
-51
-52
-50
-48
-48
-50
-52
-54
-53
-54
-55
-54
-53
-52
-52
-52
-53
-54
-54
-54
-52
-50
-50
-52
-55
-54
-54
-55
-58
-59
-59
-57
-56
-58
-58
-58
-59
-57
-55
-56
-55
-56
-56
-57
-58
-56
-56
-56
-57
-54
-53
-51
-51
-53
-52
-53
-51
-52
-54
-56
-56
-56
-55
-54
-54
-53
-50
-50
-50
-51
-53
-53
-52
-51
-52
-52
-51
-48
-46
-47
-47
-50
-51
-52
-51
-51
-51
-51
-51
-50
-51
-54
-54
-52
-52
-51
-52
-54
-53
-53
-51
-52
-50
-49
-46
-44
-44
-45
-45
-44
-41
-42
-44
-43
-41
-40
-40
-42
-43
-41
-40
-41
-43
-44
-43
-44
-43
-44
-44
-42
-40
-41
-44
-45
-45
-44
-44
-45
-45
-47
-50
-47
-47
-46
-46
-45
-43
-46
-47
-49
-50
-49
-48
-47
-45
-43
-45
-43
-43
-44
-45
-46
-46
-45
-45
-44
-45
-44
-43
-44
-45
-47
-46
-46
-44
-45
-47
-48
-48
-48
-49
-49
-48
-48
-50
-51
-52
-51
-49
-49
-52
-54
-55
-53
-52
-52
-51
-51
-50
-51
-52
-52
-52
-52
-52
-52
-52
-51
-51
-53
-52
-49
-48
-48
-50
-52
-52
-51
-51
-50
-50
-48
-48
-47
-47
-48
-48
-50
-50
-50
-47
-44
-46
-48
-51
-50
-49
-47
-46
-49
-49
-48
-49
-47
-46
-46
-46
-46
-46
-44
-42
-43
-46
-48
-47
-44
-40
-39
-40
-41
-43
-42
-42
-43
-45
-45
-45
-46
-45
-43
-39
-38
-40
-43
-42
-38
-37
-37
-40
-41
-40
-38
-37
-37
-39
-39
-37
-37
-37
-37
-39
-41
-41
-38
-38
-36
-36
-38
-37
-37
-39
-41
-41
-41
-39
-40
-40
-38
-37
-36
-34
-33
-33
-32
-32
-33
-34
-34
-34
-32
-32
-32
-31
-29
-30
-29
-29
-30
-31
-31
-30
-28
-28
-28
-30
-29
-28
-28
-26
-29
-31
-30
-29
-29
-29
-28
-29
-30
-31
-31
-29
-28
-29
-29
-29
-27
-26
-28
-29
-31
-30
-29
-28
-28
-31
-32
-33
-31
-31
-31
-31
-30
-27
-26
-26
-27
-26
-26
-26
-23
-23
-25
-23
-24
-25
-24
-23
-22
-23
-24
-24
-23
-24
-24
-26
-25
-25
-20
-18
-18
-20
-21
-20
-22
-20
-18
-21
-20
-20
-19
-22
-22
-21
-20
-21
-19
-19
-18
-17
-18
-19
-19
-18
-16
-17
-18
-18
-16
-15
-15
-14
-13
-13
-14
-14
-16
-16
-14
-13
-12
-12
-15
-15
-15
-16
-15
-16
-16
-14
-12
-12
-12
-15
-14
-13
-13
-13
-13
-15
-16
-18
-18
-17
-13
-9
-10
-10
-11
-11
-9
-6
-4
-4
-6
-7
-8
-7
-4
-1
0
-2
-5
-3
-1
-2
-3
-4
-6
-6
-3
-2
-1
-2
-3
-2
-3
-3
-2
1
1
4
3
0
0
2
6
8
7
6
3
2
5
9
11
11
9
8
10
12
13
11
12
13
16
16
13
14
16
19
19
16
14
17
20
20
18
18
19
20
19
18
15
12
12
14
16
16
17
15
15
15
14
14
13
13
15
17
19
20
18
18
18
18
20
21
22
20
20
20
23
26
26
24
26
26
27
30
29
30
30
28
28
28
28
30
31
32
33
32
31
30
29
30
31
30
29
29
30
31
31
32
30
29
31
30
31
31
29
32
33
33
33
32
31
34
36
35
36
36
39
41
41
38
36
35
36
37
40
39
37
38
40
41
42
43
42
42
42
44
43
44
44
42
43
43
45
44
42
42
44
46
45
44
44
44
46
47
48
46
47
48
49
50
50
50
50
52
53
52
52
53
54
55
56
57
58
59
60
60
60
61
61
59
57
56
55
55
55
54
55
54
53
52
53
53
56
57
56
56
55
54
53
52
51
54
55
55
56
53
53
51
51
52
54
57
57
57
56
56
57
57
58
58
58
60
62
62
64
64
63
63
64
63
63
63
62
63
64
67
67
66
66
67
66
65
65
66
68
70
70
68
68
69
70
70
69
71
70
72
75
76
75
74
74
74
74
74
74
76
76
77
79
78
77
76
75
73
73
75
78
80
80
81
80
81
81
81
82
82
83
84
87
87
86
85
85
84
84
84
85
83
84
85
83
82
81
80
81
83
85
86
83
81
82
85
87
85
85
85
85
86
86
85
85
88
89
88
88
89
87
87
85
85
86
85
87
92
93
90
88
86
89
91
90
89
88
88
89
90
90
89
89
88
87
89
87
87
85
85
85
85
86
87
87
89
90
88
87
87
86
87
91
93
94
95
94
93
94
95
92
92
93
95
96
95
92
93
95
97
95
92
93
96
95
95
93
93
94
94
93
93
94
93
92
92
91
91
91
90
89
90
91
92
92
92
91
91
90
93
93
90
89
88
90
91
90
88
91
92
93
92
94
94
96
96
98
97
98
98
98
99
102
103
102
102
98
100
100
100
100
98
96
94
93
95
98
99
100
100
97
95
95
95
97
97
94
94
95
94
93
92
91
92
94
95
97
97
97
97
95
95
98
101
100
99
100
100
100
100
99
100
100
99
98
97
99
100
104
104
103
102
102
103
102
104
107
106
106
108
107
106
104
103
102
102
104
105
105
105
104
106
107
108
106
105
104
104
106
108
110
108
107
106
107
109
109
109
108
109
108
107
107
107
108
109
110
111
112
112
110
106
107
109
110
112
112
110
108
108
109
109
107
108
107
107
108
109
108
109
110
108
107
106
107
106
106
105
104
103
103
103
101
97
96
97
99
100
100
98
98
98
99
96
98
100
101
103
101
101
101
100
100
102
104
104
103
103
103
103
103
102
103
102
103
104
103
102
102
100
101
102
102
101
99
99
101
101
100
98
97
98
99
101
102
102
99
99
100
101
103
102
101
100
99
101
99
102
100
99
100
100
100
100
97
99
102
102
100
101
103
105
104
101
98
97
101
101
100
101
103
103
101
99
99
99
98
98
102
105
106
106
104
102
100
100
98
99
100
103
103
103
102
102
102
103
104
106
106
105
105
106
104
103
102
98
98
98
99
97
98
99
103
103
101
98
97
99
99
99
99
99
99
101
102
104
103
100
100
99
101
104
103
99
96
96
95
95
94
94
96
97
98
97
98
99
99
100
99
98
98
99
100
101
101
98
97
96
96
96
94
94
97
99
98
96
93
93
93
95
94
95
94
95
96
93
94
94
96
96
95
92
92
93
94
93
91
90
89
91
92
92
93
91
92
93
95
95
94
91
89
89
89
92
93
92
92
93
94
96
95
93
93
95
97
98
97
95
94
94
93
92
92
94
94
92
90
88
88
89
90
91
92
91
90
88
88
89
88
86
86
86
88
87
87
88
90
90
90
87
84
83
83
86
87
88
87
87
86
87
87
86
82
81
82
83
85
85
84
82
83
83
81
80
78
79
81
80
79
81
79
78
78
76
73
72
75
74
75
74
74
72
72
72
74
73
73
72
72
74
74
73
71
70
71
74
73
73
72
72
73
74
72
71
71
69
68
67
65
66
66
65
65
64
65
64
64
64
65
67
65
64
63
62
61
59
58
56
56
54
54
54
54
53
55
57
56
56
56
56
56
59
61
63
61
61
61
62
61
59
57
56
57
57
57
57
56
55
53
52
48
49
50
52
51
49
46
44
44
43
44
41
41
42
43
43
42
41
40
44
42
40
39
40
42
44
43
42
41
40
41
39
38
36
37
39
39
40
39
37
37
38
38
38
36
36
35
35
37
36
35
34
34
34
32
32
35
38
35
32
31
31
36
37
35
31
27
29
30
31
32
32
31
32
32
33
30
31
30
29
30
31
33
36
34
33
32
33
34
33
29
28
28
31
31
31
25
24
24
24
26
27
28
27
22
18
16
17
19
22
20
17
16
17
16
17
17
17
14
11
13
14
15
16
15
16
17
17
15
13
11
11
11
13
14
14
14
13
14
15
14
16
16
17
16
15
14
14
13
13
13
12
11
10
9
8
8
9
9
7
7
5
6
5
6
4
2
3
3
3
1
0
-1
-2
-1
0
-2
-3
-3
-3
-3
-2
-2
-3
-3
-3
-2
0
-2
-4
-2
-2
-3
-5
-9
-10
-8
-5
-3
-4
-6
-6
-7
-8
-9
-9
-7
-7
-7
-8
-8
-8
-8
-8
-11
-12
-12
-11
-10
-9
-9
-11
-9
-7
-7
-9
-11
-12
-12
-13
-14
-14
-14
-14
-15
-13
-14
-14
-14
-14
-14
-14
-14
-14
-13
-12
-11
-11
-10
-12
-13
-14
-13
-12
-11
-13
-14
-16
-14
-14
-15
-16
-18
-17
-16
-17
-17
-17
-18
-18
-19
-18
-18
-17
-19
-18
-19
-21
-21
-19
-19
-18
-18
-18
-18
-19
-22
-21
-20
-21
-24
-25
-22
-19
-19
-23
-27
-26
-24
-24
-22
-24
-24
-24
-26
-25
-24
-25
-25
-25
-26
-25
-24
-23
-24
-25
-26
-28
-28
-30
-32
-32
-31
-32
-30
-27
-25
-25
-29
-32
-35
-35
-33
-32
-31
-31
-30
-30
-31
-32
-35
-37
-41
-40
-38
-38
-40
-39
-38
-37
-36
-37
-39
-40
-40
-41
-38
-36
-34
-35
-36
-38
-39
-39
-40
-41
-42
-42
-41
-40
-37
-35
-35
-35
-36
-36
-37
-38
-37
-37
-35
-35
-36
-38
-35
-34
-33
-35
-38
-37
-38
-38
-37
-36
-35
-36
-36
-36
-36
-38
-39
-40
-38
-36
-34
-34
-37
-38
-38
-39
-38
-37
-35
-37
-39
-42
-40
-40
-40
-41
-40
-40
-38
-35
-35
-36
-39
-41
-40
-41
-40
-40
-41
-41
-43
-43
-44
-45
-46
-46
-46
-47
-46
-45
-44
-43
-42
-44
-44
-43
-44
-45
-47
-48
-47
-45
-46
-47
-46
-45
-44
-47
-51
-52
-51
-46
-45
-47
-49
-50
-48
-46
-44
-44
-45
-46
-46
-46
-47
-47
-46
-46
-44
-44
-46
-46
-45
-44
-46
-47
-48
-50
-49
-49
-48
-46
-45
-46
-46
-45
-43
-43
-43
-44
-45
-45
-42
-41
-42
-42
-43
-44
-43
-43
-44
-43
-43
-43
-43
-42
-42
-42
-41
-40
-39
-41
-42
-43
-45
-45
-44
-44
-44
-45
-47
-47
-47
-48
-48
-50
-51
-47
-44
-43
-42
-44
-45
-43
-42
-41
-42
-45
-47
-47
-44
-42
-42
-44
-43
-41
-43
-44
-45
-46
-45
-43
-42
-42
-43
-44
-45
-44
-41
-41
-45
-45
-46
-44
-43
-44
-46
-50
-50
-48
-47
-46
-48
-49
-51
-50
-51
-51
-52
-52
-54
-54
-54
-54
-53
-53
-52
-51
-50
-49
-50
-52
-52
-51
-50
-51
-53
-54
-53
-50
-52
-56
-56
-55
-53
-51
-53
-54
-52
-51
-50
-51
-50
-49
-50
-49
-50
-49
-48
-50
-52
-50
-48
-48
-47
-49
-50
-48
-47
-46
-46
-46
-43
-42
-41
-42
-45
-46
-47
-45
-45
-46
-45
-45
-45
-45
-46
-48
-48
-48
-47
-47
-47
-45
-46
-49
-49
-46
-47
-47
-49
-50
-48
-47
-45
-47
-48
-49
-50
-49
-50
-52
-51
-51
-52
-54
-53
-53
-52
-52
-54
-54
-54
-53
-52
-52
-50
-50
-50
-51
-52
-50
-48
-47
-46
-47
-47
-46
-48
-48
-48
-47
-47
-48
-48
-47
-47
-47
-47
-47
-47
-48
-49
-48
-46
-46
-45
-45
-45
-44
-41
-43
-45
-45
-44
-44
-44
-46
-46
-44
-42
-41
-40
-41
-38
-36
-36
-37
-39
-39
-39
-38
-38
-39
-39
-40
-41
-40
-38
-37
-38
-38
-40
-40
-39
-39
-37
-37
-37
-39
-37
-35
-35
-36
-36
-37
-37
-34
-32
-32
-31
-32
-32
-30
-32
-31
-30
-31
-30
-27
-25
-24
-23
-23
-22
-22
-23
-27
-28
-27
-26
-27
-27
-26
-23
-21
-22
-24
-24
-23
-22
-22
-23
-22
-20
-18
-18
-19
-22
-21
-19
-18
-19
-20
-19
-18
-16
-16
-17
-17
-16
-17
-19
-19
-18
-16
-16
-18
-19
-20
-19
-20
-22
-23
-21
-18
-17
-17
-18
-18
-16
-16
-15
-17
-18
-20
-18
-15
-14
-14
-16
-18
-17
-17
-17
-17
-16
-15
-16
-17
-17
-15
-15
-14
-12
-10
-11
-13
-15
-16
-15
-14
-14
-15
-16
-15
-14
-14
-15
-12
-10
-11
-11
-9
-7
-7
-6
-8
-9
-8
-6
-6
-6
-6
-5
-4
-4
-2
-3
-2
-1
-2
-2
-2
-3
-4
-5
-6
-4
-6
-3
-2
0
-2
-1
-4
-4
-3
-3
-3
-5
-5
-5
-4
-5
-5
-6
-8
-5
-3
-1
-1
0
0
-1
-4
-4
-3
-2
-2
-2
-2
-2
1
0
-1
-1
0
-1
0
-2
-2
0
1
0
-1
0
1
2
1
-1
-2
-3
-1
-2
-3
-1
0
1
2
1
1
2
2
1
0
1
4
4
4
2
0
1
5
7
6
6
4
5
6
6
5
3
4
5
6
6
5
6
7
7
6
7
8
8
7
8
8
8
10
10
14
14
12
12
12
13
11
11
11
12
12
11
11
14
14
13
12
13
13
13
14
16
16
18
19
18
15
14
16
17
17
16
17
18
18
15
12
12
13
16
17
16
18
18
17
18
18
18
18
16
16
16
15
14
14
16
18
19
17
18
18
17
19
19
20
18
19
18
20
22
22
23
23
23
24
25
25
23
22
23
23
25
25
25
24
23
24
25
24
23
25
26
25
24
22
22
25
27
29
29
29
30
28
27
25
26
27
28
29
29
31
33
33
32
31
34
34
36
35
34
35
34
33
34
35
36
38
39
39
38
36
37
39
40
40
40
40
40
42
44
44
45
44
45
45
47
49
50
50
50
50
49
47
47
46
48
47
46
46
45
46
46
46
47
48
48
48
47
49
51
53
54
54
53
51
50
51
53
56
56
56
54
53
52
53
54
52
53
53
54
54
52
52
56
58
57
56
55
55
55
57
59
60
59
57
57
55
58
59
56
54
52
54
55
57
54
51
51
51
52
55
56
55
54
53
53
51
52
55
57
60
59
57
55
56
57
58
58
56
55
57
59
60
61
58
57
57
57
59
61
61
60
62
62
63
62
63
62
61
61
60
60
64
68
67
66
63
62
61
62
61
60
58
56
57
59
61
61
60
58
58
59
59
58
56
55
56
58
60
63
62
61
58
56
58
60
61
58
59
63
66
64
63
61
62
62
62
63
64
65
65
63
63
62
64
64
65
64
64
62
63
63
64
63
62
61
59
56
56
57
58
60
60
59
58
57
60
59
56
54
56
56
58
57
57
56
57
57
58
59
60
59
59
58
57
56
53
53
55
56
56
57
56
56
56
56
53
52
53
55
54
53
53
53
53
53
51
48
47
47
48
50
50
50
48
47
47
48
50
50
50
49
48
49
50
50
48
48
50
52
54
52
51
49
51
53
55
54
52
50
49
49
50
50
49
50
51
52
52
53
55
55
55
54
53
52
52
51
54
54
54
53
51
50
52
54
55
54
53
53
54
55
56
56
54
54
58
57
55
55
55
56
56
58
61
63
63
62
60
58
57
56
54
55
56
55
54
54
56
54
54
55
56
58
58
56
52
52
54
54
53
53
53
55
55
53
51
50
49
49
49
49
49
48
46
48
49
50
51
51
48
47
49
52
51
49
48
49
53
54
54
54
53
51
50
48
47
48
49
49
48
47
45
49
52
53
55
53
51
51
54
56
54
50
47
47
48
50
49
46
44
45
46
47
49
51
51
50
51
51
55
55
53
50
51
52
55
54
52
53
53
56
55
55
56
56
56
57
58
59
57
56
58
59
60
58
56
57
58
59
59
57
56
57
58
59
62
61
59
58
57
56
57
57
54
56
57
58
57
57
57
58
59
60
60
60
60
60
58
60
61
59
59
57
57
56
54
54
55
55
56
55
51
50
52
51
50
49
47
48
50
49
47
46
45
45
46
47
44
43
44
45
45
42
41
42
44
45
44
44
44
42
44
44
44
43
43
44
43
43
43
42
41
38
38
38
40
40
39
39
36
38
39
38
37
34
34
36
36
36
35
35
35
35
34
32
31
31
32
32
34
34
33
33
37
36
35
32
29
30
32
31
31
30
28
30
32
34
31
30
28
26
26
26
26
27
28
27
25
23
22
23
22
20
20
23
23
22
21
20
22
22
20
16
15
14
13
11
9
11
13
11
8
4
5
6
9
10
10
9
8
8
6
4
6
6
6
8
11
11
9
6
5
7
6
4
2
1
3
4
4
5
5
5
7
8
6
4
5
7
8
7
5
3
3
4
4
6
5
2
2
2
3
3
2
2
3
5
6
6
7
7
7
8
7
7
5
4
4
4
5
6
8
10
10
10
9
7
7
6
6
7
9
8
8
7
7
10
11
10
10
8
6
6
5
5
4
5
3
3
3
2
1
3
3
1
-2
-2
0
1
1
1
0
3
2
0
-2
-1
-1
-3
-5
-5
-3
-2
0
1
-2
-3
-2
-1
-3
-5
-4
-3
-2
-2
-5
-4
-6
-4
-5
-8
-9
-9
-10
-9
-9
-11
-13
-14
-15
-15
-14
-16
-17
-18
-19
-18
-15
-14
-14
-17
-19
-21
-22
-24
-25
-24
-21
-20
-19
-20
-21
-22
-20
-19
-20
-21
-23
-24
-23
-23
-24
-21
-19
-17
-17
-19
-21
-21
-20
-17
-18
-19
-20
-21
-22
-23
-25
-27
-26
-28
-29
-27
-27
-26
-26
-21
-20
-22
-24
-25
-25
-23
-21
-21
-24
-24
-24
-24
-23
-24
-24
-23
-25
-26
-27
-24
-23
-24
-24
-23
-23
-21
-22
-21
-20
-22
-24
-25
-25
-24
-22
-22
-26
-25
-24
-23
-22
-25
-27
-30
-28
-28
-30
-32
-32
-30
-28
-29
-32
-33
-33
-34
-34
-36
-36
-33
-31
-31
-32
-34
-36
-38
-39
-40
-37
-36
-34
-35
-35
-33
-33
-34
-37
-38
-38
-38
-35
-34
-33
-33
-33
-36
-38
-41
-41
-38
-35
-35
-36
-37
-36
-37
-38
-39
-38
-37
-35
-36
-38
-41
-41
-39
-39
-41
-43
-42
-42
-43
-46
-49
-49
-47
-47
-48
-49
-48
-51
-52
-52
-52
-53
-53
-53
-52
-53
-53
-54
-57
-58
-60
-61
-62
-61
-61
-60
-62
-65
-67
-67
-66
-66
-67
-67
-68
-69
-72
-71
-70
-69
-69
-71
-72
-71
-71
-72
-73
-75
-72
-73
-74
-73
-74
-75
-74
-72
-72
-72
-74
-77
-78
-78
-78
-78
-77
-77
-79
-82
-80
-79
-78
-77
-79
-80
-81
-81
-82
-83
-84
-84
-83
-82
-85
-86
-86
-87
-90
-90
-89
-89
-87
-86
-87
-89
-88
-88
-89
-90
-91
-90
-91
-92
-92
-90
-92
-91
-92
-94
-94
-94
-92
-93
-94
-94
-93
-93
-96
-97
-95
-92
-91
-94
-97
-98
-98
-96
-99
-100
-99
-98
-98
-100
-101
-102
-103
-103
-105
-106
-104
-101
-102
-104
-104
-103
-102
-100
-98
-97
-98
-98
-101
-101
-100
-98
-98
-100
-100
-100
-99
-99
-98
-97
-96
-96
-94
-96
-96
-96
-97
-95
-92
-92
-94
-96
-94
-92
-89
-92
-93
-94
-95
-94
-95
-96
-97
-98
-98
-98
-100
-101
-100
-99
-100
-101
-101
-101
-99
-100
-100
-101
-103
-101
-100
-101
-101
-101
-102
-103
-101
-100
-100
-102
-104
-104
-102
-100
-99
-101
-102
-102
-101
-101
-100
-100
-102
-102
-103
-104
-103
-101
-102
-105
-105
-104
-104
-104
-102
-105
-103
-102
-102
-103
-103
-105
-106
-104
-106
-108
-108
-107
-103
-99
-98
-100
-102
-103
-101
-100
-97
-96
-95
-92
-91
-91
-93
-95
-95
-93
-93
-92
-93
-92
-93
-90
-90
-91
-89
-90
-90
-91
-95
-93
-92
-91
-90
-91
-91
-89
-90
-91
-92
-91
-89
-88
-92
-92
-93
-92
-93
-93
-94
-94
-95
-97
-96
-95
-93
-94
-97
-96
-93
-92
-94
-98
-100
-98
-95
-94
-96
-96
-94
-93
-94
-96
-98
-98
-96
-95
-93
-93
-96
-100
-101
-101
-100
-100
-102
-101
-100
-99
-101
-102
-103
-102
-104
-102
-99
-98
-98
-100
-104
-107
-106
-106
-105
-106
-107
-106
-108
-109
-110
-109
-107
-104
-104
-104
-106
-108
-108
-105
-107
-110
-109
-109
-106
-105
-105
-107
-108
-106
-106
-104
-104
-104
-105
-106
-103
-101
-103
-106
-106
-106
-105
-103
-103
-104
-103
-103
-104
-105
-103
-101
-100
-102
-103
-103
-102
-101
-101
-102
-103
-102
-101
-102
-102
-98
-95
-95
-96
-97
-97
-98
-100
-100
-101
-99
-97
-95
-96
-95
-97
-96
-94
-93
-93
-94
-94
-93
-93
-93
-95
-95
-95
-94
-95
-96
-96
-96
-94
-92
-93
-93
-94
-96
-98
-98
-95
-93
-93
-95
-97
-97
-96
-96
-95
-97
-98
-95
-93
-92
-93
-93
-92
-92
-93
-92
-93
-92
-94
-94
-95
-94
-92
-93
-92
-93
-93
-94
-93
-94
-93
-91
-93
-94
-93
-93
-93
-92
-93
-95
-96
-97
-96
-95
-93
-94
-95
-94
-93
-93
-93
-94
-96
-97
-99
-99
-98
-98
-95
-93
-95
-95
-96
-98
-97
-95
-96
-97
-97
-99
-99
-98
-98
-98
-98
-97
-98
-99
-99
-97
-95
-93
-93
-93
-95
-97
-97
-97
-97
-94
-95
-95
-97
-97
-94
-94
-92
-94
-95
-94
-93
-91
-91
-91
-91
-91
-91
-92
-92
-92
-92
-89
-88
-90
-91
-91
-89
-87
-87
-90
-90
-91
-90
-89
-92
-92
-92
-90
-90
-91
-92
-92
-90
-90
-88
-88
-89
-90
-90
-90
-89
-89
-92
-92
-95
-93
-92
-89
-88
-89
-89
-88
-85
-85
-87
-89
-88
-84
-81
-82
-84
-84
-86
-86
-85
-88
-87
-86
-82
-79
-79
-78
-80
-82
-83
-80
-77
-75
-75
-77
-79
-79
-79
-78
-79
-80
-79
-76
-74
-72
-72
-74
-73
-71
-69
-68
-71
-72
-71
-70
-70
-69
-68
-66
-66
-66
-67
-67
-67
-64
-62
-62
-63
-63
-65
-65
-67
-69
-66
-64
-63
-65
-66
-65
-63
-61
-61
-60
-60
-59
-62
-61
-59
-60
-58
-59
-57
-54
-53
-53
-55
-55
-55
-54
-53
-52
-52
-53
-56
-57
-57
-58
-59
-58
-58
-59
-58
-57
-56
-56
-59
-59
-59
-59
-60
-60
-57
-54
-52
-52
-56
-57
-56
-54
-53
-53
-54
-57
-57
-57
-55
-54
-53
-53
-55
-56
-56
-54
-53
-50
-49
-50
-52
-52
-53
-54
-56
-57
-58
-57
-57
-58
-58
-57
-58
-59
-62
-64
-63
-61
-62
-63
-65
-65
-63
-61
-62
-65
-66
-68
-66
-64
-63
-63
-62
-63
-65
-64
-64
-64
-65
-65
-65
-66
-67
-66
-67
-66
-65
-63
-65
-67
-66
-65
-63
-63
-64
-64
-64
-64
-64
-65
-67
-65
-64
-65
-65
-64
-62
-61
-62
-61
-64
-65
-64
-64
-63
-64
-66
-67
-68
-65
-63
-65
-67
-65
-64
-62
-63
-65
-64
-64
-64
-63
-65
-65
-65
-66
-64
-63
-64
-67
-68
-70
-70
-69
-70
-70
-69
-68
-70
-71
-69
-70
-70
-72
-74
-76
-74
-73
-73
-74
-77
-77
-76
-76
-75
-76
-76
-72
-69
-66
-68
-70
-70
-68
-68
-67
-67
-66
-64
-65
-68
-69
-67
-65
-66
-66
-64
-64
-66
-68
-71
-71
-70
-69
-70
-71
-71
-69
-69
-70
-70
-71
-72
-74
-77
-79
-80
-76
-72
-70
-71
-74
-75
-74
-72
-73
-72
-73
-74
-75
-75
-74
-73
-73
-74
-74
-74
-74
-75
-74
-72
-71
-72
-72
-71
-72
-73
-74
-73
-72
-70
-69
-70
-72
-72
-71
-71
-69
-69
-70
-71
-71
-70
-69
-67
-67
-68
-67
-65
-63
-62
-61
-60
-59
-60
-61
-64
-62
-63
-62
-61
-62
-63
-64
-65
-64
-62
-61
-62
-61
-61
-60
-59
-59
-61
-60
-60
-59
-58
-58
-58
-57
-57
-57
-55
-54
-53
-52
-53
-53
-51
-50
-51
-52
-55
-55
-57
-59
-60
-58
-57
-57
-58
-56
-57
-58
-59
-59
-57
-57
-58
-60
-61
-62
-60
-59
-59
-57
-58
-58
-59
-60
-60
-60
-60
-61
-60
-59
-57
-56
-55
-55
-57
-57
-56
-55
-53
-54
-56
-58
-60
-57
-55
-53
-55
-58
-60
-60
-58
-55
-54
-54
-55
-55
-56
-57
-58
-58
-58
-58
-58
-58
-57
-57
-55
-53
-52
-52
-52
-50
-50
-50
-50
-49
-49
-47
-46
-43
-43
-44
-45
-48
-49
-49
-48
-48
-47
-47
-46
-49
-52
-50
-51
-50
-50
-52
-54
-55
-54
-54
-53
-51
-50
-49
-47
-48
-50
-51
-49
-51
-51
-51
-49
-49
-51
-51
-50
-47
-48
-49
-50
-47
-47
-47
-48
-48
-48
-48
-48
-51
-52
-53
-52
-52
-50
-51
-52
-52
-50
-49
-48
-50
-51
-52
-52
-50
-49
-48
-50
-51
-52
-52
-50
-51
-52
-53
-50
-47
-45
-48
-53
-54
-55
-53
-51
-52
-53
-56
-58
-58
-57
-56
-54
-52
-54
-55
-55
-54
-52
-53
-52
-54
-54
-55
-56
-55
-53
-50
-49
-50
-50
-49
-47
-48
-48
-48
-47
-47
-48
-45
-45
-46
-48
-47
-46
-43
-44
-45
-45
-43
-41
-42
-43
-44
-45
-43
-42
-40
-38
-37
-39
-37
-36
-35
-33
-32
-33
-37
-38
-38
-35
-31
-32
-34
-36
-35
-34
-34
-35
-37
-37
-37
-34
-32
-32
-34
-35
-36
-34
-32
-34
-36
-36
-37
-35
-35
-35
-34
-35
-35
-34
-33
-30
-32
-35
-37
-35
-33
-33
-32
-33
-30
-28
-27
-31
-33
-33
-34
-34
-33
-33
-32
-32
-34
-33
-33
-33
-36
-36
-35
-36
-36
-37
-39
-39
-39
-38
-36
-34
-34
-33
-34
-36
-35
-32
-33
-33
-31
-30
-29
-28
-29
-31
-32
-31
-27
-27
-28
-29
-27
-24
-24
-26
-28
-27
-26
-22
-23
-25
-24
-23
-22
-19
-18
-20
-22
-23
-22
-21
-19
-20
-22
-22
-21
-21
-20
-19
-21
-22
-21
-17
-16
-17
-20
-24
-24
-21
-18
-18
-20
-20
-21
-21
-25
-26
-24
-24
-26
-26
-25
-23
-22
-23
-27
-28
-28
-29
-28
-28
-26
-25
-24
-24
-25
-26
-27
-25
-24
-26
-26
-28
-28
-28
-28
-25
-25
-25
-25
-24
-24
-26
-28
-30
-30
-28
-27
-30
-32
-34
-35
-36
-36
-34
-33
-33
-33
-33
-33
-31
-30
-30
-33
-34
-36
-35
-34
-32
-30
-29
-27
-28
-29
-28
-29
-28
-26
-26
-27
-29
-28
-27
-25
-26
-27
-26
-28
-28
-28
-25
-25
-24
-25
-25
-25
-25
-25
-25
-27
-27
-23
-24
-24
-24
-24
-24
-22
-22
-22
-25
-26
-26
-24
-24
-25
-27
-28
-27
-24
-25
-26
-27
-29
-29
-30
-32
-34
-34
-34
-34
-36
-40
-39
-36
-35
-36
-38
-37
-36
-37
-37
-38
-37
-34
-33
-33
-36
-36
-35
-35
-36
-37
-37
-34
-34
-35
-38
-39
-37
-37
-37
-38
-39
-38
-37
-37
-40
-40
-39
-37
-37
-37
-39
-41
-41
-37
-37
-38
-38
-39
-38
-38
-38
-41
-41
-39
-38
-37
-38
-37
-38
-37
-36
-36
-39
-38
-40
-40
-39
-38
-36
-36
-37
-37
-40
-40
-40
-42
-44
-45
-47
-48
-49
-49
-50
-48
-46
-45
-45
-46
-45
-44
-42
-42
-44
-43
-43
-42
-42
-43
-43
-43
-41
-44
-45
-45
-43
-43
-41
-41
-43
-44
-46
-47
-46
-46
-45
-45
-47
-48
-45
-46
-45
-46
-48
-50
-49
-47
-48
-49
-51
-51
-51
-48
-48
-47
-44
-42
-41
-42
-42
-45
-48
-49
-48
-48
-47
-48
-49
-47
-48
-50
-50
-52
-52
-53
-55
-55
-56
-56
-54
-50
-50
-51
-52
-55
-55
-51
-50
-49
-49
-49
-50
-48
-49
-50
-49
-48
-47
-45
-44
-45
-45
-47
-46
-45
-46
-47
-50
-51
-50
-47
-48
-50
-50
-51
-49
-49
-50
-50
-47
-47
-48
-48
-49
-51
-52
-50
-48
-46
-46
-44
-44
-42
-42
-41
-41
-42
-41
-41
-40
-39
-39
-42
-43
-44
-44
-42
-42
-41
-41
-43
-43
-42
-42
-43
-43
-41
-40
-41
-42
-43
-43
-46
-47
-47
-46
-45
-47
-48
-48
-47
-48
-47
-46
-47
-45
-43
-42
-41
-44
-47
-48
-45
-43
-42
-44
-46
-48
-48
-48
-48
-50
-51
-51
-52
-51
-52
-52
-54
-54
-51
-49
-52
-54
-55
-54
-52
-50
-51
-51
-46
-45
-45
-46
-47
-45
-43
-42
-44
-46
-50
-50
-50
-51
-51
-53
-53
-53
-52
-53
-54
-52
-50
-50
-51
-49
-51
-51
-51
-52
-50
-51
-50
-51
-49
-50
-49
-50
-49
-47
-46
-47
-46
-45
-44
-43
-44
-44
-45
-45
-44
-45
-46
-47
-46
-46
-45
-48
-50
-49
-49
-47
-46
-49
-50
-50
-50
-52
-55
-57
-55
-52
-51
-52
-55
-56
-55
-54
-54
-52
-52
-53
-53
-51
-50
-47
-48
-51
-50
-46
-44
-43
-44
-43
-43
-44
-46
-46
-46
-45
-44
-44
-44
-47
-48
-49
-50
-46
-44
-42
-43
-44
-46
-45
-47
-47
-45
-43
-41
-42
-44
-44
-43
-41
-43
-44
-46
-45
-42
-41
-39
-37
-39
-37
-36
-36
-38
-37
-38
-37
-37
-38
-39
-38
-38
-38
-37
-36
-35
-35
-34
-34
-33
-31
-30
-30
-28
-26
-27
-28
-32
-34
-31
-32
-29
-30
-30
-31
-29
-28
-28
-28
-30
-29
-30
-29
-30
-31
-31
-32
-33
-33
-34
-33
-34
-35
-32
-31
-31
-31
-33
-34
-34
-32
-32
-31
-30
-30
-27
-23
-21
-24
-26
-27
-25
-22
-21
-21
-22
-23
-22
-23
-23
-22
-20
-22
-21
-21
-21
-25
-26
-28
-28
-25
-25
-26
-26
-27
-29
-27
-30
-31
-30
-29
-29
-29
-31
-28
-28
-28
-26
-28
-29
-30
-30
-29
-26
-24
-23
-24
-27
-26
-25
-24
-24
-26
-26
-27
-27
-26
-24
-22
-23
-24
-23
-25
-27
-29
-28
-27
-25
-27
-29
-28
-26
-27
-28
-27
-27
-25
-26
-26
-28
-26
-23
-22
-21
-20
-20
-19
-20
-20
-17
-15
-14
-14
-14
-13
-13
-15
-15
-13
-12
-11
-11
-12
-11
-11
-12
-15
-16
-13
-10
-8
-11
-12
-13
-12
-12
-14
-16
-17
-17
-18
-18
-17
-18
-15
-15
-16
-15
-14
-13
-13
-14
-16
-17
-17
-14
-12
-11
-12
-14
-15
-16
-17
-16
-17
-16
-16
-15
-15
-16
-15
-14
-12
-10
-8
-9
-8
-5
-5
-6
-7
-6
-4
-2
-2
-3
-3
-2
-3
-2
-1
0
0
-2
-3
-4
-3
-3
-4
-6
-8
-8
-8
-8
-11
-15
-16
-17
-15
-16
-15
-15
-15
-14
-15
-15
-16
-15
-14
-12
-11
-10
-8
-9
-8
-7
-7
-8
-10
-9
-8
-7
-6
-5
-6
-7
-6
-7
-7
-7
-9
-10
-9
-8
-7
-6
-6
-6
-6
-6
-6
-6
-6
-6
-7
-5
-4
-4
-5
-4
-2
-4
-4
-5
-5
-4
-5
-5
-5
-3
-3
-2
-1
1
1
2
2
2
1
1
0
0
1
2
1
-2
-4
-4
-3
-2
-2
-2
-2
1
2
0
-2
-2
0
3
2
3
3
4
6
6
5
3
2
3
4
5
7
6
5
7
7
6
5
5
6
7
7
4
4
3
3
4
4
5
5
4
4
6
6
7
7
7
6
7
5
5
6
6
7
5
6
8
12
15
12
9
8
9
10
11
12
11
10
11
11
10
10
11
12
13
13
14
11
11
12
11
9
7
8
11
10
9
9
10
12
11
11
9
10
13
14
15
16
16
16
18
17
17
19
20
23
25
24
24
24
24
20
18
17
18
19
17
18
16
14
17
17
16
15
12
12
13
13
14
15
16
17
17
18
16
15
15
15
15
19
21
24
22
22
19
16
15
15
16
14
17
16
14
14
14
15
16
17
17
14
13
14
16
16
19
18
18
19
18
17
17
19
22
22
21
20
19
20
21
21
23
21
20
19
19
20
19
20
19
20
18
17
19
20
19
18
18
17
19
19
16
15
11
13
14
15
13
13
14
14
15
15
15
13
10
10
14
18
18
16
12
13
15
14
15
14
15
16
15
14
15
16
16
13
11
10
10
9
8
8
10
10
11
12
12
12
11
10
10
11
11
11
12
12
12
9
8
7
12
13
12
11
12
15
14
12
11
11
14
16
17
15
12
10
12
12
13
14
14
16
18
19
19
19
18
18
18
16
17
16
19
21
22
23
25
23
21
20
19
21
22
24
23
22
20
21
21
21
23
22
19
18
19
20
22
22
21
20
20
21
20
17
18
19
22
23
21
20
19
19
19
19
19
18
20
21
23
23
22
24
24
23
21
18
19
21
21
23
22
20
22
21
20
18
17
19
23
22
17
16
16
18
19
21
20
20
19
21
22
21
20
21
22
22
23
21
21
23
22
21
21
22
24
24
22
21
18
19
18
18
17
18
20
20
16
13
13
14
15
14
14
11
12
14
14
12
8
8
9
10
10
9
6
6
7
8
8
8
5
5
7
7
8
8
8
7
8
8
6
5
5
6
7
9
9
9
7
6
3
1
-2
-1
2
3
2
2
-1
0
-1
-1
-1
-3
-5
-4
-4
-5
-4
-3
-2
-4
-5
-4
-4
-4
-3
-4
-3
-2
-2
-2
-2
-3
-4
-5
-5
-5
-9
-11
-10
-7
-7
-9
-10
-10
-7
-7
-7
-7
-8
-9
-9
-9
-9
-9
-7
-7
-9
-8
-8
-5
-6
-7
-8
-8
-10
-13
-13
-12
-8
-8
-10
-10
-10
-11
-11
-11
-11
-10
-11
-13
-13
-15
-16
-16
-16
-17
-19
-19
-19
-19
-20
-20
-21
-21
-18
-19
-21
-22
-22
-22
-22
-22
-20
-19
-16
-15
-14
-15
-16
-13
-13
-17
-19
-20
-19
-18
-19
-20
-22
-23
-25
-26
-25
-25
-23
-24
-24
-26
-27
-27
-30
-31
-30
-28
-29
-29
-29
-29
-28
-28
-29
-28
-26
-24
-24
-27
-28
-29
-24
-20
-19
-20
-21
-23
-26
-28
-30
-29
-28
-26
-26
-28
-31
-34
-35
-35
-35
-37
-37
-35
-35
-36
-39
-40
-39
-39
-38
-38
-38
-38
-38
-37
-37
-36
-36
-38
-37
-37
-34
-34
-34
-34
-33
-32
-32
-31
-32
-31
-29
-27
-27
-26
-26
-26
-25
-26
-26
-25
-24
-24
-26
-26
-26
-26
-27
-28
-28
-26
-23
-21
-18
-19
-18
-18
-18
-18
-18
-19
-20
-19
-18
-18
-17
-18
-21
-25
-26
-26
-24
-22
-20
-20
-24
-26
-28
-27
-26
-26
-27
-27
-26
-24
-23
-24
-21
-19
-18
-19
-17
-16
-15
-14
-16
-16
-12
-12
-13
-14
-13
-12
-10
-12
-13
-12
-12
-11
-10
-9
-11
-12
-13
-12
-9
-9
-9
-7
-9
-11
-10
-9
-11
-12
-11
-11
-8
-7
-8
-8
-10
-9
-9
-9
-9
-8
-5
-4
-4
-6
-8
-6
-5
-5
-5
-5
-6
-5
-3
-3
-2
-3
-5
-5
-4
-1
-2
-2
-1
-3
-4
-5
-6
-6
-5
-6
-6
-5
-4
-6
-6
-5
-6
-7
-7
-7
-8
-10
-12
-12
-14
-13
-13
-12
-11
-10
-11
-14
-14
-14
-14
-14
-17
-21
-20
-20
-19
-20
-20
-21
-21
-19
-23
-25
-26
-24
-21
-20
-23
-26
-27
-24
-21
-20
-24
-27
-29
-30
-29
-28
-27
-28
-28
-29
-31
-33
-33
-34
-34
-34
-34
-35
-35
-34
-36
-36
-36
-37
-39
-37
-38
-38
-37
-35
-33
-33
-33
-32
-30
-31
-29
-29
-27
-25
-26
-28
-29
-29
-28
-26
-24
-25
-25
-27
-28
-29
-30
-30
-31
-29
-28
-28
-30
-31
-29
-29
-31
-34
-34
-33
-33
-34
-34
-32
-29
-28
-28
-28
-30
-31
-30
-29
-28
-27
-27
-26
-27
-30
-29
-28
-27
-25
-27
-29
-27
-25
-27
-29
-31
-31
-32
-32
-34
-34
-34
-32
-32
-35
-37
-40
-40
-39
-37
-37
-38
-38
-39
-39
-37
-37
-39
-37
-36
-38
-37
-36
-35
-35
-33
-30
-28
-27
-29
-30
-30
-29
-29
-30
-30
-30
-27
-28
-29
-31
-33
-33
-33
-33
-33
-35
-36
-35
-33
-31
-31
-29
-30
-30
-31
-31
-32
-31
-32
-36
-36
-34
-32
-29
-29
-31
-30
-29
-29
-30
-30
-30
-28
-29
-31
-32
-31
-27
-25
-27
-29
-31
-32
-33
-34
-32
-30
-30
-33
-34
-34
-31
-30
-31
-31
-31
-30
-32
-33
-31
-27
-25
-23
-26
-28
-27
-29
-26
-25
-24
-26
-24
-24
-24
-26
-27
-26
-24
-25
-25
-25
-26
-27
-27
-26
-27
-28
-29
-32
-32
-31
-29
-27
-28
-30
-31
-28
-27
-27
-28
-28
-26
-26
-26
-26
-25
-25
-21
-22
-23
-25
-26
-25
-26
-28
-30
-29
-26
-23
-22
-25
-29
-29
-27
-28
-30
-32
-33
-31
-30
-28
-28
-31
-32
-32
-31
-30
-29
-28
-27
-26
-28
-31
-32
-31
-27
-26
-25
-24
-23
-21
-20
-19
-19
-21
-23
-22
-19
-17
-16
-17
-18
-20
-20
-22
-21
-20
-20
-19
-18
-18
-18
-15
-15
-15
-18
-21
-21
-20
-19
-19
-17
-16
-18
-20
-22
-23
-23
-25
-26
-26
-24
-24
-26
-28
-30
-30
-29
-30
-33
-32
-32
-33
-34
-36
-35
-35
-35
-35
-37
-36
-38
-37
-37
-37
-36
-37
-36
-36
-38
-39
-37
-35
-34
-32
-34
-35
-35
-34
-33
-31
-31
-31
-31
-32
-33
-33
-32
-31
-30
-32
-34
-35
-34
-35
-37
-35
-34
-34
-34
-35
-35
-31
-31
-32
-35
-36
-36
-33
-33
-34
-33
-32
-32
-32
-33
-35
-38
-38
-36
-36
-37
-37
-38
-37
-37
-37
-38
-41
-44
-45
-45
-41
-40
-41
-42
-42
-42
-40
-42
-44
-44
-45
-44
-42
-40
-38
-39
-40
-40
-41
-41
-41
-40
-38
-39
-40
-42
-43
-43
-43
-42
-43
-43
-44
-47
-45
-43
-44
-45
-49
-48
-49
-47
-49
-50
-51
-50
-47
-48
-49
-48
-47
-45
-46
-45
-47
-46
-44
-43
-41
-41
-41
-42
-42
-40
-40
-42
-40
-40
-40
-38
-39
-40
-41
-43
-43
-42
-42
-41
-42
-40
-39
-41
-43
-44
-41
-38
-35
-36
-36
-36
-35
-32
-30
-30
-32
-33
-33
-34
-33
-31
-29
-28
-29
-29
-28
-27
-26
-28
-30
-29
-29
-29
-30
-31
-32
-30
-30
-32
-35
-37
-37
-36
-35
-34
-37
-36
-35
-35
-36
-34
-34
-34
-34
-34
-34
-34
-34
-32
-31
-31
-29
-28
-26
-24
-25
-29
-31
-30
-26
-25
-25
-24
-23
-24
-25
-26
-26
-27
-28
-29
-28
-26
-25
-26
-26
-25
-25
-24
-26
-28
-28
-26
-26
-26
-28
-28
-27
-24
-24
-23
-25
-24
-25
-24
-24
-25
-24
-23
-22
-23
-25
-26
-27
-28
-29
-28
-27
-29
-30
-30
-30
-30
-30
-29
-31
-32
-35
-36
-36
-35
-35
-33
-32
-31
-32
-32
-28
-25
-23
-21
-21
-20
-20
-19
-20
-20
-19
-18
-18
-17
-17
-20
-19
-19
-17
-15
-15
-16
-17
-18
-18
-20
-19
-18
-17
-11
-11
-12
-13
-13
-15
-17
-17
-16
-14
-11
-11
-9
-9
-9
-11
-12
-11
-10
-8
-7
-7
-9
-9
-9
-8
-9
-8
-8
-10
-11
-13
-13
-12
-12
-11
-13
-12
-10
-10
-11
-11
-9
-8
-6
-8
-9
-9
-6
-3
-2
-3
-4
-2
-1
-1
-1
-2
-3
-2
0
2
3
0
-3
-3
-4
-4
-6
-6
-4
-1
0
-3
-7
-9
-6
-5
-5
-5
-6
-6
-6
-7
-4
-3
-3
-4
-3
-2
-2
-3
-2
-1
2
3
1
0
2
2
3
3
3
3
4
4
4
5
3
3
7
11
13
12
10
6
6
8
7
11
11
10
10
11
10
11
14
16
17
18
17
17
18
19
19
19
19
20
20
20
20
20
21
21
20
20
21
23
23
19
17
17
19
19
21
22
21
21
19
17
18
18
19
19
20
22
23
26
24
24
26
26
27
27
27
26
25
24
23
24
23
24
25
26
29
29
26
25
26
27
29
30
31
31
31
31
30
28
29
30
29
29
32
33
34
34
34
33
34
35
35
37
39
41
41
40
41
42
41
40
38
38
42
43
44
42
40
39
39
39
41
41
42
41
39
38
37
36
39
41
42
42
42
41
41
39
39
41
39
39
40
41
40
44
45
46
46
44
42
42
41
39
38
38
40
42
42
42
43
43
42
42
43
44
44
45
45
44
43
44
43
44
46
48
46
47
49
49
49
47
46
48
49
50
49
48
46
45
46
46
48
48
48
46
43
45
45
47
47
46
46
46
45
46
48
47
48
47
45
44
43
42
41
44
45
44
44
45
48
49
48
46
47
50
50
47
44
41
42
45
44
44
43
41
39
37
38
36
37
37
38
35
33
31
33
33
34
35
34
34
33
33
35
38
38
38
38
40
42
43
42
42
44
46
45
46
45
46
46
47
46
44
46
46
47
48
47
46
46
48
49
49
47
44
43
44
44
44
43
43
44
45
42
40
40
40
42
41
41
39
40
41
40
38
36
37
36
38
37
34
32
33
33
30
29
29
29
29
28
27
27
28
29
27
25
24
24
25
27
27
28
26
26
26
30
31
30
28
25
25
28
30
31
30
29
30
31
31
30
29
29
29
29
30
31
33
33
31
30
28
27
27
28
29
30
29
30
31
31
28
25
25
26
29
29
26
26
28
30
34
35
33
33
32
30
31
32
28
28
29
28
29
31
30
28
25
24
25
30
28
25
25
26
30
29
25
23
23
27
30
30
27
25
29
30
32
30
28
29
30
31
32
31
30
30
29
30
30
31
32
32
31
30
28
27
27
26
24
26
27
29
30
30
29
29
28
26
23
22
25
27
29
28
27
28
32
34
33
30
29
29
30
29
27
26
28
30
28
25
22
21
25
27
26
24
23
23
23
24
22
21
20
20
22
23
23
22
21
20
21
21
22
20
20
22
23
23
23
24
24
24
24
25
24
22
21
19
19
21
17
16
13
15
16
17
15
15
15
15
15
16
16
16
16
14
15
16
20
20
20
20
20
21
23
26
26
24
22
21
22
21
24
24
24
23
20
19
20
22
21
20
19
18
19
18
16
16
16
15
14
15
10
9
10
9
10
9
9
10
11
11
12
11
10
8
6
6
7
9
11
10
11
12
13
13
11
9
11
10
11
9
6
10
9
7
4
4
4
6
8
8
8
6
6
7
10
10
8
6
6
6
6
5
6
5
8
6
6
6
5
5
6
8
11
11
10
8
5
5
4
3
3
4
2
0
2
2
2
3
2
2
3
0
1
3
3
4
3
0
-1
-3
1
5
5
7
7
7
8
8
7
7
7
5
2
3
4
3
2
1
2
4
3
2
2
1
4
8
6
7
5
6
9
10
10
9
10
11
12
12
11
11
10
9
10
10
13
13
13
11
8
6
5
6
8
10
9
7
6
2
2
4
5
4
1
0
-1
-1
0
-1
-2
0
0
-2
-4
-4
-1
-1
-2
-1
-1
2
4
5
3
1
2
5
6
4
3
1
1
3
1
1
4
6
7
5
4
5
2
1
0
3
5
7
6
5
2
3
4
3
3
2
2
1
4
6
6
9
11
10
10
10
10
10
10
13
13
11
8
6
4
2
3
7
7
6
6
3
1
0
0
0
1
2
1
1
1
1
3
4
3
0
-1
0
1
5
5
4
6
5
7
6
5
3
2
3
5
8
11
10
9
7
8
8
8
8
7
7
8
7
5
4
5
7
10
10
8
7
8
9
9
9
7
8
8
8
8
7
7
7
7
5
6
8
9
9
7
6
5
5
5
5
6
5
4
0
0
-1
-2
-1
-2
-3
-2
-3
-2
-2
-2
-3
-4
-4
-1
3
2
1
-1
0
1
1
0
-1
-1
-1
1
0
0
-1
-1
-1
-3
-2
-2
-4
-4
-5
-4
-5
-7
-10
-10
-7
-5
-5
-6
-5
-5
-6
-6
-6
-6
-5
-4
-4
-5
-6
-6
-5
-6
-4
-6
-6
-5
-4
-5
-4
-6
-9
-8
-9
-9
-10
-11
-10
-10
-10
-12
-12
-12
-9
-8
-8
-9
-9
-10
-10
-11
-10
-9
-11
-10
-8
-10
-10
-7
-6
-6
-8
-10
-10
-8
-6
-7
-8
-8
-8
-8
-9
-11
-11
-8
-6
-8
-9
-13
-14
-13
-11
-11
-10
-9
-9
-9
-11
-12
-9
-8
-7
-6
-8
-8
-6
-5
-4
-5
-8
-11
-10
-9
-9
-8
-7
-10
-11
-12
-11
-8
-10
-12
-13
-12
-9
-9
-12
-14
-13
-12
-12
-14
-15
-13
-10
-8
-9
-11
-12
-11
-10
-9
-8
-7
-8
-10
-11
-10
-6
-6
-9
-12
-12
-10
-8
-10
-12
-14
-16
-14
-14
-13
-14
-14
-15
-17
-19
-20
-21
-21
-20
-20
-20
-20
-19
-18
-18
-18
-18
-17
-16
-14
-12
-15
-16
-17
-18
-19
-16
-16
-19
-22
-23
-19
-17
-16
-17
-18
-17
-15
-15
-16
-15
-13
-12
-14
-16
-18
-18
-16
-15
-18
-20
-21
-20
-20
-21
-23
-25
-24
-24
-25
-25
-27
-25
-23
-22
-21
-22
-22
-22
-22
-22
-24
-25
-23
-24
-25
-27
-27
-24
-25
-27
-27
-27
-26
-25
-25
-27
-29
-29
-28
-28
-28
-30
-30
-28
-27
-25
-25
-27
-29
-28
-27
-28
-28
-28
-29
-28
-27
-26
-26
-26
-26
-25
-24
-25
-26
-24
-26
-26
-27
-29
-32
-33
-32
-30
-31
-32
-33
-33
-31
-33
-34
-34
-32
-33
-34
-36
-36
-35
-34
-34
-36
-37
-37
-34
-33
-35
-38
-38
-38
-36
-36
-35
-35
-33
-32
-33
-34
-37
-38
-39
-38
-39
-38
-38
-39
-41
-44
-45
-44
-40
-39
-40
-42
-43
-46
-46
-44
-45
-46
-49
-51
-50
-47
-47
-48
-48
-47
-47
-48
-50
-52
-51
-48
-50
-53
-55
-55
-57
-56
-57
-57
-57
-56
-57
-57
-58
-60
-61
-61
-63
-63
-63
-64
-63
-64
-65
-67
-67
-66
-64
-64
-66
-66
-65
-67
-65
-64
-67
-68
-69
-68
-66
-65
-64
-65
-65
-64
-63
-65
-67
-68
-67
-65
-63
-65
-67
-66
-63
-62
-62
-63
-61
-62
-62
-63
-63
-62
-62
-61
-65
-66
-65
-64
-64
-64
-67
-67
-66
-66
-68
-69
-69
-68
-66
-66
-67
-68
-69
-70
-70
-71
-70
-68
-67
-69
-70
-72
-72
-70
-71
-71
-71
-69
-66
-66
-63
-62
-61
-60
-60
-60
-60
-62
-63
-63
-63
-64
-65
-66
-66
-66
-66
-66
-67
-67
-69
-69
-68
-67
-69
-71
-73
-73
-71
-72
-72
-72
-70
-69
-70
-71
-71
-69
-68
-65
-63
-62
-64
-66
-65
-64
-62
-60
-61
-64
-65
-63
-61
-63
-64
-66
-67
-66
-64
-63
-64
-66
-66
-66
-65
-65
-64
-62
-62
-61
-62
-63
-65
-63
-63
-63
-63
-62
-61
-60
-61
-61
-61
-61
-62
-61
-61
-62
-61
-62
-61
-60
-60
-61
-61
-61
-61
-64
-64
-62
-63
-64
-65
-63
-62
-63
-66
-65
-65
-63
-62
-62
-62
-61
-62
-63
-64
-63
-62
-62
-64
-65
-65
-64
-63
-63
-65
-63
-63
-62
-63
-62
-60
-61
-60
-60
-61
-61
-63
-62
-61
-62
-62
-63
-65
-65
-64
-64
-61
-60
-62
-66
-66
-64
-63
-64
-64
-64
-63
-62
-65
-66
-65
-63
-64
-65
-65
-63
-61
-60
-64
-64
-64
-64
-67
-67
-67
-67
-67
-66
-65
-64
-63
-64
-66
-65
-65
-65
-64
-65
-66
-65
-63
-61
-61
-63
-65
-65
-64
-63
-64
-64
-64
-65
-65
-65
-63
-64
-64
-64
-64
-63
-63
-62
-62
-62
-61
-58
-57
-56
-55
-57
-57
-58
-59
-58
-55
-54
-55
-55
-57
-60
-61
-63
-65
-63
-63
-61
-61
-62
-62
-66
-67
-68
-67
-65
-63
-62
-64
-65
-66
-65
-64
-63
-63
-62
-61
-61
-61
-62
-62
-62
-61
-63
-63
-64
-64
-66
-65
-64
-63
-61
-59
-59
-59
-59
-58
-57
-56
-58
-57
-56
-54
-55
-57
-59
-58
-57
-57
-56
-57
-56
-53
-50
-50
-50
-51
-51
-51
-51
-52
-53
-51
-48
-45
-43
-45
-46
-46
-44
-45
-47
-46
-45
-44
-43
-44
-46
-42
-41
-40
-40
-40
-41
-40
-40
-42
-42
-42
-42
-40
-40
-38
-39
-39
-39
-39
-40
-40
-41
-42
-40
-40
-41
-41
-39
-37
-35
-36
-37
-38
-38
-39
-38
-38
-37
-37
-40
-41
-39
-38
-39
-40
-38
-36
-34
-34
-37
-36
-37
-36
-37
-36
-34
-33
-33
-36
-37
-37
-38
-38
-35
-36
-35
-34
-33
-33
-34
-36
-35
-35
-36
-36
-33
-32
-29
-28
-28
-27
-26
-24
-25
-24
-26
-26
-25
-24
-24
-21
-22
-24
-24
-25
-24
-24
-27
-29
-30
-27
-26
-26
-26
-25
-25
-26
-27
-25
-24
-24
-25
-27
-27
-25
-24
-22
-23
-26
-29
-29
-28
-25
-25
-25
-25
-26
-29
-28
-28
-28
-28
-25
-26
-25
-26
-25
-24
-22
-21
-22
-24
-23
-22
-22
-21
-21
-20
-17
-18
-19
-17
-16
-14
-15
-17
-18
-17
-15
-15
-15
-16
-17
-16
-16
-15
-16
-16
-16
-17
-19
-19
-18
-17
-14
-14
-12
-11
-10
-11
-11
-11
-11
-8
-4
-6
-4
-6
-8
-7
-9
-8
-5
-4
-3
-4
-4
-2
-1
-1
-2
-2
-1
0
-1
-1
-1
-2
-1
-1
-2
1
3
6
8
7
7
6
6
7
11
16
16
15
14
15
14
13
12
12
12
13
14
14
13
15
14
13
12
12
11
13
14
14
12
11
13
12
12
13
12
13
14
13
13
11
12
12
13
12
13
11
7
9
11
13
14
11
8
9
9
8
8
6
5
7
7
7
5
3
2
4
1
1
1
-1
1
1
0
0
-1
-1
0
1
0
-2
-2
-2
-1
-1
-1
-1
-1
-1
0
-1
-2
-2
-2
-1
-1
-2
-4
-5
-6
-5
-6
-7
-5
-4
-4
-3
-5
-6
-5
-5
-5
-6
-6
-4
-3
-3
-2
-1
0
0
2
1
1
0
-2
-3
0
4
7
8
6
3
1
0
-2
-3
-5
-4
-3
0
2
2
-1
0
-1
-2
-1
-3
-4
-2
2
3
2
0
-1
-2
-2
0
2
2
2
3
5
5
5
3
1
3
6
6
6
3
3
3
5
6
3
2
3
5
6
4
2
2
2
2
2
2
0
-1
-1
1
2
1
1
2
2
1
0
0
-1
-3
-3
-2
0
1
1
-1
0
1
-1
-1
-2
-1
0
2
4
3
0
-1
-3
-1
0
-1
-1
0
2
1
5
5
6
4
0
0
-1
-1
0
0
1
2
5
7
7
7
5
4
2
3
4
5
6
6
8
8
10
9
8
9
11
13
13
12
12
11
11
12
13
15
12
11
11
13
13
14
12
11
11
11
12
13
14
13
12
10
9
11
14
14
14
11
11
10
11
10
9
12
13
13
11
10
10
10
7
5
4
6
7
6
5
3
3
5
4
4
4
4
3
2
1
1
3
5
4
5
5
3
5
5
4
3
4
3
6
7
7
4
2
3
4
5
6
6
6
6
4
3
2
3
6
7
7
7
7
7
9
9
9
9
10
11
12
13
14
13
12
11
11
13
11
9
8
8
9
11
11
11
9
8
7
5
4
4
5
6
8
7
8
10
11
13
12
10
11
13
14
16
16
15
15
13
11
11
12
13
12
12
16
18
17
16
16
16
16
17
17
18
20
17
17
16
13
14
14
15
14
14
12
14
16
16
15
15
15
18
17
17
18
19
16
16
17
18
19
19
20
19
20
21
20
20
21
21
23
22
21
19
17
15
18
22
23
21
20
20
19
19
18
17
18
18
21
22
24
25
24
23
24
24
24
26
24
23
24
27
29
29
25
26
27
29
26
24
24
24
25
25
22
24
25
26
24
21
22
22
24
28
28
29
30
29
29
30
30
33
35
36
35
38
39
39
40
37
35
35
36
38
35
35
33
35
37
36
36
35
35
35
32
32
34
36
36
34
31
30
33
34
36
34
33
31
30
29
30
29
31
30
27
30
33
35
34
30
27
28
29
28
28
24
26
26
25
24
24
24
23
22
21
23
24
25
24
23
23
24
24
20
20
20
23
28
29
30
28
29
30
28
27
27
26
26
29
29
28
26
26
26
26
28
28
29
29
32
32
31
31
31
33
34
32
32
33
32
31
29
31
32
32
33
35
35
35
34
34
36
34
32
30
31
35
36
33
33
33
34
36
35
32
32
33
34
33
32
32
34
33
34
33
32
32
34
38
38
37
37
35
35
33
34
33
32
31
30
30
31
31
31
31
32
31
29
25
23
23
25
27
27
26
24
25
26
28
26
25
23
24
28
30
29
28
28
28
29
30
30
31
32
33
34
33
34
36
38
39
39
38
39
39
39
38
40
40
38
40
42
43
47
46
46
46
45
47
48
47
45
46
48
50
51
50
52
52
52
50
48
48
49
48
46
46
44
44
44
44
