1
1
0
-1
1
4
5
2
1
0
-1
0
-3
-3
-3
-3
-3
-5
-8
-6
-3
-3
0
-2
-3
-2
-1
2
2
1
0
-3
-3
-1
-1
0
-1
-1
-2
-2
-1
-4
-4
-5
-5
-5
-6
-5
-5
-5
-4
-3
-2
-2
-1
-1
-1
-1
-4
-3
-2
-1
-2
-1
-2
-3
-1
0
1
0
-1
-1
1
0
-5
-2
-2
-2
-2
-4
-6
-4
-4
-5
-4
-3
-2
-3
-3
-2
-2
-2
-1
-1
0
-2
-4
-2
-1
-2
-3
-2
-1
-1
-3
-5
-6
-7
-7
-6
-7
-8
-9
-10
-9
-9
-8
-6
-5
-5
-3
-1
0
0
1
0
-3
-1
0
3
3
0
-1
-2
-2
-1
-1
-2
-2
-1
0
-1
-2
-6
-9
-7
-2
0
0
0
1
4
4
1
-2
-4
-3
-4
-6
-7
-6
-5
-5
-6
-8
-8
-8
-6
-5
-4
-4
-2
-3
-4
-5
-4
-4
-4
-3
-4
-5
-4
-3
-5
-6
-8
-6
-6
-6
-6
-6
-4
-3
-3
-2
-1
-2
-4
-5
-7
-6
-8
-8
-8
-7
-7
-8
-9
-9
-7
-4
-1
-2
-6
-6
-6
-4
-5
-7
-7
-6
-4
-3
0
0
1
0
-2
-1
-1
-1
1
0
0
0
-1
-2
-3
-3
-3
-2
0
-1
-2
-4
-3
-4
-4
-3
-3
1
2
2
2
0
0
1
3
3
0
0
1
3
3
4
4
4
2
1
-1
-2
-3
-3
-1
0
-1
-1
0
-1
-3
-1
0
0
0
0
0
-2
-3
-5
-7
-7
-4
-3
-3
-4
-4
-3
-2
-2
-5
-7
-7
-4
-4
-6
-9
-11
-9
-7
-7
-7
-7
-7
-7
-4
-5
-6
-7
-9
-10
-10
-8
-9
-7
-8
-7
-7
-8
-9
-9
-9
-9
-7
-8
-8
-6
-6
-7
-7
-6
-5
-4
-6
-5
-5
-3
-4
-3
-2
-2
-2
-2
-1
-1
-1
1
-1
-3
-4
-6
-5
-5
-7
-8
-3
0
2
-1
-2
-1
-1
-2
-2
-4
-4
-3
-3
-1
-1
-3
-2
-2
1
2
2
3
4
4
4
7
8
7
7
8
8
9
9
7
7
7
11
13
13
12
7
6
6
6
4
4
7
7
7
5
5
5
3
1
3
4
4
4
3
2
2
5
5
5
4
3
5
7
7
8
7
4
3
3
4
6
8
8
8
5
5
5
5
4
0
-2
-1
4
7
5
3
2
6
8
9
10
11
9
9
5
5
6
8
7
6
2
2
3
6
8
7
6
6
9
9
10
9
7
10
11
13
15
13
10
9
10
12
15
17
17
16
14
12
13
14
17
14
11
9
11
12
11
7
6
8
9
11
11
9
7
8
9
9
12
14
13
14
15
13
10
9
11
14
13
13
13
10
10
9
9
10
11
10
12
13
13
12
12
13
15
16
15
14
14
15
15
14
11
10
11
12
13
11
12
10
9
9
7
3
3
4
8
9
8
8
8
9
11
11
11
12
13
13
12
10
9
9
10
10
10
9
11
13
15
15
14
12
10
9
9
8
10
10
10
9
7
6
6
9
8
9
8
9
9
8
9
9
10
13
15
14
13
12
11
10
11
12
12
12
12
13
13
14
13
12
11
11
12
12
12
11
11
14
15
16
15
15
14
13
15
16
17
17
17
15
16
18
18
18
16
16
16
16
14
12
10
14
16
17
17
15
15
16
17
18
17
16
15
17
19
20
19
18
16
17
19
19
17
15
15
14
14
14
15
14
14
14
12
13
14
14
12
11
12
12
13
15
15
15
13
9
8
9
11
12
10
9
10
10
10
12
9
10
10
10
9
9
11
12
14
13
10
10
9
9
9
6
6
5
6
8
9
8
7
7
8
11
13
16
16
14
13
15
15
18
15
13
12
12
12
14
16
16
16
16
17
16
16
15
14
16
16
17
17
18
17
18
18
17
15
17
17
20
22
21
20
20
21
19
19
18
18
20
21
21
23
24
22
20
22
23
25
24
21
21
21
20
18
17
19
22
23
25
23
21
19
17
14
14
14
15
16
17
17
15
14
13
14
16
16
17
17
16
15
14
16
17
18
16
15
16
18
20
19
17
19
21
22
22
20
22
21
20
20
21
22
22
19
20
18
17
19
19
22
24
25
22
22
22
21
22
24
24
22
22
21
23
22
22
23
25
26
27
26
26
25
27
27
28
28
26
25
26
24
25
26
24
24
23
24
25
27
25
26
27
28
29
28
26
24
24
23
24
22
20
20
20
21
22
23
23
22
21
22
24
24
24
25
25
24
25
25
26
26
25
25
25
25
26
29
29
28
27
26
26
27
27
26
23
21
23
25
25
22
20
21
22
21
21
20
20
21
21
19
18
16
15
15
15
17
14
14
14
15
18
19
20
20
19
18
21
22
22
21
21
22
22
23
21
21
19
19
20
22
22
22
22
22
22
22
23
23
21
21
18
18
18
16
17
19
20
21
23
20
18
16
17
20
21
21
20
17
18
21
18
18
17
17
17
18
18
18
16
15
17
17
18
19
19
17
14
15
17
20
19
18
17
17
17
17
17
14
14
14
13
13
13
13
11
9
11
12
10
7
8
9
12
14
12
10
10
13
14
15
12
10
9
11
12
11
10
12
14
15
16
14
15
13
14
15
15
14
14
13
10
10
10
10
11
13
14
16
14
13
12
13
12
8
9
11
11
8
9
11
14
14
14
11
12
13
12
14
15
14
14
12
12
15
16
18
18
18
15
14
15
15
17
18
17
17
16
15
15
19
20
20
16
18
18
19
18
17
18
19
21
22
23
20
19
17
17
18
20
22
23
22
22
21
20
20
20
22
24
26
27
27
27
27
26
26
26
26
27
26
26
24
22
22
23
25
26
27
28
26
27
25
25
24
24
24
26
26
27
29
25
24
23
25
27
26
25
24
24
21
20
23
25
27
27
25
23
25
26
25
24
24
25
27
27
27
27
27
29
29
28
26
25
24
24
24
25
25
23
24
26
27
27
25
22
23
25
27
28
26
25
24
22
21
21
19
20
20
21
21
22
24
23
21
21
22
21
22
21
23
23
22
23
25
25
24
25
25
23
22
21
22
26
27
25
23
21
21
22
22
20
18
17
18
17
17
16
16
17
18
17
17
18
20
19
18
17
14
14
15
16
15
16
14
16
17
17
17
17
17
17
16
14
15
16
16
18
22
22
17
15
15
17
19
17
13
13
14
15
14
12
12
10
12
13
13
12
11
11
10
11
9
8
8
11
12
10
9
10
10
11
10
8
9
9
10
7
6
5
7
8
5
5
8
10
12
12
11
10
9
9
10
9
10
9
11
12
10
8
7
7
7
6
4
5
7
7
6
6
5
5
6
7
7
5
6
7
5
5
6
5
5
2
2
4
5
4
2
2
4
4
5
4
3
3
2
2
1
3
5
5
5
3
4
6
4
5
5
6
5
5
3
5
7
7
6
4
4
6
9
8
5
4
6
8
9
8
6
5
4
4
4
5
2
1
-1
2
4
5
5
5
4
5
4
2
2
2
4
5
4
5
6
6
4
5
5
5
4
2
3
5
5
5
3
4
4
5
4
4
6
6
6
5
2
2
5
8
10
9
8
7
5
5
2
1
1
1
2
1
1
3
6
7
5
5
5
6
7
8
10
10
11
8
8
8
9
8
9
8
10
10
9
8
6
8
10
11
10
10
9
8
9
9
10
12
13
11
8
8
10
11
11
9
7
8
10
12
9
7
6
8
9
9
8
6
6
7
8
11
12
11
9
8
5
7
8
8
10
12
14
15
14
13
11
9
7
8
7
7
8
9
10
10
10
7
3
3
6
8
7
7
6
6
7
8
8
8
9
11
10
9
10
10
10
9
9
10
10
9
7
8
9
10
8
8
5
8
9
8
10
10
9
10
8
7
6
5
5
6
5
4
4
6
5
4
3
4
4
4
2
0
2
4
5
5
5
3
2
2
2
2
2
4
4
6
6
5
4
5
4
4
5
5
6
7
6
3
2
2
1
1
0
1
3
3
1
-1
-3
-2
-1
2
2
2
3
3
3
4
3
3
3
1
3
3
3
1
0
0
1
3
1
0
0
1
1
0
-1
1
3
3
1
1
2
4
5
5
5
4
4
5
5
5
5
5
6
7
6
7
5
5
4
6
7
6
5
5
4
5
6
4
5
5
3
5
6
7
7
6
5
4
4
4
6
6
5
2
3
6
8
8
9
8
6
10
10
8
8
7
7
6
5
5
8
8
7
6
4
6
9
9
10
9
9
9
8
9
9
9
8
11
10
11
12
12
10
10
10
12
13
13
14
15
16
15
13
12
12
14
16
19
19
16
16
17
20
20
19
18
18
18
19
18
19
20
22
20
21
21
21
21
20
19
21
21
21
21
20
20
24
25
24
24
22
20
20
21
20
19
18
20
21
21
20
20
18
18
17
18
19
21
20
19
18
18
19
19
18
17
17
17
16
16
15
15
16
16
15
13
12
13
13
14
16
17
17
17
16
15
16
15
16
16
16
15
13
12
13
14
16
13
11
12
14
16
17
17
15
17
19
20
19
16
14
13
14
15
17
16
14
13
12
12
12
12
10
9
9
9
10
10
10
11
11
12
12
10
9
11
9
8
4
3
3
6
7
5
5
6
7
9
11
10
10
9
8
9
9
11
10
9
8
8
9
9
6
6
6
9
10
8
4
4
6
5
6
4
4
4
4
1
2
2
4
4
2
1
2
4
4
3
0
2
2
4
5
3
2
1
1
3
4
4
4
4
3
4
4
3
5
6
5
4
5
4
2
1
2
4
5
4
2
2
0
0
0
-1
0
1
-1
-3
-2
-1
2
1
-2
-3
-1
-1
-2
-3
-1
2
3
3
1
0
-2
-1
0
1
3
4
2
1
2
3
2
5
5
7
9
7
5
3
3
5
7
5
3
2
1
0
0
1
1
2
4
3
4
3
1
2
3
5
6
6
5
5
5
5
4
4
6
8
10
9
6
6
5
4
4
6
7
9
10
9
7
7
7
6
6
7
7
9
10
9
7
8
8
9
8
9
10
8
9
9
7
9
8
9
9
8
9
10
11
10
10
14
17
17
16
13
11
9
8
8
8
8
8
8
6
6
7
8
9
10
10
10
10
7
5
6
8
9
8
7
7
9
10
10
8
8
7
7
9
10
10
9
7
7
10
11
9
8
8
10
11
11
12
10
9
10
12
14
14
14
16
16
12
9
9
11
11
10
10
12
13
14
16
16
15
15
14
13
13
14
13
14
14
14
12
12
10
9
11
12
12
12
11
13
13
12
9
9
10
10
9
7
7
8
10
11
10
10
8
6
7
7
9
10
10
8
7
6
8
6
5
3
4
5
6
3
3
5
9
10
8
6
6
8
9
6
6
7
11
10
9
7
6
7
7
7
6
5
4
5
7
7
7
7
6
7
8
8
8
5
5
6
8
11
11
11
10
10
10
10
10
11
10
8
6
7
8
9
9
8
9
11
11
9
10
9
9
10
8
7
9
11
12
10
6
6
12
12
9
9
6
7
9
10
10
8
7
9
9
9
8
6
5
4
4
7
8
7
9
9
9
9
10
11
10
8
8
10
10
12
11
9
5
6
6
8
8
6
4
1
2
0
1
1
3
3
3
4
4
3
1
0
1
3
4
2
-2
-5
-3
1
2
2
1
-1
-3
-4
-2
-2
-2
-2
-3
-1
-1
-2
-3
-4
-5
-2
2
2
0
-3
-6
-5
-2
-2
-1
-3
-3
-3
-5
-6
-7
-7
-8
-7
-5
-6
-7
-9
-9
-8
-8
-8
-7
-7
-8
-6
-5
-6
-5
-5
-5
-7
-6
-5
-5
-4
-4
-6
-5
-3
-1
0
-3
-6
-6
-5
-4
-2
-3
-5
-6
-5
-4
-3
-4
-4
-6
-4
-1
-2
-1
-3
-3
-1
0
1
0
-3
-3
-3
-3
-2
0
-2
-3
-3
-3
-3
-4
-5
-5
-3
-3
-3
-3
-1
-1
0
-1
-3
-3
-2
-5
-5
-2
-1
-2
-3
-5
-6
-4
-4
-5
-5
-5
-5
-6
-6
-7
-8
-7
-6
-6
-5
-5
-6
-8
-5
-4
-4
-7
-9
-8
-5
-4
-6
-7
-11
-8
-8
-8
-8
-9
-6
-5
-7
-8
-8
-6
-3
-5
-7
-8
-6
-5
-4
-5
-6
-5
-5
-5
-5
-6
-6
-6
-7
-6
-4
-2
0
-2
-4
-4
-6
-7
-6
-3
-1
0
-1
-2
-2
0
-2
-4
-4
-4
-3
-3
-3
-3
-3
-3
-4
-2
0
0
-3
-5
-2
-1
-2
-3
-4
-3
-2
-2
-3
-5
-8
-10
-9
-6
-4
-3
-5
-7
-7
-8
-9
-10
-10
-9
-7
-6
-6
-8
-8
-11
-13
-15
-13
-10
-11
-13
-15
-16
-12
-9
-10
-12
-16
-18
-19
-18
-17
-14
-16
-17
-17
-19
-17
-17
-16
-16
-17
-17
-17
-18
-17
-18
-17
-19
-18
-16
-17
-16
-18
-20
-22
-21
-22
-20
-20
-21
-22
-23
-23
-22
-23
-23
-23
-23
-23
-21
-21
-21
-22
-23
-25
-27
-25
-27
-28
-28
-28
-28
-28
-25
-24
-23
-23
-22
-21
-22
-23
-24
-24
-22
-22
-23
-23
-21
-22
-25
-27
-30
-28
-25
-25
-27
-27
-29
-30
-28
-27
-28
-28
-30
-30
-30
-30
-29
-31
-31
-30
-31
-30
-29
-29
-29
-31
-32
-34
-34
-33
-32
-34
-36
-38
-37
-36
-37
-35
-35
-35
-34
-33
-31
-31
-33
-36
-36
-35
-29
-28
-31
-33
-33
-33
-33
-32
-32
-31
-32
-34
-33
-33
-32
-31
-32
-33
-33
-30
-31
-32
-34
-34
-33
-35
-36
-40
-39
-37
-36
-37
-39
-43
-43
-43
-43
-42
-43
-44
-43
-44
-43
-41
-41
-42
-44
-45
-44
-43
-45
-44
-44
-42
-43
-45
-46
-45
-41
-42
-45
-47
-47
-44
-41
-41
-41
-41
-44
-46
-46
-46
-45
-42
-42
-45
-48
-50
-47
-46
-45
-47
-47
-46
-46
-46
-46
-47
-47
-48
-49
-48
-48
-47
-45
-45
-45
-46
-47
-47
-48
-50
-49
-49
-49
-47
-45
-45
-45
-44
-43
-42
-44
-46
-47
-50
-49
-48
-48
-49
-49
-47
-47
-46
-47
-46
-48
-50
-52
-53
-51
-53
-52
-50
-50
-52
-53
-55
-54
-52
-52
-51
-52
-54
-56
-54
-51
-47
-46
-47
-48
-49
-50
-47
-48
-49
-48
-47
-46
-45
-44
-43
-43
-44
-43
-43
-43
-45
-45
-45
-44
-44
-44
-45
-44
-45
-46
-46
-47
-48
-46
-45
-45
-46
-48
-48
-48
-49
-49
-50
-49
-48
-48
-50
-50
-48
-49
-45
-44
-44
-44
-46
-46
-44
-45
-45
-45
-45
-46
-46
-46
-45
-45
-44
-42
-42
-42
-42
-43
-44
-43
-43
-41
-41
-40
-41
-42
-43
-43
-43
-46
-48
-45
-44
-44
-47
-49
-50
-50
-49
-50
-50
-49
-49
-49
-48
-48
-48
-48
-48
-51
-51
-50
-48
-48
-50
-51
-51
-51
-48
-50
-53
-55
-54
-52
-50
-49
-51
-55
-53
-54
-54
-55
-58
-57
-56
-56
-53
-52
-51
-52
-53
-54
-52
-53
-56
-56
-56
-56
-57
-59
-59
-56
-53
-55
-57
-59
-61
-57
-56
-55
-55
-57
-58
-56
-54
-52
-55
-57
-57
-57
-58
-59
-59
-57
-57
-58
-60
-60
-56
-54
-56
-59
-58
-57
-53
-53
-57
-59
-58
-57
-56
-57
-59
-59
-57
-55
-56
-55
-55
-56
-54
-53
-53
-50
-50
-52
-54
-54
-54
-54
-54
-53
-52
-53
-53
-53
-55
-56
-58
-58
-57
-55
-53
-53
-56
-56
-57
-56
-56
-56
-57
-56
-55
-56
-54
-51
-52
-54
-56
-55
-52
-50
-51
-52
-52
-54
-53
-52
-53
-50
-49
-48
-47
-45
-45
-46
-46
-46
-44
-44
-45
-44
-44
-42
-42
-43
-44
-47
-47
-47
-49
-47
-43
-43
-45
-46
-46
-47
-46
-47
-47
-48
-46
-44
-42
-43
-45
-46
-46
-48
-50
-47
-45
-44
-42
-43
-45
-49
-48
-47
-46
-45
-47
-48
-48
-45
-44
-44
-46
-48
-46
-46
-45
-46
-46
-46
-46
-47
-48
-49
-49
-49
-47
-46
-47
-48
-48
-48
-47
-46
-47
-49
-51
-53
-54
-53
-52
-49
-49
-52
-53
-55
-52
-51
-52
-53
-54
-53
-52
-52
-53
-53
-52
-50
-51
-51
-51
-52
-52
-53
-52
-51
-49
-48
-49
-49
-47
-49
-52
-53
-53
-52
-52
-53
-54
-54
-54
-53
-52
-53
-53
-51
-52
-53
-53
-53
-52
-52
-52
-52
-51
-51
-52
-54
-54
-53
-53
-51
-51
-51
-55
-58
-58
-57
-55
-55
-55
-55
-53
-52
-52
-53
-55
-58
-59
-59
-57
-55
-57
-56
-54
-53
-51
-51
-52
-54
-54
-54
-53
-53
-54
-54
-54
-52
-51
-49
-49
-50
-50
-51
-51
-51
-51
-52
-51
-49
-48
-49
-51
-51
-51
-51
-52
-51
-51
-49
-47
-48
-48
-48
-49
-47
-49
-51
-51
-51
-51
-51
-50
-47
-46
-47
-48
-50
-52
-54
-52
-52
-50
-49
-49
-50
-53
-56
-56
-53
-51
-51
-52
-53
-53
-52
-50
-49
-49
-50
-51
-51
-51
-51
-52
-51
-51
-51
-52
-52
-51
-49
-46
-43
-44
-45
-45
-46
-46
-47
-48
-47
-46
-45
-44
-45
-47
-46
-47
-47
-48
-49
-49
-47
-43
-44
-45
-45
-45
-45
-46
-47
-51
-51
-48
-46
-46
-49
-47
-49
-52
-54
-54
-55
-55
-54
-53
-53
-54
-53
-54
-53
-53
-52
-52
-51
-49
-50
-51
-52
-51
-54
-56
-59
-59
-58
-58
-55
-54
-55
-54
-53
-51
-49
-51
-51
-52
-51
-50
-48
-48
-49
-49
-51
-51
-52
-51
-49
-48
-51
-51
-50
-52
-52
-53
-53
-52
-52
-52
-51
-49
-49
-50
-52
-52
-52
-50
-51
-50
-51
-52
-50
-49
-50
-53
-54
-52
-50
-50
-51
-53
-56
-57
-55
-55
-53
-54
-53
-54
-55
-56
-57
-55
-53
-54
-54
-53
-54
-54
-53
-53
-53
-52
-51
-51
-53
-54
-53
-52
-53
-53
-53
-52
-52
-51
-53
-53
-51
-50
-50
-50
-52
-53
-53
-53
-53
-53
-51
-51
-51
-51
-57
-59
-58
-57
-57
-55
-56
-56
-54
-54
-54
-55
-56
-56
-54
-53
-52
-52
-52
-54
-56
-56
-57
-57
-57
-56
-56
-56
-58
-61
-61
-60
-58
-56
-56
-55
-54
-52
-51
-54
-56
-54
-52
-53
-55
-56
-57
-58
-56
-54
-54
-54
-56
-57
-56
-56
-55
-55
-56
-55
-53
-52
-55
-59
-60
-60
-58
-57
-57
-57
-56
-57
-56
-59
-61
-61
-59
-58
-58
-60
-60
-60
-57
-56
-57
-58
-62
-64
-63
-63
-63
-64
-63
-64
-64
-64
-65
-65
-63
-63
-63
-65
-65
-64
-65
-65
-64
-64
-67
-67
-67
-68
-68
-67
-67
-65
-66
-70
-69
-68
-67
-68
-69
-69
-67
-64
-64
-65
-64
-62
-62
-63
-64
-65
-63
-62
-60
-62
-65
-67
-65
-62
-63
-64
-63
-65
-67
-68
-66
-66
-68
-71
-70
-68
-66
-67
-68
-68
-70
-68
-66
-67
-68
-68
-68
-70
-69
-68
-67
-68
-69
-72
-72
-70
-71
-75
-77
-76
-74
-72
-71
-71
-71
-72
-72
-73
-71
-69
-68
-68
-73
-74
-74
-72
-70
-70
-72
-76
-76
-75
-76
-78
-77
-76
-77
-77
-76
-76
-74
-73
-73
-69
-69
-68
-68
-71
-72
-74
-72
-72
-71
-72
-76
-77
-77
-76
-75
-73
-70
-69
-72
-74
-76
-76
-75
-73
-75
-74
-72
-70
-69
-73
-75
-74
-72
-69
-67
-70
-71
-70
-70
-70
-70
-70
-68
-68
-70
-72
-71
-71
-72
-70
-72
-71
-66
-63
-62
-61
-64
-64
-64
-64
-63
-65
-63
-60
-59
-57
-56
-59
-62
-61
-59
-59
-59
-60
-60
-58
-60
-60
-61
-59
-55
-56
-55
-56
-55
-55
-55
-56
-54
-53
-53
-53
-52
-51
-52
-53
-55
-55
-53
-52
-52
-53
-55
-56
-55
-51
-47
-47
-49
-51
-50
-49
-46
-48
-49
-48
-50
-48
-49
-51
-51
-50
-47
-46
-45
-47
-46
-44
-45
-46
-46
-45
-45
-45
-45
-42
-42
-46
-48
-48
-46
-44
-45
-46
-43
-39
-38
-42
-43
-44
-39
-38
-40
-43
-45
-44
-43
-44
-42
-44
-46
-45
-44
-44
-44
-44
-43
-41
-41
-41
-44
-43
-45
-45
-46
-48
-45
-43
-41
-43
-45
-45
-46
-49
-48
-47
-44
-41
-40
-43
-47
-48
-48
-44
-44
-45
-44
-42
-41
-41
-42
-44
-45
-45
-45
-44
-44
-43
-41
-41
-43
-45
-46
-47
-48
-49
-50
-50
-48
-47
-47
-47
-47
-46
-47
-47
-49
-50
-48
-47
-46
-47
-48
-45
-43
-43
-42
-43
-43
-45
-47
-49
-49
-48
-46
-48
-50
-50
-49
-49
-51
-53
-54
-53
-53
-52
-52
-54
-55
-57
-57
-55
-56
-57
-57
-56
-60
-61
-59
-58
-57
-56
-60
-62
-64
-66
-66
-63
-63
-62
-62
-64
-65
-64
-63
-63
-64
-66
-68
-68
-65
-64
-63
-65
-67
-68
-71
-73
-72
-70
-70
-69
-67
-66
-65
-64
-65
-65
-68
-67
-66
-65
-64
-64
-61
-59
-60
-63
-65
-68
-69
-68
-67
-65
-67
-68
-69
-68
-67
-65
-66
-64
-64
-63
-60
-59
-63
-65
-68
-70
-70
-67
-65
-65
-68
-70
-72
-71
-71
-73
-73
-73
-72
-72
-71
-69
-69
-68
-69
-70
-69
-69
-65
-64
-66
-68
-69
-70
-68
-68
-68
-68
-66
-63
-62
-62
-65
-65
-67
-69
-69
-66
-65
-64
-64
-64
-62
-63
-66
-66
-68
-67
-66
-66
-67
-66
-64
-65
-64
-62
-63
-63
-66
-64
-62
-61
-60
-63
-63
-64
-66
-66
-64
-64
-64
-64
-63
-63
-61
-62
-63
-64
-62
-59
-59
-60
-60
-58
-58
-60
-62
-63
-60
-59
-59
-60
-57
-55
-55
-57
-57
-59
-59
-55
-54
-56
-55
-55
-56
-55
-55
-57
-57
-56
-56
-53
-50
-49
-49
-52
-55
-55
-55
-56
-54
-53
-53
-54
-56
-58
-57
-56
-59
-62
-62
-60
-59
-57
-59
-60
-59
-57
-56
-59
-59
-59
-60
-62
-62
-62
-62
-60
-57
-60
-58
-60
-61
-62
-62
-61
-61
-62
-64
-64
-64
-62
-62
-63
-65
-63
-64
-65
-65
-65
-65
-64
-62
-62
-62
-63
-66
-68
-69
-69
-67
-67
-68
-69
-73
-72
-70
-69
-68
-71
-71
-71
-72
-72
-74
-74
-72
-70
-69
-67
-66
-67
-66
-66
-67
-70
-73
-75
-73
-70
-70
-67
-67
-68
-69
-73
-74
-76
-74
-73
-74
-71
-72
-73
-73
-75
-77
-78
-77
-75
-74
-75
-75
-75
-77
-78
-76
-77
-79
-78
-78
-79
-78
-80
-80
-81
-81
-81
-80
-82
-83
-83
-83
-82
-82
-82
-82
-81
-81
-81
-80
-80
-78
-76
-77
-79
-81
-82
-83
-81
-81
-80
-83
-84
-81
-83
-84
-86
-85
-84
-84
-85
-86
-88
-87
-85
-84
-85
-85
-87
-87
-86
-83
-80
-82
-87
-90
-87
-85
-84
-87
-89
-89
-90
-90
-91
-92
-91
-90
-92
-92
-89
-87
-89
-90
-89
-91
-92
-92
-90
-90
-92
-93
-93
-94
-92
-92
-94
-94
-95
-95
-95
-94
-93
-92
-92
-91
-90
-89
-89
-89
-89
-90
-88
-87
-86
-87
-88
-90
-91
-90
-89
-89
-91
-92
-91
-90
-89
-89
-90
-91
-91
-92
-92
-90
-90
-90
-91
-92
-93
-92
-90
-87
-88
-88
-89
-89
-88
-88
-89
-87
-87
-87
-86
-87
-90
-90
-91
-91
-88
-87
-88
-88
-88
-88
-89
-91
-92
-91
-89
-88
-89
-90
-90
-89
-89
-90
-91
-90
-90
-89
-88
-91
-92
-95
-93
-92
-91
-92
-91
-88
-87
-87
-87
-89
-87
-89
-90
-91
-91
-89
-88
-89
-88
-87
-87
-86
-87
-88
-87
-86
-87
-86
-86
-88
-88
-88
-87
-86
-89
-90
-90
-88
-88
-88
-88
-88
-89
-85
-84
-87
-86
-85
-86
-84
-84
-83
-82
-81
-78
-78
-78
-80
-78
-79
-76
-76
-79
-81
-80
-77
-75
-72
-74
-75
-76
-78
-76
-75
-73
-70
-68
-69
-71
-75
-77
-81
-78
-78
-77
-73
-71
-71
-72
-75
-79
-80
-76
-75
-75
-75
-75
-76
-77
-78
-78
-77
-77
-75
-74
-75
-75
-76
-76
-77
-76
-76
-77
-77
-76
-76
-78
-81
-84
-84
-84
-81
-80
-80
-81
-82
-82
-81
-81
-80
-80
-80
-81
-80
-82
-80
-77
-77
-81
-83
-83
-81
-80
-79
-80
-81
-79
-77
-77
-79
-83
-81
-79
-79
-79
-81
-82
-84
-84
-83
-82
-83
-84
-84
-83
-82
-79
-78
-79
-80
-80
-80
-79
-78
-79
-78
-77
-79
-80
-79
-80
-79
-78
-81
-82
-82
-81
-79
-77
-77
-77
-77
-78
-76
-76
-76
-74
-71
-71
-71
-73
-75
-75
-72
-70
-71
-72
-74
-75
-76
-76
-78
-82
-83
-83
-82
-83
-81
-82
-80
-79
-79
-80
-80
-77
-77
-78
-78
-78
-77
-77
-77
-77
-77
-78
-78
-79
-78
-78
-77
-78
-79
-80
-80
-78
-78
-77
-77
-79
-80
-82
-82
-82
-81
-78
-77
-76
-77
-79
-79
-80
-82
-82
-83
-81
-79
-78
-79
-80
-80
-80
-80
-82
-82
-81
-78
-75
-76
-75
-76
-76
-75
-76
-75
-75
-77
-78
-77
-76
-75
-75
-74
-74
-75
-74
-71
-71
-73
-74
-75
-77
-75
-74
-75
-75
-76
-77
-77
-77
-76
-74
-75
-73
-73
-75
-76
-76
-80
-79
-79
-75
-75
-75
-75
-76
-76
-76
-76
-76
-77
-78
-77
-75
-73
-74
-75
-76
-76
-77
-77
-77
-77
-74
-75
-77
-78
-77
-76
-73
-74
-73
-74
-77
-76
-76
-75
-75
-77
-78
-75
-72
-71
-71
-73
-73
-73
-73
-74
-76
-77
-77
-77
-75
-74
-73
-75
-76
-75
-73
-72
-73
-77
-77
-74
-71
-70
-73
-75
-74
-73
-72
-73
-73
-74
-74
-76
-76
-73
-72
-73
-76
-76
-76
-75
-74
-74
-74
-76
-74
-74
-73
-68
-68
-69
-72
-75
-77
-75
-75
-74
-73
-74
-75
-73
-73
-73
-72
-73
-72
-71
-70
-71
-72
-73
-74
-73
-71
-72
-70
-72
-73
-73
-73
-71
-71
-70
-68
-67
-69
-67
-66
-65
-64
-64
-62
-61
-62
-62
-62
-63
-64
-65
-65
-64
-63
-64
-63
-65
-64
-65
-65
-63
-63
-63
-64
-61
-60
-61
-59
-63
-65
-63
-65
-66
-67
-68
-66
-63
-63
-62
-62
-62
-61
-62
-65
-66
-64
-63
-62
-62
-60
-57
-54
-55
-57
-57
-57
-56
-58
-60
-57
-57
-55
-54
-57
-56
-56
-59
-60
-63
-62
-61
-60
-58
-55
-54
-55
-54
-57
-60
-60
-59
-59
-58
-57
-55
-55
-56
-58
-61
-61
-59
-57
-57
-56
-56
-58
-58
-57
-58
-55
-54
-56
-56
-57
-55
-53
-53
-56
-57
-57
-57
-56
-55
-56
-54
-57
-59
-59
-63
-61
-59
-57
-54
-56
-58
-60
-59
-57
-56
-54
-53
-52
-53
-53
-55
-54
-54
-55
-55
-55
-56
-56
-54
-52
-52
-55
-57
-57
-54
-53
-53
-54
-54
-50
-50
-50
-52
-50
-50
-49
-51
-54
-54
-55
-54
-54
-53
-53
-53
-56
-60
-62
-61
-59
-59
-60
-58
-55
-55
-57
-60
-64
-63
-61
-59
-57
-59
-58
-60
-60
-61
-62
-63
-63
-61
-58
-58
-58
-59
-60
-63
-64
-63
-62
-60
-62
-65
-65
-63
-60
-58
-60
-63
-64
-62
-61
-61
-62
-61
-59
-57
-56
-57
-57
-55
-54
-52
-54
-58
-55
-53
-53
-53
-53
-51
-50
-51
-52
-53
-54
-54
-51
-50
-52
-53
-52
-51
-49
-49
-53
-55
-53
-52
-51
-49
-50
-50
-52
-50
-50
-50
-48
-46
-47
-46
-46
-48
-51
-50
-48
-44
-41
-41
-41
-44
-43
-45
-45
-43
-42
-40
-39
-39
-38
-39
-39
-39
-38
-41
-43
-43
-41
-40
-40
-41
-45
-45
-45
-43
-43
-45
-46
-46
-47
-44
-41
-41
-41
-40
-37
-39
-40
-41
-41
-41
-39
-39
-40
-38
-39
-39
-40
-41
-39
-39
-37
-35
-34
-33
-35
-37
-41
-42
-42
-38
-37
-36
-38
-39
-42
-44
-45
-46
-45
-46
-45
-42
-41
-41
-40
-40
-40
-39
-41
-43
-43
-40
-41
-44
-46
-47
-43
-40
-41
-42
-43
-45
-45
-41
-39
-34
-34
-37
-40
-42
-43
-41
-38
-37
-36
-34
-36
-36
-35
-36
-36
-39
-40
-40
-40
-41
-42
-42
-40
-39
-38
-42
-42
-40
-41
-40
-39
-37
-35
-34
-34
-34
-36
-35
-35
-37
-37
-38
-37
-35
-35
-35
-33
-32
-33
-36
-41
-41
-40
-38
-36
-38
-40
-40
-39
-37
-40
-40
-43
-43
-42
-43
-41
-40
-40
-40
-40
-41
-41
-43
-43
-43
-40
-39
-40
-38
-39
-39
-39
-38
-37
-37
-38
-39
-38
-37
-38
-38
-37
-35
-35
-35
-37
-39
-41
-41
-39
-40
-40
-42
-39
-36
-37
-37
-37
-38
-39
-40
-40
-38
-36
-35
-34
-36
-35
-35
-36
-38
-40
-38
-35
-36
-35
-35
-36
-36
-32
-33
-39
-41
-40
-36
-34
-36
-38
-37
-36
-36
-36
-39
-41
-40
-40
-38
-38
-37
-36
-32
-30
-29
-32
-36
-36
-36
-33
-33
-37
-37
-35
-34
-34
-36
-38
-40
-39
-38
-37
-37
-38
-35
-32
-31
-30
-33
-34
-33
-33
-34
-34
-32
-30
-28
-29
-31
-31
-33
-33
-33
-34
-35
-35
-34
-33
-31
-30
-32
-33
-33
-32
-31
-30
-30
-31
-29
-29
-30
-27
-25
-24
-24
-24
-26
-26
-25
-25
-25
-26
-24
-24
-25
-26
-27
-27
-25
-25
-26
-27
-28
-28
-27
-25
-26
-26
-27
-27
-24
-24
-25
-24
-26
-25
-24
-23
-25
-27
-28
-27
-24
-23
-23
-23
-20
-20
-19
-19
-22
-20
-19
-19
-17
-14
-15
-14
-16
-17
-15
-13
-11
-11
-14
-15
-14
-16
-16
-14
-15
-12
-10
-12
-15
-15
-16
-16
-14
-16
-16
-15
-16
-15
-14
-14
-13
-13
-14
-12
-13
-12
-11
-10
-10
-9
-10
-14
-13
-13
-9
-9
-8
-7
-7
-7
-7
-5
-6
-5
-8
-11
-9
-9
-8
-7
-9
-9
-8
-6
-6
-8
-10
-10
-11
-12
-12
-11
-8
-5
-4
-6
-6
-3
-5
-6
-6
-6
-3
-1
1
0
-3
-3
-2
-3
-4
-2
-1
-1
0
1
1
1
1
-2
-3
-4
-3
-3
-1
1
1
0
-1
-1
-2
-3
-6
-4
-1
2
4
4
1
-1
1
3
3
2
1
2
1
2
3
1
5
8
10
7
5
7
9
11
10
10
10
9
11
12
11
11
10
9
8
7
7
11
12
10
8
8
8
9
8
8
9
8
6
5
6
7
9
9
9
7
8
10
11
11
9
8
7
8
10
10
12
12
13
12
10
8
6
6
9
9
10
11
9
9
9
8
8
6
7
8
10
12
12
9
6
5
4
5
5
6
6
4
1
1
1
3
6
7
5
4
2
0
2
4
6
8
9
9
7
5
2
-1
-2
-1
3
6
6
6
5
2
2
2
0
1
4
5
6
4
2
2
3
4
2
0
0
1
2
2
0
-1
0
1
0
-3
-1
1
3
2
3
5
4
5
4
2
1
3
6
7
6
5
-1
-1
2
2
1
1
0
0
0
-2
1
3
4
3
1
0
2
3
5
5
6
5
6
4
4
7
7
8
8
7
8
6
5
6
7
7
5
6
7
8
5
2
3
3
4
6
8
10
7
4
0
0
-1
1
1
0
2
3
3
3
1
-2
-1
-1
-5
-3
-3
-2
1
2
2
3
4
3
2
0
0
0
1
3
0
-2
-3
-2
0
4
3
-1
-1
-1
0
2
2
0
-1
0
-1
-1
-1
-2
-3
-3
-2
-3
0
2
2
0
-1
-2
-2
-3
-2
-2
-2
-2
-2
-1
-3
-2
-3
0
3
2
0
-2
-3
-1
0
-2
-1
1
3
3
2
3
3
3
0
1
2
2
1
1
0
-3
-4
-5
-5
-4
-6
-6
-4
-2
-3
-3
-2
-5
-4
-2
-1
-1
0
1
2
-1
-2
-3
-1
2
4
4
3
1
1
-2
-3
-3
-4
-2
-1
0
-2
0
0
3
2
0
-1
-1
-1
0
2
-1
-2
2
2
1
3
2
3
3
3
1
-1
0
0
0
1
2
1
0
-1
-3
-3
-1
-1
1
0
2
2
2
3
2
1
2
3
5
6
9
8
5
3
3
3
4
8
7
7
8
8
8
5
4
5
6
5
5
6
8
10
9
10
11
14
14
11
7
5
5
5
6
7
6
7
8
7
5
5
6
5
3
5
7
8
8
10
9
8
9
7
8
10
10
10
11
10
10
10
9
9
12
12
14
15
13
11
11
12
14
13
13
12
13
12
9
8
6
8
10
9
7
5
6
10
12
12
10
8
11
10
9
9
9
8
9
8
5
4
3
5
4
2
1
0
4
6
4
3
6
7
7
6
7
6
7
7
6
6
9
10
10
11
11
9
10
8
5
3
2
4
6
5
6
5
8
7
4
2
3
4
5
7
9
8
6
6
5
4
5
3
2
4
4
4
3
3
0
-1
-2
-3
0
2
3
6
10
8
8
8
7
6
7
7
7
6
6
5
6
6
9
9
10
9
9
10
9
7
7
7
9
8
8
7
7
10
13
14
13
11
12
14
15
15
14
15
15
17
16
17
15
15
16
17
15
16
16
18
18
16
15
14
16
14
13
13
14
16
18
18
17
15
13
14
16
16
15
14
14
16
19
19
20
19
20
19
20
21
22
21
20
18
19
20
21
22
21
20
18
21
19
21
21
22
22
22
24
25
25
23
22
21
22
24
23
21
20
21
22
22
20
22
23
24
24
21
21
23
22
21
21
22
22
22
23
23
24
25
23
22
23
24
26
25
22
21
20
20
23
22
22
22
20
20
18
17
19
18
16
15
16
18
20
20
19
18
18
21
20
20
19
19
19
18
17
17
18
17
15
14
15
17
19
19
18
16
18
18
18
18
18
17
19
19
20
20
21
22
21
20
19
20
21
19
17
18
21
24
23
19
18
17
18
20
19
17
13
12
14
16
18
19
18
17
18
19
16
15
14
16
20
20
19
16
15
15
15
15
13
13
12
11
11
13
14
16
13
11
11
13
14
14
15
15
18
17
16
14
14
15
15
13
12
14
16
16
14
11
9
9
8
9
9
10
9
8
7
6
6
5
4
5
7
9
10
9
6
4
4
3
4
6
11
12
8
6
5
4
5
3
5
6
6
6
5
4
3
4
4
6
6
6
6
6
7
8
8
7
6
9
12
10
7
5
6
6
5
4
4
7
6
5
2
1
3
4
3
1
2
3
4
4
3
2
4
4
4
5
4
4
1
0
2
0
0
-1
-2
-2
1
1
0
1
0
1
5
7
5
4
1
2
2
1
3
5
6
5
2
2
2
1
0
0
1
1
3
2
1
2
4
7
7
7
1
-2
-1
3
4
5
6
7
8
10
9
7
8
10
12
13
11
11
10
9
12
15
14
13
11
9
8
10
13
13
14
13
15
17
17
18
18
16
16
17
18
20
19
19
17
15
17
16
15
13
13
15
16
18
16
15
14
15
15
17
16
14
14
14
17
18
19
16
16
16
21
19
14
13
12
11
13
16
16
15
16
15
13
11
9
9
7
7
7
7
6
6
7
8
6
7
8
8
9
10
8
7
6
5
7
5
4
3
1
4
4
4
0
-1
-2
-2
0
2
3
4
2
1
0
0
1
2
2
3
3
1
1
0
1
-1
-1
-3
-2
-1
0
0
-3
-2
-2
0
-2
-3
-4
-1
3
3
1
0
-2
-4
-2
-2
-2
-2
-2
-2
-3
-3
-2
-2
-4
-6
-8
-6
-2
-5
-6
-5
-4
-2
-1
-5
-6
-6
-5
-6
-5
-3
-3
-5
-6
-9
-9
-9
-9
-8
-8
-6
-7
-5
-4
-4
-5
-4
-5
-5
-7
-8
-6
-4
-4
-4
-6
-7
-6
-3
-2
-2
-4
-3
-2
-2
-3
-5
-4
-3
-2
-1
-2
-1
1
0
-3
-4
-4
-4
-3
-2
-2
-3
-3
-6
-8
-9
-9
-9
-8
-7
-6
-8
-7
-9
-8
-7
-6
-6
-7
-5
-4
-3
-4
-6
-6
-3
-2
-1
-1
-2
-3
-4
-2
-3
-4
-4
-5
-4
-2
-1
-1
-1
-2
-4
-5
-6
-3
0
1
-1
-1
-1
-1
1
1
2
4
4
3
2
1
0
1
1
0
1
3
2
2
1
1
1
1
0
-2
0
2
1
2
2
4
7
8
4
1
0
2
6
6
4
2
3
3
3
0
0
1
1
0
0
1
2
0
-1
-1
-2
2
2
1
-1
-3
-4
-3
-2
-3
-2
-1
-1
-2
-3
-4
-3
-2
-2
-2
-2
0
1
0
0
-1
-1
-2
-3
-3
-1
3
3
2
0
-1
-1
2
2
2
0
-3
-2
0
2
2
3
4
4
3
1
4
2
4
5
5
7
7
7
8
9
12
12
11
10
11
13
12
10
9
10
13
15
15
12
10
8
9
12
13
15
13
12
13
12
11
12
13
13
14
12
9
7
8
10
11
11
11
10
10
12
9
7
6
6
9
10
9
7
7
9
11
13
13
14
13
12
13
13
13
14
16
16
15
15
15
14
13
13
13
14
16
16
15
16
14
13
15
16
15
15
13
14
15
17
17
15
13
12
11
12
13
11
9
10
11
11
11
11
11
11
7
4
6
10
12
9
8
7
8
10
9
8
8
5
4
3
4
5
7
6
4
3
5
5
5
3
1
3
5
7
7
5
5
6
5
7
5
6
6
6
8
9
8
7
7
6
7
7
6
6
6
6
6
5
6
7
7
5
5
5
5
5
6
6
6
5
4
3
3
4
4
4
3
3
2
3
1
1
1
2
3
3
3
2
0
-2
-2
-4
-3
-4
-5
-3
-2
-2
-4
-4
-4
-6
-5
-7
-8
-7
-7
-6
-5
-5
-6
-8
-9
-6
-2
-2
-3
-6
-7
-9
-9
-9
-9
-8
-8
-7
-7
-6
-4
-5
-6
-6
-5
-4
-3
-3
-4
-5
-7
-8
-6
-5
-5
-6
-5
-6
-5
-5
-6
-4
-6
-4
-5
-6
-6
-5
-2
-3
-4
-3
-2
-1
-1
-2
-2
-2
0
1
2
3
4
3
3
1
4
6
7
5
5
6
7
8
8
7
6
5
6
6
8
8
8
7
4
4
5
4
2
1
3
3
4
5
5
5
6
8
8
9
9
9
11
9
12
13
13
12
11
10
11
13
16
15
14
13
13
12
10
11
11
11
10
11
12
14
12
10
9
9
8
8
9
10
10
10
10
12
10
9
8
6
7
6
8
8
8
9
9
9
10
10
11
12
13
13
15
15
16
16
16
15
14
14
14
16
16
17
18
17
16
16
15
13
12
13
17
21
17
14
15
14
15
15
14
15
16
15
12
10
9
10
8
10
10
10
11
11
9
9
10
8
5
6
8
11
14
13
10
7
6
5
7
6
7
7
5
1
-1
-1
1
2
1
0
-2
0
0
-2
0
2
3
1
-1
-3
-3
-2
-1
2
1
0
-1
-2
-2
-2
-4
0
1
2
-1
-3
-4
-5
-4
-4
-4
-3
-2
-1
-2
-5
-8
-8
-7
-6
-3
-7
-9
-10
-11
-9
-8
-9
-10
-11
-13
-13
-12
-11
-11
-12
-12
-15
-17
-16
-13
-11
-10
-11
-12
-11
-11
-13
-13
-13
-11
-10
-11
-12
-13
-12
-10
-10
-11
-12
-14
-14
-14
-13
-13
-15
-14
-13
-12
-10
-12
-15
-14
-14
-13
-10
-8
-12
-14
-14
-13
-14
-14
-12
-10
-9
-9
-10
-11
-13
-14
-14
-13
-10
-9
-12
-12
-9
-10
-10
-11
-11
-9
-7
-7
-9
-11
-9
-7
-6
-8
-10
-10
-9
-8
-9
-6
-7
-7
-7
-7
-8
-8
-9
-9
-8
-8
-6
-4
-4
-7
-9
-8
-8
-9
-10
-11
-11
-10
-8
-7
-7
-9
-8
-8
-8
-7
-7
-8
-7
-6
-6
-4
-4
-4
-4
-3
-2
-2
-2
-1
0
0
2
4
4
4
3
3
3
5
5
7
6
6
4
5
7
8
10
8
6
6
8
8
9
6
3
2
4
6
7
5
5
8
8
8
6
3
3
2
3
6
6
8
7
5
4
7
7
6
3
3
6
7
7
6
6
6
8
10
9
6
4
4
5
4
5
6
6
6
5
5
7
9
7
5
5
6
8
8
6
7
8
9
8
7
6
8
8
9
8
8
7
7
6
7
7
8
8
6
6
6
4
2
0
0
2
2
2
4
3
2
0
-1
-1
1
1
-1
-1
-2
-2
-2
-4
-6
-6
-6
-7
-7
-8
-7
-6
-10
-10
-11
-8
-8
-8
-10
-10
-9
-9
-9
-7
-6
-9
-10
-13
-14
-12
-13
-13
-13
-13
-15
-13
-14
-15
-17
-18
-18
-18
-17
-17
-17
-19
-21
-21
-22
-20
-20
-22
-22
-23
-22
-24
-25
-25
-26
-29
-28
-26
-24
-25
-27
-28
-26
-26
-25
-24
-24
-25
-25
-25
-28
-29
-29
-29
-28
-29
-31
-30
-29
-28
-28
-30
-32
-31
-31
-31
-32
-34
-33
-34
-35
-35
-35
-34
-36
-38
-39
-40
-40
-39
-38
-37
-34
-35
-34
-33
-33
-33
-32
-33
-34
-34
-34
-35
-36
-37
-36
-33
-32
-32
-32
-32
-30
-31
-33
-33
-31
-28
-27
-27
-29
-32
-34
-34
-31
-29
-29
-31
-37
-38
-35
-32
-32
-32
-33
-31
-30
-28
-28
-29
-29
-29
-30
-29
-28
-28
-26
-29
-29
-27
-26
-25
-23
-23
-22
-20
-21
-21
-22
-23
-23
-22
-22
-23
-24
-22
-20
-17
-18
-19
-19
-19
-18
-18
-20
-21
-20
-19
-16
-15
-14
-15
-17
-18
-15
-15
-12
-13
-14
-13
-11
-10
-10
-11
-12
-12
-11
-10
-10
-9
-9
-7
-7
-7
-6
-6
-6
-5
-5
-3
-3
-3
-3
-3
-2
-2
-2
-3
-2
-1
0
0
-1
-1
-2
-1
1
2
3
2
-1
0
2
3
3
1
3
5
3
3
4
4
5
6
6
7
8
8
7
7
8
7
8
7
8
10
9
8
6
7
7
8
9
11
10
10
13
15
14
12
9
9
12
12
13
11
11
10
10
8
8
9
9
7
6
8
8
7
9
10
8
9
8
5
3
5
7
8
8
8
8
7
6
6
6
4
5
6
5
5
7
12
13
11
7
6
6
7
7
7
8
9
6
6
6
8
9
8
7
7
8
7
7
8
8
7
5
3
4
5
6
6
4
3
2
4
5
5
5
5
7
7
6
6
7
8
8
8
7
6
6
5
4
2
3
4
7
5
4
4
4
4
5
6
4
3
4
5
6
6
3
3
3
5
5
2
1
-1
-1
-1
0
1
1
1
0
-4
-4
-5
-5
-4
-1
-1
-1
-4
-5
-4
-5
-7
-8
-8
-7
-6
-7
-9
-9
-8
-9
-9
-9
-9
-10
-10
-9
-9
-9
-10
-9
-8
-7
-7
-9
-11
-13
-10
-8
-7
-7
-9
-12
-11
-10
-9
-10
-9
-8
-9
-11
-15
-15
-12
-11
-12
-13
-14
-13
-13
-10
-8
-7
-7
-9
-11
-10
-8
-7
-9
-10
-8
-7
-7
-9
-10
-14
-13
-10
-10
-9
-9
-9
-8
-10
-12
-12
-14
-13
-11
-13
-14
-16
-17
-15
-15
-14
-16
-15
-13
-12
-9
-9
-9
-9
-11
-11
-11
-11
-7
-4
-5
-6
-8
-7
-6
-4
-5
-7
-6
-6
-7
-7
-6
-4
-2
-4
-4
-6
-7
-6
-5
-5
-6
-5
-4
-4
-4
-5
-4
-4
-5
-7
-8
-6
-6
-4
-4
-6
-7
-7
-6
-4
-4
-6
-8
-7
-4
-3
-6
-9
-9
-7
-8
-7
-6
-6
-7
-9
-12
-14
-13
-11
-10
-10
-9
-8
-11
-12
-13
-13
-11
-9
-7
-6
-6
-4
-5
-6
-9
-10
-6
-5
-4
-6
-8
-8
-6
-5
-5
-6
-7
-10
-9
-5
-5
-7
-9
-10
-8
-6
-3
-5
-4
-4
-4
-5
-6
-7
-10
-8
-5
-4
-6
-7
-8
-7
-6
-6
-7
-7
-6
-4
-2
-1
-1
-3
-4
-3
-1
-2
0
-1
-1
-1
0
-1
-3
-4
-6
-5
-5
-5
-7
-8
-7
-8
-8
-9
-10
-10
-9
-9
-8
-9
-10
-11
-10
-11
-11
-13
-15
-14
-14
-15
-15
-15
-14
-12
-11
-10
-12
-15
-14
-15
-15
-15
-16
-16
-18
-19
-18
-16
-15
-13
-14
-15
-16
-17
-19
-19
-18
-19
-18
-18
-18
-21
-21
-21
-19
-19
-20
-20
-20
-20
-19
-19
-18
-16
-16
-15
-16
-18
-19
-19
-20
-21
-21
-20
-19
-20
-22
-22
-21
-19
-18
-19
-20
-19
-19
-18
-20
-18
-19
-20
-22
-20
-19
-20
-22
-25
-25
-24
-21
-23
-26
-27
-25
-24
-24
-27
-27
-24
-20
-23
-24
-27
-26
-25
-27
-29
-29
-25
-23
-23
-22
-22
-22
-23
-23
-24
-22
-22
-20
-23
-24
-25
-26
-25
-24
-25
-25
-22
-23
-24
-24
-25
-25
-26
-25
-25
-25
-25
-26
-28
-29
-31
-31
-30
-31
-30
-27
-28
-28
-31
-33
-32
-30
-29
-29
-31
-32
-32
-32
-33
-33
-32
-32
-32
-33
-32
-29
-31
-31
-31
-29
-30
-29
-30
-30
-31
-34
-34
-34
-32
-30
-32
-33
-33
-33
-34
-34
-35
-33
-32
-32
-36
-39
-36
-30
-30
-32
-34
-33
-32
-34
-36
-34
-32
-30
-30
-31
-34
-33
-30
-29
-29
-30
-30
-31
-28
-27
-28
-30
-31
-29
-28
-25
-25
-26
-27
-27
-27
-26
-25
-25
-24
-23
-20
-20
-20
-22
-25
-26
-22
-19
-17
-16
-17
-18
-20
-17
-15
-14
-15
-17
-16
-13
-13
-15
-17
-16
-14
-12
-12
-15
-15
-15
-17
-19
-18
-15
-12
-12
-13
-14
-15
-15
-14
-11
-10
-9
-8
-8
-8
-9
-9
-9
-9
-7
-6
-7
-6
-6
-5
-2
-2
-5
-9
-10
-9
-7
-3
-2
-2
-3
-3
-4
-3
-5
-6
-9
-7
-3
-1
-4
-6
-8
-10
-7
-8
-7
-7
-8
-9
-9
-7
-8
-7
-8
-6
-7
-6
-5
-4
-3
-3
-3
-1
1
1
-1
-1
-2
0
0
0
-1
-1
1
3
2
3
2
1
0
1
2
3
1
2
4
5
4
0
0
1
3
4
2
2
1
1
-1
-3
-1
2
4
6
6
4
4
3
2
3
4
6
7
7
8
6
6
3
2
1
1
3
3
-1
-1
-1
-1
-2
-2
-2
0
-2
-4
-4
-4
-2
-1
-1
-4
-6
-8
-6
-4
-4
-4
-5
-7
-6
-3
-2
-2
-2
-4
-3
-2
-1
-2
-3
-7
-6
-3
-3
-1
-3
-3
-2
-2
-2
-3
-1
-1
-1
1
0
-1
-1
-2
-3
-4
-4
-9
-10
-7
-5
-3
-4
-8
-10
-8
-6
-3
-5
-7
-10
-9
-7
-4
-1
-3
-5
-4
-2
1
0
-2
-3
-3
-2
0
1
2
2
2
2
2
1
1
2
2
3
6
6
3
0
1
2
4
4
3
2
3
4
4
3
1
1
2
3
2
0
-1
1
3
3
0
-1
1
4
3
2
1
1
1
3
4
4
6
3
2
1
2
3
3
3
3
3
6
8
7
6
4
2
3
4
5
5
6
5
6
7
8
10
7
7
7
6
8
7
5
5
5
6
6
7
9
13
13
10
9
6
6
5
8
7
7
8
8
10
9
9
9
8
9
8
9
13
14
14
13
12
14
15
15
16
14
17
17
16
15
15
15
16
14
15
18
19
21
20
20
18
17
19
20
19
19
17
16
17
16
18
18
18
19
17
17
18
18
16
16
16
16
18
18
18
18
16
17
19
19
17
18
19
20
23
22
21
21
21
22
23
21
21
19
17
19
19
20
21
22
23
23
22
22
21
20
22
21
23
22
21
20
20
20
20
19
19
19
20
21
21
21
20
17
17
18
18
18
17
18
18
16
14
14
16
18
19
19
18
17
16
14
12
13
13
13
11
11
11
9
8
5
6
7
8
9
8
8
8
6
4
2
1
-1
1
3
3
3
3
3
3
3
3
3
3
3
1
1
-2
-1
1
2
2
3
4
4
4
3
2
0
-1
0
-1
1
1
0
-1
-3
-3
-2
-2
-3
-6
-7
-8
-7
-4
-6
-7
-7
-6
-7
-9
-11
-10
-10
-11
-10
-11
-10
-9
-11
-12
-13
-12
-11
-11
-13
-12
-11
-11
-11
-11
-9
-8
-7
-8
-10
-10
-9
-10
-9
-7
-7
-6
-6
-7
-10
-10
-8
-7
-5
-6
-7
-5
-5
-5
-3
-4
-7
-7
-7
-5
-5
-5
-6
-6
-7
-6
-4
-5
-6
-5
-6
-7
-8
-8
-8
-6
-5
-7
-9
-8
-8
-9
-10
-11
-12
-11
-6
-7
-9
-13
-13
-11
-8
-9
-9
-11
-11
-7
-4
-5
-7
-10
-10
-7
-4
-4
-3
-4
-5
-3
-2
-2
-3
-4
-6
-5
-5
-3
-3
-3
-3
-3
-4
-6
-8
-6
-4
-3
-2
-3
-4
-5
-8
-9
-9
-8
-5
-4
-4
-3
-7
-8
-8
-6
-5
-8
-10
-9
-6
-5
-7
-9
-10
-10
-11
-11
-10
-9
-9
-11
-10
-11
-12
-11
-12
-13
-13
-16
-15
-13
-13
-14
-15
-14
-14
-16
-18
-18
-17
-17
-18
-18
-20
-20
-20
-21
-22
-23
-24
-23
-21
-20
-20
-21
-20
-21
-21
-21
-19
-19
-18
-18
-21
-22
-23
-21
-21
-21
-24
-26
-25
-24
-22
-23
-24
-24
-23
-22
-22
-22
-20
-21
-20
-19
-18
-19
-19
-21
-23
-24
-21
-20
-20
-21
-21
-21
-21
-21
-23
-22
-22
-21
-19
-19
-21
-21
-21
-20
-19
-20
-21
-20
-20
-20
-19
-18
-17
-16
-19
-22
-23
-21
-17
-19
-20
-19
-17
-14
-17
-19
-19
-19
-16
-15
-15
-15
-15
-14
-14
-17
-18
-18
-17
-15
-16
-14
-12
-12
-11
-12
-13
-16
-14
-13
-14
-14
-13
-13
-11
-10
-10
-9
-10
-13
-14
-13
-11
-9
-10
-11
-13
-13
-12
-12
-12
-13
-13
-12
-12
-14
-16
-14
-14
-13
-13
-14
-12
-13
-14
-13
-14
-13
-11
-14
-13
-12
-14
-16
-17
-13
-13
-11
-10
-11
-11
-12
-14
-15
-16
-16
-14
-13
-12
-14
-16
-16
-15
-13
-11
-13
-15
-14
-14
-12
-13
-12
-11
-11
-11
-9
-9
-11
-12
-15
-16
-15
-15
-15
-16
-16
-16
-16
-16
-17
-16
-13
-15
-17
-19
-17
-14
-13
-13
-15
-15
-16
-15
-14
-14
-15
-17
-18
-14
-12
-14
-16
-19
-20
-17
-17
-19
-21
-23
-24
-21
-20
-19
-19
-20
-17
-17
-17
-15
-17
-19
-21
-19
-15
-14
-16
-18
-21
-23
-23
-22
-21
-20
-22
-24
-24
-22
-21
-22
-22
-21
-19
-18
-16
-15
-16
-16
-15
-16
-20
-22
-20
-18
-17
-19
-19
-17
-17
-15
-13
-13
-15
-18
-19
-17
-15
-13
-14
-16
-13
-15
-16
-17
-20
-19
-18
-16
-15
-15
-15
-14
-17
-18
-17
-16
-18
-20
-21
-18
-15
-13
-15
-16
-16
-18
-16
-14
-16
-18
-19
-20
-19
-16
-14
-11
-13
-14
-13
-11
-9
-8
-10
-10
-9
-7
-8
-8
-11
-12
-11
-8
-8
-9
-9
-11
-10
-9
-7
-8
-10
-10
-8
-9
-7
-10
-9
-8
-8
-8
-7
-8
-8
-8
-7
-5
-4
-3
-5
-5
-5
-4
-5
-4
-5
-3
-4
-6
-6
-4
-4
-5
-6
-6
-5
-2
-2
-2
-1
-1
-2
-2
-2
-3
-2
0
2
1
1
-1
-3
-2
-1
1
0
-2
-2
-1
2
4
1
1
3
5
5
3
-1
1
2
1
2
1
1
2
2
2
0
0
1
2
0
0
-1
-1
-1
-2
-3
-4
-3
-2
-1
-1
-2
-3
1
2
1
-2
-1
1
3
5
4
3
2
3
4
4
3
1
2
3
5
5
4
3
3
5
4
4
4
3
3
7
9
8
4
4
6
5
4
7
5
4
3
3
5
5
5
5
4
3
0
2
3
2
1
0
1
0
1
-2
-1
2
5
4
4
4
3
0
2
-1
-1
-1
0
2
1
0
0
0
0
3
4
4
6
4
4
3
3
5
7
7
7
6
6
5
4
3
3
5
5
3
2
4
4
4
4
1
-1
0
0
1
-2
-1
-1
0
0
-3
-4
-5
-5
-6
-6
-5
-4
-4
-5
-5
-6
-6
-6
-5
-5
-5
-5
-6
-6
-6
-4
-7
-8
-8
-8
-7
-7
-6
-7
-8
-7
-6
-4
-6
-7
-7
-7
-7
-5
-2
-4
-6
-8
-8
-6
-6
-6
-8
-7
-5
-5
-4
-4
-4
-5
-6
-8
-7
-7
-4
-2
-3
-5
-6
-7
-6
-6
-9
-10
-11
-9
-8
-8
-7
-6
-6
-7
-7
-6
-6
-5
-6
-7
-9
-11
-8
-10
-9
-10
-10
-11
-7
-6
-6
-6
-8
-9
-11
-11
-10
-8
-8
-7
-6
-5
-5
-6
-9
-9
-8
-8
-9
-9
-8
-6
-6
-6
-7
-7
-6
-4
-4
-7
-6
-2
1
0
-3
-4
-1
0
-1
-2
-3
-3
-4
-6
-6
-6
-6
-6
-5
-5
-5
-5
-6
-7
-6
-6
-6
-7
-7
-5
-3
-2
-4
-6
-5
-4
-4
-5
-7
-5
-4
-7
-10
-9
-7
-5
-4
-3
-2
-1
-2
-2
-3
-4
-6
-6
-5
-6
-5
-5
-5
-7
-9
-7
-7
-8
-8
-7
-6
-5
-6
-7
-8
-7
-7
-6
-6
-6
-6
-9
-6
-6
-3
-4
-7
-6
-7
-8
-11
-9
-8
-7
-6
-7
-6
-5
-6
-4
-3
-4
-4
-5
-6
-6
-2
0
-1
-2
-2
-1
-1
-2
-2
0
0
-2
-5
-6
-3
-2
-4
-5
-4
-5
-4
-5
-9
-10
-8
-8
-7
-8
-8
-11
-12
-11
-14
-19
-16
-14
-14
-14
-14
-14
-14
-14
-14
-16
-16
-16
-15
-14
-14
-13
-12
-11
-12
-13
-10
-9
-6
-7
-11
-9
-10
-9
-10
-8
-7
-8
-9
-9
-6
-4
-4
-6
-6
-5
-6
-7
-8
-9
-8
-5
-3
-3
-3
-4
-5
-4
-4
-4
-4
-2
-3
-3
-3
-4
-5
-4
-3
-2
-2
-3
-1
-1
1
0
-1
-2
-3
-4
-3
-4
-5
-2
-2
-2
-2
-3
-4
-3
-2
-1
-1
1
3
3
3
3
3
2
2
0
-2
-3
-3
0
2
4
5
3
-1
-4
-2
-1
-1
-2
-2
0
0
0
0
0
1
1
-1
-3
-5
-4
-3
-1
0
0
-1
-2
-3
-4
0
1
2
3
4
3
3
4
4
5
4
4
3
2
1
1
0
0
2
4
2
0
-1
0
1
-1
-2
-1
0
1
2
1
0
0
2
2
5
6
5
4
3
2
1
2
3
3
3
2
4
2
0
1
0
1
2
2
2
3
3
5
4
2
1
1
2
5
5
5
5
4
5
4
3
1
4
7
6
6
7
8
9
9
10
9
9
11
12
13
14
15
14
14
12
11
11
12
13
15
14
19
19
18
17
15
15
14
14
13
10
11
13
16
16
16
16
15
18
16
17
18
18
19
20
18
17
17
17
18
16
14
12
12
12
13
15
17
20
19
17
14
13
15
15
15
16
16
15
14
14
13
13
15
15
16
17
14
15
15
16
16
18
19
19
18
20
19
18
18
20
22
24
23
21
22
21
21
22
23
22
22
20
18
19
21
22
20
19
18
21
22
22
21
20
24
25
23
22
23
25
26
28
27
24
23
25
28
29
30
31
31
32
31
32
32
32
30
27
26
27
27
29
29
28
27
26
27
27
27
26
26
29
30
30
30
31
32
32
29
27
27
29
30
30
31
33
33
33
31
31
37
40
37
33
31
33
36
38
37
35
35
36
36
31
29
28
32
36
37
33
32
32
34
35
34
35
36
35
34
32
32
33
33
34
34
33
33
33
32
34
35
35
34
35
38
38
38
38
34
35
37
37
36
35
35
36
38
37
37
35
33
31
31
33
36
35
33
32
33
35
36
36
34
34
34
36
37
41
41
40
42
41
42
40
37
36
37
39
38
39
39
40
41
42
38
38
39
39
38
39
37
38
38
38
39
39
39
37
37
37
39
38
35
37
38
40
40
40
41
39
36
36
36
40
40
39
40
41
41
40
39
38
38
38
36
36
37
39
39
39
38
40
41
39
38
37
39
38
40
38
39
40
39
39
38
37
37
36
36
37
37
35
35
36
37
37
37
36
35
36
36
35
33
33
34
36
37
39
37
36
34
35
36
37
38
38
38
39
39
38
37
37
36
35
37
38
38
36
36
36
38
39
41
40
39
39
39
39
41
42
43
42
41
38
39
42
41
42
39
39
42
43
42
41
40
42
43
43
42
41
38
42
44
45
44
45
45
45
46
45
42
39
41
46
45
45
44
45
46
48
45
43
42
42
43
39
37
39
42
44
42
39
37
38
38
38
36
36
36
37
36
36
36
35
31
32
33
34
35
34
32
34
34
33
32
29
27
28
33
33
33
32
32
33
35
34
32
32
32
32
32
31
30
31
31
30
30
29
30
29
32
33
32
31
29
30
30
30
33
34
35
35
35
35
36
35
34
36
36
36
38
36
33
33
33
34
35
35
33
34
33
35
34
36
36
37
38
37
33
34
33
32
32
31
31
35
36
36
35
35
35
33
31
29
30
29
28
29
31
32
31
31
29
29
29
30
30
31
30
30
29
30
30
29
30
30
30
31
33
32
30
33
32
35
34
34
30
30
29
29
31
30
28
26
27
29
31
31
30
28
29
29
30
27
28
29
31
29
25
23
25
26
25
24
20
20
23
23
24
24
26
27
30
29
28
28
26
28
31
32
31
29
29
28
27
27
24
24
24
23
23
23
23
25
23
23
23
25
23
22
21
22
22
20
16
16
20
20
20
18
16
16
19
19
16
14
15
16
20
19
18
17
17
18
18
16
16
18
18
19
19
19
21
21
19
17
18
19
18
17
15
17
18
18
16
14
14
14
13
14
14
13
13
14
14
15
13
15
14
13
14
14
13
14
14
16
18
20
20
20
18
20
20
18
15
17
16
19
20
18
17
18
18
19
21
22
20
20
21
20
19
16
15
14
15
16
17
15
16
15
16
18
17
15
14
14
14
15
14
13
14
13
15
14
13
12
14
15
16
14
14
15
13
14
12
12
10
9
8
7
5
6
5
4
2
4
3
0
-2
-2
-2
-2
0
-1
-3
-4
-5
-7
-8
-11
-9
-10
-11
-14
-15
-17
-16
-15
-14
-14
-13
-12
-8
-7
-11
-15
-14
-13
-11
-10
-10
-9
-8
-7
-8
-8
-7
-4
-6
-4
-1
0
0
0
0
1
2
7
8
10
9
11
11
12
13
13
15
15
16
18
20
20
21
23
25
25
28
31
32
30
29
30
31
33
32
31
32
33
33
33
34
34
36
37
35
34
33
30
32
28
29
26
26
25
22
18
16
12
12
11
10
10
8
5
4
-1
-4
-5
-7
-10
-11
-14
-16
-18
-22
-26
-30
-32
-34
-37
-41
-45
-48
-50
-52
-56
-58
-61
-64
-65
-66
-64
-66
-68
-71
-73
-75
-75
-78
-78
-80
-79
-80
-81
-80
-79
-79
-79
-78
-74
-72
-70
-64
-61
-55
-49
-41
-31
-23
-17
-7
2
10
19
31
39
50
56
64
69
75
82
89
93
98
103
106
109
112
113
114
115
115
116
119
119
117
113
109
105
101
97
94
90
85
80
75
67
62
56
51
47
39
32
28
25
20
16
13
9
3
-1
-8
-14
-17
-23
-30
-38
-45
-52
-59
-65
-71
-79
-86
-91
-101
-108
-116
-123
-132
-141
-148
-154
-161
-166
-173
-182
-189
-194
-198
-202
-208
-208
-208
-204
-194
-176
-154
-132
-117
-106
-94
-78
-58
-32
-11
6
18
34
51
65
70
73
80
90
98
103
105
104
107
110
112
114
111
107
105
102
94
84
74
64
52
40
29
17
5
-3
-9
-14
-16
-19
-19
-19
-17
-11
-4
2
8
17
27
36
44
48
54
59
68
77
85
87
90
97
100
100
106
106
107
108
109
111
110
108
102
95
93
88
83
76
71
65
58
54
47
43
36
32
28
23
21
19
14
6
-5
-11
-16
-19
-25
-30
-40
-46
-55
-63
-72
-80
-88
-98
-108
-114
-123
-130
-137
-149
-157
-166
-169
-173
-178
-182
-188
-190
-183
-172
-154
-136
-123
-113
-106
-94
-82
-67
-49
-34
-23
-10
2
15
23
26
30
39
46
52
54
57
57
59
62
62
58
54
53
50
45
40
34
26
19
13
7
0
-6
-9
-8
-5
0
4
8
11
18
27
36
45
56
67
76
87
99
106
110
114
119
128
136
141
146
149
151
151
150
150
149
146
145
141
138
131
123
112
103
95
84
71
59
48
39
31
24
14
8
1
-9
-21
-31
-41
-49
-55
-62
-68
-76
-84
-99
-111
-120
-126
-136
-146
-156
-167
-178
-185
-193
-201
-208
-219
-225
-231
-236
-238
-242
-246
-249
-248
-231
-213
-185
-164
-151
-143
-132
-120
-96
-72
-52
-37
-21
-4
13
25
33
39
49
58
65
74
79
81
82
82
83
82
81
82
78
71
63
55
46
37
29
24
19
9
-4
-11
-13
-12
-7
-2
1
3
5
13
21
30
42
51
62
72
81
91
98
104
109
117
123
129
136
140
145
146
149
148
147
143
140
140
137
131
123
114
107
99
90
81
71
61
51
43
37
31
24
17
9
-1
-10
-20
-26
-31
-38
-45
-52
-62
-73
-85
-97
-111
-121
-131
-144
-157
-168
-178
-187
-201
-212
-220
-224
-230
-240
-250
-259
-260
-255
-240
-213
-186
-170
-155
-148
-136
-124
-104
-79
-56
-42
-24
-5
13
22
28
34
43
51
62
70
75
78
80
85
89
88
86
85
82
77
70
62
53
42
31
26
18
10
-2
-10
-15
-16
-10
-2
4
11
19
29
37
42
47
59
70
84
98
107
112
118
127
133
138
142
148
156
161
161
161
161
160
155
151
148
143
138
131
123
112
101
93
85
74
63
55
47
40
33
27
19
11
-2
-13
-22
-31
-36
-41
-50
-59
-72
-84
-100
-110
-123
-135
-151
-162
-182
-189
-200
-210
-226
-239
-251
-259
-271
-277
-287
-290
-293
-285
-263
-231
-204
-195
-184
-178
-160
-137
-108
-85
-64
-53
-29
-12
6
10
17
24
38
47
61
66
66
69
72
79
78
71
69
69
64
59
48
37
20
6
-6
-12
-28
-43
-58
-60
-59
-56
-53
-49
-47
-39
-25
-14
-7
0
11
25
40
52
66
76
82
90
104
116
123
125
132
143
147
149
149
145
143
143
145
146
143
136
129
119
111
101
93
83
74
63
54
45
36
30
26
17
6
-8
-25
-39
-46
-51
-58
-64
-75
-86
-103
-120
-137
-150
-166
-177
-187
-198
-214
-230
-245
-261
-270
-280
-290
-298
-305
-310
-314
-308
-282
-249
-222
-207
-198
-189
-172
-150
-124
-95
-74
-59
-39
-20
-4
8
12
22
37
47
60
65
65
68
70
74
73
64
59
56
50
44
35
21
2
-18
-31
-42
-57
-71
-85
-91
-95
-98
-95
-92
-86
-77
-66
-51
-41
-33
-22
-6
11
30
44
56
65
77
90
102
111
118
127
138
146
150
154
152
152
153
155
154
151
144
139
131
123
115
104
91
81
72
65
56
47
39
32
23
14
0
-12
-24
-33
-39
-45
-55
-69
-85
-104
-117
-135
-149
-166
-180
-194
-206
-222
-239
-260
-277
-292
-304
-314
-326
-335
-347
-349
-340
-315
-282
-258
-253
-243
-237
-217
-193
-165
-137
-112
-99
-70
-52
-33
-23
-19
-8
8
19
39
45
48
53
59
70
74
69
67
60
53
50
44
35
14
-1
-16
-25
-43
-62
-79
-82
-85
-81
-81
-79
-76
-68
-54
-35
-28
-19
-10
6
27
46
66
77
81
90
103
118
131
138
146
159
170
181
185
183
179
179
180
182
180
176
172
167
158
149
141
127
116
110
101
96
87
78
72
65
58
44
30
16
6
-4
-8
-17
-30
-47
-64
-81
-97
-112
-127
-145
-156
-175
-191
-212
-231
-252
-264
-278
-287
-305
-313
-319
-318
-303
-270
-237
-219
-210
-204
-188
-166
-137
-108
-78
-65
-45
-20
7
19
28
34
52
67
84
97
103
107
114
121
129
126
123
122
114
107
95
85
71
52
30
17
2
-15
-35
-48
-56
-60
-62
-62
-61
-56
-49
-33
-22
-13
-2
7
24
43
62
79
92
100
114
129
143
151
158
167
181
192
203
207
210
208
212
216
217
210
207
201
200
192
186
174
164
150
141
136
129
121
114
108
103
93
80
62
46
34
29
26
14
-5
-26
-38
-51
-66
-89
-108
-128
-143
-164
-184
-205
-225
-244
-254
-271
-285
-306
-322
-329
-322
-294
-256
-232
-220
-218
-215
-195
-173
-144
-115
-93
-74
-49
-20
4
10
21
29
47
62
78
90
100
107
117
126
132
128
128
127
120
112
103
90
74
55
37
23
0
-22
-39
-49
-55
-58
-60
-55
-53
-49
-39
-26
-15
-6
5
21
41
67
84
94
99
109
128
144
154
159
170
185
200
212
223
225
223
220
224
229
231
225
221
217
215
209
198
181
163
151
144
139
134
124
117
108
100
91
75
60
48
37
30
22
9
-10
-29
-47
-64
-83
-103
-123
-145
-167
-190
-211
-231
-246
-267
-277
-294
-308
-322
-328
-332
-309
-274
-236
-218
-215
-209
-193
-171
-137
-111
-81
-58
-36
-3
19
33
43
44
62
83
100
121
125
131
142
153
164
166
161
163
154
145
136
121
109
88
69
58
35
6
-20
-39
-44
-48
-48
-47
-47
-43
-34
-22
-11
-8
0
12
31
53
74
92
105
111
124
140
152
163
169
183
202
220
235
240
240
238
244
250
253
245
237
234
235
235
231
217
200
183
173
168
161
151
143
138
129
120
109
95
79
66
55
47
36
16
-4
-20
-38
-57
-77
-100
-119
-141
-164
-187
-210
-233
-248
-264
-277
-290
-305
-319
-325
-319
-286
-246
-214
-201
-197
-190
-166
-139
-108
-76
-57
-35
-9
24
49
60
63
72
93
117
132
142
146
156
165
178
183
179
177
170
159
150
140
126
106
84
69
53
29
0
-22
-37
-42
-45
-45
-42
-38
-28
-17
-5
3
7
14
29
49
73
97
112
121
134
151
165
172
176
185
199
219
238
252
257
256
256
260
263
258
248
240
237
237
232
224
211
195
182
176
166
153
140
134
128
121
111
99
88
76
65
53
42
26
11
-7
-25
-43
-64
-89
-113
-139
-164
-190
-211
-233
-249
-265
-281
-301
-320
-333
-338
-327
-286
-245
-216
-204
-206
-196
-172
-142
-107
-77
-59
-35
-6
29
56
64
69
76
95
118
137
149
157
171
186
200
205
202
198
187
174
161
148
132
113
96
82
65
35
3
-25
-42
-51
-55
-54
-54
-55
-41
-23
-5
3
-1
0
13
34
59
82
94
108
123
144
161
164
162
166
179
202
223
237
241
243
246
253
256
249
235
224
223
226
225
215
201
185
172
166
156
141
130
116
109
103
93
87
77
68
60
52
36
15
-5
-25
-40
-56
-77
-96
-119
-146
-170
-195
-215
-240
-261
-276
-297
-315
-318
-340
-331
-307
-265
-214
-199
-194
-195
-191
-160
-128
-92
-55
-43
-13
18
45
72
77
73
88
101
125
147
152
168
183
199
219
217
213
207
190
178
161
144
129
104
90
84
65
36
4
-25
-36
-46
-48
-50
-52
-42
-26
0
23
23
21
22
36
56
79
87
121
111
139
174
165
181
186
177
188
220
225
236
249
245
250
270
258
247
237
218
215
217
204
192
184
164
163
154
140
127
107
90
85
75
65
64
53
42
34
18
-5
-23
-45
-59
-71
-90
-112
-136
-164
-191
-218
-241
-258
-281
-299
-310
-321
-328
-328
-311
-272
-233
-203
-189
-184
-169
-147
-121
-83
-47
-26
0
26
53
74
86
90
98
110
127
144
154
163
178
197
216
226
227
227
217
199
183
166
147
124
103
90
75
49
23
-2
-17
-29
-39
-46
-52
-48
-34
-9
16
31
37
45
55
67
81
96
105
108
126
151
172
183
183
183
188
200
211
223
228
230
233
237
242
235
226
215
208
199
190
175
159
143
131
120
111
94
80
67
55
45
42
37
33
23
6
-8
-23
-40
-57
-74
-88
-107
-127
-147
-175
-200
-228
-256
-270
-284
-307
-316
-325
-315
-283
-234
-193
-173
-170
-163
-146
-115
-84
-53
-22
-1
31
67
97
114
110
103
110
120
133
147
151
162
179
201
224
235
235
232
217
199
180
163
142
118
96
82
72
49
16
-12
-25
-37
-50
-64
-72
-75
-65
-40
-8
15
27
40
56
75
88
96
101
107
123
148
169
178
181
189
203
217
223
225
224
227
225
232
236
230
218
209
203
201
189
169
145
126
108
99
86
70
48
31
19
14
10
1
-9
-21
-34
-44
-59
-74
-95
-121
-134
-155
-173
-197
-220
-241
-259
-282
-294
-322
-330
-344
-335
-310
-251
-215
-166
-149
-126
-122
-95
-76
-33
-10
31
63
109
133
156
158
168
163
159
146
139
131
133
137
155
171
190
218
235
231
197
178
124
107
67
47
11
8
-22
-31
-55
-52
-61
-66
-81
-82
-84
-68
-49
-15
18
57
97
137
171
194
218
231
226
229
232
230
226
222
227
225
221
216
218
213
203
195
178
174
202
211
198
179
177
159
120
112
107
40
15
8
-42
-85
-101
-120
-135
-127
-140
-155
-153
-179
-214
-221
-250
-280
-301
-327
-365
-363
-388
-404
-410
-418
-387
-375
-346
-282
-191
-46
76
138
202
256
325
311
290
293
314
344
361
354
394
390
351
291
214
163
68
-44
-98
-130
-146
-144
-159
-137
-125
-124
-131
-145
-148
-158
-177
-146
-112
-67
-16
18
47
66
70
86
77
69
71
80
109
137
152
182
193
207
215
228
246
243
232
232
231
244
233
227
231
230
220
213
210
203
185
173
171
169
161
156
163
155
149
139
140
138
119
116
104
105
85
55
34
-9
-47
-85
-126
-117
-161
-171
-201
-211
-229
-254
-314
-311
-370
-378
-426
-455
-473
-474
-502
-466
-492
-458
-444
-411
-353
-287
-196
20
182
317
408
427
519
542
482
443
404
396
416
366
403
382
331
236
113
14
-52
-224
-303
-379
-362
-323
-303
-275
-195
-182
-120
-127
-109
-94
-85
-65
3
48
146
167
187
198
182
168
152
82
56
19
23
36
28
43
59
46
65
68
99
132
133
173
233
285
330
336
360
392
387
381
368
360
357
322
300
286
253
216
175
146
122
76
46
35
27
17
-2
-6
-1
-14
-34
-54
-72
-92
-122
-136
-128
-146
-154
-186
-199
-208
-257
-304
-325
-400
-395
-468
-484
-508
-534
-536
-517
-550
-500
-516
-420
-362
-311
-199
24
214
407
416
474
554
593
528
429
368
402
385
358
326
326
289
182
36
-40
-116
-246
-374
-456
-416
-337
-314
-276
-207
-113
-22
-23
-2
14
29
45
52
100
185
211
222
198
206
214
167
78
9
-23
-31
-56
-75
-56
-28
-21
-11
18
80
123
129
163
239
331
381
392
419
463
477
459
430
417
391
341
292
265
230
182
118
80
61
40
10
-10
-16
-3
-6
-2
7
24
29
26
4
3
-20
-31
-60
-77
-107
-110
-162
-178
-211
-266
-316
-378
-436
-443
-510
-549
-594
-590
-568
-571
-591
-551
-496
-399
-343
-262
-50
187
358
442
463
559
639
584
485
391
390
406
341
279
271
242
191
36
-73
-125
-222
-355
-465
-488
-378
-346
-322
-259
-131
28
92
81
118
144
171
147
119
159
206
207
193
180
221
227
148
52
-14
-34
-60
-136
-168
-135
-86
-44
-25
32
137
192
219
241
305
381
403
398
421
464
495
479
450
428
403
347
278
206
151
98
42
1
-12
-7
0
-9
-11
11
34
52
50
46
62
62
42
32
-4
7
-19
-41
-60
-94
-120
-167
-248
-275
-347
-392
-455
-535
-561
-591
-615
-600
-640
-610
-576
-541
-463
-410
-334
-152
36
244
388
434
522
592
607
565
444
370
350
303
276
203
151
125
53
-11
-78
-192
-273
-384
-441
-427
-412
-361
-283
-197
-44
75
167
219
213
226
225
192
168
118
104
116
112
129
134
124
103
38
-13
-62
-126
-174
-220
-229
-193
-152
-94
-19
63
166
239
303
362
402
436
447
433
434
426
432
422
387
354
322
284
231
151
88
40
2
-26
-43
-42
-25
-4
40
86
125
155
167
171
157
127
86
29
-3
-30
-48
-65
-88
-127
-148
-200
-253
-339
-447
-529
-595
-663
-695
-743
-720
-702
-663
-619
-555
-497
-394
-343
-176
17
217
372
452
523
668
698
666
540
431
414
365
258
160
68
71
36
-47
-110
-188
-249
-314
-405
-413
-398
-385
-324
-260
-114
49
141
200
228
265
316
273
206
144
106
110
75
38
57
53
57
23
-15
-17
-68
-134
-183
-218
-188
-178
-178
-118
-53
63
177
268
372
458
517
563
551
533
496
456
425
385
339
317
280
260
229
182
133
81
27
2
-33
-45
-41
-9
47
108
157
206
226
233
201
156
79
6
-52
-87
-111
-133
-160
-169
-171
-199
-257
-330
-420
-474
-541
-621
-658
-705
-704
-664
-626
-570
-477
-429
-305
-193
-3
196
355
449
555
621
719
660
567
450
387
354
273
123
63
11
17
-41
-142
-211
-260
-334
-389
-460
-440
-410
-385
-321
-206
-53
90
141
197
261
322
336
265
195
165
135
111
56
21
32
26
17
3
-22
-33
-80
-131
-148
-172
-192
-211
-212
-148
-74
5
94
204
351
485
566
622
640
654
636
575
495
410
335
282
221
171
123
78
48
20
-8
-26
-45
-53
-41
-9
36
83
119
154
190
216
213
177
114
80
56
19
-32
-81
-115
-126
-170
-231
-292
-333
-375
-428
-506
-563
-604
-630
-659
-675
-673
-634
-564
-465
-358
-196
22
248
443
558
635
712
729
655
517
375
308
243
137
32
-21
-16
-20
-93
-162
-211
-258
-328
-428
-482
-472
-456
-417
-358
-232
-57
77
171
248
330
414
394
312
235
183
153
76
-13
-44
-32
-8
-9
-28
-14
-10
-28
-67
-121
-161
-197
-231
-213
-178
-117
-28
75
211
350
463
558
610
633
640
606
555
473
388
325
262
201
150
102
74
45
17
1
-11
-22
-24
-11
31
76
113
153
191
239
280
284
270
235
197
159
105
36
-20
-70
-99
-131
-161
-190
-228
-272
-328
-380
-432
-504
-577
-637
-667
-665
-662
-633
-564
-459
-318
-163
37
257
434
551
619
674
710
640
500
354
267
213
115
-8
-68
-77
-56
-100
-159
-192
-227
-275
-338
-399
-399
-408
-400
-344
-242
-94
32
114
213
305
388
405
347
294
257
207
128
24
-30
-32
-39
-51
-57
-27
13
9
-20
-49
-74
-104
-149
-172
-156
-125
-78
-8
101
236
353
449
535
600
641
635
586
514
432
344
254
171
104
56
21
4
1
16
30
45
67
102
138
154
158
179
219
269
297
313
330
342
338
296
237
178
122
63
-1
-64
-112
-151
-197
-226
-285
-331
-395
-452
-505
-549
-604
-625
-668
-653
-619
-559
-483
-392
-277
-57
148
344
462
531
632
700
652
547
383
307
250
134
15
-75
-91
-63
-116
-143
-141
-137
-141
-208
-262
-250
-273
-295
-316
-278
-154
-62
6
95
203
354
423
407
385
357
334
256
116
33
-10
-29
-62
-104
-75
-24
-5
-8
-29
-23
-22
-71
-106
-116
-90
-51
-35
6
99
222
345
420
485
575
647
677
624
538
478
409
311
198
99
69
57
44
52
83
142
181
194
227
266
289
289
275
294
327
344
341
335
347
358
329
265
195
150
106
28
-59
-141
-187
-242
-313
-384
-433
-456
-480
-529
-571
-591
-595
-596
-604
-589
-523
-443
-358
-251
-87
124
320
441
524
619
718
708
595
456
375
317
201
28
-84
-92
-68
-106
-154
-151
-103
-94
-154
-218
-224
-227
-262
-303
-280
-182
-82
-18
54
172
318
396
393
372
382
381
315
189
93
50
21
-41
-106
-121
-96
-77
-76
-75
-46
-27
-30
-44
-44
-34
-35
-43
-30
10
88
171
259
355
463
567
644
671
655
613
561
487
381
272
181
127
94
69
62
82
123
175
219
261
295
322
343
353
357
351
331
317
308
295
271
222
171
131
92
34
-27
-94
-138
-183
-239
-303
-360
-414
-455
-500
-531
-554
-571
-582
-571
-562
-525
-486
-431
-364
-255
-92
103
262
392
495
610
697
685
599
506
429
360
231
79
-16
-61
-84
-132
-176
-174
-169
-174
-193
-219
-208
-217
-247
-247
-214
-147
-88
-51
23
121
231
297
315
341
375
375
328
233
164
120
59
-20
-87
-111
-100
-102
-101
-87
-63
-41
-40
-40
-29
-28
-28
-24
1
48
97
154
223
301
397
486
557
606
623
629
614
563
483
391
308
238
164
108
72
65
83
119
169
230
282
328
367
400
418
416
393
367
339
312
269
218
163
117
78
42
-8
-52
-96
-129
-168
-213
-274
-326
-386
-429
-475
-509
-553
-573
-589
-588
-584
-560
-522
-455
-383
-287
-134
55
239
374
482
594
698
709
642
537
469
402
278
124
15
-35
-50
-108
-156
-152
-126
-116
-142
-172
-159
-164
-188
-217
-212
-155
-101
-67
-17
60
166
246
278
315
354
384
369
301
242
198
139
60
-26
-77
-100
-129
-149
-152
-135
-107
-98
-82
-52
-28
-16
-15
0
39
73
107
145
208
300
394
481
569
635
697
722
705
655
583
494
397
285
193
125
81
60
66
107
173
228
283
336
385
415
410
385
360
330
293
236
174
130
92
55
14
-28
-52
-65
-89
-121
-163
-198
-247
-301
-376
-429
-481
-518
-571
-598
-619
-594
-582
-543
-502
-411
-312
-188
-59
118
285
436
532
612
672
689
629
537
446
379
278
154
47
-6
-28
-63
-112
-126
-119
-111
-132
-166
-178
-188
-207
-224
-224
-181
-133
-91
-33
53
158
242
278
314
356
383
356
277
206
157
99
18
-71
-124
-137
-151
-166
-168
-152
-123
-100
-75
-45
-16
9
34
69
111
154
204
264
332
410
485
559
619
661
685
687
667
622
552
477
398
319
245
181
138
119
115
128
146
177
214
256
294
323
342
353
352
339
311
278
238
191
135
77
28
-14
-52
-93
-123
-144
-160
-190
-225
-266
-293
-323
-368
-416
-459
-487
-507
-525
-528
-499
-454
-383
-310
-207
-57
107
262
402
510
618
693
695
648
571
498
429
312
186
88
36
4
-52
-104
-114
-109
-105
-128
-164
-162
-161
-168
-180
-183
-150
-110
-82
-40
10
84
145
177
213
251
275
274
230
192
168
127
62
-20
-69
-83
-103
-129
-148
-140
-101
-75
-54
-22
16
60
95
129
180
231
273
306
344
411
478
526
559
592
641
674
655
602
550
504
443
345
246
173
131
97
61
47
70
112
164
214
267
325
362
382
392
392
378
340
283
232
179
127
57
-11
-56
-78
-101
-129
-159
-176
-180
-203
-242
-297
-335
-373
-407
-455
-483
-502
-488
-467
-427
-375
-302
-220
-115
8
151
284
406
495
572
623
628
576
504
426
354
255
135
30
-33
-71
-115
-162
-178
-173
-166
-163
-167
-160
-155
-169
-168
-159
-136
-116
-102
-72
-25
21
60
85
125
174
207
217
205
193
184
152
107
57
14
-19
-58
-87
-99
-105
-99
-84
-51
4
51
95
146
205
269
310
333
360
391
421
446
457
476
498
515
522
505
479
447
408
361
302
238
186
145
117
97
91
108
144
186
234
282
329
367
390
399
396
372
329
279
228
174
114
45
-20
-73
-108
-137
-161
-187
-203
-215
-221
-245
-276
-309
-324
-337
-346
-373
-378
-372
-340
-308
-272
-237
-179
-122
-54
27
125
219
300
357
415
466
478
433
369
318
278
201
92
2
-47
-72
-114
-168
-187
-177
-163
-159
-163
-143
-124
-125
-128
-126
-112
-103
-111
-111
-89
-55
-28
-17
9
58
110
141
147
154
172
174
150
107
70
43
10
-25
-49
-58
-48
-24
15
65
112
158
207
255
294
317
330
338
336
331
324
329
334
340
351
362
376
376
367
356
347
333
307
268
235
214
202
194
184
186
201
226
257
279
300
318
327
324
303
264
222
173
122
64
10
-40
-85
-125
-150
-161
-170
-177
-183
-182
-182
-185
-193
-206
-210
-211
-219
-229
-238
-243
-239
-246
-252
-252
-242
-226
-208
-171
-101
-12
79
141
202
275
331
337
305
263
243
198
117
26
-33
-64
-98
-150
-172
-170
-149
-149
-156
-146
-127
-134
-148
-169
-164
-161
-171
-182
-174
-143
-105
-81
-47
10
75
128
153
171
200
219
214
185
153
133
105
69
35
17
16
13
19
43
78
117
147
176
212
244
265
265
261
271
281
295
304
310
327
346
359
364
357
354
348
336
316
291
271
252
225
204
184
168
156
144
145
153
159
163
162
168
172
165
143
117
98
82
53
18
-16
-34
-50
-62
-79
-92
-95
-93
-98
-103
-122
-138
-151
-167
-182
-208
-231
-257
-285
-309
-333
-354
-366
-380
-373
-358
-327
-262
-187
-97
-3
86
172
244
271
281
269
261
222
154
77
24
-25
-67
-131
-162
-166
-170
-181
-191
-193
-171
-174
-177
-174
-164
-151
-146
-145
-124
-108
-87
-73
-50
-2
51
88
117
138
179
211
212
194
176
170
155
117
86
68
58
49
41
57
86
111
136
165
211
251
276
297
314
329
337
333
326
317
305
296
283
273
263
256
250
238
226
215
202
187
171
160
150
141
131
126
131
138
142
147
156
167
176
178
176
174
169
156
132
109
87
64
30
-6
-36
-51
-72
-92
-120
-126
-134
-140
-164
-183
-201
-208
-232
-264
-292
-313
-337
-363
-389
-402
-399
-398
-393
-380
-331
-264
-184
-109
-26
56
147
196
223
231
239
229
197
127
73
29
-3
-57
-105
-131
-134
-149
-160
-169
-151
-137
-144
-150
-142
-132
-122
-136
-136
-120
-94
-79
-69
-44
8
54
89
114
150
194
223
227
228
234
241
225
200
183
174
161
141
126
135
149
156
165
181
209
235
243
249
256
268
266
258
249
245
233
220
198
187
182
172
163
166
170
175
169
166
171
179
181
174
168
170
169
166
163
162
161
160
155
151
144
134
124
111
99
82
66
42
18
-8
-37
-66
-92
-110
-124
-146
-175
-199
-221
-241
-270
-297
-323
-340
-359
-379
-391
-396
-403
-415
-419
-415
-400
-392
-374
-324
-255
-172
-96
-19
60
143
186
222
231
243
230
192
136
99
51
3
-68
-114
-145
-168
-199
-219
-224
-202
-194
-183
-167
-139
-110
-85
-67
-39
-18
4
19
43
76
108
130
156
183
218
236
244
245
252
254
250
234
221
204
182
159
144
140
135
127
125
140
163
181
190
206
226
238
235
224
218
215
210
194
175
161
151
142
138
138
143
149
151
152
157
162
162
156
154
153
152
148
144
142
149
151
146
139
138
134
122
101
77
56
31
-4
-47
-85
-114
-135
-158
-181
-198
-206
-220
-238
-258
-267
-276
-287
-300
-313
-320
-324
-336
