-73
-54
-34
-18
-5
2
4
1
-1
1
1
7
13
15
22
25
30
31
27
20
9
-2
-7
-7
-7
-13
-24
-34
-41
-47
-55
-68
-80
-88
-92
-89
-81
-68
-60
-53
-47
-41
-38
-36
-34
-30
-18
-5
10
24
35
45
55
67
78
83
87
92
101
112
122
126
128
126
122
118
110
98
88
83
79
76
75
70
66
61
55
52
47
41
33
27
22
19
17
12
6
-4
-17
-31
-47
-63
-76
-87
-96
-104
-113
-121
-133
-147
-162
-176
-188
-200
-213
-223
-234
-244
-253
-265
-280
-294
-305
-310
-307
-301
-283
-258
-237
-223
-214
-200
-181
-162
-141
-118
-94
-71
-54
-41
-29
-23
-19
-24
-26
-24
-19
-12
-4
4
13
19
24
23
17
9
-4
-9
-10
-10
-11
-17
-28
-33
-41
-54
-68
-83
-91
-96
-96
-91
-81
-70
-65
-59
-50
-42
-37
-34
-30
-18
-1
18
38
52
66
76
85
96
104
110
118
129
139
149
157
160
160
158
153
147
139
131
125
116
109
102
95
89
80
70
63
56
49
42
31
24
17
12
6
-1
-11
-25
-41
-56
-70
-85
-97
-109
-122
-137
-152
-165
-176
-189
-202
-212
-221
-230
-243
-256
-264
-278
-289
-303
-314
-325
-329
-327
-310
-286
-261
-243
-232
-222
-202
-181
-152
-121
-96
-70
-55
-38
-19
-5
0
-6
-15
-14
-11
0
11
16
24
28
33
38
37
28
18
6
8
13
15
8
-6
-17
-22
-33
-45
-62
-77
-86
-87
-81
-69
-61
-53
-47
-37
-26
-20
-15
-13
-8
6
24
44
62
75
88
102
113
124
132
138
146
154
168
182
192
196
193
190
186
178
167
157
149
146
143
138
129
119
113
108
102
91
81
73
64
55
51
48
43
31
17
4
-11
-28
-48
-64
-77
-86
-97
-106
-117
-132
-148
-162
-174
-186
-198
-214
-226
-237
-248
-261
-275
-293
-311
-324
-330
-336
-323
-303
-275
-249
-237
-224
-210
-191
-168
-140
-111
-80
-62
-46
-24
-7
3
6
-9
-14
-13
-2
13
20
28
31
35
44
48
41
31
13
5
4
9
7
-3
-16
-22
-32
-45
-58
-76
-87
-94
-94
-85
-73
-63
-56
-46
-33
-24
-17
-14
-9
1
18
42
68
84
101
114
131
152
163
172
178
186
198
213
224
233
234
229
223
214
207
198
187
175
162
152
143
137
128
119
110
103
94
82
68
54
44
32
22
10
-2
-15
-31
-46
-63
-85
-104
-119
-135
-146
-157
-170
-186
-198
-212
-225
-238
-251
-264
-274
-287
-299
-311
-323
-338
-351
-358
-360
-358
-340
-311
-282
-261
-252
-238
-219
-192
-163
-128
-95
-68
-52
-31
-13
3
5
-4
-15
-15
-7
8
18
24
31
36
46
53
53
41
23
7
6
8
12
4
-10
-16
-21
-30
-43
-63
-78
-90
-94
-86
-74
-63
-56
-47
-34
-19
-12
-11
-11
-4
9
29
52
74
92
110
130
150
163
172
177
185
195
207
217
226
230
233
230
225
216
206
194
180
166
153
143
135
129
121
118
115
108
95
80
66
54
44
36
26
14
0
-14
-29
-47
-68
-89
-109
-123
-133
-144
-156
-171
-186
-198
-208
-220
-234
-249
-263
-274
-287
-298
-320
-336
-354
-365
-369
-368
-360
-334
-305
-284
-267
-254
-234
-208
-180
-149
-114
-89
-64
-47
-24
-6
1
-5
-18
-25
-23
-13
-1
8
12
21
29
39
45
39
24
6
-3
-2
-3
-9
-20
-30
-31
-40
-54
-72
-91
-104
-114
-111
-99
-84
-76
-66
-52
-33
-21
-18
-17
-9
4
20
36
52
71
94
123
148
169
179
184
194
205
219
232
240
243
248
251
250
246
235
218
201
186
171
158
142
129
119
117
117
112
99
82
65
53
42
28
11
-7
-20
-34
-46
-66
-90
-116
-137
-156
-170
-179
-192
-206
-222
-238
-249
-258
-271
-284
-293
-306
-315
-329
-347
-368
-386
-402
-408
-409
-396
-371
-341
-318
-303
-292
-273
-249
-220
-188
-152
-120
-94
-76
-54
-31
-19
-23
-37
-47
-47
-40
-31
-24
-15
-4
9
18
21
15
1
-17
-28
-31
-29
-31
-41
-51
-55
-62
-74
-94
-117
-129
-136
-138
-133
-126
-118
-105
-87
-66
-54
-50
-51
-45
-30
-12
3
16
29
45
70
97
124
143
153
165
179
195
208
216
221
222
225
230
230
224
213
198
183
166
152
134
117
104
97
94
92
85
72
60
47
36
24
7
-13
-32
-46
-61
-79
-102
-128
-149
-166
-178
-192
-209
-229
-245
-258
-268
-281
-294
-309
-318
-326
-332
-346
-365
-388
-411
-430
-437
-445
-443
-424
-391
-363
-341
-332
-317
-295
-266
-235
-200
-163
-137
-111
-88
-61
-46
-43
-59
-72
-79
-73
-65
-59
-55
-44
-31
-11
-1
1
-14
-34
-52
-56
-53
-53
-66
-78
-81
-79
-85
-102
-121
-139
-148
-149
-145
-140
-133
-127
-110
-88
-64
-54
-49
-44
-27
-9
9
21
33
42
62
89
119
142
157
170
188
213
231
243
247
242
240
244
246
247
238
229
220
210
198
180
160
142
125
116
109
103
93
84
76
68
56
42
23
1
-21
-39
-62
-86
-114
-140
-156
-168
-180
-192
-211
-228
-249
-264
-276
-291
-307
-322
-332
-339
-350
-365
-386
-410
-425
-438
-439
-431
-410
-378
-349
-336
-322
-306
-278
-243
-210
-177
-144
-116
-88
-57
-32
-14
-16
-29
-40
-41
-36
-30
-32
-29
-17
-1
13
20
18
7
-6
-15
-19
-23
-33
-50
-62
-63
-61
-70
-84
-101
-118
-123
-129
-128
-125
-124
-119
-105
-84
-63
-50
-44
-34
-16
8
24
39
47
58
73
93
122
139
162
177
200
228
246
272
309
303
294
301
291
290
284
293
271
252
230
210
186
159
153
136
112
95
81
71
57
52
40
20
4
-3
-11
-41
-69
-96
-128
-157
-171
-192
-219
-246
-267
-291
-317
-334
-361
-387
-411
-434
-458
-470
-491
-510
-520
-514
-498
-450
-384
-312
-245
-190
-130
-83
-69
-55
-26
10
43
51
74
96
99
79
64
37
12
-43
-95
-132
-154
-172
-181
-176
-157
-152
-165
-168
-164
-173
-201
-233
-234
-224
-223
-214
-185
-145
-120
-113
-104
-94
-86
-89
-98
-89
-78
-64
-52
-28
5
36
54
77
88
99
102
101
107
118
125
137
149
179
212
238
258
278
291
299
290
274
265
251
235
224
232
245
250
244
237
228
213
187
162
144
125
115
115
123
125
120
114
105
85
53
6
-32
-74
-121
-162
-197
-216
-242
-261
-284
-298
-324
-343
-387
-416
-451
-472
-498
-508
-522
-525
-528
-518
-503
-484
-444
-374
-262
-169
-73
-8
70
131
176
163
166
164
184
167
152
136
119
61
-5
-76
-123
-181
-257
-325
-351
-346
-335
-322
-287
-238
-213
-200
-184
-159
-147
-164
-177
-150
-105
-69
-50
-13
31
54
51
39
29
8
-35
-75
-85
-76
-66
-65
-53
-16
21
37
38
51
69
75
76
88
122
158
189
222
270
315
345
355
371
387
382
352
317
292
271
245
223
218
220
215
198
183
174
158
128
107
97
103
106
117
136
159
168
169
158
142
109
66
16
-37
-93
-145
-188
-216
-237
-259
-282
-306
-332
-353
-389
-417
-448
-470
-492
-498
-507
-501
-503
-489
-469
-428
-373
-274
-163
-51
44
112
180
228
243
227
207
187
185
148
109
71
41
-10
-79
-156
-203
-261
-327
-386
-406
-391
-367
-344
-294
-226
-169
-131
-107
-78
-59
-67
-79
-65
-33
-11
3
20
53
70
69
53
36
10
-23
-66
-91
-102
-101
-106
-94
-64
-13
32
68
98
133
162
183
198
228
262
283
303
334
376
408
417
420
428
429
401
351
300
265
227
189
157
146
140
129
122
134
144
142
133
133
144
150
150
154
160
166
164
157
145
120
81
27
-33
-92
-149
-205
-258
-298
-322
-345
-367
-393
-416
-433
-446
-466
-480
-502
-507
-513
-518
-505
-475
-435
-356
-246
-108
32
135
219
299
347
356
318
271
235
194
133
78
30
-1
-53
-124
-181
-217
-260
-323
-385
-406
-394
-375
-351
-309
-243
-171
-117
-67
-18
16
22
16
19
32
34
24
20
26
34
36
27
15
-1
-26
-54
-81
-102
-112
-127
-132
-112
-77
-31
11
55
118
180
232
270
307
346
376
381
396
415
432
436
435
444
449
430
394
354
315
273
219
171
136
110
86
74
83
107
128
150
168
191
213
222
224
218
200
181
159
134
108
70
29
-19
-71
-125
-170
-228
-269
-317
-346
-380
-406
-432
-443
-459
-455
-467
-461
-466
-464
-463
-448
-440
-405
-349
-247
-115
9
120
217
309
371
395
366
325
271
212
134
54
-23
-80
-149
-208
-256
-284
-310
-345
-381
-388
-381
-362
-339
-297
-245
-189
-142
-83
-30
17
38
53
67
90
90
83
61
45
26
5
-19
-44
-66
-79
-93
-104
-105
-104
-100
-92
-79
-50
-14
18
55
105
169
227
276
331
387
426
448
455
464
468
453
424
402
385
362
325
287
257
230
201
164
132
103
76
61
60
69
88
112
144
186
229
263
281
283
281
265
236
195
148
96
41
-24
-83
-139
-190
-238
-289
-322
-352
-372
-400
-415
-432
-442
-452
-452
-447
-443
-437
-441
-425
-406
-369
-331
-254
-148
-17
90
187
266
343
385
384
341
292
235
173
84
-13
-101
-171
-232
-289
-342
-371
-388
-393
-388
-374
-348
-306
-260
-208
-168
-125
-73
-23
9
25
42
74
102
111
104
95
82
59
15
-22
-56
-91
-127
-151
-160
-154
-146
-130
-112
-82
-42
-5
32
68
111
162
216
266
313
363
410
448
473
488
500
497
474
440
405
365
321
270
224
188
156
125
99
77
58
45
39
52
68
86
117
155
197
240
273
295
296
286
267
232
184
125
60
-3
-72
-141
-201
-251
-289
-321
-337
-350
-363
-383
-390
-408
-408
-427
-420
-423
-415
-420
-414
-408
-384
-368
-335
-278
-182
-66
41
131
217
292
349
363
332
278
223
165
83
-26
-130
-203
-259
-322
-384
-423
-424
-417
-410
-394
-354
-294
-232
-189
-153
-111
-67
-32
-23
-25
-12
16
36
49
51
65
76
65
37
5
-20
-51
-93
-129
-149
-157
-156
-147
-121
-80
-34
18
71
127
186
237
283
322
354
387
418
438
446
450
454
452
429
397
363
334
296
252
210
176
146
119
92
70
49
34
30
32
47
76
108
147
189
230
272
299
308
304
292
268
222
157
91
27
-36
-104
-171
-225
-263
-288
-298
-316
-325
-335
-340
-343
-355
-365
-370
-365
-368
-370
-376
-371
-368
-355
-339
-301
-235
-142
-44
55
137
221
294
350
353
321
271
231
171
77
-34
-129
-202
-273
-359
-425
-454
-445
-432
-415
-376
-304
-221
-148
-100
-57
-14
26
35
24
15
26
44
53
51
66
93
118
113
92
82
71
43
1
-44
-66
-83
-103
-112
-94
-56
-6
43
107
181
256
323
373
416
452
474
482
472
456
447
432
400
364
333
316
295
263
231
217
209
186
152
116
93
75
56
42
43
57
81
118
161
211
260
304
339
359
365
352
319
264
200
133
71
-1
-70
-135
-181
-205
-226
-241
-255
-255
-254
-245
-249
-253
-265
-273
-281
-292
-303
-315
-321
-330
-335
-331
-315
-288
-237
-160
-68
25
101
174
243
296
313
294
258
218
165
84
-10
-104
-185
-267
-348
-415
-443
-441
-424
-392
-338
-256
-163
-82
-20
31
75
104
106
89
76
77
80
69
61
74
103
126
131
128
136
140
127
92
55
23
-4
-36
-59
-62
-48
-15
37
105
179
250
322
382
432
470
496
503
485
449
413
375
333
286
247
226
223
220
214
212
213
213
199
175
144
113
84
64
52
55
72
99
140
187
236
281
314
334
336
323
289
241
187
131
71
13
-43
-82
-113
-140
-165
-177
-185
-186
-192
-193
-200
-210
-228
-247
-269
-288
-313
-337
-353
-363
-373
-383
-383
-372
-343
-302
-228
-143
-42
45
126
196
259
289
285
254
226
188
115
17
-79
-161
-233
-311
-380
-409
-409
-392
-362
-320
-250
-163
-81
-20
24
63
104
124
116
100
91
97
95
80
80
104
136
148
143
152
169
163
133
91
61
34
-7
-39
-53
-43
-12
27
79
147
220
300
368
422
462
488
490
463
413
366
328
287
240
205
193
200
199
195
197
205
208
193
163
136
108
83
61
46
44
56
81
114
149
194
235
263
279
282
281
267
232
189
149
115
83
46
11
-13
-34
-60
-89
-116
-143
-173
-203
-230
-254
-272
-292
-309
-323
-329
-340
-349
-367
-380
-395
-404
-408
-410
-397
-358
-289
-194
-100
-13
76
162
236
283
292
280
255
216
150
58
-39
-123
-205
-283
-356
-398
-403
-390
-366
-321
-253
-163
-82
-8
61
116
158
179
181
177
168
156
143
134
134
144
157
168
176
181
184
172
144
111
76
40
2
-26
-32
-21
0
34
88
158
220
269
316
360
395
412
403
378
350
319
290
256
221
197
186
179
171
158
149
146
137
125
109
95
81
67
61
63
67
83
106
132
161
181
198
212
225
232
231
227
218
202
188
172
152
130
110
88
58
19
-28
-77
-132
-186
-240
-278
-311
-334
-353
-358
-358
-355
-349
-347
-340
-344
-339
-351
-354
-371
-375
-383
-372
-366
-330
-270
-185
-102
-19
57
138
196
230
228
215
192
162
97
22
-48
-107
-174
-242
-303
-323
-322
-315
-303
-262
-187
-103
-41
16
74
138
185
205
201
202
202
199
176
147
131
121
109
85
60
54
57
53
48
51
66
75
77
84
99
111
118
120
130
141
144
140
142
157
177
194
209
224
241
261
271
263
247
228
209
178
133
92
58
32
10
-2
0
16
32
45
63
87
109
121
127
128
132
133
127
116
109
109
118
122
120
123
127
128
114
91
62
26
-16
-66
-115
-163
-213
-264
-305
-340
-360
-375
-382
-383
-372
-356
-343
-337
-333
-323
-318
-316
-320
-333
-334
-337
-334
-338
-336
-318
-282
-224
-162
-99
-35
28
87
133
155
166
174
185
175
142
95
51
0
-67
-141
-201
-237
-259
-274
-265
-227
-159
-84
-12
66
149
223
273
289
287
278
257
212
153
103
70
42
14
-5
7
43
78
102
132
174
204
209
195
181
164
132
90
53
34
27
25
34
58
101
157
209
246
271
296
314
310
281
243
212
187
147
101
67
45
34
21
17
21
31
39
49
60
73
81
89
91
97
104
116
120
119
116
120
122
114
96
81
68
57
33
13
-9
-28
-57
-85
-116
-146
-184
-227
-259
-291
-313
-335
-350
-356
-350
-329
-312
-289
-264
-235
-204
-183
-172
-176
-183
-207
-232
-273
-296
-317
-309
-287
-234
-168
-91
-12
68
150
214
261
286
305
302
274
218
148
67
-11
-94
-168
-230
-270
-283
-271
-233
-170
-95
-9
81
160
229
281
311
311
293
264
229
179
125
76
42
22
4
-7
6
32
65
89
114
142
161
175
179
173
158
137
111
89
66
44
26
20
28
51
85
128
166
205
246
277
292
287
270
242
204
148
88
26
-29
-75
-108
-126
-136
-130
-105
-67
-30
4
42
81
115
136
145
145
138
118
89
61
36
11
-14
-34
-46
-52
-59
-65
-72
-82
-90
-100
-119
-142
-167
-193
-222
-252
-278
-290
-294
-287
-272
-251
-223
-200
-165
-147
-113
-111
-100
-120
-129
-164
-189
-236
-267
-295
-290
-275
-233
-184
-120
-47
32
105
165
216
256
288
297
273
231
184
132
66
-14
-85
-142
-180
-203
-207
-187
-137
-71
3
83
164
230
276
298
301
283
247
189
120
57
9
-32
-60
-78
-64
-27
24
70
118
172
223
252
262
255
237
199
152
105
64
26
-9
-32
-35
-22
4
37
75
120
164
208
236
242
232
211
180
132
70
7
-44
-88
-124
-146
-152
-138
-110
-77
-34
17
66
109
139
159
164
154
133
103
69
32
-3
-34
-59
-67
-64
-54
-44
-30
-12
9
24
26
23
14
0
-23
-51
-85
-113
-143
-165
-182
-187
-183
-176
-160
-136
-110
-93
-82
-79
-73
-78
-92
-122
-154
-180
-204
-229
-262
-284
-281
-247
-201
-147
-83
0
91
172
233
281
321
355
363
342
314
281
235
166
91
27
-22
-73
-116
-141
-128
-97
-57
-11
45
107
165
205
225
228
218
199
166
124
78
44
24
11
4
17
48
86
123
158
194
221
229
222
210
186
147
101
62
26
-6
-39
-63
-70
-57
-37
-8
20
48
80
109
132
140
139
132
122
105
82
58
34
4
-20
-34
-40
-46
-50
-44
-25
0
24
39
54
69
81
90
92
83
71
64
56
49
39
30
30
33
36
43
52
62
66
61
54
42
24
0
-27
-52
-79
-106
-137
-159
-168
-168
-164
-157
-146
-127
-108
-89
-79
-72
-73
-70
-81
-90
-111
-132
-158
-180
-203
-215
-211
-184
-139
-78
-12
59
124
190
243
286
306
322
315
291
255
217
172
120
55
0
-43
-74
-102
-122
-117
-98
-70
-41
-7
32
68
93
114
126
133
133
123
102
83
65
48
28
9
5
14
24
30
40
66
92
103
103
105
102
92
65
39
12
-11
-36
-56
-68
-62
-49
-32
-10
13
43
71
91
97
98
99
91
67
39
13
-5
-24
-46
-56
-55
-47
-33
-20
2
28
53
71
84
91
97
98
92
84
78
74
69
60
51
48
48
44
35
26
22
17
5
-11
-23
-32
-44
-54
-62
-62
-57
-50
-48
-44
-38
-31
-22
-22
-17
-19
-18
-26
-30
-34
-33
-37
-50
-59
-73
-79
-95
-109
-130
-147
-163
-174
-182
-169
-142
-97
-53
-3
51
114
162
201
223
247
263
257
230
199
170
135
84
24
-19
-49
-72
-98
-119
-121
-106
-87
-69
-47
-14
18
39
49
57
71
80
70
54
48
50
46
27
11
9
12
14
10
15
29
43
52
63
74
87
87
85
82
80
71
55
34
20
17
15
9
1
0
14
28
38
41
52
66
81
84
88
89
85
74
64
56
44
31
19
12
11
20
25
31
36
49
65
78
85
86
85
88
84
77
65
55
47
37
25
16
10
3
-3
-9
-7
-6
-7
-4
3
11
22
29
33
36
40
38
33
22
11
2
-9
-19
-31
-43
-52
-65
-72
-87
-92
-102
-111
-123
-139
-151
-159
-151
-143
-117
-93
-51
-12
35
71
102
130
156
185
189
188
174
163
140
105
60
25
-16
-52
-90
-114
-121
-122
-121
-107
-82
-49
-22
4
30
54
69
76
70
59
47
33
20
-2
-20
-28
-29
-24
-16
-3
23
44
68
95
118
140
148
151
153
151
136
116
91
72
50
30
10
-9
-24
-25
-23
-19
-14
0
24
48
67
84
94
103
104
104
105
97
89
74
64
61
62
59
58
60
66
74
84
87
93
96
100
97
93
87
76
61
46
35
25
12
-2
-12
-12
-5
2
8
20
39
58
73
83
87
92
91
82
69
40
19
-4
-28
-51
-71
-86
-100
-113
-123
-126
-130
-137
-150
-164
-177
-192
-208
-224
-222
-216
-193
-165
-122
-70
-15
40
87
135
176
214
229
234
223
209
184
145
97
57
14
-27
-65
-94
-109
-113
-109
-94
-71
-39
-11
11
32
53
70
76
66
57
49
43
32
16
7
14
23
33
44
58
82
103
120
138
153
166
169
162
159
152
140
122
98
82
70
57
41
27
24
29
36
42
53
65
87
98
108
117
126
130
129
120
118
111
98
83
70
69
71
71
68
73
86
103
109
114
114
115
116
111
109
107
106
105
101
97
96
92
89
85
78
72
67
57
50
48
47
44
34
34
35
41
38
35
34
31
25
17
12
6
1
-10
-13
-21
-25
-39
-48
-67
-71
-90
-95
-117
-128
-149
-162
-180
-193
-198
-188
-163
-134
-98
-57
-8
35
81
115
164
197
223
233
245
244
236
206
175
141
110
70
29
-3
-24
-41
-52
-51
-42
-24
-5
9
24
39
58
71
78
82
89
97
105
101
100
103
107
112
116
124
137
147
154
164
181
196
203
206
208
208
206
191
169
147
125
111
90
72
60
56
55
58
65
77
94
107
118
127
132
132
126
120
116
110
99
88
77
76
74
75
75
80
86
91
95
97
102
103
101
93
84
77
66
54
41
29
22
14
6
2
0
4
9
7
13
21
35
44
50
53
59
62
61
51
43
32
22
6
-10
-23
-40
-50
-66
-75
-89
-94
-102
-106
-118
-120
-134
-137
-147
-155
-153
-150
-132
-115
-84
-49
-10
21
61
91
134
165
195
215
228
232
228
212
186
153
118
83
49
19
-3
-21
-32
-36
-30
-17
-5
10
29
46
63
74
79
88
95
100
101
98
100
97
99
99
102
107
115
124
133
149
166
182
190
203
213
222
224
222
211
201
184
165
145
122
106
91
79
70
67
65
68
66
67
67
68
65
59
57
57
58
53
53
54
56
59
61
64
70
76
82
83
85
80
72
67
58
52
41
35
27
21
18
18
13
16
16
19
21
20
22
23
25
20
18
11
12
6
10
8
11
9
7
4
2
-3
-5
-10
-14
-19
-30
-36
-51
-62
-81
-90
-105
-117
-133
-134
-135
-124
-120
-101
-76
-39
-4
22
54
82
119
140
162
176
184
187
183
171
160
140
119
97
73
62
45
35
26
20
24
30
35
45
52
65
74
82
92
102
108
111
114
118
123
122
127
128
132
137
136
137
143
150
155
162
164
169
168
165
163
158
157
152
142
131
124
119
110
97
84
75
69
65
55
51
46
45
41
39
40
45
49
50
53
58
69
71
73
72
76
79
82
80
73
68
57
46
34
20
8
0
-7
-9
-10
-10
-11
-9
-4
2
5
5
1
1
0
0
-5
-9
-7
-8
-1
-3
0
0
3
4
4
-2
-8
-20
-28
-41
-52
-66
-79
-92
-107
-112
-121
-116
-118
-107
-101
-86
-72
-49
-30
-3
16
38
56
72
86
88
91
94
94
88
77
64
60
54
50
41
39
39
42
45
51
57
65
75
84
88
94
96
98
95
95
93
92
85
81
76
78
78
80
81
86
92
100
108
120
132
138
142
143
144
142
135
124
111
105
99
91
80
72
67
64
62
57
55
55
54
50
43
40
37
37
35
31
31
34
36
39
41
43
46
47
47
48
48
48
47
47
44
39
33
26
16
9
-1
-9
-18
-26
-32
-39
-46
-48
-48
-46
-44
-43
-39
-31
-25
-22
-17
-9
-6
-5
-6
-2
4
6
5
-1
-5
-11
-18
-25
-36
-46
-61
-69
-80
-87
-90
-93
-97
-99
-93
-85
-69
-62
-45
-34
-12
1
14
23
32
42
51
53
57
59
57
53
48
46
44
46
45
48
47
53
56
62
70
75
80
82
82
85
88
89
88
85
85
83
84
83
79
80
76
81
78
81
89
97
102
105
107
112
116
115
114
112
112
108
101
93
91
91
90
88
83
79
73
70
67
64
60
55
46
43
37
32
27
24
21
23
26
31
36
43
49
53
57
58
63
67
69
69
65
63
56
52
43
37
27
19
7
-2
-10
-15
-23
-28
-34
-36
-35
-33
-27
-21
-15
-5
0
5
7
6
9
8
7
3
1
-8
-12
-21
-27
-37
-42
-51
-49
-57
-52
-56
-46
-52
-44
-49
-41
-40
-30
-25
-23
-16
-9
1
12
17
30
37
48
55
62
64
64
62
61
58
56
55
54
54
52
55
56
59
62
67
74
77
79
78
79
84
83
83
79
79
76
78
77
81
82
87
87
92
95
99
103
106
108
113
117
120
115
111
105
99
90
81
74
67
63
58
56
56
54
52
48
45
46
47
46
43
40
41
41
38
35
35
39
43
44
43
47
50
53
54
58
60
61
61
61
56
50
38
26
14
3
-8
-18
-28
-34
-38
-38
-37
-33
-28
-24
-18
-18
-12
-12
-9
-12
-14
-16
-16
-18
-20
-25
-24
-26
-31
-31
-37
-29
-33
-31
-36
-34
-35
-35
-38
-42
-42
-42
-46
-46
-46
-41
-33
-29
-16
-8
7
14
27
33
51
57
69
67
80
78
84
78
71
66
57
53
50
48
44
41
39
42
44
50
53
56
62
69
78
84
88
91
93
99
100
102
101
101
103
105
107
104
105
104
105
104
104
105
101
98
97
92
86
80
76
73
68
69
64
63
64
66
70
72
74
77
78
78
75
75
72
72
70
64
63
58
55
54
51
50
50
49
44
43
44
44
43
42
34
30
25
21
15
8
-2
-5
-7
-7
-12
-13
-15
-14
-16
-14
-12
-10
-8
-7
-6
-8
-11
-11
-11
-11
-14
-18
-20
-23
-25
-29
-26
-23
-25
-27
-30
-27
-23
-19
-17
-19
-16
-17
-16
-19
-16
-16
-13
-9
-7
-2
7
13
21
25
37
45
52
59
61
61
61
59
57
54
53
52
52
51
49
46
48
50
53
55
56
61
62
67
73
76
79
81
85
85
85
83
82
79
81
84
88
91
91
94
101
109
113
116
114
114
111
106
102
100
96
92
86
82
77
73
74
77
79
78
76
74
72
73
72
67
64
60
60
59
55
53
48
41
39
36
33
30
28
22
16
12
11
11
9
9
9
10
13
14
16
16
13
9
2
0
-3
-7
-13
-19
-27
-30
-32
-30
-29
-27
-26
-27
-23
-17
-11
-9
-8
-7
-6
-5
-6
-7
-5
-7
-7
-4
-1
-1
-6
-9
-13
-13
-14
-18
-20
-22
-24
-24
-24
-22
-16
-12
-2
6
18
25
36
42
47
51
56
59
58
59
56
54
50
47
42
40
36
34
33
32
32
34
38
40
45
50
55
61
64
68
69
71
73
75
77
74
70
69
70
70
72
71
75
79
85
88
91
89
89
87
81
78
73
70
63
57
52
46
42
40
38
40
42
43
44
44
45
46
40
33
29
22
17
11
5
1
-3
-7
-11
-11
-10
-9
-4
-6
-4
0
6
8
8
5
2
0
-4
-8
-10
-13
-18
-22
-25
-26
-26
-27
-30
-30
-30
-28
-28
-28
-27
-20
-15
-16
-18
-17
-12
-9
-8
-10
-9
-4
-2
-2
-3
-3
-3
-3
-7
-9
-7
-5
-9
-10
-15
-17
-16
-14
-15
-9
-3
4
10
19
30
41
47
52
53
56
56
55
52
48
45
39
34
31
30
31
37
41
45
49
55
60
68
67
68
65
65
64
66
65
59
55
52
52
51
49
49
53
55
60
62
63
66
71
74
76
78
79
76
74
70
66
61
57
50
45
41
38
36
34
30
28
25
22
17
12
10
8
7
6
3
0
-3
-5
-7
-7
-7
-4
0
3
5
10
15
16
18
16
15
13
10
7
7
3
-1
-5
-8
-7
-7
-10
-9
-11
-9
-10
-10
-13
-12
-14
-17
-17
-13
-11
-11
-9
-8
-5
0
3
4
7
7
11
11
13
14
13
10
3
0
1
3
3
3
4
6
7
8
11
13
17
21
27
31
35
39
45
46
46
46
46
47
44
45
45
44
39
37
36
37
38
40
38
37
36
35
33
34
35
36
37
36
35
34
35
36
36
37
40
43
44
47
47
46
50
54
54
51
49
48
49
49
47
48
49
49
45
43
39
36
34
30
26
21
14
10
5
4
2
-1
-2
-2
-1
-1
1
3
4
5
6
6
4
5
8
11
13
12
12
14
13
12
8
6
7
6
5
4
2
1
-1
-2
-5
-3
-3
-1
-3
-4
-4
-4
-6
-8
-9
-10
-10
-10
-6
-3
0
4
7
10
13
16
19
22
25
27
26
25
20
20
19
19
15
16
13
14
17
19
19
19
21
24
27
29
30
31
30
32
32
33
34
36
39
38
39
39
39
41
38
34
32
32
29
29
25
26
27
29
31
30
28
30
32
34
39
39
42
43
44
43
43
43
45
45
42
40
38
38
42
42
44
45
45
45
45
46
44
43
39
33
29
23
16
11
6
3
2
2
3
2
3
8
12
13
14
13
12
13
16
18
18
18
18
22
26
26
27
25
26
25
25
24
23
21
22
21
22
19
16
13
13
14
11
7
6
8
11
15
16
15
15
16
16
14
13
14
17
18
18
19
21
22
24
27
29
30
32
30
29
29
30
29
29
27
25
23
20
20
22
26
26
28
26
29
36
40
40
44
44
47
49
48
47
47
45
42
40
37
41
39
36
34
34
37
40
40
40
39
41
42
41
37
34
31
30
29
28
25
24
25
27
30
33
33
34
37
40
40
39
37
37
36
34
32
30
27
26
22
20
18
14
10
8
5
5
6
5
4
5
7
9
8
6
6
4
6
6
5
4
8
13
18
20
19
20
18
21
21
22
23
23
23
24
26
29
26
22
20
19
21
21
16
12
12
12
12
10
7
9
12
14
14
14
18
22
22
21
20
22
24
22
20
21
21
21
21
21
20
21
23
22
23
24
24
23
22
23
23
22
18
16
16
15
14
13
12
13
15
16
21
25
30
34
35
37
38
40
40
37
33
31
29
29
29
28
26
29
28
26
23
20
20
20
20
17
17
17
18
22
24
21
24
24
25
26
28
30
31
31
29
27
25
24
22
21
21
18
16
15
14
13
10
4
-1
-2
-2
-2
1
1
3
5
4
4
4
6
9
13
16
17
20
21
23
25
24
26
28
29
27
23
22
24
23
23
21
19
15
11
10
8
7
9
11
13
17
20
24
26
27
30
34
39
41
41
42
43
42
40
36
32
30
31
32
35
36
33
30
28
27
27
25
24
21
20
18
18
18
22
23
24
24
24
25
26
27
28
28
28
26
26
28
30
32
33
32
34
35
36
36
33
31
28
27
23
20
19
21
21
21
20
18
19
18
19
21
19
18
19
22
25
25
22
22
23
22
22
21
22
23
22
21
21
23
23
21
17
13
13
14
15
16
17
20
21
20
20
21
23
23
24
24
24
25
23
23
24
26
27
28
26
26
28
29
26
24
25
24
24
24
24
25
26
28
29
29
29
26
25
25
25
27
27
26
29
30
28
27
29
31
33
35
37
40
40
41
39
39
38
34
31
28
28
28
28
29
29
31
32
34
32
32
29
29
29
27
26
26
28
24
23
21
22
22
22
21
22
26
27
26
25
22
21
21
20
19
18
18
20
20
20
20
19
23
25
27
27
25
23
23
21
15
11
11
11
12
11
8
8
11
12
12
13
14
14
14
12
11
10
10
10
9
10
11
13
14
16
14
11
13
16
15
17
17
13
11
12
10
9
10
10
8
8
7
7
8
8
6
4
4
3
6
7
7
7
6
8
11
14
17
19
19
19
17
17
17
18
18
20
22
22
22
20
15
13
11
10
10
7
5
5
4
5
6
6
7
10
12
13
13
14
18
17
16
14
15
17
15
11
6
2
3
3
3
2
1
4
6
8
7
7
7
6
7
7
8
8
6
6
4
1
1
0
1
2
4
7
10
11
11
9
9
9
9
7
7
8
7
5
5
5
5
2
0
-3
-5
-4
-5
-4
-5
-3
-1
1
1
2
2
3
4
3
1
2
2
-1
-1
0
2
3
2
1
2
0
0
1
1
2
0
-2
-2
-1
-2
-4
-4
-5
-7
-7
-7
-7
-5
-2
3
3
5
6
6
4
2
1
2
5
7
8
10
8
6
6
5
7
6
6
7
7
10
11
9
7
5
7
3
2
1
2
3
3
5
6
9
10
9
7
9
11
12
10
9
10
12
12
12
7
1
-1
-1
-1
0
-2
-5
-3
-3
-4
-2
0
1
1
1
4
5
5
6
7
6
6
3
3
4
5
7
8
8
7
6
5
7
7
7
8
8
8
8
8
8
5
5
5
6
8
8
8
8
10
11
11
9
7
8
10
13
15
16
16
16
17
17
17
18
19
18
17
15
12
10
11
11
11
9
11
13
13
15
17
21
23
21
19
19
20
19
17
16
16
16
15
13
11
12
13
12
12
11
11
11
11
11
9
9
12
14
15
14
13
14
15
17
17
17
17
17
17
17
19
20
18
16
15
15
16
14
11
11
9
8
9
9
8
6
5
2
2
4
8
8
9
9
12
14
12
11
10
11
13
16
17
15
17
21
21
19
17
15
14
16
18
16
13
13
12
11
10
10
9
10
11
10
9
9
8
8
11
13
12
12
11
10
11
12
12
11
11
13
14
14
13
12
14
16
13
11
10
9
11
11
9
11
15
18
16
13
11
12
16
18
17
16
14
17
19
20
20
20
20
21
21
20
19
17
16
15
14
14
13
12
13
14
15
13
11
11
12
14
15
17
17
17
18
18
19
18
15
14
16
18
20
22
22
22
22
24
25
25
25
23
23
22
20
19
16
17
16
16
16
11
10
9
8
9
10
10
13
16
17
19
17
17
19
21
23
23
22
21
19
19
18
19
20
17
15
14
17
18
20
19
15
13
13
13
14
14
14
16
17
16
16
15
15
13
13
12
15
16
16
15
11
11
13
14
14
14
14
14
15
16
19
18
18
16
14
11
12
14
16
16
12
11
12
13
14
16
15
14
13
11
11
13
16
15
12
11
10
10
11
13
12
13
13
12
12
13
14
15
15
15
14
15
18
17
14
12
13
14
14
11
9
10
13
15
13
12
13
15
16
15
17
16
17
17
21
20
16
14
13
14
16
16
16
15
16
18
19
16
14
11
11
12
12
10
8
7
10
13
11
10
10
12
13
15
16
16
15
17
17
18
17
16
15
17
19
19
16
13
12
10
10
9
8
9
9
8
7
7
8
8
9
7
7
9
10
10
7
6
5
5
5
7
7
7
9
11
13
12
12
11
9
10
11
11
9
8
5
6
7
6
3
2
4
6
9
9
8
8
8
6
2
3
5
6
6
4
3
2
2
1
1
0
-1
-1
-1
0
2
2
0
-2
1
4
4
4
0
-2
-2
0
0
0
0
0
0
0
1
1
3
4
4
2
3
0
-1
1
1
2
0
-3
-2
-2
0
0
-1
0
1
0
1
4
4
3
1
0
-1
-2
-1
-3
-4
-3
-3
-2
-2
-1
0
1
5
6
5
3
0
0
3
2
-1
-3
-4
-6
-7
-8
-8
-9
-9
-8
-9
-10
-10
-9
-7
-5
-9
-8
-8
-9
-10
-12
-12
-10
-9
-7
-7
-7
-4
-4
-3
-1
3
5
6
4
1
-1
0
1
3
2
-1
0
1
2
1
-2
-3
-4
-4
-5
-4
-5
-5
-5
-4
-5
-4
-5
-1
2
2
1
0
0
2
4
1
0
-2
-2
-2
-2
-1
1
0
-1
0
-3
-2
-2
-3
-2
-1
-4
-6
-3
-2
0
1
-1
-3
-3
0
2
1
-1
-2
-2
-3
-3
-5
-8
-9
-10
-9
-4
-3
-5
-9
-10
-7
-3
-3
-7
-7
-6
-5
-7
-7
-7
-3
-1
1
3
3
2
0
0
0
2
1
1
0
0
1
0
-1
-2
-4
-3
-4
-7
-5
-3
-3
-5
-5
-5
-4
-1
-3
-5
-6
-5
-4
-3
-3
-4
-4
-3
0
0
0
-1
-2
2
1
2
3
1
4
6
5
5
5
8
10
8
5
4
3
5
4
1
0
1
2
3
0
0
2
4
6
7
6
7
5
5
5
4
5
6
7
8
7
5
4
5
7
7
7
6
5
6
7
6
4
3
4
6
6
10
10
10
10
10
12
14
13
12
10
9
9
9
11
10
8
6
8
11
10
10
7
5
7
9
10
9
10
11
11
11
11
12
12
12
13
13
14
14
13
13
12
13
14
16
14
13
15
17
18
18
14
13
14
14
15
15
14
12
13
15
16
15
14
14
15
16
15
15
15
16
17
19
17
16
18
20
19
20
18
20
21
21
21
21
21
22
19
17
16
16
16
18
21
21
20
22
23
22
21
20
20
20
20
21
20
22
23
20
19
18
17
19
20
19
20
21
20
19
19
21
23
23
22
21
22
23
25
23
24
24
25
23
20
17
14
15
15
14
15
17
18
20
20
21
20
20
21
22
24
23
24
23
24
25
27
25
23
21
21
20
19
20
19
19
21
20
21
22
23
24
22
23
25
26
26
26
25
29
28
26
23
21
20
22
23
22
21
21
23
25
25
23
23
22
22
24
25
21
21
21
21
21
22
22
24
26
27
28
27
25
27
25
23
22
23
24
26
26
26
26
26
26
25
24
25
24
25
25
26
27
27
29
29
29
28
25
27
28
29
31
30
30
32
31
31
31
30
31
31
33
33
34
33
34
34
36
38
36
34
35
36
36
35
35
33
35
36
36
34
35
38
39
37
33
31
31
33
33
34
35
36
35
35
38
36
35
34
35
37
39
36
36
37
39
37
37
37
37
36
34
35
35
36
35
33
33
32
31
30
31
33
34
37
36
36
38
39
39
38
37
38
40
38
35
34
34
35
35
34
35
33
35
33
33
32
35
34
34
35
33
31
33
33
33
36
38
38
36
35
33
33
34
34
35
35
34
32
30
30
28
28
29
29
31
30
30
29
28
25
26
26
26
25
25
26
29
29
28
29
32
33
34
31
29
30
31
32
32
31
31
33
33
33
32
30
28
28
26
26
27
30
29
27
26
26
27
25
24
24
27
30
28
26
26
25
24
24
24
27
27
25
21
20
20
23
25
26
27
26
26
28
27
26
28
28
26
26
24
25
26
27
27
27
27
26
28
27
26
28
27
25
26
26
25
25
25
27
25
25
28
27
26
25
27
29
29
29
28
27
26
26
25
24
25
24
22
20
22
25
27
28
27
28
29
29
28
28
29
28
28
26
24
24
24
25
26
26
23
22
22
21
22
24
28
30
30
29
27
28
27
26
26
27
27
26
26
25
22
24
26
26
25
25
25
25
27
27
27
27
27
23
22
20
21
23
23
24
25
22
20
19
21
22
23
22
21
19
19
20
22
22
23
24
24
24
25
25
25
22
21
22
25
25
24
24
24
23
24
23
25
26
26
24
24
25
24
22
20
19
19
19
19
19
18
19
20
19
18
16
15
16
15
14
14
12
11
11
14
16
19
21
19
19
22
25
25
23
22
23
23
23
21
20
22
20
17
17
15
16
17
15
15
18
18
19
18
16
14
14
16
16
15
14
12
12
14
15
14
11
9
10
10
12
13
13
13
12
11
10
12
11
11
12
12
11
12
14
11
10
11
13
13
13
13
12
14
13
11
11
11
12
13
12
9
7
6
7
9
11
11
9
9
10
10
10
9
10
8
8
7
6
5
7
9
9
7
6
7
8
11
11
10
10
8
8
8
10
9
6
7
6
7
8
7
7
8
7
6
5
7
8
8
7
4
3
4
4
4
2
2
2
2
4
6
5
5
5
7
8
10
11
11
10
10
9
8
8
7
5
6
8
7
6
5
6
5
4
3
2
1
2
3
3
5
4
2
2
0
-1
0
-1
-1
-2
-2
-1
-1
-2
-4
-1
0
1
1
1
0
0
-1
-1
-3
-3
-3
-5
-3
-3
-4
-4
-1
-1
-1
-1
-4
-3
-3
0
1
1
2
2
-1
-3
-4
-2
-3
-5
-3
-5
-4
-2
-2
-2
-2
-3
-3
-1
0
0
1
2
2
3
2
1
0
0
0
0
0
1
0
-1
0
1
1
2
0
1
0
-2
-1
-1
2
4
5
2
0
-1
-1
-1
-2
-2
0
0
0
-1
-2
-1
0
0
0
-3
-3
-4
-2
-1
-2
-2
-2
1
3
3
4
3
2
0
1
1
3
3
3
1
-3
-3
-3
0
3
3
2
3
4
4
3
5
5
6
6
6
4
4
5
5
5
3
1
0
1
1
1
1
3
4
3
4
8
9
12
11
10
7
8
10
9
9
9
9
9
10
10
10
10
11
12
11
10
11
14
14
14
10
10
12
13
11
11
10
12
13
13
11
11
10
12
14
15
14
14
15
13
12
11
13
15
15
15
15
16
16
14
15
14
16
13
12
13
13
13
12
11
11
13
14
14
14
12
11
12
13
15
17
18
20
18
18
16
17
18
17
19
20
20
19
19
17
18
17
18
18
17
19
17
16
17
17
20
22
19
17
18
20
21
22
22
21
22
21
21
19
20
21
20
20
20
21
22
22
21
23
23
23
23
24
24
24
26
28
28
26
24
23
25
26
28
26
26
26
25
25
27
27
28
30
32
32
31
30
27
27
27
27
26
27
27
29
29
27
25
25
26
29
30
29
27
26
25
26
25
28
27
29
31
30
30
29
29
32
33
33
33
33
34
35
32
31
30
30
31
30
27
30
31
32
31
27
26
28
31
31
32
32
33
33
32
30
31
30
29
30
32
32
31
31
32
33
34
32
31
32
33
34
34
34
33
33
33
35
35
36
34
32
31
32
33
33
32
31
31
31
30
29
30
34
35
34
35
35
37
37
36
35
32
31
32
32
34
34
33
32
34
37
36
35
35
35
36
36
36
34
34
35
34
32
31
30
34
38
40
39
36
35
35
36
36
34
32
32
35
38
39
37
34
35
35
35
37
37
38
39
37
35
34
34
36
36
36
36
33
34
34
34
34
32
33
33
33
30
29
30
30
31
30
31
30
29
27
25
25
27
28
30
30
28
28
30
30
29
30
31
32
31
33
34
35
36
34
34
34
35
33
33
34
34
36
37
35
31
30
33
35
36
35
32
32
33
34
33
32
31
31
29
28
30
30
32
32
32
32
32
29
30
30
31
31
28
28
28
29
29
29
31
34
35
33
31
32
35
35
35
34
35
37
39
39
36
34
33
33
33
31
32
32
33
35
31
30
30
30
31
31
31
30
31
31
31
30
31
30
30
29
28
30
30
32
33
31
30
29
30
29
28
27
28
29
29
31
27
27
26
26
25
23
26
27
26
28
27
27
29
28
28
27
25
25
26
26
27
27
26
25
24
24
22
21
20
20
24
26
26
24
22
23
26
30
32
31
30
31
31
27
25
28
31
35
34
31
28
27
27
28
29
30
30
31
29
28
28
25
27
28
27
26
25
25
27
28
28
29
29
28
29
30
32
30
28
25
27
29
28
27
29
31
33
33
30
30
32
33
33
32
31
29
28
28
28
29
29
28
27
30
32
33
31
28
28
31
33
33
31
29
31
32
31
29
28
27
28
28
27
28
28
28
30
30
29
30
29
29
30
30
29
29
27
26
27
30
29
28
27
24
25
26
26
25
27
29
28
27
26
28
30
30
30
29
28
27
26
26
28
29
29
28
28
30
28
29
30
31
31
31
32
33
33
33
33
33
31
31
32
33
33
31
29
28
27
29
32
34
33
29
27
27
29
30
31
32
32
33
33
33
34
33
32
33
38
40
39
37
36
38
41
41
39
39
37
38
38
38
38
39
41
42
40
38
37
35
35
36
36
38
37
37
36
34
35
36
35
34
35
37
37
36
35
38
39
38
38
37
38
40
39
36
33
35
35
35
36
36
37
38
40
41
40
39
38
37
38
38
37
34
33
33
33
33
35
36
37
36
35
35
35
35
35
36
37
37
37
36
34
34
37
37
35
36
37
38
39
38
38
39
40
40
38
36
36
36
37
36
36
36
36
35
33
35
35
34
32
32
34
34
35
34
34
33
30
32
33
32
33
34
34
34
34
35
34
34
34
34
34
35
38
35
34
36
36
37
38
39
36
35
35
35
35
35
37
40
42
43
42
40
39
39
39
39
39
40
40
40
41
40
38
39
38
39
38
40
40
41
42
43
43
43
43
41
42
42
43
42
41
40
41
43
45
48
46
45
43
42
43
44
41
43
41
41
44
44
45
44
43
42
45
47
49
49
48
48
47
46
46
46
47
47
48
48
50
51
49
49
49
50
52
52
53
52
53
52
48
48
49
52
52
52
52
53
54
54
52
50
52
53
51
53
54
54
54
52
52
53
56
57
58
57
57
58
59
61
61
60
59
58
59
59
58
57
57
57
59
59
57
56
56
58
61
61
59
55
53
53
56
58
59
59
57
54
51
53
56
57
58
58
56
54
54
54
54
54
53
53
55
56
56
55
54
57
57
59
61
59
58
58
58
57
59
59
56
56
56
58
59
59
58
58
58
58
58
58
59
61
61
59
58
55
54
58
59
58
57
56
60
61
62
61
61
62
64
67
65
64
65
68
68
68
67
66
67
67
67
67
68
69
69
68
68
67
69
70
69
69
69
67
67
65
66
66
65
67
67
69
68
66
66
67
68
69
69
67
68
70
72
73
72
71
72
73
74
73
72
74
77
80
79
77
75
74
78
81
82
81
82
83
82
83
82
81
80
79
79
81
82
83
81
81
81
80
80
80
79
79
81
80
83
83
82
83
82
81
79
81
81
84
84
83
82
83
82
83
83
81
80
80
82
85
86
85
85
85
85
84
82
80
80
80
80
82
83
83
82
81
80
81
81
79
78
80
83
84
82
79
80
81
81
83
83
83
82
83
82
82
82
84
84
82
85
86
86
83
84
83
85
87
85
84
82
82
80
82
84
83
83
81
81
83
83
83
82
82
83
83
83
82
82
81
80
80
81
81
83
84
83
80
81
79
79
82
83
81
81
80
80
79
78
78
77
80
81
80
78
79
79
81
80
80
81
80
81
80
77
77
77
78
78
76
76
76
76
78
79
78
77
79
79
80
80
77
75
76
78
80
79
76
74
74
75
76
78
75
74
74
71
70
70
73
74
74
75
76
77
78
77
76
76
75
75
74
73
74
77
77
76
74
71
73
76
79
78
76
75
76
75
75
75
76
77
78
76
75
75
75
75
76
74
75
76
75
76
77
77
77
76
74
74
74
72
71
70
72
75
74
72
71
71
71
72
72
72
71
72
72
72
73
73
74
72
72
70
71
74
75
75
73
72
73
74
76
73
70
69
70
71
69
67
67
68
67
66
67
68
67
67
67
64
63
62
62
61
62
63
63
61
61
61
61
61
58
57
59
63
64
63
60
60
60
59
59
56
57
57
57
57
56
55
55
54
51
50
51
53
51
51
52
54
56
54
50
47
48
49
49
46
45
47
49
50
50
49
47
46
47
47
47
46
45
45
48
51
49
46
45
46
47
49
49
50
51
51
51
50
50
47
46
47
47
47
45
45
48
50
48
46
42
41
44
49
53
51
48
45
43
43
44
45
45
47
50
49
47
46
43
44
46
47
48
46
44
45
44
45
44
43
43
42
43
44
45
46
45
43
41
42
42
42
42
41
41
42
41
40
40
40
40
40
39
37
38
39
40
39
37
37
39
41
41
39
39
40
43
43
41
38
37
38
39
39
42
43
40
40
39
39
40
42
44
43
43
45
45
45
45
45
43
42
43
45
48
49
48
47
46
46
45
45
45
46
48
48
48
49
50
50
47
47
44
44
44
45
47
48
50
50
48
45
44
46
46
46
44
44
44
43
44
44
43
43
44
45
44
42
42
40
39
40
41
40
38
39
38
40
41
41
38
37
36
36
37
38
38
39
40
41
39
40
39
40
40
39
38
41
41
41
40
40
41
43
42
41
41
42
40
39
37
38
40
43
43
42
41
39
40
38
39
39
38
38
38
37
38
39
36
35
38
37
36
36
37
39
41
39
38
39
40
41
37
35
36
37
38
37
37
38
39
38
40
41
42
39
37
36
36
37
37
35
37
39
40
39
36
35
36
40
42
42
40
38
39
39
40
39
39
39
39
37
36
35
36
38
41
41
40
38
38
38
39
40
39
39
40
40
39
37
34
35
36
39
37
39
38
39
41
40
40
37
34
35
38
38
39
39
38
39
40
40
42
39
38
37
38
39
40
41
41
41
39
38
38
41
43
43
40
38
39
39
40
38
39
39
40
38
38
37
38
38
39
39
39
39
38
39
39
40
40
39
36
35
36
38
37
36
36
37
40
40
39
38
39
36
39
38
38
38
39
39
39
40
40
40
40
41
37
38
39
42
43
43
41
38
39
41
43
41
43
45
45
46
47
44
43
43
42
43
47
46
46
45
44
45
46
48
46
47
48
48
46
46
49
51
53
51
48
48
49
49
49
47
46
47
49
50
51
51
50
50
48
48
48
49
48
50
50
50
52
53
52
52
50
51
51
49
48
49
52
52
54
55
55
53
51
51
51
51
54
55
52
53
53
52
51
52
52
51
52
50
49
49
51
54
54
54
51
49
48
48
50
48
49
48
49
48
47
45
45
45
48
50
52
53
51
52
52
50
47
47
46
49
48
47
45
43
47
50
50
51
49
51
52
53
51
48
49
50
52
51
50
51
50
50
50
49
50
50
48
48
46
47
47
47
48
47
46
44
44
45
47
47
45
41
41
43
45
47
44
44
43
44
44
45
44
43
43
43
43
40
40
43
45
44
43
42
41
42
43
44
44
43
43
42
43
44
43
42
41
44
46
44
45
44
43
41
42
43
44
45
44
42
41
42
43
42
41
38
39
39
38
39
39
39
38
39
38
39
39
37
37
40
40
40
40
39
41
40
39
40
39
38
34
36
36
39
41
44
43
42
41
39
38
39
40
40
40
40
39
39
39
41
45
47
46
45
44
41
38
37
40
41
43
42
43
43
41
41
38
37
41
42
41
41
40
41
42
41
42
43
44
40
40
39
39
41
40
40
41
42
42
42
40
37
37
37
37
40
39
38
36
36
36
36
36
35
35
35
36
36
36
35
35
35
34
33
31
30
33
35
36
35
33
33
34
32
33
29
32
32
31
30
28
30
29
28
27
29
30
30
28
26
25
26
26
25
26
24
24
24
23
21
21
21
20
22
22
22
22
21
20
21
19
18
18
19
18
17
18
22
23
22
22
21
20
21
18
19
20
22
21
20
19
19
19
20
23
24
22
21
22
22
21
22
23
24
22
22
19
19
23
22
21
18
17
18
20
22
21
20
20
19
18
15
15
15
14
13
11
11
12
11
12
11
10
11
11
11
10
11
11
12
12
12
13
10
10
10
10
11
12
11
10
12
14
12
10
9
9
11
12
13
14
16
14
9
7
7
10
12
12
11
12
12
12
10
10
10
10
10
9
9
10
10
11
11
9
9
9
10
11
12
14
14
13
11
11
12
11
14
14
12
13
13
11
10
8
9
8
8
7
8
10
10
8
8
10
10
9
8
9
9
10
7
5
7
7
6
5
4
3
6
7
7
5
4
7
7
8
8
6
4
1
2
3
5
5
4
3
4
8
9
8
5
3
1
1
1
2
3
1
0
0
-1
-1
-1
0
3
4
2
0
0
1
3
3
2
1
-2
-1
1
3
3
1
1
1
3
4
1
0
2
5
5
4
1
2
4
6
6
6
5
2
2
3
2
3
3
3
2
1
-1
0
0
1
1
1
4
5
3
1
1
0
1
2
3
4
7
6
3
3
4
4
4
0
0
2
3
6
5
2
2
1
1
4
3
2
3
1
1
1
1
1
2
3
3
3
4
5
6
4
1
3
4
5
4
3
4
4
2
1
0
3
3
3
3
4
5
4
4
4
2
1
1
0
2
2
2
2
2
2
4
2
0
0
0
0
1
0
1
2
3
5
4
2
2
1
2
3
2
1
2
5
7
7
5
3
3
3
0
1
4
6
8
9
7
5
5
6
7
7
8
6
7
9
10
11
11
11
9
12
13
14
13
10
6
5
6
6
5
4
3
4
9
10
12
11
9
6
4
3
1
0
1
3
5
7
7
8
6
4
5
7
9
7
6
6
4
5
7
7
7
7
7
5
5
5
6
6
3
0
3
5
6
5
6
6
4
4
4
5
3
3
2
1
4
6
7
6
6
5
3
2
3
5
8
6
4
4
4
7
9
9
9
9
9
8
7
6
6
6
6
7
6
8
8
10
11
10
10
9
10
12
14
12
9
8
11
12
13
12
12
15
14
12
13
14
14
14
14
15
15
16
17
16
14
15
17
19
18
17
18
21
20
19
19
18
17
15
13
14
15
17
15
14
13
13
15
15
14
16
15
12
12
13
15
15
14
12
15
15
16
16
16
15
15
13
13
12
14
15
14
14
13
11
11
10
9
12
12
12
11
11
12
12
9
8
9
12
13
11
10
8
8
9
11
11
11
10
7
9
11
12
10
9
11
15
17
16
14
14
17
18
19
20
18
20
20
21
21
19
18
17
19
21
22
22
19
20
21
21
20
20
18
18
18
18
17
16
16
17
19
18
18
17
16
17
18
18
18
18
18
18
19
18
17
18
19
20
19
19
19
18
20
18
17
18
19
19
22
22
19
17
17
17
18
17
17
17
18
19
20
20
19
19
17
16
14
16
16
17
18
17
16
15
16
16
15
13
13
16
17
15
14
13
13
14
15
12
12
12
12
11
12
13
16
16
12
9
10
12
14
12
10
8
5
5
8
10
10
9
8
7
8
7
7
5
4
2
2
3
3
3
3
3
2
3
3
1
0
0
0
0
-1
-2
-1
0
0
-3
-2
-1
-2
-3
-3
-4
-3
-4
-5
-4
-3
-2
-2
-2
-4
-4
-6
-6
-5
-7
-7
-6
-4
-4
-4
-4
-6
-5
-3
-5
-7
-8
-7
-6
-7
-7
-7
-5
-4
-4
-6
-9
-8
-7
-8
-10
-11
-11
-11
-10
-9
-9
-9
-11
-11
-10
-7
-7
-10
-12
-13
-13
-13
-14
-15
-15
-15
-16
-18
-20
-20
-17
-15
-14
-15
-18
-17
-17
-18
-20
-21
-20
-19
-19
-22
-23
-24
-25
-24
-24
-25
-23
-22
-21
-23
-25
-25
-24
-24
-24
-25
-24
-25
-27
-27
-28
-26
-23
-22
-22
-24
-24
-25
-29
-29
-26
-24
-23
-20
-21
-21
-20
-20
-20
-20
-19
-20
-22
-24
-23
-22
-20
-22
-22
-22
-23
-23
-21
-23
-23
-20
-18
-18
-16
-17
-20
-20
-20
-22
-25
-27
-26
-23
-22
-22
-23
-26
-27
-26
-26
-26
-27
-24
-25
-24
-25
-25
-25
-27
-26
-25
-27
-26
-26
-24
-23
-23
-23
-26
-27
-26
-24
-25
-26
-27
-28
-28
-28
-28
-31
-34
-32
-31
-30
-29
-31
-30
-29
-28
-29
-28
-28
-30
-31
-31
-31
-29
-30
-29
-29
-30
-31
-31
-33
-36
-36
-35
-35
-36
-36
-36
-35
-35
-37
-36
-36
-34
-33
-34
-36
-37
-38
-38
-37
-37
-37
-37
-35
-33
-33
-33
-36
-38
-37
-33
-30
-28
-31
-32
-31
-31
-32
-30
-29
-29
-28
-30
-30
-27
-27
-27
-27
-25
-25
-24
-24
-26
-27
-27
-24
-25
-26
-28
-31
-31
-30
-28
-28
-30
-31
-33
-33
-32
-32
-31
-31
-32
-31
-30
-28
-26
-26
-28
-28
-29
-28
-26
-26
-26
-26
-25
-25
-24
-24
-25
-24
-25
-26
-25
-25
-24
-25
-24
-24
-24
-25
-26
-28
-29
-31
-32
-31
-30
-28
-30
-30
-31
-32
-31
-32
-31
-32
-32
-33
-35
-35
-34
-34
-34
-34
-35
-34
-34
-34
-31
-30
-28
-31
-33
-35
-35
-34
-33
-35
-36
-33
-32
-32
-34
-36
-36
-33
-32
-34
-35
-35
-35
-33
-32
-32
-34
-34
-35
-34
-32
-31
-32
-32
-31
-32
-32
-33
-35
-32
-33
-31
-31
-33
-36
-37
-36
-34
-34
-35
-35
-34
-31
-30
-32
-32
-31
-31
-32
-33
-34
-36
-35
-32
-31
-30
-31
-33
-33
-31
-30
-30
-30
-31
-30
-31
-32
-31
-28
-26
-28
-31
-33
-33
-31
-29
-28
-29
-31
-33
-34
-35
-34
-33
-33
-32
-30
-28
-28
-29
-32
-33
-33
-33
-34
-32
-32
-34
-34
-32
-26
-24
-26
-29
-30
-29
-26
-27
-28
-29
-28
-28
-28
-28
-28
-27
-28
-29
-31
-30
-27
-26
-25
-28
-30
-29
-29
-28
-27
-28
-27
-26
-26
-26
-26
-28
-27
-26
-24
-27
-28
-29
-26
-26
-25
-25
-24
-22
-23
-25
-25
-23
-21
-19
-20
-20
-19
-20
-20
-18
-18
-17
-17
-16
-16
-17
-17
-17
-16
-16
-17
-20
-19
-18
-17
-16
-14
-12
-12
-13
-14
-15
-15
-16
-16
-16
-14
-11
-11
-13
-15
-15
-14
-12
-13
-14
-16
-16
-15
-14
-14
-12
-13
-14
-14
-15
-14
-14
-16
-15
-14
-11
-12
-14
-13
-14
-13
-11
-11
-11
-10
-9
-9
-10
-9
-8
-9
-7
-9
-10
-10
-8
-9
-10
-10
-11
-14
-14
-12
-11
-9
-13
-15
-13
-9
-8
-9
-12
-12
-10
-8
-9
-10
-12
-11
-11
-10
-9
-7
-5
-6
-8
-10
-8
-7
-9
-9
-11
-11
-10
-10
-9
-9
-6
-4
-5
-7
-8
-7
-6
-4
-5
-7
-7
-6
-6
-8
-9
-10
-9
-11
-11
-9
-8
-9
-10
-10
-10
-11
-10
-10
-10
-10
-9
-9
-11
-11
-9
-9
-9
-9
-10
-10
-8
-7
-7
-9
-12
-13
-15
-15
-13
-13
-14
-12
-11
-13
-13
-15
-15
-14
-13
-12
-9
-9
-12
-14
-16
-15
-14
-14
-14
-15
-15
-14
-13
-13
-14
-16
-18
-16
-14
-12
-16
-18
-16
-13
-10
-12
-15
-17
-19
-18
-17
-18
-20
-21
-19
-16
-16
-17
-16
-15
-15
-18
-19
-20
-17
-16
-17
-18
-20
-22
-23
-23
-22
-23
-23
-24
-23
-21
-21
-22
-24
-24
-24
-23
-22
-24
-24
-26
-28
-29
-28
-25
-24
-27
-28
-29
-30
-28
-27
-28
-29
-30
-29
-30
-30
-29
-28
-26
-27
-28
-29
-28
-27
-28
-29
-26
-23
-20
-19
-21
-23
-23
-22
-22
-23
-23
-23
-21
-20
-22
-23
-25
-25
-25
-24
-23
-25
-24
-22
-20
-18
-19
-22
-22
-22
-22
-21
-23
-25
-24
-23
-25
-24
-25
-23
-24
-25
-25
-23
-22
-23
-24
-23
-23
-21
-22
-24
-22
-21
-17
-19
-20
-22
-23
-23
-22
-21
-20
-22
-23
-24
-24
-22
-21
-22
-23
-22
-21
-22
-23
-22
-22
-23
-22
-22
-23
-21
-22
-22
-21
-22
-22
-21
-24
-26
-26
-25
-26
-25
-25
-23
-20
-17
-17
-17
-18
-19
-17
-18
-19
-19
-19
-19
-18
-19
-19
-19
-19
-19
-20
-21
-20
-18
-17
-20
-24
-24
-21
-19
-18
-21
-24
-26
-26
-23
-22
-23
-23
-20
-21
-22
-23
-24
-25
-23
-24
-24
-24
-21
-21
-19
-21
-20
-18
-21
-22
-23
-20
-18
-15
-18
-17
-18
-16
-17
-20
-20
-19
-19
-19
-18
-17
-16
-18
-19
-21
-19
-18
-19
-18
-17
-17
-15
-15
-16
-16
-18
-21
-22
-24
-24
-22
-21
-20
-21
-23
-23
-21
-21
-19
-18
-18
-18
-18
-17
-17
-18
-19
-20
-21
-20
-20
-20
-20
-20
-19
-18
-20
-20
-21
-22
-23
-24
-24
-23
-20
-22
-24
-23
-24
-24
-25
-26
-27
-26
-24
-23
-22
-23
-23
-23
-24
-23
-23
-23
-21
-21
-21
-21
-22
-20
-21
-22
-20
-22
-21
-21
-20
-20
-22
-22
-22
-20
-20
-22
-23
-24
-23
-21
-23
-25
-25
-25
-26
-25
-26
-25
-23
-21
-21
-23
-26
-26
-25
-23
-24
-25
-24
-24
-21
-22
-23
-23
-24
-23
-23
-24
-25
-23
-20
-21
-22
-23
-23
-22
-22
-23
-22
-20
-18
-18
-19
-21
-22
-22
-21
-22
-24
-26
-26
-26
-25
-25
-25
-24
-23
-23
-24
-24
-24
-23
-23
-25
-25
-27
-27
-26
-24
-23
-25
-24
-27
-27
-28
-27
-25
-23
-22
-21
-20
-18
-19
-21
-24
-24
-23
-22
-23
-24
-25
-24
-22
-19
-19
-22
-26
-29
-27
-26
-26
-26
-28
-28
-25
-23
-24
-24
-26
-27
-26
-25
-25
-27
-28
-25
-26
-28
-29
-28
-27
-27
-28
-28
-28
-26
-27
-30
-30
-30
-29
-28
-24
-23
-24
-27
-29
-27
-25
-26
-26
-27
-24
-23
-22
-21
-21
-21
-21
-21
-22
-24
-24
-24
-23
-24
-24
-21
-21
-22
-23
-24
-25
-23
-20
-18
-19
-22
-23
-21
-21
-21
-23
-24
-23
-23
-23
-23
-24
-24
-24
-23
-23
-23
-23
-22
-20
-20
-18
-18
-17
-16
-17
-16
-18
-21
-21
-22
-24
-22
-23
-24
-24
-20
-19
-18
-20
-21
-18
-17
-16
-15
-16
-17
-15
-15
-17
-18
-18
-19
-18
-18
-17
-17
-17
-17
-19
-22
-22
-19
-15
-13
-15
-17
-20
-20
-17
-14
-13
-15
-17
-15
-15
-15
-15
-17
-18
-18
-16
-16
-16
-17
-18
-17
-16
-16
-16
-15
-15
-13
-11
-10
-12
-12
-13
-12
-10
-9
-10
-11
-8
-6
-4
-4
-8
-6
-5
-2
-4
-5
-6
-6
-5
-6
-6
-5
-2
0
-1
1
2
2
2
0
1
1
1
0
-1
-2
0
1
2
-1
0
2
3
2
1
-2
-1
3
4
3
3
3
4
4
4
3
5
7
7
5
3
4
4
4
3
5
6
4
3
4
5
8
9
9
5
7
5
6
8
7
5
2
5
8
9
6
3
3
4
4
5
3
3
5
4
7
8
11
8
6
8
7
7
6
5
3
4
4
4
3
3
2
1
0
-2
0
4
3
3
0
1
3
5
6
7
7
7
5
4
2
4
5
5
4
1
3
7
9
9
6
5
5
6
6
6
5
7
11
10
9
9
8
10
10
9
9
8
8
9
9
8
10
8
7
6
6
7
7
9
10
11
9
7
6
6
6
8
9
8
8
7
9
11
10
10
8
6
7
9
9
9
6
5
8
9
8
9
9
11
11
10
9
11
11
10
10
12
10
10
12
9
9
9
9
9
9
7
6
6
6
6
7
8
8
7
6
6
7
6
6
6
8
10
8
6
4
3
2
4
6
5
4
3
2
2
4
4
5
4
4
6
8
8
6
5
5
3
5
4
3
2
3
3
3
2
1
5
5
7
5
4
2
1
3
4
3
3
4
4
3
5
3
2
2
1
2
5
6
4
2
1
0
0
0
0
0
1
2
3
4
3
2
2
2
2
1
0
1
1
3
5
4
1
-1
-2
2
1
1
3
0
-1
-1
0
3
3
2
1
1
4
5
5
4
3
4
4
4
2
1
2
3
3
4
3
2
4
5
5
4
2
3
6
6
4
1
-1
0
3
4
2
0
-1
-2
-3
-3
-2
-1
0
0
-1
0
2
3
1
1
0
0
-1
-1
-1
0
-1
0
-1
-1
1
2
0
1
-1
-3
-5
-5
-1
-1
0
-1
-1
-1
0
3
3
3
2
0
-2
-4
-3
-2
-1
0
1
0
-2
-5
-5
-5
-4
-4
-5
-3
-3
-3
-4
-6
-6
-5
-3
-4
-6
-6
-4
-3
-4
-5
-8
-7
-6
-4
-4
-6
-5
-5
-4
-4
-3
-4
-4
-5
-5
-4
-4
-3
-4
-4
-4
-2
0
-2
-5
-6
-5
-4
-3
-3
-4
-3
-2
-1
-2
-5
-6
-4
-2
-2
-5
-5
-5
-4
-5
-7
-8
-8
-8
-7
-5
-6
-10
-11
-11
-11
-10
-10
-10
-10
-8
-7
-9
-11
-11
-9
-6
-6
-9
-13
-12
-11
-11
-12
-12
-11
-11
-13
-16
-17
-19
-18
-19
-20
-18
-14
-14
-14
-13
-14
-15
-17
-17
-17
-20
-20
-22
-20
-19
-20
-19
-18
-20
-20
-20
-22
-20
-19
-20
-19
-17
-17
-16
-16
-18
-16
-16
-17
-15
-15
-16
-16
-14
-14
-14
-15
-16
-17
-15
-13
-12
-12
-12
-12
-13
-10
-10
-12
-13
-15
-13
-11
-11
-11
-14
-14
-13
-13
-13
-11
-12
-14
-15
-14
-13
-13
-13
-14
-12
-13
-12
-15
-16
-15
-13
-12
-13
-14
-14
-12
-12
-14
-15
-15
-14
-14
-16
-15
-15
-13
-15
-15
-15
-12
-11
-12
-14
-17
-16
-16
-15
-12
-12
-15
-16
-16
-15
-16
-18
-17
-17
-16
-18
-20
-21
-18
-15
-15
-17
-17
-18
-16
-15
-17
-19
-20
-19
-18
-17
-17
-18
-19
-18
-18
-20
-20
-21
-20
-19
-18
-19
-19
-21
-23
-20
-18
-18
-19
-21
-21
-21
-20
-21
-21
-21
-20
-20
-19
-19
-21
-21
-21
-20
-19
-19
-19
-19
-21
-20
-22
-21
-20
-18
-17
-17
-17
-15
-16
-17
-18
-17
-17
-18
-17
-18
-18
-17
-16
-15
-16
-17
-15
-13
-14
-15
-15
-14
-14
-14
-16
-16
-19
-18
-16
-16
-17
-19
-19
-18
-18
-19
-17
-15
-16
-15
-18
-21
-20
-17
-16
-15
-17
-18
-18
-18
-18
-18
-18
-17
-15
-14
-16
-18
-17
-16
-18
-19
-19
-19
-16
-16
-19
-21
-21
-16
-16
-17
-19
-19
-19
-19
-21
-24
-23
-21
-20
-20
-22
-22
-20
-21
-21
-20
-20
-21
-20
-19
-19
-20
-19
-20
-21
-21
-21
-21
-20
-18
-18
-15
-18
-19
-21
-19
-19
-19
-19
-20
-21
-19
-16
-15
-15
-17
-19
-19
-17
-17
-16
-16
-15
-15
-17
-17
-15
-15
-15
-16
-19
-19
-17
-14
-12
-13
-14
-14
-14
-15
-17
-18
-18
-17
-17
-18
-20
-20
-19
-17
-17
-18
-18
-17
-17
-15
-17
-18
-20
-21
-22
-20
-18
-19
-20
-21
-18
-17
-19
-20
-20
-19
-18
-22
-23
-22
-21
-22
-23
-24
-25
-24
-23
-22
-22
-22
-21
-21
-21
-20
-19
-18
-17
-19
-20
-20
-18
-19
-21
-23
-24
-22
-21
-20
-19
-18
-18
-16
-17
-19
-20
-21
-22
-23
-22
-20
-17
-17
-18
-24
-25
-24
-21
-19
-20
-22
-23
-23
-20
-21
-22
-23
-23
-22
-21
-22
-23
-24
-23
-23
-26
-26
-26
-27
-27
-25
-25
-22
-24
-26
-23
-22
-23
-24
-27
-25
-23
-24
-24
-26
-24
-24
-25
-25
-26
-26
-25
-26
-26
-25
-24
-25
-24
-25
-26
-25
-24
-23
-24
-24
-23
-23
-24
-23
-23
-23
-24
-25
-26
-25
-24
-21
-22
-23
-20
-21
-24
-25
-24
-24
-23
-21
-24
-23
-22
-22
-21
-21
-21
-20
-18
-18
-19
-21
-21
-20
-21
-19
-19
-21
-22
-23
-24
-22
-20
-20
-21
-20
-20
-19
-18
-19
-19
-17
-16
-17
-17
-18
-16
-15
-16
-17
-18
-17
-16
-16
-20
-21
-18
-16
-17
-18
-19
-19
-19
-17
-15
-15
-18
-20
-19
-18
-19
-20
-21
-20
-16
-15
-16
-18
-22
-23
-21
-20
-21
-21
-21
-21
-21
-20
-19
-18
-18
-20
-20
-20
-20
-19
-19
-18
-19
-19
-19
-19
-19
-18
-20
-18
-17
-18
-18
-17
-17
-16
-16
-16
-15
-13
-13
-12
-14
-14
-15
-16
-17
-17
-16
-16
-16
-17
-15
-14
-15
-18
-17
-17
-17
-15
-13
-14
-15
-16
-18
-17
-17
-18
-19
-19
-17
-17
-18
-17
-19
-19
-18
-17
-19
-19
-15
-17
-17
-17
-18
-18
-18
-21
-20
-19
-20
-20
-19
-17
-17
-15
-18
-18
-20
-20
-19
-20
-18
-17
-17
-16
-16
-18
-20
-23
-22
-18
-18
-21
-23
-23
-20
-17
-18
-18
-19
-20
-20
-20
-21
-21
-20
-21
-24
-24
-26
-26
-26
-29
-28
-26
-25
-24
-24
-23
-24
-24
-23
-23
-21
-22
-24
-23
-24
-23
-22
-22
-23
-26
-26
-26
-27
-27
-28
-25
-22
-21
-23
-25
-27
-28
-28
-27
-26
-24
-22
-23
-26
-25
-26
-27
-27
-28
-27
-29
-31
-30
-30
-31
-32
-35
-35
-33
-30
-30
-30
-32
-30
-28
-29
-29
-31
-32
-33
-33
-32
-31
-33
-34
-35
-33
-31
-33
-34
-35
-36
-35
-34
-35
-35
-36
-35
-34
-35
-35
-35
-36
-34
-32
-31
-29
-30
-31
-33
-32
-34
-36
-36
-35
-33
-34
-35
-33
-33
-34
-32
-31
-32
-35
-38
-39
-38
-35
-33
-34
-34
-35
-34
-35
-35
-36
-37
-39
-37
-37
-38
-41
-41
-40
-39
-35
-36
-36
-36
-35
-34
-33
-36
-37
-37
-38
-38
-37
-38
-39
-38
-38
-38
-38
-39
-36
-33
-32
-31
-31
-35
-36
-35
-33
-31
-30
-32
-33
-33
-33
-34
-35
-37
-34
-34
-36
-35
-37
-39
-38
-36
-37
-38
-38
-36
-35
-34
-36
-37
-38
-40
-38
-36
-34
-33
-34
-36
-38
-37
-38
-36
-36
-36
-37
-36
-38
-39
-39
-40
-41
-40
-39
-37
-37
-37
-38
-37
-37
-38
-38
-39
-38
-36
-34
-35
-38
-39
-40
-38
-38
-39
-40
-37
-36
-37
-38
-40
-39
-36
-34
-34
-37
-39
-39
-38
-38
-43
-45
-45
-43
-41
-38
-37
-39
-42
-43
-42
-40
-40
-40
-41
-41
-38
-37
-38
-39
-41
-42
-42
-44
-45
-44
-41
-40
-38
-37
-35
-36
-39
-38
-38
-39
-39
-38
-37
-36
-35
-35
-36
-37
-38
-37
-37
-35
-33
-34
-34
-35
-37
-39
-38
-37
-37
-36
-36
-36
-37
-35
-36
-36
-37
-37
-34
-35
-36
-38
-40
-40
-39
-38
-36
-34
-34
-33
-36
-38
-36
-35
-36
-35
-36
-34
-33
-30
-30
-31
-34
-33
-31
-31
-30
-33
-35
-34
-31
-31
-33
-36
-36
-34
-35
-36
-37
-37
-33
-32
-31
-33
-33
-33
-33
-33
-32
-32
-32
-33
-32
-32
-32
-32
-34
-34
-33
-31
-33
-34
-36
-35
-33
-31
-30
-33
-37
-35
-33
-33
-34
-34
-35
-36
-36
-38
-38
-36
-36
-37
-36
-37
-36
-36
-36
-36
-33
-35
-35
-37
-39
-40
-37
-34
-36
-40
-40
-36
-35
-35
-38
-39
-37
-34
-34
-35
-36
-36
-34
-35
-34
-31
-30
-30
-32
-32
-31
-31
-32
-32
-33
-32
-30
-29
-30
-31
-32
-32
-35
-35
-34
-33
-32
-31
-28
-27
-27
-28
-27
-29
-28
-28
-28
-28
-29
-30
-31
-31
-30
-26
-25
-26
-26
-26
-26
-27
-27
-27
-27
-28
-27
-26
-27
-27
-25
-23
-25
-26
-27
-26
-25
-25
-27
-29
-26
-25
-23
-25
-25
-26
-26
-27
-30
-30
-29
-28
-28
-26
-26
-26
-25
-26
-29
-28
-25
-25
-23
-24
-23
-22
-22
-23
-22
-21
-22
-22
-22
-20
-19
-19
-20
-22
-20
-17
-16
-18
-17
-16
-16
-16
-15
-13
-13
-12
-11
-14
-15
-15
-16
-15
-13
-13
-15
-15
-13
-13
-13
-14
-14
-14
-13
-13
-13
-14
-14
-15
-13
-12
-14
-14
-14
-15
-13
-9
-9
-10
-12
-14
-14
-12
-11
-12
-13
-12
-11
-11
-11
-10
-9
-10
-10
-10
-6
-5
-4
-5
-6
-7
-7
-7
-8
-8
-7
-5
-5
-5
-6
-6
-8
-8
-8
-9
-7
-7
-6
-7
-7
-8
-7
-8
-7
-8
-9
-8
-6
-5
-5
-7
-9
-9
-8
-7
-7
-8
-8
-8
-9
-8
-5
-7
-9
-9
-9
-10
-9
-10
-10
-7
-4
-6
-8
-8
-6
-6
-5
-4
-7
-7
-5
-7
-7
-6
-5
-7
-7
-8
-8
-7
-7
-11
-10
-7
-5
-6
-8
-9
-10
-8
-8
-8
-10
-10
-8
-7
-8
-9
-10
-8
-6
-9
-7
-8
-9
-10
-10
-7
-5
-4
-6
-9
-8
-7
-5
-4
-4
-4
-5
-6
-9
-9
-9
0
-3
-5
-5
-6
-4
-3
-6
-8
-7
-7
-6
-6
-8
-7
-6
-7
-9
-8
-9
-9
-7
-5
-8
-8
-7
-5
-6
-6
-7
-9
-11
-7
-5
-7
-7
-6
-6
-4
-6
-8
-8
-8
-9
-6
-6
-6
-5
-8
-11
-10
-8
-8
-8
-8
-7
-7
-10
-11
-10
-11
-12
-11
-9
-10
-10
-9
-12
-12
-10
-9
-10
-10
-12
-13
-12
-11
-12
-13
-15
-16
-16
-17
-15
-15
-13
-12
-12
-13
-15
-16
-15
-14
-14
-14
-13
-11
-9
-11
-14
-15
-14
-12
-12
-11
-12
-12
-11
-10
-11
-11
-10
-11
-11
-11
-9
-7
-5
-6
-7
-10
-12
-11
-10
-11
-10
-11
-14
-14
-13
-14
-13
-10
-9
-9
-8
-9
-12
-12
-12
-11
-13
-13
-13
-13
-13
-15
-14
-11
-9
-9
-9
-11
-9
-8
-7
-9
-11
-10
-10
-10
-11
-10
-9
-8
-8
-7
-7
-8
-10
-11
-12
-12
-12
-12
-12
-11
-9
-9
-10
-10
-10
-10
-10
-13
-11
-10
-12
-11
-10
-12
-11
-10
-11
-10
-11
-11
-10
-10
-13
-13
-12
-11
-10
-12
-12
-10
-8
-8
-8
-9
-12
-11
-10
-10
-10
-10
-11
-12
-10
-11
-12
-11
-11
-9
-8
-9
-7
-9
-9
-8
-9
-8
-6
-6
-6
-6
-5
-7
-6
-8
-9
-10
-8
-7
-5
-6
-4
-4
-7
-7
-7
-5
-5
-5
-6
-4
-3
-3
-7
-8
-7
-7
-7
-7
-7
-5
-4
-6
-7
-7
-8
-8
-9
-8
-6
-5
-5
-6
-5
-5
-6
-10
-12
-11
-6
-3
-4
-8
-10
-9
-6
-5
-7
-7
-5
-4
-4
-6
-8
-8
-6
-5
-6
-7
-6
-6
-7
-8
-8
-7
-7
-7
-7
-6
-6
-5
-6
-5
-7
-7
-7
-9
-10
-9
-9
-9
-7
-6
-9
-11
-11
-10
-10
-8
-8
-8
-6
-5
-8
-9
-8
-7
-5
-5
-7
-6
-7
-10
-12
-10
-9
-6
-5
-9
-7
-4
-6
-7
-7
-6
-4
-3
-4
-8
-7
-6
-6
-7
-9
-9
-9
-8
-7
-5
-7
-6
-6
-6
-7
-7
-8
-9
-10
-9
-6
-5
-5
-3
-3
-4
-4
-4
-4
-4
-4
-7
-8
-4
-3
-2
-2
-2
-3
-2
-4
-5
-5
-4
-2
-2
-3
-1
-1
-2
-4
-5
-4
-2
-4
-1
-2
-1
-1
-2
-1
0
1
-1
-3
-3
-1
-2
-2
-3
-5
-5
-4
-2
-2
-2
-2
-3
-4
-3
-2
-2
-2
-2
-3
-3
-3
-5
-3
-3
-5
-5
-3
0
0
-1
-1
-1
0
-3
-4
-2
-2
0
-1
-3
-1
-3
-3
-4
-4
-6
-5
-4
-2
-1
-2
-2
-2
-2
-3
-6
-5
-3
-2
-1
-2
-4
-3
-3
-3
-2
-2
-1
0
1
1
-1
-1
0
-1
0
0
-1
0
-2
-2
-2
-3
0
3
4
5
3
0
-3
-3
-1
0
0
-2
0
2
3
3
1
-2
0
3
4
2
0
0
1
2
2
0
2
5
7
7
7
6
8
9
9
9
8
7
7
8
8
9
10
9
8
8
8
8
7
8
12
14
13
11
9
10
12
9
7
6
8
8
9
9
10
11
12
11
9
7
6
5
6
5
6
6
7
8
7
6
2
1
3
2
4
5
3
4
6
5
6
5
2
3
5
7
8
6
6
6
5
4
4
5
5
7
9
10
8
7
5
5
6
7
6
4
5
5
5
4
4
7
9
7
8
5
4
4
3
6
9
8
6
5
6
9
11
10
9
7
9
11
10
8
6
7
6
7
8
6
6
7
7
9
7
5
5
5
7
9
10
9
10
11
10
12
10
9
11
13
13
13
12
9
9
12
13
13
10
10
12
10
9
9
9
11
11
10
9
9
12
14
11
10
9
9
11
11
9
9
10
9
9
10
9
8
11
10
10
12
13
12
10
9
9
9
11
11
14
12
12
14
12
10
11
13
13
15
11
10
10
11
11
11
12
10
9
8
8
11
13
12
11
8
9
11
11
14
13
11
12
11
12
13
14
13
12
12
11
9
10
11
11
12
9
7
7
8
9
7
6
7
6
6
6
6
7
7
6
6
6
7
6
5
8
8
9
9
9
8
7
7
6
7
6
5
6
9
10
11
9
10
11
12
10
7
5
7
10
10
7
7
8
8
8
6
5
5
6
6
5
7
5
6
6
6
5
2
0
2
4
6
7
5
2
3
2
2
2
2
4
4
6
4
3
2
3
3
5
6
5
4
2
1
2
2
2
0
-1
1
2
1
-1
-2
-2
-1
0
-2
-4
-3
-2
1
0
-3
-5
-4
-3
-1
-2
-3
-5
-5
-5
-4
-4
-4
-3
-4
-3
-1
-2
-3
-3
-5
-4
-4
-5
-4
0
1
-2
-4
-6
-2
-1
-1
-1
-3
-1
0
-2
-4
-5
-3
-2
-1
-1
-2
-2
-2
-2
-1
-4
-5
-3
-3
-1
1
0
-1
-2
-2
-1
0
1
-1
0
0
1
0
0
-3
-5
-4
-5
-4
-2
-3
-1
-1
0
-1
0
1
-1
0
0
0
-1
0
1
3
4
3
-1
-4
-4
-3
-1
-1
-2
-5
-6
-6
-3
-2
-2
-2
-4
-4
-5
-5
-7
-8
-10
-9
-7
-6
-5
-7
-10
-8
-8
-7
-8
-7
-9
-9
-10
-12
-10
-9
-9
-9
-7
-6
-6
-7
-7
-6
-5
-3
-4
-7
-6
-5
-5
-4
-5
-5
-6
-8
-8
-7
-6
-2
-3
-6
-7
-8
-7
-7
-7
-7
-7
-7
-8
-8
-7
-6
-7
-11
-11
-8
-6
-7
-8
-9
-9
-9
-9
-10
-12
-11
-12
-11
-7
-6
-7
-10
-12
-13
-9
-9
-11
-13
-11
-10
-10
-9
-11
-11
-9
-9
-7
-10
-11
-10
-9
-10
-12
-14
-16
-16
-16
-17
-15
-14
-14
-12
-14
-14
-12
-13
-13
-12
-15
-14
-14
-16
-17
-16
-16
-17
-17
-17
-15
-13
-14
-13
-13
-15
-17
-18
-16
-15
-17
-17
-17
-15
-15
-15
-14
-14
-12
-15
-15
-14
-14
-15
-16
-18
-17
-15
-16
-16
-17
-19
-20
-21
-19
-20
-20
-20
-19
-20
-21
-22
-22
-23
-22
-22
-21
-21
-22
-21
-20
-20
-23
-22
-23
-23
-22
-21
-20
-21
-22
-23
-22
-20
-19
-22
-23
-21
-20
-22
-22
-25
-23
-22
-22
-23
-27
-29
-29
-26
-23
-25
-23
-23
-24
-22
-22
-24
-24
-22
-23
-23
-22
-23
-20
-18
-19
-21
-22
-21
-21
-21
-20
-20
-21
-19
-20
-21
-24
-26
-26
-25
-23
-24
-24
-24
-25
-27
-29
-31
-31
-30
-29
-28
-29
-29
-29
-29
-32
-31
-32
-33
-33
-33
-34
-34
-33
-32
-33
-33
-33
-33
-33
-31
-32
-31
-31
-30
-32
-33
-36
-35
-34
-32
-32
-31
-31
-30
-29
-30
-30
-30
-31
-32
-33
-35
-34
-33
-30
-31
-31
-32
-32
-31
-32
-31
-31
-29
-29
-30
-29
-28
-28
-29
-31
-32
-31
-29
-28
-30
-32
-32
-32
-30
-31
-31
-30
-31
-31
-30
-29
-30
-32
-33
-33
-29
-27
-28
-28
-28
-29
-33
-34
-32
-28
-27
-27
-28
-29
-28
-29
-31
-31
-30
-30
-31
-32
-31
-29
-28
-28
-29
-28
-26
-26
-28
-28
-29
-30
-30
-28
-25
-21
-20
-24
-28
-28
-27
-27
-30
-30
-29
-27
-27
-27
-27
-30
-29
-28
-28
-29
-30
-30
-28
-26
-27
-28
-29
-28
-27
-27
-28
-29
-28
-29
-28
-27
-29
-28
-27
-28
-31
-31
-31
-31
-30
-30
-31
-31
-31
-31
-29
-30
-30
-29
-29
-31
-32
-31
-31
-30
-27
-28
-28
-29
-29
-29
-30
-31
-31
-32
-30
-28
-25
-25
-26
-27
-27
-28
-28
-27
-26
-26
-27
-28
-28
-26
-25
-26
-28
-25
-24
-23
-24
-25
-24
-21
-23
-23
-22
-21
-21
-24
-27
-28
-26
-24
-23
-24
-26
-28
-28
-26
-23
-22
-23
-24
-23
-22
-21
-21
-21
-20
-21
-23
-24
-26
-24
-23
-23
-23
-26
-25
-22
-20
-19
-22
-24
-24
-24
-22
-24
-23
-23
-21
-21
-23
-24
-26
-25
-25
-22
-22
-24
-25
-24
-25
-25
-25
-25
-26
-28
-27
-26
-28
-26
-27
-29
-26
-23
-24
-25
-24
-24
-23
-21
-22
-21
-21
-23
-24
-24
-23
-23
-21
-22
-24
-26
-28
-27
-26
-23
-22
-22
-23
-24
-24
-23
-23
-21
-22
-24
-24
-24
-23
-22
-20
-16
-13
-15
-19
-22
-22
-20
-18
-17
-19
-21
-21
-20
-19
-17
-17
-17
-16
-17
-20
-17
-16
-14
-14
-18
-20
-21
-22
-20
-23
-23
-23
-24
-24
-26
-26
-24
-21
-20
-22
-23
-24
-24
-25
-26
-23
-23
-21
-21
-23
-22
-22
-23
-24
-24
-23
-22
-22
-23
-25
-23
-23
-21
-21
-21
-23
-24
-25
-24
-22
-24
-25
-25
-27
-26
-25
-26
-26
-27
-29
-29
-29
-28
-25
-25
-27
-29
-30
-28
-27
-29
-30
-31
-31
-30
-30
-32
-32
-31
-29
-27
-26
-28
-30
-28
-28
-29
-30
-32
-33
-31
-32
-32
-34
-34
-32
-29
-30
-33
-33
-31
-28
-26
-26
-27
-30
-32
-32
-33
-31
-32
-33
-33
-31
-31
-32
-32
-32
-30
-30
-30
-32
-32
-29
-27
-29
-31
-30
-31
-29
-27
-28
-29
-30
-32
-32
-32
-32
-33
-31
-31
-32
-31
-31
-30
-29
-32
-31
-31
-32
-32
-34
-34
-35
-36
-35
-34
-34
-34
-36
-36
-35
-35
-37
-38
-36
-36
-34
-34
-34
-35
-36
-38
-37
-37
-36
-36
-36
-37
-38
-39
-38
-39
-41
-41
-43
-42
-41
-38
-38
-38
-37
-38
-37
-38
-39
-39
-37
-38
-39
-39
-40
-37
-36
-36
-37
-37
-37
-39
-41
-41
-38
-34
-32
-34
-39
-41
-39
-35
-36
-36
-37
-35
-35
-35
-36
-39
-40
-39
-39
-38
-38
-40
-41
-40
-39
-38
-38
-38
-39
-40
-40
-41
-42
-42
-42
-38
-36
-34
-36
-40
-42
-42
-40
-38
-38
-38
-38
-38
-38
-37
-38
-38
-40
-41
-41
-39
-38
-37
-41
-42
-44
-43
-40
-38
-38
-40
-40
-40
-39
-38
-38
-39
-39
-39
-39
-39
-40
-39
-39
-37
-37
-36
-37
-36
-36
-37
-37
-36
-35
-34
-36
-36
-37
-36
-37
-37
-39
-39
-39
-38
-35
-34
-34
-36
-37
-37
-34
-34
-35
-36
-37
-36
-37
-37
-39
-38
-39
-40
-40
-40
-41
-42
-42
-41
-39
-39
-41
-42
-42
-40
-39
-39
-40
-38
-35
-36
-37
-38
-37
-39
-39
-38
-38
-39
-38
-38
-37
-37
-38
-39
-42
-41
-39
-39
-39
-39
-40
-38
-35
-37
-37
-37
-36
-34
-35
-35
-35
-35
-37
-36
-36
-34
-31
-31
-30
-31
-32
-31
-30
-29
-29
-29
-29
-28
-28
-27
-28
-30
-29
-30
-31
-33
-33
-33
-30
-27
-28
-30
-33
-33
-32
-33
-34
-35
-35
-35
-36
-35
-34
-33
-35
-35
-35
-35
-36
-34
-33
-32
-33
-32
