162
167
168
168
167
166
160
154
143
134
126
119
114
104
97
88
81
70
59
47
34
19
2
-13
-27
-42
-53
-63
-73
-85
-100
-116
-134
-152
-166
-184
-198
-213
-226
-241
-249
-255
-257
-265
-270
-275
-265
-246
-215
-189
-172
-158
-152
-130
-109
-85
-63
-41
-23
-1
20
39
48
58
55
62
70
79
86
86
92
97
108
111
112
110
105
94
87
76
67
54
41
26
18
4
-13
-29
-43
-45
-53
-54
-60
-61
-56
-44
-30
-11
-5
1
7
19
34
52
68
80
89
101
115
123
132
134
138
142
148
152
163
166
173
178
182
177
169
160
155
146
138
131
123
112
103
95
85
74
61
47
33
24
9
-6
-26
-42
-55
-61
-69
-79
-98
-117
-136
-151
-168
-184
-197
-214
-228
-240
-251
-259
-263
-269
-269
-266
-247
-218
-187
-172
-159
-158
-141
-119
-94
-65
-43
-20
-1
22
43
55
62
66
67
77
80
93
97
106
112
120
121
122
121
116
107
96
88
79
68
53
40
26
16
-7
-23
-38
-46
-53
-57
-61
-59
-51
-42
-31
-20
-8
-1
10
24
43
60
76
90
102
118
131
140
149
159
163
169
171
180
189
195
200
204
203
202
194
184
173
163
154
145
136
127
116
100
88
73
61
51
39
22
8
-8
-22
-37
-47
-59
-71
-85
-100
-113
-133
-148
-168
-184
-200
-220
-235
-252
-263
-273
-279
-281
-283
-272
-253
-222
-192
-183
-172
-168
-147
-121
-92
-63
-43
-20
6
32
54
61
66
63
68
78
81
93
94
107
116
124
127
129
132
129
121
110
101
92
77
63
50
34
18
-8
-31
-50
-58
-68
-71
-77
-77
-67
-57
-44
-30
-19
-11
-1
10
28
45
60
71
87
101
116
120
127
130
135
139
146
154
162
174
181
188
191
185
175
168
159
153
144
137
127
121
108
96
81
69
59
48
37
22
7
-6
-20
-29
-39
-48
-59
-75
-97
-116
-132
-150
-167
-185
-207
-224
-242
-259
-278
-294
-307
-311
-315
-316
-308
-283
-252
-220
-208
-198
-191
-170
-140
-111
-81
-52
-29
-1
25
46
61
69
71
76
85
92
104
108
120
131
142
147
150
151
145
130
118
107
100
87
67
46
27
11
-10
-30
-50
-62
-74
-83
-91
-87
-76
-64
-52
-40
-29
-20
-15
-7
9
25
41
57
73
88
97
105
111
115
122
127
137
149
161
173
179
184
184
183
178
168
155
145
137
129
121
110
97
84
73
62
50
31
10
-8
-24
-36
-46
-56
-67
-79
-95
-116
-133
-154
-174
-194
-213
-232
-251
-271
-293
-308
-324
-332
-339
-339
-335
-320
-286
-250
-222
-203
-195
-180
-150
-117
-83
-52
-26
-3
31
58
81
92
96
99
107
117
126
133
138
149
157
167
171
168
162
151
137
128
115
104
86
67
49
30
6
-26
-52
-70
-82
-90
-96
-99
-94
-86
-70
-56
-41
-31
-22
-15
2
23
44
60
75
89
105
118
125
132
139
144
152
163
176
194
203
213
214
216
212
203
193
182
171
161
149
139
130
116
101
81
63
42
25
4
-14
-28
-36
-47
-57
-69
-83
-102
-120
-147
-168
-189
-214
-233
-259
-271
-292
-307
-330
-338
-345
-340
-336
-325
-293
-249
-215
-190
-184
-173
-147
-110
-67
-36
-6
11
48
77
109
124
129
126
134
145
161
167
172
178
185
196
204
203
193
184
166
157
142
128
110
91
71
57
34
2
-28
-51
-65
-75
-79
-82
-78
-72
-59
-43
-23
-12
-6
-1
17
41
65
79
91
104
125
144
153
158
158
166
173
186
194
207
218
228
233
235
232
223
210
199
187
175
162
148
136
120
104
82
60
34
11
-14
-33
-46
-60
-67
-82
-96
-115
-135
-157
-176
-196
-217
-239
-264
-290
-312
-331
-345
-357
-365
-363
-361
-336
-300
-252
-217
-196
-183
-168
-138
-94
-51
-7
26
52
81
113
144
164
173
169
174
182
199
211
218
224
230
237
244
241
236
222
203
184
163
147
128
107
83
63
38
10
-26
-53
-76
-90
-101
-108
-105
-95
-83
-68
-52
-38
-27
-22
-7
14
38
59
76
94
115
131
146
155
158
167
174
183
192
206
218
231
241
249
251
246
232
219
210
201
188
171
155
141
127
107
85
62
34
3
-23
-45
-55
-68
-81
-97
-119
-140
-165
-187
-213
-237
-264
-286
-313
-333
-358
-370
-385
-389
-392
-386
-366
-322
-275
-229
-205
-189
-175
-145
-101
-60
-12
20
56
88
121
152
168
177
176
181
194
208
227
233
245
250
260
262
253
244
225
209
186
162
137
115
92
66
46
21
-9
-43
-77
-100
-115
-126
-135
-130
-118
-104
-89
-72
-57
-48
-37
-21
-1
22
44
64
90
116
135
151
161
168
178
184
189
200
211
222
234
244
251
255
250
234
218
204
196
185
170
152
133
120
101
75
48
16
-20
-46
-67
-85
-98
-116
-136
-160
-183
-203
-229
-253
-281
-307
-338
-360
-385
-403
-422
-438
-448
-440
-431
-401
-358
-309
-264
-235
-220
-201
-162
-117
-68
-21
15
52
94
127
160
176
184
181
189
195
214
228
242
254
262
275
277
274
258
236
205
183
159
142
117
91
60
44
17
-12
-52
-87
-112
-129
-141
-151
-147
-139
-121
-102
-76
-62
-45
-33
-15
4
29
44
69
93
126
151
172
181
186
195
200
208
214
222
228
242
250
260
262
258
244
234
219
205
186
166
140
126
112
93
70
36
2
-32
-55
-78
-94
-121
-144
-169
-188
-208
-226
-254
-278
-312
-334
-364
-393
-425
-454
-470
-480
-476
-466
-440
-400
-343
-298
-264
-245
-227
-201
-153
-103
-50
-5
33
70
114
148
174
185
177
180
181
199
217
236
247
265
277
292
297
286
266
230
197
171
146
125
101
67
42
16
-8
-42
-79
-116
-141
-162
-172
-176
-169
-158
-141
-110
-87
-64
-50
-38
-21
-1
19
40
63
94
125
154
175
189
196
207
210
215
218
221
228
234
245
257
263
258
246
233
221
204
181
151
126
107
91
75
51
21
-10
-41
-63
-83
-108
-135
-166
-195
-217
-234
-253
-276
-303
-335
-367
-397
-430
-460
-492
-506
-512
-496
-472
-431
-378
-325
-286
-261
-241
-212
-178
-129
-88
-35
10
48
98
130
169
184
189
183
187
193
215
229
240
259
277
300
313
313
299
271
231
207
172
154
124
91
61
43
24
-6
-43
-79
-110
-137
-155
-170
-171
-165
-147
-124
-93
-69
-44
-27
-7
13
31
50
71
96
129
163
194
217
232
245
256
262
263
260
257
257
262
273
278
278
269
259
250
238
216
192
162
138
115
93
69
40
12
-19
-39
-57
-77
-108
-143
-180
-209
-234
-255
-279
-305
-333
-363
-390
-420
-447
-478
-501
-517
-516
-506
-458
-408
-348
-290
-260
-235
-201
-167
-119
-74
-28
21
62
123
168
210
238
244
229
223
220
230
239
248
265
279
299
315
313
296
272
231
209
179
146
120
88
60
34
6
-17
-40
-65
-94
-118
-143
-158
-170
-167
-162
-143
-110
-78
-41
-10
20
51
76
94
115
131
162
194
222
244
262
281
297
305
306
302
292
286
274
271
268
267
256
251
248
243
227
206
181
149
120
91
62
32
-1
-29
-50
-62
-74
-96
-124
-162
-201
-230
-261
-286
-318
-350
-384
-412
-443
-468
-492
-513
-523
-511
-475
-419
-334
-255
-194
-154
-136
-130
-120
-97
-54
-4
57
112
167
212
233
248
244
228
217
208
210
213
210
219
236
254
272
286
291
278
235
194
152
107
65
34
7
-15
-35
-50
-62
-82
-102
-130
-148
-162
-170
-171
-158
-140
-109
-77
-36
9
51
90
126
166
201
227
249
276
292
331
409
428
415
398
379
354
342
317
316
304
297
264
194
159
162
158
131
140
119
103
74
48
11
-46
-94
-140
-167
-192
-186
-177
-194
-208
-245
-289
-331
-383
-451
-507
-563
-610
-659
-673
-657
-630
-589
-517
-430
-270
-132
-13
77
112
190
235
225
280
303
339
405
434
472
497
449
411
329
224
162
40
-37
-96
-140
-119
-111
-133
-119
-143
-132
-134
-161
-169
-166
-151
-99
-73
-6
46
50
56
46
48
74
40
27
39
53
92
105
110
114
77
53
40
26
45
46
72
120
172
235
284
295
312
300
317
327
325
315
313
316
336
313
298
263
231
191
153
128
117
103
100
88
104
104
102
84
66
46
25
-12
-34
-69
-83
-108
-142
-161
-215
-261
-297
-373
-399
-480
-545
-571
-667
-693
-708
-788
-742
-759
-723
-566
-515
-324
-45
80
309
379
398
543
486
453
492
405
500
497
469
549
465
392
323
120
59
-102
-254
-289
-403
-404
-357
-367
-275
-266
-251
-132
-131
-75
-48
-59
35
64
50
144
142
182
173
132
184
198
129
117
53
56
44
-29
-33
-52
-96
-78
-87
-39
7
12
84
161
218
297
331
377
419
421
459
486
476
468
435
428
408
346
282
213
153
103
43
17
6
-19
-28
-26
-2
16
16
17
35
36
31
20
-2
-17
-45
-85
-90
-123
-172
-201
-287
-315
-400
-484
-523
-625
-673
-724
-816
-758
-785
-763
-632
-585
-411
-175
-6
265
386
429
548
551
562
520
431
453
450
433
480
439
435
356
211
106
-30
-209
-329
-480
-510
-511
-479
-388
-302
-230
-97
-46
45
78
39
66
94
102
158
170
222
274
256
284
294
255
188
56
-30
-52
-122
-146
-157
-153
-107
-98
-55
23
29
42
61
91
183
232
276
365
413
484
540
552
575
528
465
427
349
271
185
95
65
26
-3
-5
-19
-16
-24
-29
-3
0
13
36
65
98
112
103
106
91
59
19
-23
-67
-122
-184
-269
-320
-406
-469
-549
-630
-686
-741
-797
-781
-812
-737
-663
-552
-381
-160
81
310
427
527
585
629
598
505
448
418
402
409
399
413
402
313
221
87
-43
-220
-404
-548
-597
-609
-521
-444
-296
-159
-6
103
210
211
218
184
189
165
173
187
251
285
316
323
340
306
201
55
-56
-148
-229
-295
-323
-277
-221
-169
-88
-7
62
81
72
110
166
223
261
309
391
492
569
625
647
638
586
510
401
289
152
35
-46
-78
-85
-74
-57
-22
12
43
54
62
60
73
88
111
146
161
165
169
154
141
107
46
-18
-104
-207
-287
-394
-476
-554
-640
-703
-740
-795
-779
-801
-752
-668
-567
-438
-206
15
261
397
481
570
635
595
538
445
430
422
392
390
405
395
354
231
126
7
-161
-335
-487
-565
-562
-542
-461
-326
-179
6
144
275
336
337
311
300
240
217
164
176
189
202
216
270
255
211
82
-25
-119
-222
-333
-393
-414
-364
-315
-231
-123
-26
36
81
110
185
219
241
263
310
395
479
531
600
608
611
582
498
400
272
132
30
-65
-109
-119
-122
-81
-37
32
98
121
152
176
190
219
210
215
204
171
154
143
107
96
4
-44
-122
-228
-326
-453
-583
-665
-792
-854
-901
-925
-901
-867
-798
-673
-558
-380
-135
74
282
401
496
612
647
611
584
517
534
512
480
463
445
380
323
183
86
-60
-228
-379
-493
-562
-535
-538
-438
-323
-173
1
146
238
314
297
313
279
221
175
130
111
129
111
152
176
151
106
17
-66
-135
-251
-350
-414
-444
-414
-375
-309
-211
-125
-46
37
99
176
212
250
298
354
415
486
545
604
630
643
619
561
457
329
197
79
-28
-98
-141
-144
-124
-67
11
94
158
215
245
270
270
256
231
172
107
62
31
23
-22
-63
-105
-150
-215
-313
-429
-539
-652
-760
-841
-903
-934
-939
-889
-800
-651
-517
-329
-94
164
375
527
596
696
729
711
651
578
547
546
497
484
445
403
337
203
69
-59
-230
-388
-547
-630
-624
-602
-538
-446
-300
-96
78
189
261
278
315
296
231
162
109
82
77
52
102
146
151
114
52
7
-34
-161
-281
-376
-424
-435
-440
-407
-309
-214
-105
-9
92
193
251
292
337
372
428
476
522
576
621
651
663
626
552
449
329
201
69
-56
-136
-193
-205
-183
-121
-27
74
154
231
280
315
324
287
219
144
69
34
-8
-49
-73
-83
-90
-113
-168
-243
-329
-439
-554
-657
-762
-832
-887
-911
-873
-781
-659
-486
-307
-47
221
454
601
697
755
821
768
694
586
535
506
452
377
357
308
282
159
44
-61
-195
-365
-514
-637
-647
-665
-632
-537
-381
-173
23
142
253
323
363
359
283
200
145
91
60
32
41
93
106
98
83
61
43
-38
-162
-246
-318
-363
-402
-417
-358
-266
-172
-55
56
182
287
351
423
488
522
554
553
567
591
584
568
535
487
445
360
261
156
41
-54
-134
-194
-198
-173
-106
-21
74
180
276
338
377
373
349
297
216
136
61
6
-33
-67
-90
-104
-122
-169
-219
-299
-376
-473
-577
-685
-762
-830
-841
-834
-757
-641
-483
-272
8
277
530
689
798
894
909
834
699
551
468
384
283
215
176
176
155
82
25
-59
-192
-336
-498
-584
-631
-671
-647
-569
-421
-209
-46
115
242
340
432
440
382
317
227
165
81
0
-15
-16
-9
15
25
73
83
21
-34
-107
-182
-254
-354
-378
-351
-309
-221
-120
12
177
294
413
511
569
617
625
614
602
561
517
466
410
368
313
238
165
89
33
-28
-89
-133
-137
-116
-74
-21
55
146
235
305
382
428
453
433
387
330
258
170
89
5
-48
-93
-126
-163
-187
-244
-281
-354
-428
-519
-609
-705
-759
-820
-803
-748
-634
-472
-240
34
340
561
722
821
878
874
766
599
460
333
238
129
44
28
28
14
-9
-48
-81
-165
-278
-383
-474
-526
-559
-553
-484
-360
-205
-29
120
253
371
453
476
437
360
294
203
91
-5
-53
-54
-62
-83
-49
5
41
11
-43
-71
-99
-163
-237
-282
-272
-245
-211
-144
-36
88
211
319
431
520
587
618
620
586
533
465
392
297
219
156
120
77
44
24
34
29
33
35
62
88
107
132
185
248
319
364
414
457
480
476
443
377
296
200
116
36
-46
-126
-194
-248
-284
-328
-375
-434
-485
-556
-597
-658
-698
-749
-759
-735
-632
-530
-350
-130
119
351
519
638
742
765
716
606
479
389
264
133
27
-24
-35
-40
-81
-75
-80
-94
-150
-218
-279
-311
-373
-398
-422
-368
-288
-196
-111
6
123
263
327
356
350
343
302
223
118
56
-6
-56
-109
-119
-90
-63
-69
-60
-48
-21
-35
-74
-102
-112
-124
-131
-144
-109
-48
21
103
194
299
407
464
498
514
513
486
412
335
281
230
180
129
113
143
158
153
155
185
226
235
224
237
267
296
304
309
335
351
344
334
315
299
250
174
107
49
-11
-90
-184
-261
-307
-369
-399
-482
-499
-531
-526
-551
-559
-585
-554
-571
-542
-544
-479
-349
-197
-31
148
288
463
581
629
636
577
520
453
324
218
87
6
-27
-82
-92
-94
-103
-98
-127
-162
-172
-243
-292
-361
-382
-356
-322
-280
-203
-123
11
115
187
246
280
307
305
245
208
156
104
45
-26
-52
-54
-85
-94
-102
-71
-41
-56
-54
-40
-30
-29
-67
-78
-60
-61
-48
-31
21
108
178
251
335
403
474
505
514
520
488
444
377
307
259
204
145
109
92
126
158
182
217
249
289
322
319
324
311
291
274
255
238
214
163
115
73
34
-16
-84
-156
-188
-228
-258
-325
-370
-421
-431
-481
-501
-550
-566
-601
-597
-613
-587
-574
-483
-330
-139
36
187
337
496
604
612
578
516
476
389
270
163
108
47
13
-53
-52
-58
-81
-139
-171
-210
-212
-290
-333
-368
-327
-281
-238
-226
-146
-54
69
129
181
245
318
336
319
281
276
237
155
69
22
1
-36
-93
-105
-73
-48
-51
-67
-46
-23
-34
-75
-97
-98
-86
-106
-102
-65
11
95
183
264
364
448
521
558
569
562
537
478
415
341
287
229
171
133
132
151
173
185
214
258
298
322
338
342
338
319
293
269
232
181
132
87
60
13
-40
-89
-131
-158
-201
-255
-304
-352
-400
-443
-498
-536
-569
-602
-624
-633
-618
-578
-537
-434
-287
-101
83
229
365
514
604
644
605
558
517
431
310
191
103
49
-19
-81
-91
-92
-97
-131
-160
-164
-170
-208
-251
-282
-271
-241
-216
-188
-137
-56
43
113
176
244
312
338
331
302
291
254
178
88
28
-6
-46
-109
-138
-128
-116
-116
-119
-99
-71
-66
-80
-79
-68
-61
-72
-79
-51
-5
55
110
190
287
386
462
524
562
589
581
543
482
413
341
265
196
153
146
153
166
184
226
279
318
330
331
331
324
297
261
227
200
159
118
79
49
8
-40
-93
-124
-163
-214
-269
-320
-356
-399
-449
-500
-523
-547
-570
-600
-600
-579
-548
-515
-471
-358
-204
-32
92
220
341
482
543
546
506
488
451
372
247
152
94
40
-23
-79
-83
-69
-88
-121
-134
-127
-120
-160
-201
-214
-204
-189
-195
-195
-147
-86
-14
32
92
169
242
260
260
248
250
205
118
27
-28
-78
-132
-192
-207
-188
-173
-172
-159
-123
-86
-81
-93
-82
-62
-50
-57
-59
-28
18
62
110
173
259
341
398
444
491
526
535
510
479
456
422
367
308
267
254
234
203
185
189
207
221
221
230
241
241
233
219
204
191
159
121
87
50
3
-54
-106
-144
-175
-222
-254
-289
-292
-321
-338
-376
-397
-431
-458
-501
-525
-549
-575
-561
-558
-492
-430
-276
-137
63
177
332
424
538
540
533
471
450
381
295
185
123
83
46
-2
-20
-12
-11
-27
-62
-75
-96
-132
-193
-228
-251
-239
-255
-242
-230
-152
-92
-22
6
88
146
202
181
184
180
188
114
43
-21
-32
-78
-135
-176
-158
-138
-136
-140
-105
-46
-17
-14
-7
24
46
45
24
34
59
92
110
146
200
283
351
416
462
522
558
571
539
511
472
427
342
266
212
185
146
110
92
123
155
178
196
223
250
265
260
255
241
214
179
142
110
72
20
-30
-69
-95
-126
-162
-206
-233
-264
-278
-332
-356
-409
-420
-468
-478
-532
-518
-541
-503
-495
-436
-390
-274
-162
-1
127
265
383
488
548
560
547
516
474
388
302
199
133
41
-22
-88
-101
-138
-153
-197
-181
-192
-181
-220
-219
-234
-208
-220
-200
-197
-151
-131
-87
-64
-9
30
67
79
98
120
136
118
80
51
23
-4
-61
-96
-120
-120
-144
-148
-144
-106
-89
-59
-29
34
76
112
135
179
213
238
244
264
287
311
317
331
347
370
374
368
357
357
345
325
288
254
224
199
165
143
138
149
158
168
195
231
257
260
261
269
271
250
210
169
138
106
54
-2
-53
-94
-139
-181
-229
-255
-293
-312
-343
-347
-369
-367
-394
-379
-398
-385
-402
-385
-382
-357
-345
-303
-244
-157
-45
49
181
264
376
422
474
451
461
403
379
270
202
108
50
-42
-100
-174
-179
-215
-231
-243
-232
-214
-194
-194
-166
-143
-126
-113
-124
-111
-111
-104
-107
-97
-95
-54
-47
-1
15
63
82
96
78
90
65
56
8
-16
-29
-38
-60
-54
-32
18
48
78
130
185
233
249
256
272
287
274
256
225
218
201
186
172
175
187
209
216
240
265
299
316
319
320
333
332
318
291
283
283
276
257
248
250
255
241
227
213
198
168
131
100
77
45
4
-36
-62
-87
-116
-156
-181
-204
-207
-223
-225
-224
-205
-197
-180
-172
-160
-157
-173
-189
-216
-227
-273
-284
-325
-297
-283
-194
-137
-17
50
168
227
299
307
332
317
305
248
185
116
54
-4
-69
-109
-143
-151
-173
-165
-169
-143
-147
-126
-134
-113
-128
-117
-146
-143
-168
-153
-169
-148
-148
-93
-64
-12
9
65
108
145
149
159
164
173
161
141
132
115
103
86
94
100
117
114
141
150
177
170
181
169
174
152
155
140
146
133
143
153
178
185
208
234
269
298
320
338
356
365
363
349
327
302
267
229
192
160
130
101
75
66
61
62
50
48
47
59
61
65
64
73
72
68
55
49
37
13
-17
-40
-51
-74
-96
-126
-132
-152
-164
-206
-228
-263
-291
-338
-371
-400
-423
-443
-455
-429
-387
-304
-240
-137
-50
69
138
219
244
295
292
294
247
211
157
110
42
-12
-66
-107
-150
-192
-213
-222
-220
-218
-206
-189
-161
-146
-120
-111
-91
-88
-76
-79
-61
-61
-33
-26
6
25
73
107
153
170
202
215
230
224
215
203
185
160
136
122
109
110
96
106
115
138
148
166
173
190
184
184
174
175
169
169
164
174
182
190
191
199
210
221
227
228
232
230
229
208
195
170
154
133
123
114
116
112
121
131
151
167
184
193
201
199
201
188
176
157
138
110
82
49
17
-24
-69
-109
-140
-163
-197
-228
-250
-253
-274
-283
-313
-309
-331
-333
-363
-362
-380
-368
-373
-360
-345
-302
-242
-166
-94
-26
53
114
173
183
214
216
227
185
158
111
96
34
-15
-69
-76
-100
-122
-159
-154
-141
-123
-123
-118
-102
-85
-78
-78
-71
-61
-49
-53
-37
-21
12
19
44
69
129
158
188
199
239
259
275
260
267
266
261
228
208
199
190
164
136
127
124
116
88
78
76
89
82
80
82
105
109
120
125
146
155
170
167
181
191
201
199
201
207
218
221
215
213
213
211
199
192
183
178
166
155
147
149
144
133
125
125
127
123
109
100
84
71
42
14
-16
-55
-106
-154
-193
-222
-249
-284
-300
-305
-308
-315
-324
-327
-329
-338
-350
-361
-371
-376
-382
-377
-366
-336
-288
-217
-141
-59
16
95
154
195
219
238
233
217
171
133
85
42
-18
-62
-102
-119
-148
-158
-162
-148
-137
-123
-109
-83
-54
-33
-11
10
35
46
53
55
70
84
99
104
122
143
175
191
206
219
237
238
232
217
209
186
156
126
114
98
77
54
48
55
58
54
56
75
94
105
109
119
131
144
150
161
167
177
181
184
183
187
188
186
181
178
173
166
159
154
157
162
163
166
174
177
176
174
180
181
170
149
139
133
121
92
65
45
30
1
-29
-58
-80
-109
-147
-177
-199
-218
-247
-264
-278
-271
-277
-280
-289
-277
-283
-277
-294
-292
-299
-297
-310
-312
-316
-308
-302
-281
-240
-185
-122
-71
-13
43
100
128
159
169
196
185
168
139
129
105
79
45
37
28
19
-3
-12
-9
-3
-7
-14
-5
2
9
5
11
13
21
15
23
31
54
61
76
92
123
144
166
178
205
225
233
225
220
212
196
165
138
122
103
80
59
60
67
70
68
81
102
125
130
140
154
170
170
169
166
176
175
173
171
184
193
201
200
209
215
214
203
185
175
161
135
112
90
78
70
56
53
58
61
62
64
68
74
64
57
44
32
9
-18
-51
-73
-102
-135
-175
-203
-219
-232
-239
-249
-247
-252
-250
-260
-256
-265
-265
-279
-282
-285
-286
-285
-290
-280
-275
-249
-227
-175
-126
-57
0
70
122
176
208
237
247
252
233
202
165
125
92
50
15
-13
-24
-35
-38
-44
-37
-31
-19
-15
-3
3
13
20
31
36
48
55
70
84
102
123
144
156
167
174
177
180
176
162
149
140
132
126
122
123
128
134
137
139
146
156
164
169
174
187
194
195
192
196
197
193
182
179
175
168
154
140
132
128
116
101
93
87
79
67
57
55
55
53
48
52
58
69
72
80
94
110
117
114
113
114
109
88
59
31
3
-33
-74
-108
-137
-160
-192
-204
-216
-213
-218
-205
-200
-180
-176
-164
-168
-164
-173
-174
-192
-205
-222
-232
-235
-240
-233
-229
-199
-176
-123
-82
-17
26
85
119
161
180
201
201
200
178
163
138
115
83
57
36
21
6
-4
-7
-5
-2
-2
4
13
22
24
33
40
49
45
51
51
65
70
79
85
108
126
145
156
169
182
196
201
198
197
192
185
171
164
159
158
149
148
149
157
156
156
152
159
159
156
149
147
141
133
121
109
100
89
78
62
54
46
43
34
36
36
41
43
49
56
67
70
74
75
76
73
69
64
62
59
55
51
48
43
35
24
11
1
-21
-43
-70
-91
-116
-137
-160
-177
-187
-192
-192
-194
-186
-189
-183
-193
-187
-193
-187
-197
-196
-205
-197
-199
-196
-193
-179
-150
-119
-73
-35
20
58
104
128
162
175
193
185
177
158
141
111
77
48
28
13
-1
-14
-19
-16
-13
-1
13
35
53
68
81
96
105
108
107
106
104
107
103
104
101
112
125
141
150
163
170
185
188
195
192
188
178
172
163
158
150
146
147
150
157
163
171
174
176
173
170
160
147
129
115
93
73
49
32
14
4
-5
-2
2
15
26
41
58
76
90
100
109
115
118
118
114
106
95
81
73
65
55
45
37
27
23
17
10
-2
-12
-30
-49
-71
-87
-106
-123
-137
-152
-154
-161
-159
-161
-148
-149
-141
-145
-141
-146
-153
-160
-169
-173
-187
-197
-191
-172
-145
-111
-74
-22
23
67
101
134
166
181
187
186
183
171
147
123
102
87
69
50
35
34
37
38
41
50
64
76
83
91
99
101
97
88
87
89
87
86
87
94
106
118
133
148
165
179
186
190
195
193
185
177
174
169
162
152
150
151
154
149
144
141
137
137
130
129
125
115
104
92
83
70
55
39
30
22
23
21
24
29
42
50
63
73
84
87
88
86
85
78
68
59
50
38
26
21
18
20
17
12
6
3
-6
-19
-37
-53
-70
-85
-106
-126
-143
-157
-170
-183
-192
-195
-196
-198
-197
-190
-187
-179
-186
-180
-189
-176
-179
-159
-143
-111
-74
-35
9
50
102
130
169
173
201
186
193
162
152
114
101
62
45
16
4
-14
-17
-12
-1
15
24
40
60
82
94
103
102
107
102
101
93
93
86
89
79
93
97
115
120
134
139
160
168
183
182
190
186
183
171
159
141
128
114
104
103
100
103
98
103
107
115
110
110
102
101
84
72
56
50
38
33
24
28
27
34
35
45
52
59
66
74
81
82
79
74
69
59
49
35
22
8
-3
-15
-23
-30
-38
-44
-49
-53
-57
-59
-65
-69
-77
-83
-94
-108
-126
-135
-144
-152
-163
-173
-175
-176
-177
-176
-169
-159
-147
-134
-116
-99
-77
-59
-35
-8
17
38
53
65
78
79
81
72
70
58
52
38
36
25
29
23
25
20
25
28
32
34
42
49
59
62
64
71
80
86
92
99
108
117
120
128
130
137
136
139
139
142
141
142
138
135
131
131
126
120
114
112
107
107
105
104
101
96
93
91
92
88
91
92
99
98
104
100
103
99
102
97
94
85
73
64
57
48
37
31
27
26
23
26
23
25
23
23
20
16
6
-4
-16
-28
-44
-60
-70
-74
-73
-68
-66
-59
-56
-51
-56
-59
-70
-75
-91
-101
-126
-140
-162
-176
-194
-199
-212
-209
-207
-191
-179
-158
-138
-118
-98
-71
-44
-21
-2
15
30
46
55
57
55
50
48
41
36
26
24
19
18
20
20
18
18
18
24
23
29
33
41
45
53
63
77
91
102
109
117
121
124
121
118
116
113
111
106
101
96
92
85
82
80
85
90
93
98
101
111
115
117
117
120
124
126
126
122
119
116
114
109
104
97
92
87
82
77
71
63
55
49
46
42
36
31
30
26
24
17
13
10
7
1
-5
-13
-16
-29
-38
-46
-47
-49
-47
-48
-51
-58
-64
-74
-80
-88
-94
-106
-112
-119
-122
-125
-130
-131
-136
-137
-146
-145
-152
-146
-149
-146
-147
-134
-129
-115
-109
-92
-74
-57
-42
-30
-16
-7
8
14
23
22
25
19
19
13
11
3
-1
-5
-5
-7
-4
1
10
13
18
23
33
42
51
54
58
60
62
59
59
62
66
73
80
92
97
113
115
124
126
132
129
130
126
127
122
120
115
114
117
120
123
126
132
139
145
148
147
144
139
130
119
108
98
83
72
63
59
55
51
51
54
60
61
62
64
61
57
47
38
28
17
0
-12
-20
-25
-31
-36
-39
-43
-39
-42
-42
-47
-47
-54
-59
-67
-74
-79
-83
-88
-98
-105
-110
-114
-116
-114
-111
-104
-102
-99
-98
-95
-96
-99
-104
-107
-105
-101
-98
-91
-89
-78
-72
-59
-49
-29
-16
0
7
18
24
29
25
22
18
14
9
3
2
4
7
10
13
21
33
43
47
48
52
60
64
68
66
66
70
72
76
80
86
90
94
98
104
112
119
120
123
126
129
128
129
132
134
134
136
136
139
137
138
139
137
133
131
129
129
124
121
114
106
98
89
81
77
68
58
50
46
44
42
36
32
31
29
26
22
17
12
7
-1
-9
-15
-20
-27
-33
-40
-45
-51
-57
-64
-65
-66
-69
-68
-73
-74
-77
-78
-84
-82
-85
-86
-89
-87
-91
-94
-102
-105
-110
-109
-114
-113
-114
-112
-113
-108
-105
-98
-93
-84
-77
-69
-63
-59
-50
-43
-36
-30
-25
-20
-13
-5
3
5
6
5
11
15
21
22
26
30
36
35
39
39
45
44
48
51
56
60
64
70
73
77
79
80
81
82
84
89
93
99
102
106
109
116
120
128
134
137
141
144
149
151
149
144
138
133
129
124
118
111
104
100
92
85
77
68
59
51
41
36
28
21
17
14
9
8
5
4
5
6
5
3
-2
-8
-13
-21
-29
-38
-44
-51
-50
-53
-53
-59
-61
-66
-67
-73
-75
-81
-82
-83
-82
-81
-77
-73
-69
-69
-69
-68
-69
-74
-80
-85
-87
-89
-93
-100
-99
-98
-95
-92
-88
-83
-75
-70
-65
-61
-53
-49
-41
-38
-32
-29
-22
-15
-4
2
11
15
22
27
34
34
35
35
37
38
37
36
38
39
40
42
41
47
51
54
56
65
72
77
77
83
86
95
99
106
108
117
118
122
124
130
134
136
138
140
141
142
139
137
136
133
126
120
112
105
101
91
79
68
59
50
41
35
34
32
30
28
32
31
31
27
23
15
8
0
-10
-15
-22
-25
-35
-37
-43
-42
-44
-45
-53
-55
-58
-56
-56
-52
-50
-50
-53
-58
-58
-58
-60
-64
-66
-66
-65
-67
-68
-69
-69
-71
-73
-77
-78
-82
-84
-90
-91
-92
-92
-94
-94
-96
-96
-92
-85
-78
-67
-55
-42
-29
-19
-9
-2
5
9
14
17
22
24
27
24
28
31
36
39
47
52
58
60
62
64
67
69
70
69
71
73
76
76
77
80
83
88
93
97
99
101
102
107
110
111
111
114
115
113
109
106
104
102
98
95
89
88
85
83
83
77
71
65
59
52
43
31
20
12
2
-5
-10
-14
-19
-20
-21
-23
-24
-25
-27
-30
-33
-36
-40
-42
-47
-53
-58
-58
-59
-60
-60
-60
-59
-57
-59
-60
-59
-59
-61
-64
-67
-69
-71
-71
-70
-68
-66
-69
-69
-71
-65
-63
-62
-65
-68
-68
-68
-72
-74
-76
-75
-73
-71
-67
-61
-57
-54
-48
-39
-32
-27
-26
-17
-6
4
8
14
18
29
36
42
45
47
50
51
54
55
53
53
54
58
62
64
69
71
74
75
77
77
77
79
78
77
77
78
79
82
85
90
94
95
98
100
100
102
99
97
95
93
87
83
77
77
76
71
67
64
58
53
48
42
35
27
17
8
-1
-7
-8
-11
-10
-12
-12
-13
-12
-14
-16
-21
-24
-28
-30
-34
-36
-42
-48
-50
-50
-50
-49
-49
-51
-51
-49
-46
-43
-40
-41
-41
-47
-48
-50
-53
-58
-61
-63
-62
-61
-60
-56
-49
-48
-44
-43
-43
-43
-42
-47
-48
-51
-54
-57
-57
-55
-51
-47
-39
-33
-25
-19
-11
-3
4
10
15
19
24
29
33
36
37
41
43
43
45
47
49
53
57
61
66
69
70
73
72
73
73
75
75
77
73
72
69
70
69
69
71
72
75
77
76
77
76
78
77
75
69
65
62
61
54
49
45
41
37
29
25
23
22
18
13
11
11
8
4
-3
-5
-10
-19
-26
-27
-29
-32
-36
-38
-38
-37
-36
-34
-36
-35
-35
-35
-36
-36
-37
-38
-40
-40
-41
-44
-46
-46
-48
-48
-50
-50
-50
-47
-46
-43
-41
-38
-37
-38
-38
-42
-43
-46
-48
-49
-47
-46
-44
-42
-41
-39
-38
-37
-37
-33
-29
-27
-22
-18
-13
-8
-5
-1
4
11
14
17
21
28
31
35
35
35
39
39
40
40
44
49
51
52
51
53
57
59
60
62
63
62
60
58
58
57
58
59
61
61
61
61
59
57
56
53
51
49
49
46
45
38
34
30
30
28
29
28
28
28
25
20
16
11
7
5
2
-1
-8
-12
-13
-12
-15
-20
-23
-22
-22
-26
-30
-33
-33
-33
-35
-37
-38
-39
-38
-36
-32
-29
-26
-26
-24
-21
-17
-18
-21
-25
-27
-27
-26
-30
-32
-35
-33
-32
-30
-27
-27
-27
-26
-27
-28
-26
-26
-27
-33
-33
-34
-33
-31
-29
-27
-22
-15
-9
-5
-1
2
9
13
16
18
20
22
22
22
23
26
28
28
30
32
37
40
39
38
38
37
37
36
36
41
45
47
49
50
51
52
52
54
54
52
51
51
49
47
45
40
40
41
41
41
41
42
43
41
38
37
37
34
31
29
28
26
25
23
23
25
25
24
19
18
14
12
9
8
7
6
3
1
-2
-4
-6
-9
-11
-14
-14
-15
-17
-18
-19
-19
-17
-14
-12
-11
-12
-10
-9
-5
-3
0
1
4
5
5
6
6
6
2
-1
-6
-8
-8
-8
-10
-8
-9
-5
-1
1
2
2
2
3
3
5
6
9
12
15
19
19
20
20
21
22
25
29
31
33
35
37
40
39
37
36
36
40
38
39
38
38
39
43
46
49
52
55
55
55
55
55
57
59
60
61
59
58
59
58
56
57
55
56
56
55
54
52
50
49
48
48
45
45
44
44
45
44
46
45
46
46
46
46
43
42
40
36
30
26
24
21
18
16
12
12
12
10
11
10
11
10
11
11
9
9
7
5
5
6
11
11
10
8
5
4
4
3
1
0
-1
0
3
4
5
5
7
8
8
10
11
9
6
6
7
8
7
8
8
9
10
9
8
10
12
13
11
11
12
13
17
17
14
16
18
23
28
31
34
34
33
35
35
37
36
34
31
31
30
32
33
34
37
38
40
41
41
43
44
43
44
44
45
46
46
45
45
47
48
48
51
51
52
53
51
50
49
50
50
49
48
47
42
39
38
35
34
32
31
32
35
36
36
34
34
34
34
29
24
20
19
18
16
13
10
8
6
6
4
2
2
3
5
4
2
1
-1
-2
-3
-4
-5
-5
-4
-4
-7
-11
-11
-11
-9
-11
-15
-18
-17
-17
-14
-11
-9
-8
-8
-5
-2
1
2
1
0
1
4
8
9
9
11
10
8
6
5
6
10
12
13
14
14
18
18
18
20
18
14
13
13
16
18
20
19
19
22
23
20
19
18
20
24
27
27
27
28
31
34
35
36
36
36
37
36
36
32
31
29
29
29
30
29
31
30
29
26
26
22
20
18
18
18
18
18
18
18
15
13
9
8
8
8
7
6
3
1
3
3
1
-2
-4
-4
-6
-7
-7
-7
-10
-14
-18
-19
-18
-21
-22
-23
-22
-19
-17
-17
-14
-14
-15
-18
-21
-21
-22
-24
-27
-28
-28
-28
-27
-29
-29
-28
-28
-27
-25
-21
-20
-20
-16
-15
-11
-9
-6
-4
-4
-2
-1
-1
1
1
0
0
2
2
0
-2
-1
3
5
9
10
10
11
12
13
14
12
10
11
12
10
10
9
12
13
11
13
14
17
18
19
19
19
20
21
23
24
23
17
16
16
16
14
11
8
7
9
12
13
12
12
16
18
19
21
21
21
18
15
15
15
17
13
10
3
-2
-5
-7
-8
-9
-11
-15
-16
-17
-18
-16
-17
-17
-17
-18
-16
-18
-17
-17
-17
-18
-19
-20
-21
-23
-24
-26
-28
-30
-30
-30
-31
-34
-36
-35
-33
-34
-36
-35
-35
-35
-31
-28
-26
-25
-25
-22
-17
-14
-12
-10
-9
-5
-5
-5
-5
-6
-4
-2
-3
-5
-5
-4
-2
0
1
3
2
4
5
6
5
8
9
8
9
10
13
15
16
16
14
14
14
12
10
8
9
9
8
6
5
5
4
4
4
3
4
2
1
1
2
4
5
7
9
10
12
13
13
12
9
8
11
13
10
8
6
5
2
1
-3
-1
1
2
0
0
-2
-3
-5
-9
-12
-15
-18
-20
-23
-22
-21
-20
-19
-18
-15
-14
-13
-12
-13
-14
-13
-13
-13
-15
-16
-18
-20
-22
-21
-24
-23
-23
-23
-21
-22
-22
-21
-16
-14
-13
-11
-9
-6
-5
-1
1
2
2
1
1
1
1
4
3
3
4
7
8
8
10
11
10
11
13
13
14
13
13
17
21
24
25
24
25
30
31
34
35
33
37
38
37
35
34
34
29
26
22
21
23
23
23
18
18
20
21
19
18
19
19
19
21
20
22
23
23
23
25
26
29
31
32
31
30
26
26
24
20
17
11
10
13
14
15
14
13
14
12
9
6
7
9
9
6
6
5
3
3
2
1
0
0
0
0
0
1
1
2
1
1
1
2
0
-1
-1
-1
2
1
2
-1
-2
0
3
4
6
7
10
13
17
20
22
24
22
22
22
24
25
24
22
20
19
19
19
16
12
10
11
10
10
9
8
9
12
14
13
14
17
18
19
19
20
20
22
24
25
25
24
22
22
20
20
21
20
20
21
19
17
16
16
15
13
11
7
5
3
3
5
6
4
3
4
5
7
9
9
9
10
12
11
9
7
6
6
3
2
0
0
1
-2
-4
-6
-8
-8
-8
-7
-5
-1
-1
0
0
-3
-5
-4
-2
-2
-4
-6
-9
-9
-9
-12
-15
-15
-15
-15
-16
-18
-16
-14
-13
-15
-17
-18
-17
-18
-17
-14
-11
-9
-7
-6
-6
-5
-5
-3
-2
-1
0
-2
-3
-2
-1
0
-2
-2
-2
-1
2
3
1
-2
-5
-4
-4
-2
-2
-3
-4
-6
-6
-4
-2
0
1
1
2
3
4
6
10
13
16
16
16
16
15
14
11
6
2
1
0
-1
-1
-2
-3
-1
1
3
4
5
5
2
1
0
-1
0
0
-3
-5
-7
-9
-10
-9
-7
-7
-8
-9
-11
-11
-10
-7
-6
-9
-12
-16
-14
-13
-12
-12
-12
-11
-10
-10
-11
-13
-12
-11
-10
-12
-12
-12
-15
-16
-18
-18
-17
-16
-14
-16
-20
-20
-18
-18
-20
-20
-19
-16
-16
-17
-16
-13
-10
-8
-6
-5
-3
-2
-3
-5
-5
-5
-4
-7
-10
-13
-14
-13
-12
-11
-10
-9
-10
-8
-8
-6
-3
-3
-2
-1
-1
-3
-4
-4
-2
-1
0
-1
-2
-3
-3
-4
-4
-4
-3
-3
-3
-5
-7
-5
-1
1
-1
-2
-2
-1
1
1
0
0
0
2
3
3
4
5
6
6
4
1
-1
-3
-5
-6
-7
-7
-7
-7
-6
-6
-8
-8
-7
-9
-11
-12
-14
-12
-10
-10
-8
-9
-8
-8
-7
-7
-8
-7
-8
-10
-11
-12
-14
-15
-18
-20
-21
-21
-21
-23
-24
-25
-23
-21
-19
-21
-24
-25
-26
-25
-24
-22
-19
-16
-14
-12
-14
-15
-15
-13
-13
-15
-19
-21
-19
-18
-17
-17
-17
-17
-16
-14
-13
-12
-12
-13
-14
-17
-19
-17
-14
-12
-11
-11
-9
-5
-3
-2
-4
-3
-3
-7
-9
-9
-7
-3
-4
-5
-6
-5
-7
-8
-10
-11
-11
-10
-10
-8
-8
-7
-6
-5
-7
-8
-8
-6
-2
0
1
1
0
-2
-1
-2
-2
-4
-7
-7
-8
-9
-7
-6
-5
-6
-7
-6
-9
-9
-9
-10
-9
-7
-5
-7
-8
-7
-7
-5
-3
-6
-7
-7
-9
-11
-9
-8
-8
-11
-14
-13
-13
-15
-16
-16
-17
-16
-18
-17
-15
-15
-14
-13
-12
-11
-10
-11
-12
-11
-11
-10
-11
-11
-10
-10
-8
-7
-5
-6
-5
-6
-9
-10
-11
-11
-11
-10
-10
-11
-12
-10
-7
-7
-7
-9
-7
-5
-3
-3
-3
-3
-3
1
2
0
-1
-2
-2
0
2
4
7
5
2
0
1
2
5
7
6
5
5
4
5
4
3
4
6
7
7
7
8
9
9
6
3
1
4
6
5
5
2
2
0
-1
-2
-3
-3
-3
-4
-6
-4
-5
-6
-5
-6
-3
-4
-5
-6
-3
-3
-2
-3
-3
-2
-2
-2
-5
-6
-7
-6
-8
-9
-10
-12
-12
-11
-11
-11
-11
-10
-10
-11
-16
-19
-21
-21
-19
-20
-19
-20
-21
-22
-22
-21
-18
-17
-17
-15
-14
-16
-16
-17
-13
-12
-13
-13
-12
-12
-12
-12
-12
-12
-12
-12
-12
-13
-14
-13
-11
-9
-8
-9
-9
-8
-6
-6
-7
-7
-8
-10
-9
-9
-7
-7
-6
-8
-6
-4
-2
-3
-2
0
0
-1
0
1
0
1
-1
-4
-4
-3
-3
-2
-5
-5
-3
-5
-2
0
0
0
1
3
2
0
-2
-3
-5
-7
-8
-10
-10
-9
-10
-10
-8
-8
-9
-9
-12
-12
-10
-9
-10
-13
-13
-12
-10
-9
-12
-13
-12
-11
-11
-12
-15
-17
-19
-17
-19
-17
-18
-19
-21
-20
-19
-19
-16
-15
-14
-16
-16
-16
-15
-16
-18
-19
-18
-15
-16
-16
-17
-17
-12
-10
-14
-14
-11
-7
-6
-5
-7
-7
-5
-8
-9
-9
-8
-7
-8
-9
-9
-7
-5
-6
-6
-5
-4
-3
-5
-7
-7
-7
-6
-6
-8
-8
-8
-4
-4
-5
-5
-2
-2
-2
-2
-2
0
1
2
4
6
7
8
5
4
5
6
6
6
7
7
7
7
4
5
4
3
4
2
2
0
-1
-1
0
-1
1
1
0
-1
-3
-3
-4
-5
-4
-3
-4
-7
-8
-8
-9
-10
-11
-9
-7
-7
-6
-9
-8
-6
-4
-5
-5
-7
-6
-6
-5
-4
-4
-3
-5
-6
-8
-8
-7
-7
-5
-5
-5
-5
-5
-5
-6
-5
-3
-5
-6
-10
-11
-12
-13
-12
-12
-10
-9
-8
-9
-9
-7
-6
-7
-8
-7
-7
-5
-2
-2
-3
-4
-5
-5
-1
0
0
0
1
0
-1
-1
2
2
0
-5
-6
-5
-2
3
4
3
3
4
4
3
3
3
4
6
3
1
1
2
2
2
2
3
4
2
2
1
1
3
4
5
9
10
8
7
5
4
4
5
2
1
1
3
5
5
6
5
2
3
4
6
5
2
0
1
3
5
7
5
5
5
5
4
1
2
1
0
2
3
2
0
-1
-3
-4
-3
-4
-3
-1
-2
-2
-2
1
0
0
2
2
1
1
0
0
0
-1
-1
-3
-5
-6
-3
-3
-3
-3
-2
-1
1
1
0
-1
-1
0
0
-1
0
2
4
7
9
10
11
13
11
9
8
7
6
7
6
5
5
5
7
9
8
8
8
7
9
10
10
11
12
14
17
17
17
19
19
18
18
17
19
19
17
15
16
14
14
13
14
17
18
18
16
16
15
16
18
17
16
15
15
17
17
17
15
12
12
14
16
14
12
10
10
12
11
11
9
5
5
7
7
7
9
7
7
7
7
9
8
8
8
6
7
7
8
7
7
6
7
6
5
6
5
5
6
4
5
6
4
3
4
4
3
2
2
4
5
4
2
0
0
1
2
3
5
6
4
7
7
7
10
9
6
5
3
3
3
4
5
6
5
4
4
6
8
14
14
14
13
11
9
8
7
9
14
16
17
17
17
16
16
15
13
11
10
11
12
11
9
9
11
13
13
11
10
10
9
9
9
9
12
11
11
8
7
6
7
7
6
6
5
6
8
7
7
5
3
2
1
1
1
0
1
0
-1
-2
-2
-3
-3
-3
-3
-3
-5
-7
-7
-8
-7
-6
-7
-7
-6
-10
-13
-15
-14
-13
-13
-12
-13
-14
-14
-12
-13
-14
-14
-16
-16
-16
-18
-19
-17
-15
-14
-14
-14
-13
-14
-16
-17
-16
-16
-15
-17
-19
-19
-17
-16
-14
-14
-16
-16
-15
-15
-15
-12
-11
-12
-11
-13
-13
-13
-11
-9
-9
-8
-7
-6
-7
-7
-7
-5
-3
-3
-2
-3
-4
-3
-3
-2
1
2
2
-1
-3
-4
-2
0
-1
-2
-3
-3
0
1
0
-1
-2
-1
1
0
-2
-2
-2
-3
-4
-6
-7
-6
-5
-7
-8
-9
-9
-8
-9
-11
-12
-12
-11
-11
-10
-9
-10
-12
-15
-15
-13
-13
-13
-15
-15
-14
-14
-16
-17
-18
-18
-17
-16
-17
-18
-19
-20
-20
-20
-21
-22
-19
-18
-17
-19
-15
-14
-13
-14
-17
-19
-20
-20
-18
-18
-18
-17
-15
-13
-14
-14
-16
-17
-17
-16
-14
-13
-14
-14
-16
-13
-10
-10
-9
-9
-9
-6
-4
-4
-5
-6
-5
-2
-1
0
-1
-1
-1
-1
-1
-2
-3
-3
-5
-5
-4
-2
0
3
4
4
3
2
1
-1
-3
-7
-8
-6
-3
-3
-2
-2
0
0
-2
-5
-7
-5
-3
-4
-6
-7
-8
-6
-7
-8
-9
-10
-8
-9
-11
-9
-10
-9
-10
-9
-10
-11
-13
-14
-14
-15
-15
-16
-16
-17
-14
-15
-17
-19
-21
-22
-20
-19
-19
-19
-18
-17
-16
-16
-16
-19
-18
-17
-16
-17
-17
-17
-18
-18
-19
-17
-18
-16
-14
-13
-14
-14
-15
-14
-13
-11
-9
-9
-9
-11
-12
-12
-8
-7
-6
-6
-8
-7
-7
-6
-6
-6
-6
-4
-3
-4
-5
-4
-4
-1
0
-2
-3
-4
-2
1
2
1
1
2
4
6
5
4
5
6
6
6
4
3
6
10
11
7
7
7
8
7
5
3
4
8
9
7
7
7
5
4
5
7
9
9
7
8
8
9
9
7
5
5
4
3
5
4
2
1
3
3
2
1
-1
-3
-3
-2
-4
-2
-2
0
2
3
1
1
1
3
4
3
1
0
1
2
2
3
3
5
7
7
4
2
3
4
6
8
6
6
7
10
10
12
13
13
12
11
13
14
13
11
11
10
10
9
7
11
15
14
11
7
10
13
15
13
12
13
16
18
19
17
16
18
20
23
22
22
21
22
23
22
19
18
18
18
18
19
18
17
17
19
20
20
22
22
20
21
21
20
18
17
16
17
18
19
20
19
17
15
15
14
13
10
9
8
9
7
6
6
8
12
11
12
10
8
10
11
8
8
5
5
5
4
3
2
0
-1
-2
-1
0
1
1
0
2
3
3
1
1
2
2
2
-1
-3
-4
-4
-2
-3
-2
1
1
1
0
-1
0
2
1
0
-1
0
1
-1
-2
-4
-4
0
0
-1
-1
-2
-1
1
-1
-2
-3
-3
-2
-2
-3
-2
-2
-3
-5
-5
-4
-2
-2
-3
-5
-5
-3
-3
-3
-5
-6
-5
-5
-3
-6
-6
-6
-4
-4
-4
-4
-3
-1
1
-1
-3
-4
-6
-5
-7
-10
-9
-10
-13
-13
-11
-11
-11
-14
-15
-13
-12
-11
-15
-16
-16
-14
-14
-16
-18
-18
-18
-17
-17
-19
-16
-16
-16
-19
-18
-16
-17
-18
-17
-15
-15
-16
-16
-15
-16
-17
-18
-19
-18
-16
-16
-17
-19
-17
-15
-14
-16
-17
-17
-17
-18
-18
-17
-16
-14
-13
-13
-14
-13
-13
-12
-12
-11
-13
-14
-15
-14
-15
-14
-14
-12
-14
-12
-12
-11
-10
-11
-11
-14
-14
-11
-11
-9
-10
-11
-10
-11
-13
-15
-15
-12
-10
-10
-11
-12
-12
-14
-12
-10
-9
-7
-8
-8
-9
-8
-7
-8
-9
-10
-8
-7
-8
-7
-7
-5
-3
-3
-1
-1
-4
-6
-7
-8
-7
-5
-5
-6
-7
-10
-11
-10
-11
-10
-9
-9
-11
-12
-14
-11
-10
-7
-7
-10
-11
-13
-12
-11
-8
-9
-11
-11
-9
-9
-11
-10
-11
-10
-9
-8
-8
-10
-11
-10
-10
-11
-11
-11
-7
-6
-7
-7
-7
-7
-7
-9
-11
-12
-11
-10
-11
-10
-10
-6
-6
-3
-3
-5
-8
-8
-7
-7
-7
-8
-10
-10
-9
-9
-8
-10
-9
-7
-8
-5
-4
-4
-5
-5
-6
-5
-4
-4
-4
-5
-5
-3
-1
-1
-3
-5
-7
-6
-5
-6
-7
-7
-6
-5
-4
-3
-5
-6
-6
-7
-7
-7
-7
-5
-4
-3
-4
-5
-8
-8
-8
-7
-7
-5
-5
-5
-7
-8
-9
-7
-6
-6
-5
-6
-7
-7
-5
-3
-1
-3
-4
-3
-3
-2
-3
-3
-4
-2
-2
-3
-6
-7
-9
-9
-7
-6
-6
-5
-4
-4
-4
-6
-7
-6
-5
-6
-5
-5
-4
-2
-2
-4
-2
0
1
1
0
1
3
4
5
2
0
0
2
5
5
6
5
6
6
7
8
7
6
7
5
8
8
8
9
7
7
8
10
12
11
8
6
8
8
9
8
8
9
11
11
10
9
6
7
9
9
8
7
7
9
13
11
9
9
8
9
10
9
8
9
10
10
10
10
10
8
5
4
3
4
4
4
5
6
6
6
6
7
8
7
6
7
6
6
8
9
9
8
8
8
9
5
4
6
5
6
5
4
4
6
6
6
6
3
5
6
7
6
4
5
6
7
8
7
8
10
12
11
11
10
9
10
9
9
10
9
10
9
8
9
10
12
14
15
13
13
13
10
10
9
11
11
11
10
10
11
10
11
10
11
16
13
13
13
13
12
10
8
10
13
13
11
8
7
5
6
6
8
10
10
11
9
11
11
10
6
5
5
6
7
6
4
3
3
3
6
8
7
6
4
3
4
4
2
4
2
3
3
2
0
1
1
1
1
2
4
4
2
1
3
4
2
1
1
1
1
0
0
1
0
-1
-4
-3
-1
2
-1
-3
-6
-5
-2
-2
-3
-5
-7
-7
-7
-8
-7
-6
-6
-3
-3
-4
-6
-8
-9
-10
-7
-8
-8
-5
-6
-9
-9
-10
-11
-9
-8
-7
-7
-7
-7
-7
-5
-4
-5
-6
-7
-8
-7
-7
-7
-6
-5
-8
-8
-7
-8
-6
-7
-7
-8
-5
-3
-5
-9
-9
-8
-5
-6
-8
-9
-8
-7
-5
-7
-7
-8
-11
-12
-10
-9
-10
-11
-11
-11
-9
-12
-15
-14
-13
-10
-9
-10
-11
-13
-11
-10
-11
-14
-13
-11
-11
-11
-13
-14
-13
-12
-11
-12
-12
-12
-12
-13
-14
-15
-15
-13
-13
-11
-11
-12
-13
-13
-11
-11
-11
-10
-9
-9
-9
-11
-14
-14
-12
-11
-10
-9
-9
-10
-11
-11
-10
-8
-5
-7
-9
-11
-11
-12
-11
-13
-16
-17
-17
-14
-13
-13
-14
-13
-10
-10
-9
-9
-8
-10
-11
-10
-13
-14
-13
-12
-9
-8
-10
-10
-9
-9
-9
-9
-9
-9
-7
-9
-12
-11
-11
-10
-9
-8
-7
-7
-8
-9
-11
-10
-10
-11
-12
-13
-14
-15
-15
-15
-13
-14
-17
-15
-16
-16
-15
-18
-18
-18
-16
-16
-16
-15
-15
-14
-15
-15
-17
-18
-18
-17
-18
-19
-18
-20
-21
-20
-19
-17
-14
-15
-18
-20
-19
-17
-15
-14
-11
-9
-9
-10
-12
-11
-9
-9
-11
-13
-14
-12
-10
-9
-10
-12
-14
-15
-14
-12
-11
-10
-9
-8
-10
-10
-9
-9
-9
-9
-10
-9
-9
-9
-9
-8
-6
-7
-6
-8
-10
-10
-8
-8
-8
-7
-6
-7
-9
-11
-9
-6
-3
-4
-6
-7
-7
-6
-5
-5
-5
-6
-8
-7
-5
-4
-4
-5
-5
-4
-3
-2
-3
-5
-6
-6
-4
-6
-6
-6
-5
-1
1
2
-2
-3
-2
-1
1
-1
-3
-5
-8
-8
-7
-6
-2
-1
-2
-3
-4
-3
-3
-5
-6
-6
-4
-1
2
2
-2
-3
-5
-3
-2
-2
-1
0
1
2
4
6
6
5
5
5
5
5
5
5
6
6
7
7
8
9
11
10
9
11
13
12
10
9
10
14
17
15
13
12
10
9
10
11
11
11
11
11
11
11
11
10
11
12
13
14
16
13
14
13
13
13
14
14
12
11
12
12
12
12
12
11
9
8
7
7
8
7
6
6
6
6
4
4
6
7
8
9
6
3
4
5
5
5
5
7
7
7
9
7
5
4
4
5
6
6
5
6
7
7
6
6
7
7
8
9
9
9
9
10
9
10
12
11
10
7
7
6
6
8
8
9
7
8
6
6
5
5
9
11
12
12
8
6
4
6
5
3
4
3
3
2
3
4
6
6
7
6
4
3
2
3
3
5
6
7
6
3
2
4
4
3
2
4
7
10
7
4
2
2
5
4
4
4
5
4
1
-1
0
2
2
0
-1
-2
0
-1
-3
-5
-6
-4
-4
-4
-4
-3
-1
1
-1
-3
-4
-3
-3
-2
-2
-4
-4
-1
1
0
-3
-4
-4
-3
-2
-4
-4
-3
-2
-3
-3
-2
-1
-2
-4
-6
-7
-5
-1
1
1
1
-2
-4
-3
-3
-2
-2
-4
-4
-1
0
0
-2
-4
-5
-2
-3
-6
-7
-8
-7
-5
-5
-3
-3
-1
-1
-1
-1
-3
-2
0
-1
-1
0
-1
-2
-1
-3
-3
-2
1
2
1
-1
-2
-2
-3
-3
-5
-5
-5
-3
-1
0
1
-1
0
0
-2
-3
-2
-1
-3
-4
-4
-3
-3
-4
-5
-5
-4
-5
-7
-9
-9
-8
-10
-12
-12
-9
-7
-6
-8
-9
-9
-6
-6
-6
-5
-5
-6
-7
-8
-8
-10
-11
-13
-13
-11
-8
-9
-12
-10
-8
-6
-8
-11
-12
-12
-10
-9
-7
-6
-7
-7
-5
-4
-6
-8
-11
-10
-6
-3
0
1
-1
-1
-2
-3
-2
-2
-3
-2
-2
-1
-1
-2
-3
-2
-3
-1
0
2
2
0
0
-1
-1
-2
-1
-3
-4
-5
-3
-5
-3
-3
-2
-1
-1
-3
-5
-6
-7
-8
-10
-9
-6
-5
-6
-9
-12
-12
-12
-12
-11
-10
-6
-6
-8
-10
-10
-11
-10
-11
-11
-10
-10
-10
-11
-15
-16
-17
-17
-16
-14
-14
-13
-12
-13
-13
-14
-16
-16
-16
-16
-16
-15
-14
-17
-16
-15
-15
-13
-14
-16
-16
-19
-17
-16
-17
-17
-16
-17
-16
-13
-14
-15
-15
-15
-15
-13
-13
-13
-14
-13
-12
-10
-11
-12
-12
-11
-11
-11
-15
-15
-11
-10
-11
-13
-12
-12
-11
-12
-11
-9
-9
-8
-8
-6
-7
-8
-8
-8
-9
-10
-11
-11
-11
-11
-12
-13
-13
-11
-9
-7
-5
-6
-6
-6
-6
-8
-9
-9
-9
-7
-6
-8
-11
-12
-11
-9
-9
-6
-7
-10
-10
-10
-9
-9
-11
-12
-12
-10
-9
-10
-13
-13
-13
-13
-10
-9
-8
-10
-9
-10
-11
-12
-12
-13
-12
-13
-12
-10
-13
-15
-14
-14
-13
-9
-9
-9
-9
-9
-10
-11
-11
-12
-11
-10
-9
-10
-10
-12
-12
-10
-9
-11
-13
-11
-8
-7
-7
-8
-9
-6
-3
-4
-6
-7
-5
-4
-1
-2
-2
-1
2
4
5
1
-1
-1
0
1
2
2
1
4
4
7
6
6
4
5
8
10
10
9
8
6
6
7
10
12
11
10
9
11
11
9
8
8
9
12
10
10
9
8
9
10
10
10
11
10
9
10
8
7
7
6
7
8
9
9
9
8
5
2
4
6
4
3
2
4
6
8
6
5
5
8
9
7
7
5
4
3
4
3
5
9
8
6
5
5
6
5
3
3
5
9
11
10
8
8
8
6
6
5
5
5
7
7
7
4
2
4
5
8
8
7
5
5
5
7
4
3
4
5
7
11
12
11
9
7
8
9
9
9
7
5
6
7
10
10
9
8
8
10
12
11
11
11
11
9
9
8
8
9
10
9
9
9
7
7
5
6
7
6
6
5
4
5
4
3
3
2
2
1
2
2
1
-2
0
1
1
3
2
2
0
1
-1
-3
-5
-2
-1
1
-3
-6
-3
-2
-2
-2
-1
-4
-5
-6
-6
-4
-4
-5
-6
-7
-8
-8
-6
-7
-6
-8
-9
-7
-6
-4
-5
-5
-6
-5
-4
-3
-5
-6
-5
-2
-1
1
1
0
0
0
-1
-2
-3
-4
-2
1
3
4
3
2
2
3
4
2
2
3
2
1
-2
-2
0
1
0
-2
-2
-2
-1
0
-1
2
4
5
4
3
0
-1
0
1
2
3
3
2
2
5
5
7
6
3
2
3
2
3
3
0
1
1
2
1
1
0
-1
-3
-2
0
2
2
1
-1
-1
-2
-3
-3
-3
-3
-3
-1
-2
-1
-5
-7
-8
-7
-6
-7
-9
-8
-8
-5
-5
-4
-6
-7
-9
-11
-10
-12
-11
-9
-11
-11
-13
-14
-16
-13
-11
-11
-12
-13
-14
-14
-13
-13
-10
-9
-7
-6
-7
-6
-7
-9
-9
-8
-7
-7
-9
-10
-8
-7
-6
-7
-9
-9
-8
-8
-6
-6
-6
-6
-4
-4
-2
-4
-7
-8
-6
-4
-5
-4
-7
-8
-8
-8
-10
-11
-13
-12
-10
-8
-8
-8
-9
-9
-11
-11
-11
-9
-8
-10
-12
-12
-12
-13
-13
-12
-10
-9
-11
-12
-14
-16
-15
-13
-11
-12
-13
-14
-14
-13
-14
-14
-13
-11
-12
-14
-16
-15
-13
-12
-15
-17
-17
-17
-16
-18
-20
-20
-17
-17
-16
-16
-18
-20
-21
-20
-17
-17
-17
-16
-14
-14
-14
-16
-16
-14
-14
-13
-14
-13
-14
-14
-13
-14
-12
-9
-9
-9
-12
-13
-11
-9
-8
-9
-10
-10
-11
-11
-10
-9
-8
-6
-9
-11
-12
-12
-10
-7
-8
-9
-10
-10
-11
-11
-9
-8
-9
-10
-7
-6
-6
-6
-8
-10
-11
-11
-8
-6
-6
-7
-7
-9
-8
-9
-8
-8
-7
-6
-4
-3
-2
-3
-5
-3
-4
-2
-2
-2
-2
-2
-3
-2
-2
-3
-4
-5
-7
-7
-6
-6
-5
-6
-6
-4
-3
-1
-2
-3
-2
-1
-2
-3
-5
-6
-5
-5
-4
-5
-5
-4
-4
-5
-2
1
1
2
0
0
-1
-2
-3
-1
0
-1
0
-1
0
2
3
4
3
2
1
1
2
4
1
-2
-3
-1
1
-1
-2
-3
-2
-1
0
2
2
0
0
1
2
3
1
-1
1
2
3
3
3
3
5
7
6
4
3
4
6
7
7
6
6
4
6
6
5
5
5
8
8
7
6
5
6
6
6
5
2
1
1
1
0
2
2
2
2
0
0
0
1
1
1
-1
-3
-2
1
-1
1
1
0
-1
-1
-1
0
1
1
0
1
-1
-3
-3
-3
-3
-3
0
1
1
0
-2
-1
0
-1
-4
-4
-5
-8
-7
-3
-1
-3
-2
-4
-3
-4
-4
-4
-4
-1
-2
0
3
2
1
-1
-1
1
2
4
2
2
1
1
4
5
5
3
1
2
4
5
5
3
5
7
7
5
5
5
4
3
2
2
1
0
1
0
-1
-2
-1
1
3
4
5
4
3
2
2
0
0
-1
-3
-5
-4
-3
-3
-3
-2
-2
-1
0
1
0
-1
-2
-3
-2
-1
-1
-2
-3
-3
-2
-2
-2
-2
-4
-7
-8
-7
-7
-6
-6
-8
-10
-11
-12
-11
-10
-8
-8
-10
-11
-12
-10
-10
-10
-11
-12
-12
-11
-12
-12
-9
-8
-8
-10
-12
-14
-14
-10
-10
-10
-11
-8
-4
-5
-8
-12
-11
-9
-6
-5
-5
-5
-7
-8
-6
-4
-3
-5
-4
-5
-4
-5
-7
-8
-7
-6
-7
-7
-5
-5
-3
-3
-4
-2
-1
-2
-3
-3
-2
0
0
0
2
2
5
5
2
3
2
-2
-3
-3
-2
0
0
0
-1
-2
0
1
0
-3
-5
-4
-2
-2
-1
1
0
-1
-2
-3
-4
-4
-4
-2
-2
-2
-3
-4
-6
-7
-10
-9
-5
-3
-2
-5
-8
-11
-10
-6
-5
-4
-7
-9
-9
-7
-5
-4
-5
-6
-6
-7
-5
-5
-7
-9
-9
-9
-10
-10
-9
-10
-7
-6
-6
-6
-5
-5
-5
-7
-8
-8
-5
-5
-6
-7
-9
-8
-9
-7
-6
-6
-7
-6
-8
-10
-10
-7
-6
-6
-7
-7
-6
-5
-5
-6
-5
-5
-4
-4
-7
-6
-4
-1
-2
0
-2
-3
-3
-2
-3
-5
-7
-5
-5
-5
-7
-7
-8
-8
-8
-7
-6
-6
-10
-12
-12
-12
-13
-12
-12
-12
-15
-14
-15
-16
-16
-16
-18
-16
-13
-14
-14
-15
-18
-17
-17
-17
-17
-16
-16
-18
-18
-18
-19
-17
-17
-16
-17
-17
-17
-18
-17
-15
-13
-13
-15
-16
-16
-17
-18
-18
-17
-16
-17
-16
-16
-17
-18
-19
-22
-19
-19
-16
-15
-15
-16
-16
-16
-15
-14
-17
-19
-18
-16
-16
-16
-15
-15
-16
-17
-16
-15
-16
-17
-17
-16
-15
-13
-14
-16
-16
-16
-13
-12
-11
-10
-12
-12
-12
-14
-12
-11
-11
-10
-12
-13
-14
-14
-13
-11
-11
-10
-9
-11
-10
-11
-9
-10
-11
-11
-12
-11
-12
-11
-12
-11
-10
-7
-7
-8
-9
-8
-6
-5
-6
-7
-9
-8
-9
-10
-9
-10
-12
-12
-13
-12
-13
-12
-11
-12
-11
-10
-9
-9
-8
-10
-11
-12
-13
-11
-11
-9
-8
-8
-7
-7
-8
-10
-10
-11
-11
-8
-9
-9
-7
-9
-8
-8
-6
-7
-7
-8
-9
-7
-5
-5
-5
-6
-4
-5
-7
-8
-6
-3
-2
-2
-2
-4
-3
-6
-10
-11
-10
-9
-8
-8
-8
-7
-4
-3
-5
-8
-8
-5
-5
-6
-7
-8
-5
-4
-4
-5
-6
-5
-4
-6
-4
-4
-3
-3
-2
-2
-3
-4
-3
-3
-4
-6
-6
-3
0
-2
-1
-1
-1
0
-1
-2
-1
0
1
0
1
3
1
1
2
2
2
-2
-6
-6
-2
-1
-1
-4
-5
-3
-2
-2
-2
-3
-3
-3
-1
-3
-3
-4
-6
-6
-6
-6
-3
-4
-2
-3
-4
-5
-8
-8
-6
-7
-7
-9
-8
-7
-7
-8
-10
-11
-13
-11
-11
-7
-6
-7
-8
-11
-8
-5
-5
-5
-7
-8
-5
-4
-7
-10
-12
-14
-12
-11
-10
-9
-11
-13
-15
-13
-10
-11
-14
-17
-18
-17
-15
-17
-17
-17
-18
-18
-18
-16
-17
-16
-17
-17
-16
-17
-17
-17
-20
-22
-23
-23
-22
-20
-19
-18
-18
-20
-22
-22
-20
-18
-19
-21
-22
-20
-16
-17
-19
-19
-20
-21
-22
-21
-22
-20
-18
-18
-20
-21
-19
-20
-20
-23
-25
-25
-26
-25
-24
-24
-24
-21
-20
-21
-24
-26
-27
-27
-25
-23
-24
-25
-27
-27
-24
-22
-23
-26
-29
-28
-25
-24
-24
-27
-30
-30
-27
-26
-24
-22
-22
-24
-24
-24
-23
-22
-23
-23
-24
-24
-23
-21
-21
-22
-24
-27
-27
-27
-25
-26
-27
-26
-26
-25
-24
-24
-24
-24
-26
-26
-26
-25
-24
-23
-22
-25
-30
-33
-32
-29
-29
-30
-28
-26
-25
-24
-27
-27
-26
-26
-25
-26
-26
-27
-28
-27
-24
-23
-20
-20
-23
-24
-23
-20
-19
-21
-22
-21
-18
-18
-17
-17
-16
-15
-17
-19
-18
-16
-16
-14
-15
-16
-13
-12
-14
-15
-16
-14
-14
-14
-16
-18
-18
-15
-13
-14
-13
-14
-14
-16
-14
-15
-14
-14
-14
-15
-14
-14
-13
-15
-15
-15
-16
-15
-14
-12
-12
-11
-12
-13
-13
-12
-14
-14
-11
-11
-13
-14
-12
-12
-9
-7
-7
-6
-8
-9
-9
-9
-9
-10
-9
-11
-13
-12
-10
-9
-11
-10
-7
-5
-6
-6
-9
-7
-6
-5
-6
-8
-7
-7
-7
-8
-8
-7
-5
-4
-3
-5
-6
-6
-6
-7
-4
0
1
0
-2
-4
-3
-3
-4
-3
-2
0
-1
-2
-3
-3
-2
0
0
2
2
0
0
-2
0
1
2
1
0
1
1
2
2
4
4
1
-2
-2
0
4
5
4
3
3
4
3
3
2
3
5
4
1
1
1
2
5
4
3
2
1
-1
0
3
5
6
6
6
7
6
7
4
4
3
2
4
7
11
11
9
4
5
6
6
7
8
6
5
6
7
8
6
6
5
5
5
3
3
4
4
7
7
8
9
7
6
2
2
3
1
2
3
5
3
2
-1
2
6
5
2
1
2
2
1
-2
-3
-1
0
0
-1
-3
-1
-1
0
-3
-4
-4
-2
-1
-2
-3
-4
-1
2
0
-4
-5
-4
-2
-1
-1
-2
0
2
0
-4
-4
-2
0
0
0
2
4
4
4
2
0
2
2
3
3
1
2
1
2
5
5
5
4
2
2
1
2
3
5
3
2
1
2
6
8
9
9
6
3
4
4
6
8
8
8
8
7
6
4
3
5
7
10
9
7
4
4
7
7
8
7
8
9
8
7
5
5
2
1
2
2
3
3
1
1
2
3
3
1
0
1
1
2
0
-2
-2
-3
-2
-4
-3
-3
-2
-4
-6
-7
-6
-5
-6
-8
-8
-8
-7
-9
-8
-7
-7
-5
-7
-9
-10
-9
-8
-9
-8
-8
-9
-9
-10
-9
-10
-10
-9
-5
-4
-6
-6
-7
-7
-5
-6
-8
-7
-8
-6
-9
-9
-9
-6
-4
-3
-5
-6
-6
-7
-7
-6
-6
-5
-4
-7
-9
-10
-10
-8
-5
-4
-5
-7
-7
-7
-8
-8
-8
-7
-6
-4
-5
-7
-6
-5
-6
-6
-6
-5
-6
-7
-7
-6
-6
-5
-4
-5
-8
-9
-11
-11
-11
-11
-9
-9
-8
-8
-9
-9
-9
-12
-13
-15
-14
-11
-9
-11
-11
-13
-13
-13
-13
-13
-16
-14
-12
-12
-14
-13
-14
-13
-13
-16
-14
-12
-11
-13
-15
-15
-14
-13
-12
-12
-11
-10
-12
-13
-13
-13
-13
-11
-10
-11
-12
-12
-12
-10
-9
-9
-9
-12
-12
-13
-10
-7
-6
-6
-9
-9
-11
-10
-10
-10
-11
-12
-11
-10
-8
-8
-6
-8
-9
-9
-8
-7
-8
-10
-10
-9
-7
-7
-8
-8
-7
-7
-9
-10
-11
-11
-10
-11
-9
-9
-9
-9
-8
-10
-11
-10
-12
-12
-13
-13
-13
-15
-14
-15
-14
-15
-14
-17
-17
-14
-14
-15
-16
-15
-16
-14
-14
-14
-15
-15
-16
-16
-17
-17
-18
-17
-17
-17
-17
-18
-18
-18
-17
-16
-19
-21
-21
-21
-21
-22
-23
-25
-24
-23
-22
-20
-21
-23
-26
-27
-24
-22
-23
-22
-23
-25
-25
-26
-25
-22
-21
-20
-22
-25
-26
-24
-23
-23
-24
-24
-24
-24
-21
-20
-19
-20
-22
-24
-26
-26
-24
-22
-22
-20
-18
-19
-20
-22
-24
-25
-24
-22
-21
-20
-21
-23
-22
-19
-20
-18
-17
-16
-16
-17
-16
-17
-17
-16
-15
-14
-15
-15
-15
-15
-15
-13
-13
-14
-15
-15
-12
-11
-11
-10
-11
-12
-11
-10
-9
-7
-6
-6
-5
-6
-5
-7
-7
-9
-13
-14
-12
-11
-11
-11
-12
-11
-10
-11
-11
-11
-11
-12
-12
-14
-14
-10
-8
-9
-11
-13
-14
-15
-16
-16
-16
-14
-13
-13
-15
-14
-11
-11
-11
-13
-11
-10
-11
-10
-12
-13
-12
-9
-9
-8
-9
-9
-7
-5
-3
-4
-6
-6
-7
-4
-3
-2
-2
-2
-2
-3
0
1
-1
-3
-5
-4
-2
-1
0
-2
-1
0
1
2
0
0
2
5
6
2
1
0
2
5
5
3
2
2
3
3
3
3
3
2
2
3
2
2
0
0
1
1
1
2
0
1
3
4
4
5
3
4
6
7
5
4
2
1
5
5
4
2
1
2
3
4
3
2
1
2
2
2
2
3
3
3
1
1
2
3
3
2
1
0
0
-1
0
2
2
-1
-3
-2
-1
2
2
2
4
4
2
1
2
4
6
4
2
3
3
4
5
5
5
5
5
7
6
7
7
7
8
7
5
4
6
8
9
9
10
11
10
9
7
6
7
8
8
8
7
6
6
7
9
11
11
11
10
11
12
9
7
7
7
7
6
7
9
9
8
6
3
3
5
5
5
4
2
2
0
1
2
0
-2
-3
-2
-1
0
-1
-2
-1
-2
-2
-1
-4
-5
-3
-5
-4
-2
-5
-5
-3
-4
-6
-7
-9
-7
-7
-8
-10
-9
-8
-7
-9
-9
-7
-6
-7
-9
-12
-11
-9
-9
-9
-11
-14
-12
-11
-12
-11
-13
-13
-12
-12
-12
-14
-12
-13
-12
-12
-13
-15
-15
-13
-12
-14
-15
-17
-15
-14
-12
-12
-13
-11
-10
-10
-15
-15
-14
-11
-9
-10
-13
-15
-13
-13
-11
-13
-14
-13
-12
-14
-15
-16
-16
-16
-15
-16
-16
-17
-17
-17
-18
-21
-20
-19
-21
-21
-19
-19
-19
-18
-20
-22
-22
-23
-23
-22
-24
-24
-23
-24
-23
-22
-25
-25
-26
-25
-25
-24
-23
-24
-24
-23
-23
-23
-24
-25
-24
-25
-25
-25
-25
-24
-23
-23
-22
-23
-23
-24
-23
-23
-24
-24
-24
-21
-20
-22
-21
-24
-23
-21
-21
-20
-19
-19
-21
-21
-19
-18
-17
-18
-20
-21
-20
-18
-17
-18
-19
-18
-15
-18
-19
-17
-18
-17
-19
-20
-20
-20
-18
-15
-16
-14
-15
-15
-17
-18
-15
-13
-12
-14
-16
-16
-15
-17
-15
-15
-12
-12
-13
-13
-14
-12
-12
-13
-14
-14
-13
-12
-11
-12
-13
-13
-12
-11
-10
-10
-12
-13
-13
-12
-11
-12
-13
-16
-16
-15
-16
-14
-13
-16
-16
-16
-16
-18
-19
-18
-18
-18
-18
-20
-20
-21
-21
-21
-21
-21
-21
-22
-20
-19
-20
-21
-21
-21
-20
-19
-22
-21
-23
-22
-25
-26
-25
-23
-22
-22
-23
-23
-22
-20
-22
-24
-23
-22
-22
-21
-22
-22
-20
-20
-21
-22
-20
-21
-19
-19
-18
-19
-20
-21
-22
-23
-20
-19
-21
-19
-19
-20
-20
-20
-19
-20
-20
-20
-19
-20
-21
-22
-21
-19
-20
-21
-24
-23
-22
-20
-20
-22
-21
-21
-23
-24
-22
-21
-20
-23
-24
-24
-23
-21
-22
-23
-24
-26
-26
-25
-24
-24
-24
-24
-24
-24
-28
-28
-27
-26
-25
-25
-28
-28
-28
-29
-29
-31
-32
-30
-31
-31
-30
-30
-29
-27
-28
-29
-30
-31
-32
-29
-28
-26
-26
-29
-31
-31
-30
-30
-34
-35
-32
-32
-32
-33
-34
-33
-31
-30
-30
-31
-29
-28
-29
-28
-26
-26
-28
-27
-25
-26
-29
-29
-29
-28
-24
-25
-28
-28
-27
-24
-25
-24
-26
-25
-23
-20
-21
-22
-21
-22
-24
-27
-28
-26
-22
-21
-24
-27
-28
-25
-22
-21
-23
-24
-25
-21
-19
-19
-18
-21
-20
-18
-16
-16
-17
-18
-19
-18
-17
-16
-16
-17
-19
-20
-20
-20
-19
-21
-21
-19
-15
-12
-13
-16
-18
-18
-17
-17
-19
-19
-16
-14
-16
-18
-20
-21
-23
-23
-24
-22
-20
-20
-20
-23
-24
-27
-27
-24
-22
-21
-19
-21
-21
-22
-22
-24
-24
-23
-22
-22
-22
-21
-22
-22
-22
-22
-23
-20
-18
-18
-19
-20
-20
-19
-18
-16
-18
-18
-17
-14
-14
-15
-16
-15
-14
-15
-17
-15
-13
-13
-13
-11
-10
-10
-12
-14
-16
-14
-11
-10
-6
-5
-5
-10
-12
-13
-14
-14
-14
-13
-11
-9
-8
-9
-10
-12
-13
-9
-8
-6
-7
-8
-7
-6
-4
-4
-4
-8
-9
-8
-7
-6
-8
-9
-8
-9
-10
-10
-10
-11
-11
-13
-13
-12
-12
-12
-12
-12
-10
-9
-9
-11
-13
-14
-13
-11
-12
-13
-15
-18
-17
-18
-17
-14
-12
-13
-14
-15
-16
-14
-14
-15
-15
-13
-11
-12
-13
-14
-16
-15
-14
-14
-14
-14
-15
-16
-15
-13
-14
-18
-18
-19
-20
-20
-19
-21
-23
-21
-20
-19
-19
-17
-19
-20
-19
-19
-19
-17
-16
-16
-16
-19
-21
-21
-19
-19
-22
-24
-25
-25
-23
-21
-23
-24
-24
-23
-24
-24
-26
-25
-26
-26
-24
-25
-24
-25
-26
-26
-25
-25
-25
-25
-27
-27
-24
-24
-23
-22
-23
-24
-25
-27
-28
-28
-28
-27
-28
-28
-27
-27
-26
-26
-27
-29
-29
-29
-26
-25
-24
-24
-26
-27
-27
-26
-26
-26
-28
-31
-29
-29
-30
-30
-30
-30
-30
-30
-30
-30
-28
-28
-26
-26
-29
-29
-29
-29
-29
-28
-28
-30
-29
-28
-25
-23
-24
-26
-29
-28
-28
-29
-28
-27
-24
-24
-25
-27
-28
-29
-28
-27
-26
-25
-25
-25
-24
-23
-24
-27
-28
-27
-25
-23
-22
-22
-23
-23
-22
-24
-25
-25
-26
-26
-23
-21
-22
-22
-21
-21
-20
-20
-20
-17
-16
-20
-19
-19
-17
-16
-17
-16
-18
-19
-17
-18
-19
-21
-21
-19
-18
-19
-20
-21
-22
-23
-22
-19
-15
-16
-15
-16
-19
-19
-18
-18
-18
-19
-23
-23
-21
-20
-20
-20
-23
-24
-21
-17
-17
-17
-20
-21
-21
-21
-20
-19
-18
-19
-19
-20
-22
-24
-24
-25
-25
-24
-25
-24
-23
-22
-22
-22
-22
-22
-23
-22
-23
-23
-24
-23
-23
-23
-25
-26
-27
-25
-23
-23
-24
-23
-24
-25
-27
-27
-25
-24
-22
-21
-21
-21
-21
-20
-18
-20
-21
-20
-21
-21
-21
-21
-22
-23
-24
-25
-23
-23
-21
-23
-25
-26
-24
-22
-21
-21
-22
-24
-25
-24
-25
-25
-25
-25
-22
-20
-24
-25
-25
-26
-27
-25
-25
-24
-22
-24
-25
-27
-28
-29
-28
-27
-27
-26
-26
-26
-25
-25
-23
-25
-25
-26
-26
-23
-23
-26
-27
-27
-28
-26
-25
-27
-27
-29
-28
-27
-24
-23
-23
-22
-22
-21
-21
-22
-23
-24
-24
-23
-20
-18
-18
-20
-23
-22
-20
-20
-22
-23
-23
-22
-23
-22
-24
-26
-25
-24
-22
-21
-21
-22
-23
-24
-25
-25
-24
-24
-26
-29
-29
-27
-26
-27
-29
-29
-27
-25
-23
-22
-24
-26
-25
-22
-22
-21
-22
-19
-19
-19
-20
-22
-22
-21
-22
-22
-21
-18
-16
-15
-15
-16
-18
-17
-16
-16
-15
-15
-16
-19
-16
-15
-15
-15
-13
-13
-16
-16
-16
-15
-15
-16
-18
-17
-15
-14
-14
-15
-16
-18
-20
-19
-19
-18
-15
-17
-18
-17
-17
-17
-17
-18
-18
-20
-17
-15
-15
-19
-19
-18
-14
-13
-12
-14
-15
-15
-14
-14
-16
-17
-16
-15
-14
-14
-14
-12
-13
-15
-17
-17
-15
-14
-14
-13
-14
-12
-12
-11
-11
-12
-15
-14
-14
-12
-11
-12
-14
-12
-8
-6
-9
-12
-14
-14
-11
-10
-11
-12
-11
-13
-13
-12
-10
-12
-14
-15
-14
-10
-9
-13
-14
-13
-12
-12
-13
-15
-15
-14
-13
-15
-16
-16
-17
-18
-15
-16
-17
-16
-16
-15
-13
-11
-11
-11
-14
-14
-13
-13
-13
-13
-14
-14
-13
-14
-14
-14
-15
-15
-17
-17
-14
-15
-15
-18
-20
-19
-17
-16
-16
-17
-18
-17
-16
-16
-16
-17
-19
-20
-22
-21
-20
-21
-22
-23
-23
-21
-19
-20
-20
-22
-23
-22
-22
-19
-20
-22
-24
-24
-22
-21
-20
-23
-23
-23
-23
-24
-23
-21
-20
-22
-24
-25
-25
-25
-25
-25
-26
-25
-24
-27
-29
-29
-28
-29
-32
-31
-30
-27
-25
-28
-30
-31
-29
-28
-28
-30
-31
-31
-32
-32
-33
-32
-33
-31
-31
-29
-29
-31
-32
-30
-30
-30
-31
-30
-30
-31
-29
-28
-29
-31
-30
-30
-29
-29
-28
-28
-29
-30
-31
-32
-31
-31
-32
-33
-35
-34
-30
-29
-32
-34
-37
-37
-35
-33
-32
-32
-33
-32
-31
-30
-29
-30
-33
-35
-32
-31
-31
-30
-32
-34
-32
-29
-29
-30
-32
-31
-30
-31
-31
-32
-31
-31
-30
-31
-31
-30
-30
-29
-29
-30
-32
-31
-32
-31
-33
-33
-32
-33
-34
-34
-33
-33
-32
-31
-31
-32
-32
-33
-33
-34
-33
-33
-35
-34
-35
-33
-32
-31
-33
-35
-36
-35
-35
-34
-36
-37
-36
-36
-36
-36
-38
-38
-38
-39
-40
-40
-37
-36
-37
-42
-43
-41
-40
-39
-39
-42
-42
-39
-38
-39
-41
-41
-43
-41
-41
-41
-41
-42
-42
-41
-41
-40
-41
-43
-42
-40
-38
-39
-42
-42
-41
-38
-38
-42
-42
-42
-40
-41
-42
-42
-41
-39
-39
-40
-42
-44
-44
-42
-41
-40
-40
-39
-41
-42
-40
-41
-39
-38
-39
-38
-38
-39
-40
-40
-39
-39
-39
-41
-39
-38
-37
-38
-42
-41
-39
-39
-38
-39
-39
-35
-34
-34
-36
-36
-36
-37
-39
-41
-39
-38
-38
-38
-37
-37
-36
-36
-36
-38
-39
-38
-37
-37
-37
-36
-36
-32
-32
-33
-33
-32
-33
-32
-33
-36
-34
-33
-33
-31
-34
-36
-34
-32
-31
-30
-32
-32
-31
-32
-31
-31
-32
-32
-34
-31
-30
-30
-31
-31
-31
-29
-27
-26
-27
-28
-29
-27
-28
-29
-29
-32
-31
-27
-25
-24
-27
-31
-30
-27
-25
-25
-25
-25
-26
-25
-26
-26
-24
-21
-22
-24
-24
-22
-21
-20
-23
-27
-28
-26
-24
-23
-22
-20
-20
-19
-20
-20
-19
-19
-19
-19
-19
-19
-18
-16
-17
-17
-19
-20
-19
-18
-18
-17
-15
-16
-16
-17
-16
-15
-14
-11
-11
-12
-13
-13
-14
-15
-14
-13
-12
-13
-13
-12
-8
-7
-8
-10
-10
-8
-7
-8
-8
-10
-11
-9
-10
-10
-10
-9
-6
-7
-9
-12
-11
-11
-10
-11
-12
-14
-14
-14
-15
-16
-14
-15
-16
-18
-17
-15
-14
-14
-15
-15
-14
-15
-15
-16
-15
-16
-17
-18
-19
-16
-14
-14
-15
-15
-14
-15
-15
-13
-13
-12
-11
-10
-10
-9
-12
-13
-11
-13
-12
-12
-12
-10
-7
-6
-8
-10
-9
-8
-7
-8
-7
-8
-7
-7
-8
-7
-6
-7
-10
-10
-12
-10
-9
-9
-8
-4
-3
-4
-5
-9
-8
-6
-4
-2
-2
-4
-4
-4
-4
-5
-9
-10
-12
-10
-7
-6
-6
-6
-7
-9
-11
-11
-11
-10
-10
-11
-10
-12
-13
-13
-13
-14
-16
-20
-20
-18
-18
-16
-17
-19
-23
-21
-21
-18
-18
-18
-18
-19
-19
-21
-19
-16
-14
-15
-18
-20
-19
-20
-20
-19
-16
-16
-17
-19
-21
-20
-20
-20
-20
-19
-18
-19
-20
-21
-20
-22
-23
-25
-24
-22
-20
-23
-24
-25
-24
-24
-23
-23
-24
-24
-24
-23
-23
-24
-22
-21
-21
-20
-21
-20
-21
-21
-23
-23
-22
-21
-21
-21
-21
-20
-23
-24
-23
-22
-20
-20
-22
-24
-24
-24
-24
-24
-23
-23
-23
-21
-21
-19
-20
-22
-21
-22
-22
-24
-23
-22
-20
-19
-20
-23
-24
-26
-24
-23
-23
-23
-23
-23
-24
-26
-28
-28
-26
-23
-22
-22
-23
-24
-26
-25
-24
-25
-25
-26
-26
-29
-29
-28
-27
-25
-25
-27
-28
-28
-27
-27
-29
-30
-29
-25
-25
-24
-23
-23
-23
-23
-23
-24
-25
-26
-27
-25
-25
-24
-23
-22
-22
-23
-22
-23
-23
-24
-23
-21
-21
-22
-21
-22
-20
-21
-21
-22
-22
-22
-21
-22
-23
-23
-22
-21
-18
-18
-19
-22
-24
-23
-22
-22
-22
-20
-21
-22
-23
-25
-22
-23
-24
-22
-21
-19
-19
-19
-21
-24
-26
-26
-25
-22
-20
-22
-24
-26
-25
-27
-27
-26
-28
-28
-29
-30
-30
-30
-30
-28
-27
-28
-31
-34
-33
-33
-32
-32
-34
-34
-34
-34
-35
-36
-36
-37
-36
-34
-33
-34
-33
-35
-34
-34
-35
-35
-36
-35
-34
-33
-32
-33
-37
-38
-36
-34
-37
-38
-39
-36
-33
-31
-34
-36
-36
-34
-33
-34
-34
-36
-36
-35
-35
-35
-34
-34
-36
-36
-37
-38
-38
-38
-39
-38
-36
-35
-35
-35
-36
-37
-36
-34
-34
-34
-34
-35
-34
-34
-34
-36
-35
-35
-35
-36
-35
-31
-31
-33
-36
-38
-37
-34
-32
-31
-33
-35
-36
-33
-32
-34
-36
-36
-37
-37
-36
-35
-36
-36
-35
-35
-34
-33
-37
-38
-38
-38
-38
-35
-36
-39
-42
-43
-42
-39
-41
-44
-44
-44
-42
-41
-41
-43
-41
-38
-39
-40
-43
-43
-43
-42
-42
-42
-40
-39
-41
-41
-40
-41
-43
-44
-44
-42
-42
-43
-44
-43
-43
-43
-44
-45
-46
-44
-41
-39
-39
-40
-39
-38
-38
-39
-40
-40
-37
-36
-36
-35
-32
-32
-33
-34
-35
-35
-33
-32
-32
-32
-31
-27
-25
-25
-26
-27
-25
-25
-26
-26
-26
-25
-22
-24
-26
-27
-26
-24
-23
-25
-27
-27
-26
-24
-23
-22
-22
-21
-23
-27
-28
-27
-26
-26
-28
-28
-26
-24
-22
-25
-27
-27
-25
-24
-23
-24
-23
-23
-21
-20
-21
-23
-23
-22
-22
-21
-21
-21
-23
-23
-22
-22
-20
-21
-24
-25
-26
-27
-26
-25
-24
-23
-24
-27
-29
-30
-30
-29
-27
-25
-25
-25
-24
-23
-24
-25
-24
-23
-23
-23
-24
-23
-24
-24
-26
-26
-25
-24
-23
-23
-24
-22
-21
-21
-19
-17
-19
-20
-20
-19
-18
-17
-18
-22
-21
-21
-22
-21
-19
-19
-19
-18
-17
-16
-17
-19
-20
-19
-16
-15
-15
-16
-17
-17
-16
-15
-14
-16
-18
-19
-18
-15
-13
-14
-15
-15
-16
-18
-19
-18
-18
-18
-18
-18
-19
-18
-17
-17
-16
-19
-20
-19
-22
-24
-24
-22
-21
-21
-21
-22
-24
-26
-25
-26
-26
-26
-26
-24
-24
-26
-26
-26
-25
-28
-29
-29
-26
-24
-25
-28
-30
-29
-28
-30
-35
-36
-35
-35
-36
-35
-32
-30
-31
-34
-36
-36
-36
-38
-39
-37
-37
-37
-34
-35
-37
-37
-38
-36
-36
-36
-40
-40
-38
-35
-35
-36
-38
-38
-38
-35
-34
-34
-35
-35
-36
-34
-31
-31
-31
-31
-33
-36
-37
-36
-33
-31
-33
-34
-35
-33
-30
-29
-31
-31
-31
-30
-30
-32
-34
-34
-35
-34
-33
-32
-31
-32
-34
-34
-34
-34
-34
-33
-31
-32
-33
-36
-38
-38
-35
-34
-36
-38
-37
-35
-37
-40
-40
-41
-37
-35
-35
-37
-37
-36
-35
-36
-38
-39
-38
-38
-39
-41
-39
-38
-38
-38
-37
-37
-36
-36
-36
-36
-37
-36
-36
-35
-35
-37
-37
-38
-38
-38
-37
-35
-33
-33
-34
-36
-37
-37
-35
-34
-33
-34
-38
-38
-37
-38
-39
-40
-40
-38
-36
-37
-36
-36
-36
-36
-36
-36
-36
-33
-30
-30
-31
-32
-31
-29
-28
-27
-27
-28
-29
-29
-29
-29
-28
-27
-25
-24
-25
-24
-26
-26
-25
-24
-23
-24
-24
-24
-21
-20
-22
-24
-25
-24
-23
-26
-29
-29
-27
-24
-23
-24
-25
-26
-24
-26
-24
-23
-23
-24
-26
-27
-27
-27
-26
-28
-28
-27
-28
-28
-29
-31
-29
-28
-27
-28
-29
-29
-31
-30
-30
-33
-33
-33
-29
-28
-30
-32
-33
-33
-33
-33
-34
-34
-34
-36
-37
-39
-37
-37
-38
-37
-38
-38
-37
-35
-34
-34
-36
-37
-37
-38
-38
-39
-38
-38
-38
-38
-38
-37
-36
-37
-38
-39
-36
-34
-33
-36
-39
-37
-34
-33
-32
-34
-35
-34
-32
-31
-32
-31
-30
-30
-30
-32
-33
-33
-32
-33
-32
-33
-34
-34
-33
-32
-32
-31
-32
-33
-31
-32
-31
-31
-30
-32
-31
-32
-32
-32
-31
-33
-33
-33
-32
-32
-32
-33
-32
-31
-29
-28
-30
-32
-32
-30
-29
-26
-25
-28
-32
-32
-32
-30
-27
-28
-29
-28
-27
-28
-30
-32
-31
-31
-31
-32
-32
-31
-29
-28
-30
-31
-30
-28
-28
-32
-35
-34
-33
-31
-33
-33
-32
-32
-30
-28
-29
-27
-28
-29
-28
-27
-28
-27
-27
-26
-23
-24
-24
-24
-25
-24
-22
-21
-21
-22
-21
-20
-20
-20
-19
-20
-21
-23
-23
-22
-20
-19
-22
-24
-25
-24
-20
-19
-22
-23
-23
-21
-21
-23
-23
-20
-17
-17
-20
-20
-20
-21
-23
-23
-23
-21
-21
-21
-22
-20
-18
-19
-19
-20
-17
-13
-13
-15
-16
-14
-14
-16
-19
-20
-20
-19
-18
-17
-18
-20
-21
-22
-22
-20
-21
-20
-18
-18
-20
-22
-22
-22
-18
-18
-19
-20
-19
-20
-20
-21
-22
-21
-20
-20
-21
-23
-22
-23
-24
-23
-22
-22
-21
-21
-23
-26
-25
-24
-24
-23
-23
-24
-27
-27
-27
-28
-30
-29
-29
-27
-28
-28
-29
-29
-28
-29
-29
-29
-29
-30
-29
-29
-27
-27
-28
-30
-29
-29
-28
-27
-26
-24
-24
-24
-25
-26
-24
-25
-24
-26
-26
-27
-28
-28
-27
-25
-24
-22
-25
-25
-28
-29
-27
-26
-25
-25
-27
-31
-32
-29
-28
-28
-28
-30
-28
-28
-30
-30
-28
-27
-27
-28
-26
-26
-26
-27
-29
-29
-29
-28
-26
-26
-28
-29
-30
-32
-30
-30
-31
-32
-31
-29
-28
-28
-31
-33
-31
-32
-31
-30
-30
-28
-29
-31
-32
-30
-29
-30
-32
-34
-35
-33
-31
-32
-34
-34
-34
-31
-30
-29
-32
-33
-35
-34
-31
-31
-32
-32
-33
-31
-31
-33
-35
-34
-32
-30
-30
-34
-35
-36
-36
-34
-34
-35
-37
-38
-38
-39
-36
-35
-35
-36
-36
-37
-38
-38
-37
-36
-37
-38
-37
-35
-34
-35
-35
-33
-31
-33
-34
-37
-37
-35
-36
-38
-38
-37
-39
-38
-37
-38
-40
-41
-41
-40
-39
-40
-41
-41
-39
-38
-36
-37
-38
-41
-40
-38
-39
-39
-40
-41
-39
-39
-39
-39
-39
-40
-41
-42
-42
-39
-38
-38
-40
-42
-39
-40
-39
-39
-38
-37
-35
-34
-37
-39
-39
-40
-39
-38
-39
-40
-42
-41
-41
-40
-40
-41
-41
-40
-39
-40
-41
-42
-42
-40
-39
-39
-39
-40
-40
-39
-38
-37
-40
-41
-40
-38
-36
-35
-36
-38
-38
-35
-35
-35
-37
-37
-35
-37
-37
-37
-35
-33
-33
-34
-35
-35
-35
-35
-36
-35
-35
