270
248
197
110
23
-26
-56
-90
-132
-141
-124
-114
-122
-133
-130
-124
-147
-175
-188
-179
-163
-160
-148
-112
-57
-5
32
70
122
172
198
196
192
191
175
142
107
84
69
51
33
38
62
82
97
123
161
194
211
216
223
233
233
223
213
218
242
274
312
348
385
423
454
473
475
466
447
413
369
322
275
227
178
141
122
116
116
123
145
175
205
227
237
235
229
219
205
177
149
128
121
116
106
96
86
78
60
37
15
-7
-37
-66
-93
-110
-128
-155
-182
-194
-207
-216
-243
-262
-273
-284
-303
-317
-339
-338
-339
-328
-289
-220
-132
-41
28
114
202
268
287
270
253
251
208
139
64
18
-9
-50
-100
-121
-127
-130
-149
-166
-154
-145
-161
-180
-182
-151
-123
-118
-116
-93
-44
1
23
50
95
151
189
200
210
230
241
227
203
188
178
161
136
124
125
131
131
136
155
177
191
199
205
216
222
223
218
213
218
231
244
262
284
316
343
360
366
368
367
353
322
286
254
217
171
131
107
97
91
85
95
122
152
178
195
214
236
248
243
224
204
191
172
148
126
113
105
86
63
47
32
8
-23
-55
-78
-101
-141
-172
-204
-218
-244
-274
-302
-314
-325
-326
-347
-350
-355
-346
-342
-337
-335
-294
-234
-158
-90
-20
58
155
212
249
249
258
257
231
170
118
73
38
-16
-67
-100
-107
-126
-144
-156
-145
-135
-141
-146
-132
-106
-81
-81
-69
-37
5
35
54
84
136
182
219
240
269
302
313
302
287
274
255
217
180
161
150
132
119
120
144
164
172
174
189
206
213
201
192
196
202
206
213
228
256
280
298
310
328
344
348
336
321
305
287
256
216
183
164
150
136
123
127
149
179
202
221
239
257
271
267
255
236
220
200
176
150
125
103
78
49
23
-2
-29
-58
-86
-114
-140
-173
-207
-234
-255
-273
-291
-304
-305
-300
-300
-299
-304
-311
-312
-319
-321
-322
-331
-297
-238
-160
-80
-14
71
168
235
273
272
278
277
246
183
121
68
29
-25
-78
-101
-101
-102
-105
-102
-66
-31
-26
-29
-25
0
16
3
-3
10
42
70
86
117
166
212
239
251
268
289
291
278
263
247
231
203
174
158
150
143
134
132
143
160
170
174
179
183
184
176
173
172
180
195
217
244
275
296
312
323
333
337
326
299
273
253
234
205
170
151
150
157
158
158
170
193
215
229
231
234
232
220
200
176
156
134
106
82
64
49
26
-8
-41
-61
-86
-118
-152
-177
-191
-199
-218
-232
-237
-242
-245
-251
-259
-261
-269
-285
-300
-317
-333
-343
-350
-344
-328
-294
-227
-149
-61
24
106
193
255
280
285
269
258
225
167
113
75
43
15
-26
-36
-22
-13
-10
-8
6
32
23
3
-7
-3
5
-4
-15
5
32
62
77
98
142
183
206
220
234
267
283
278
272
270
267
247
217
201
191
176
156
138
138
146
146
141
138
148
164
175
194
221
252
278
295
315
333
340
333
317
303
295
284
262
242
235
235
231
215
208
209
211
208
197
191
190
187
179
170
163
155
144
129
121
123
122
115
105
95
85
65
39
6
-22
-46
-73
-102
-127
-145
-159
-176
-190
-201
-212
-218
-228
-232
-240
-245
-256
-258
-262
-259
-263
-258
-252
-231
-216
-170
-115
-45
22
88
152
219
252
268
269
270
265
242
193
157
126
102
68
34
26
31
25
21
14
27
34
21
14
21
40
58
54
63
87
106
119
125
144
180
204
222
239
267
295
309
307
309
307
298
269
239
214
192
169
149
139
143
151
161
176
198
223
246
263
283
301
314
318
318
314
313
304
290
276
265
258
249
236
226
223
222
218
210
203
198
192
179
165
151
140
132
123
117
113
114
117
120
126
134
138
136
127
116
104
83
54
20
-14
-49
-83
-116
-142
-165
-184
-196
-198
-203
-200
-200
-189
-185
-183
-181
-184
-180
-178
-182
-178
-181
-178
-174
-172
-153
-116
-68
-12
36
95
161
211
241
253
260
271
257
222
180
143
115
77
39
20
16
16
16
23
46
64
67
68
75
87
96
95
96
105
118
132
146
168
192
212
232
249
272
292
302
301
298
293
283
261
238
223
210
194
177
169
176
189
197
208
226
251
272
285
294
303
309
309
299
283
271
258
243
224
209
197
187
174
165
160
160
157
152
151
148
143
134
127
123
122
120
117
117
116
119
124
129
134
135
132
131
126
116
101
75
47
17
-10
-41
-75
-102
-127
-142
-151
-156
-161
-157
-148
-130
-119
-114
-113
-109
-108
-109
-125
-135
-145
-150
-154
-154
-151
-142
-123
-81
-32
25
73
121
170
206
225
227
222
217
198
166
134
107
86
65
48
46
51
54
63
72
87
101
107
114
124
135
146
148
155
164
173
181
183
191
205
216
224
229
242
254
256
254
256
258
257
243
234
232
226
212
201
204
216
222
227
235
251
272
280
284
287
289
285
269
251
239
220
198
172
151
142
128
114
108
109
117
125
131
142
151
156
156
148
144
140
138
135
128
123
125
134
142
143
144
145
146
139
125
102
74
45
20
-8
-34
-62
-82
-93
-96
-96
-98
-101
-93
-83
-69
-64
-62
-61
-60
-67
-77
-90
-103
-113
-126
-129
-129
-127
-128
-126
-118
-85
-52
-15
23
69
110
151
168
192
207
220
218
206
191
189
174
167
150
146
145
146
141
145
141
147
143
145
152
154
158
162
160
168
172
175
176
182
188
197
203
217
229
246
259
268
279
285
279
273
267
265
260
248
242
243
242
241
235
238
245
243
238
234
230
224
210
194
182
166
150
138
130
131
128
122
124
130
137
140
143
150
157
157
151
144
140
136
131
126
123
121
115
112
113
119
120
115
108
108
98
83
56
37
21
5
-12
-28
-38
-45
-55
-65
-72
-79
-81
-85
-81
-76
-75
-77
-79
-83
-80
-85
-90
-102
-110
-116
-117
-119
-115
-112
-94
-71
-37
0
37
75
116
146
172
188
200
203
196
186
173
163
151
138
130
130
134
137
140
153
166
172
174
175
178
177
174
172
167
167
165
162
165
169
176
189
201
215
224
233
238
238
240
234
223
214
207
201
193
181
179
180
184
188
189
193
202
206
210
207
204
198
191
181
171
155
140
132
126
120
114
111
116
126
134
136
140
143
146
142
134
127
120
109
95
83
77
69
59
54
50
50
48
45
43
44
49
50
45
37
28
15
-1
-22
-43
-63
-83
-101
-114
-124
-129
-127
-126
-123
-115
-107
-98
-92
-90
-88
-87
-91
-95
-101
-99
-98
-91
-81
-60
-30
7
43
78
109
140
159
172
175
173
163
148
130
115
100
90
86
91
101
113
125
139
153
166
175
181
188
197
200
199
199
199
198
196
192
186
183
184
183
182
182
187
194
199
202
199
197
197
193
186
183
182
178
177
176
178
183
188
196
199
203
211
215
216
212
208
201
189
173
157
144
132
115
104
101
101
103
101
104
112
117
121
120
120
117
109
99
89
78
71
61
51
41
36
35
36
37
44
52
60
58
55
46
34
16
-6
-31
-54
-75
-89
-106
-116
-118
-113
-108
-95
-83
-70
-56
-45
-37
-33
-34
-32
-35
-40
-47
-52
-55
-54
-49
-38
-20
-2
17
39
67
90
106
115
124
126
127
118
113
107
105
104
99
99
107
116
130
140
154
169
183
195
205
212
217
215
208
198
189
178
168
157
152
149
148
147
152
161
170
176
182
188
192
192
188
186
184
178
172
171
175
180
185
192
199
207
211
206
200
194
189
181
169
155
140
129
116
100
90
83
80
76
75
76
79
84
85
88
95
98
97
91
83
78
71
60
49
40
37
36
33
27
25
25
24
20
13
5
-3
-12
-24
-41
-57
-70
-79
-87
-92
-97
-97
-94
-85
-74
-61
-51
-39
-28
-21
-17
-13
-19
-27
-35
-37
-41
-40
-40
-34
-24
-8
6
22
39
55
67
76
83
89
94
94
93
93
92
92
91
93
99
106
117
129
143
159
168
177
182
185
182
175
162
153
143
139
133
130
130
133
140
146
154
161
171
180
185
191
193
194
193
188
182
180
177
174
167
163
161
158
158
159
161
164
163
160
156
153
149
140
128
122
116
107
100
92
86
83
80
77
76
74
75
76
77
79
78
73
65
57
53
50
41
30
21
19
18
13
10
6
1
-2
-1
-4
-4
-8
-12
-16
-20
-29
-39
-47
-50
-55
-59
-61
-58
-53
-44
-39
-33
-24
-16
-10
-10
-16
-16
-19
-23
-27
-31
-30
-26
-20
-11
3
19
32
44
55
66
74
78
79
80
79
81
81
84
83
88
92
100
106
114
120
129
134
141
148
153
157
158
155
155
151
151
154
156
159
162
164
167
171
177
183
188
193
196
198
199
196
190
183
182
178
171
161
150
146
142
135
132
130
130
132
134
137
143
145
143
139
134
127
119
106
95
87
79
68
59
54
54
53
52
53
57
61
66
62
56
50
48
41
33
21
12
7
2
-3
-7
-6
-3
-1
1
1
0
-7
-13
-20
-26
-32
-42
-51
-56
-56
-57
-57
-54
-48
-42
-38
-34
-27
-21
-18
-20
-22
-19
-16
-18
-20
-21
-18
-14
-13
-12
-7
1
7
11
19
27
37
43
47
51
54
57
60
62
65
73
77
82
86
92
100
104
109
116
124
134
143
149
157
160
160
158
154
155
153
150
148
149
151
154
155
156
157
158
158
161
162
159
153
148
143
137
129
123
121
122
123
122
124
128
132
134
136
135
133
125
115
106
99
87
75
64
55
51
46
43
43
44
47
48
48
49
48
49
47
43
36
33
27
21
14
8
4
-1
-8
-12
-14
-12
-12
-12
-12
-10
-13
-18
-28
-34
-38
-44
-48
-52
-56
-56
-51
-48
-47
-45
-41
-38
-31
-24
-20
-19
-17
-13
-13
-14
-15
-15
-16
-17
-18
-18
-16
-10
-2
5
12
18
26
33
38
42
45
49
53
57
60
63
67
71
76
84
93
103
114
125
134
143
150
155
159
162
163
162
157
150
146
141
139
137
135
136
137
139
143
146
149
149
143
140
138
136
135
130
124
118
112
109
109
109
109
106
101
97
95
93
89
83
77
73
68
61
50
44
40
39
39
39
40
41
41
41
42
44
45
41
38
32
27
22
16
7
1
-4
-10
-14
-15
-18
-22
-23
-24
-24
-27
-29
-33
-35
-39
-41
-45
-48
-50
-52
-56
-53
-49
-44
-36
-31
-26
-22
-15
-8
-1
2
6
9
9
8
4
1
0
-2
-3
-3
-2
-1
1
5
11
16
21
27
31
34
36
40
47
52
57
59
62
66
71
77
85
91
98
105
110
115
118
121
125
125
125
125
124
123
120
119
119
117
115
113
113
112
115
116
116
116
116
112
110
107
107
106
105
105
105
104
99
96
91
87
86
84
83
82
80
76
74
74
70
64
58
51
50
50
50
47
45
45
41
38
36
33
33
32
31
29
26
26
24
18
14
6
-1
-7
-14
-18
-23
-26
-31
-34
-34
-34
-33
-32
-33
-32
-29
-27
-26
-26
-24
-20
-17
-10
-1
4
7
11
14
18
22
23
23
25
26
25
23
22
21
21
22
21
20
20
22
26
32
37
44
46
50
55
60
67
75
81
85
90
93
99
103
105
107
107
105
108
110
109
109
112
117
119
121
119
119
120
119
116
114
115
115
115
114
116
118
121
123
123
124
122
120
117
114
113
109
105
100
95
93
89
88
84
83
86
88
88
88
87
86
84
80
78
76
73
72
69
66
64
64
61
57
57
54
52
50
48
45
41
36
32
27
22
16
10
4
3
0
-2
-3
-2
-2
1
1
4
7
12
16
17
19
19
21
21
23
23
26
27
28
29
29
30
33
38
39
42
43
45
48
50
48
48
45
40
38
39
39
40
44
48
55
62
72
81
86
91
94
97
98
98
98
98
96
96
95
94
95
95
96
97
100
104
104
104
108
111
112
114
111
110
111
109
108
109
111
113
114
115
116
119
122
120
117
113
110
107
106
105
100
96
93
92
93
92
88
85
85
87
90
90
90
91
93
94
96
92
86
80
75
72
69
63
58
54
52
49
46
42
41
40
39
39
38
36
36
35
34
32
27
25
22
17
14
14
15
19
23
25
26
30
34
35
34
32
31
32
33
32
29
33
38
40
39
36
38
44
50
52
50
51
56
61
61
60
61
64
64
62
60
58
58
58
59
63
65
69
70
72
73
75
77
79
81
83
85
85
85
84
80
81
83
86
88
89
91
93
96
96
95
96
98
101
104
105
104
103
100
99
99
99
97
94
92
90
89
88
88
90
92
93
92
92
92
91
89
89
88
87
88
86
83
80
78
76
72
68
64
62
61
56
54
50
45
43
39
40
40
41
42
39
36
33
32
30
30
31
32
33
34
34
34
34
32
31
29
30
32
27
25
25
24
24
24
23
24
26
25
26
28
32
35
38
39
39
40
42
44
46
48
48
48
46
46
47
50
55
53
52
55
55
57
58
58
61
65
67
68
67
67
69
70
70
69
70
71
73
73
71
70
68
67
67
67
67
66
66
70
72
69
68
70
69
68
66
63
63
64
65
66
64
63
61
63
64
66
67
65
67
68
68
68
67
65
63
59
56
55
54
53
54
52
51
47
45
43
40
34
29
25
22
21
18
18
17
17
16
13
11
9
8
8
9
12
11
11
9
10
10
8
8
8
10
11
11
9
8
8
9
11
13
13
13
11
12
14
16
18
20
22
25
28
29
29
31
31
31
32
32
32
34
36
37
37
40
41
41
41
41
42
40
40
39
41
41
41
42
45
47
48
48
51
54
56
60
59
57
55
53
53
53
50
51
52
53
51
50
50
53
54
55
54
52
52
51
53
51
49
50
49
51
51
52
53
54
53
53
54
54
55
54
53
51
49
47
44
43
38
37
37
38
38
36
34
33
33
36
36
35
31
29
29
26
25
26
28
28
26
26
25
25
26
24
24
24
26
27
27
25
24
23
23
24
24
25
22
21
21
21
23
23
24
24
26
26
27
28
29
31
29
31
32
33
34
36
37
38
40
39
40
40
41
42
44
42
40
40
43
46
46
42
40
41
44
45
45
42
42
45
48
50
51
51
51
51
49
48
49
49
47
43
38
36
37
35
36
36
37
38
36
35
34
35
37
39
40
41
37
37
35
35
35
34
34
34
36
36
38
37
36
34
31
31
27
26
23
23
19
18
15
17
21
20
19
17
19
23
24
23
20
19
19
19
16
16
16
17
17
16
17
15
10
8
6
7
7
5
6
9
11
11
11
10
11
11
11
12
11
12
13
14
14
15
20
21
23
23
25
25
25
24
24
25
24
23
24
25
24
23
22
22
23
26
31
32
32
33
31
33
34
34
34
34
33
34
34
32
33
34
34
35
35
35
36
39
38
35
33
32
33
31
29
25
24
23
23
25
26
27
24
22
20
22
22
21
21
22
21
21
19
18
18
17
14
13
11
13
13
13
10
8
9
8
6
7
10
11
12
13
16
23
25
24
22
21
20
20
19
17
17
17
17
17
17
16
14
11
9
6
3
4
2
3
2
-1
0
1
1
-1
4
5
5
6
7
9
11
10
9
7
7
7
7
7
7
8
9
8
8
7
7
7
7
7
7
8
8
9
8
8
10
13
14
16
16
18
18
19
21
21
20
20
20
19
18
18
16
15
14
13
14
14
14
12
11
8
7
6
9
12
17
18
19
18
19
20
19
19
17
19
19
16
15
10
7
8
8
9
8
6
2
-1
0
1
1
-1
-4
-5
-5
-4
-5
-3
0
3
4
4
4
5
9
13
14
13
13
13
14
15
14
13
11
12
12
10
6
5
6
4
3
0
-2
-4
-4
-1
2
3
3
2
0
0
1
2
3
2
1
-2
-4
-5
-5
-3
-3
-2
-3
-2
-4
-6
-5
-5
-2
-2
0
1
1
4
6
5
7
8
9
11
10
9
11
13
14
15
14
13
12
12
11
12
13
13
14
12
10
11
10
7
3
1
1
1
1
0
0
-2
0
3
5
7
7
9
11
12
12
11
10
11
7
4
-1
-4
-3
-5
-10
-9
-7
-8
-9
-7
-7
-5
-3
-4
-4
-4
-4
-2
-2
2
1
1
1
1
0
1
4
4
4
3
0
0
1
0
-1
0
-1
-3
-5
-7
-4
-2
-2
-3
-1
1
3
4
3
4
4
2
1
1
2
2
-1
-1
1
3
5
2
-1
-1
-4
-2
-2
-3
-4
-5
-7
-7
-3
-1
1
-2
-3
-2
3
8
7
7
11
12
14
12
11
10
9
9
7
6
5
3
2
1
0
0
1
0
1
0
-3
-4
-1
3
4
4
1
-1
0
0
0
-1
-1
-1
-5
-6
-5
-3
-1
-2
-4
-3
-3
-3
-5
-6
-10
-13
-16
-17
-17
-18
-20
-22
-21
-18
-17
-14
-13
-11
-11
-10
-11
-10
-9
-10
-10
-10
-11
-14
-16
-16
-15
-15
-17
-16
-14
-15
-18
-20
-20
-16
-15
-16
-18
-16
-14
-12
-9
-8
-7
-4
-4
-6
-7
-7
-5
-3
-4
-6
-7
-8
-10
-11
-12
-12
-13
-14
-16
-17
-16
-16
-15
-18
-19
-21
-20
-18
-18
-19
-19
-18
-17
-16
-14
-12
-14
-15
-15
-15
-13
-11
-12
-13
-15
-17
-18
-16
-19
-20
-22
-22
-23
-23
-23
-24
-24
-24
-21
-21
-19
-18
-18
-17
-16
-17
-17
-18
-18
-17
-18
-20
-21
-22
-22
-22
-22
-24
-27
-27
-25
-23
-24
-24
-25
-26
-25
-23
-22
-23
-25
-25
-22
-20
-19
-20
-21
-20
-21
-21
-22
-21
-22
-23
-24
-24
-21
-22
-23
-25
-27
-30
-27
-25
-27
-29
-32
-32
-28
-26
-26
-28
-27
-25
-24
-24
-23
-19
-19
-19
-18
-19
-20
-20
-20
-19
-20
-20
-19
-21
-22
-25
-26
-24
-22
-25
-29
-29
-29
-27
-27
-26
-26
-27
-30
-33
-31
-31
-31
-32
-35
-35
-35
-35
-36
-38
-39
-39
-37
-37
-35
-35
-34
-33
-31
-31
-33
-33
-33
-33
-31
-33
-32
-33
-34
-35
-34
-35
-35
-35
-36
-37
-38
-41
-40
-39
-38
-41
-43
-46
-46
-47
-47
-48
-48
-50
-51
-49
-50
-53
-55
-57
-56
-53
-54
-52
-51
-51
-53
-56
-55
-53
-52
-52
-54
-57
-56
-53
-52
-55
-58
-61
-60
-58
-58
-57
-57
-55
-53
-52
-56
-56
-56
-57
-57
-55
-56
-59
-59
-60
-62
-63
-62
-62
-59
-60
-61
-61
-61
-58
-58
-56
-59
-58
-58
-58
-56
-54
-52
-53
-53
-53
-51
-48
-46
-45
-47
-48
-46
-47
-48
-48
-50
-51
-50
-50
-49
-51
-53
-54
-54
-54
-56
-58
-58
-53
-52
-55
-57
-58
-56
-55
-56
-57
-55
-52
-54
-54
-51
-48
-45
-47
-50
-50
-48
-49
-51
-55
-56
-57
-57
-57
-55
-55
-53
-54
-57
-58
-57
-55
-52
-52
-49
-46
-47
-49
-52
-54
-55
-54
-54
-55
-55
-55
-56
-56
-56
-54
-54
-54
-53
-52
-51
-51
-53
-55
-57
-56
-54
-54
-55
-55
-55
-55
-52
-53
-53
-52
-53
-53
-53
-52
-53
-54
-54
-55
-54
-54
-55
-55
-54
-52
-51
-52
-53
-53
-50
-48
-47
-46
-48
-47
-45
-46
-49
-48
-48
-46
-44
-45
-43
-44
-43
-42
-42
-42
-41
-42
-40
-39
-40
-43
-44
-43
-44
-46
-49
-48
-47
-45
-46
-50
-51
-50
-53
-53
-51
-48
-48
-45
-45
-41
-39
-40
-40
-42
-41
-37
-38
-40
-42
-44
-41
-41
-41
-42
-44
-44
-43
-44
-43
-44
-44
-44
-43
-41
-43
-42
-40
-40
-39
-39
-41
-41
-42
-43
-42
-40
-40
-43
-45
-45
-45
-44
-43
-44
-41
-39
-39
-40
-42
-44
-44
-41
-40
-40
-40
-41
-42
-38
-36
-34
-33
-34
-34
-35
-35
-35
-36
-37
-35
-36
-36
-36
-34
-35
-34
-35
-35
-37
-39
-40
-40
-38
-37
-34
-35
-35
-36
-38
-39
-40
-39
-40
-38
-36
-35
-34
-35
-36
-37
-36
-36
-35
-34
-34
-34
-34
-35
-37
-37
-36
-38
-39
-40
-40
-38
-34
-33
-34
-35
-36
-36
-36
-37
-38
-39
-37
-36
-36
-36
-36
-35
-37
-39
-39
-41
-43
-42
-41
-39
-40
-39
-43
-44
-44
-46
-47
-47
-47
-48
-49
-49
-47
-45
-45
-46
-45
-45
-44
-44
-44
-43
-43
-41
-40
-40
-39
-39
-37
-36
-39
-42
-42
-41
-39
-37
-39
-38
-38
-34
-32
-32
-34
-35
-34
-34
-35
-34
-33
-31
-29
-28
-29
-29
-29
-28
-30
-33
-31
-28
-26
-27
-29
-28
-25
-22
-22
-22
-23
-23
-23
-23
-24
-23
-24
-24
-24
-24
-23
-22
-20
-21
-18
-19
-22
-22
-23
-22
-20
-21
-20
-19
-21
-23
-23
-23
-23
-22
-23
-24
-25
-26
-26
-24
-24
-24
-23
-24
-25
-23
-22
-22
-21
-20
-22
-22
-23
-23
-23
-23
-24
-24
-25
-25
-25
-23
-23
-21
-23
-23
-25
-25
-27
-28
-28
-28
-26
-27
-27
-30
-31
-31
-29
-29
-29
-29
-31
-31
-33
-31
-28
-27
-25
-25
-25
-27
-25
-26
-26
-25
-26
-27
-29
-32
-31
-31
-33
-33
-33
-31
-32
-33
-33
-31
-30
-29
-30
-29
-28
-26
-26
-26
-28
-31
-31
-31
-33
-34
-35
-33
-32
-30
-30
-29
-29
-28
-27
-26
-27
-27
-28
-30
-30
-30
-31
-31
-31
-32
-31
-31
-32
-32
-33
-34
-34
-37
-36
-33
-34
-36
-37
-37
-37
-36
-36
-35
-36
-35
-34
-35
-37
-38
-41
-40
-40
-40
-40
-39
-44
-39
-41
-43
-40
-44
-41
-43
-42
-44
-46
-47
-47
-43
-44
-46
-46
-47
-44
-44
-43
-42
-41
-42
-42
-39
-43
-44
-47
-47
-48
-46
-46
-49
-49
-50
-47
-49
-50
-51
-49
-47
-45
-45
-46
-47
-49
-47
-48
-46
-43
-45
-45
-45
-45
-48
-50
-52
-52
-51
-50
-49
-49
-49
-48
-48
-49
-48
-47
-46
-45
-44
-44
-44
-47
-49
-48
-46
-45
-45
-45
-42
-40
-43
-45
-46
-44
-40
-39
-44
-47
-46
-45
-42
-42
-45
-48
-47
-45
-41
-41
-42
-45
-46
-48
-47
-47
-47
-46
-49
-51
-52
-52
-50
-48
-47
-45
-45
-45
-45
-47
-46
-47
-48
-51
-53
-54
-51
-49
-49
-50
-51
-51
-50
-50
-49
-49
-50
-49
-51
-54
-56
-57
-56
-55
-51
-48
-50
-52
-52
-50
-48
-50
-53
-53
-54
-55
-54
-53
-53
-52
-51
-49
-50
-53
-56
-56
-51
-50
-51
-52
-55
-54
-52
-51
-48
-47
-46
-45
-44
-44
-43
-45
-46
-46
-46
-46
-46
-46
-46
-47
-45
-47
-47
-47
-44
-45
-48
-49
-49
-49
-49
-50
-50
-49
-49
-49
-50
-53
-53
-53
-54
-56
-58
-57
-55
-55
-54
-54
-56
-57
-54
-55
-54
-53
-51
-50
-49
-49
-49
-48
-46
-45
-45
-48
-47
-47
-49
-50
-50
-50
-48
-48
-49
-49
-50
-51
-50
-51
-51
-50
-48
-49
-50
-51
-51
-50
-51
-52
-53
-52
-54
-54
-54
-55
-54
-51
-53
-53
-54
-53
-54
-53
-52
-52
-52
-50
-48
-50
-49
-49
-50
-50
-49
-48
-48
-50
-52
-54
-52
-51
-51
-51
-52
-52
-52
-51
-51
-51
-52
-53
-53
-51
-50
-52
-54
-54
-55
-54
-54
-55
-57
-55
-55
-54
-52
-56
-56
-57
-55
-55
-52
-53
-54
-54
-54
-54
-54
-53
-52
-52
-51
-52
-53
-53
-50
-48
-49
-51
-48
-49
-50
-52
-55
-54
-54
-55
-57
-57
-56
-55
-56
-55
-58
-58
-58
-55
-53
-53
-51
-52
-50
-50
-51
-52
-55
-54
-51
-49
-49
-49
-48
-50
-50
-53
-53
-53
-54
-54
-51
-51
-50
-50
-52
-53
-52
-52
-51
-52
-54
-58
-59
-58
-52
-52
-52
-54
-56
-56
-55
-53
-53
-56
-57
-57
-56
-58
-60
-59
-59
-59
-59
-61
-62
-62
-61
-61
-59
-62
-63
-61
-61
-62
-60
-58
-56
-56
-56
-59
-60
-59
-60
-59
-61
-60
-60
-60
-61
-63
-63
-62
-59
-57
-58
-58
-59
-58
-59
-61
-60
-55
-55
-57
-57
-56
-55
-53
-54
-58
-58
-60
-60
-57
-57
-59
-60
-63
-60
-59
-60
-62
-64
-63
-62
-61
-60
-58
-58
-57
-57
-58
-57
-57
-59
-57
-56
-57
-57
-58
-60
-57
-54
-54
-56
-55
-54
-52
-52
-52
-53
-53
-52
-51
-50
-50
-51
-51
-52
-53
-51
-50
-51
-52
-52
-52
-50
-49
-50
-51
-52
-53
-52
-54
-58
-56
-54
-53
-50
-51
-54
-53
-54
-56
-55
-56
-56
-55
-53
-53
-54
-55
-57
-55
-55
-53
-51
-52
-53
-53
-52
-51
-48
-46
-45
-48
-49
-51
-51
-50
-49
-49
-49
-48
-48
-48
-50
-52
-51
-52
-52
-52
-53
-52
-50
-49
-51
-53
-53
-52
-50
-50
-52
-55
-54
-52
-49
-53
-56
-59
-58
-55
-56
-57
-59
-56
-56
-55
-56
-55
-56
-55
-56
-54
-54
-52
-53
-53
-53
-52
-53
-54
-55
-55
-55
-56
-52
-52
-51
-52
-52
-53
-54
-52
-50
-50
-49
-50
-53
-54
-54
-54
-51
-51
-52
-52
-54
-54
-51
-52
-53
-53
-53
-52
-53
-53
-52
-50
-50
-51
-51
-50
-49
-51
-52
-55
-53
-52
-50
-50
-52
-51
-51
-49
-47
-48
-50
-49
-49
-52
-52
-52
-50
-50
-50
-52
-51
-50
-53
-54
-54
-54
-56
-53
-52
-52
-51
-51
-51
-50
-50
-50
-51
-54
-55
-55
-53
-49
-52
-54
-56
-55
-51
-52
-54
-55
-56
-53
-52
-54
-58
-60
-60
-58
-58
-58
-58
-55
-53
-51
-52
-54
-54
-53
-50
-49
-50
-50
-53
-54
-53
-52
-52
-50
-49
-51
-50
-52
-53
-55
-54
-55
-53
-52
-52
-52
-52
-52
-54
-56
-56
-56
-54
-55
-57
-58
-58
-60
-61
-62
-60
-61
-62
-63
-66
-67
-64
-63
-62
-60
-62
-64
-64
-64
-65
-66
-67
-66
-66
-65
-66
-66
-68
-71
-71
-70
-71
-70
-69
-69
-69
-68
-70
-72
-72
-70
-68
-70
-72
-75
-75
-73
-72
-71
-72
-72
-73
-74
-72
-70
-71
-73
-72
-70
-70
-71
-73
-73
-70
-69
-70
-70
-71
-69
-66
-65
-66
-65
-64
-65
-65
-67
-66
-63
-61
-61
-60
-62
-65
-63
-62
-63
-63
-63
-62
-61
-62
-62
-62
-60
-61
-62
-62
-60
-61
-63
-66
-67
-66
-65
-65
-66
-67
-66
-64
-63
-64
-66
-69
-70
-68
-67
-64
-63
-63
-60
-60
-63
-65
-64
-62
-62
-60
-59
-60
-62
-59
-57
-58
-60
-61
-62
-59
-58
-61
-62
-62
-61
-58
-57
-59
-61
-61
-63
-60
-60
-61
-60
-59
-58
-60
-60
-62
-64
-67
-67
-65
-62
-60
-62
-63
-61
-63
-64
-64
-64
-64
-65
-64
-63
-63
-64
-66
-67
-66
-65
-65
-69
-71
-68
-66
-65
-66
-67
-66
-64
-64
-63
-65
-67
-65
-65
-64
-63
-61
-62
-62
-62
-62
-62
-60
-63
-65
-65
-64
-63
-64
-64
-66
-65
-63
-62
-63
-62
-63
-63
-65
-64
-63
-61
-59
-62
-65
-66
-65
-63
-63
-65
-66
-67
-64
-63
-65
-66
-66
-65
-66
-65
-64
-63
-62
-65
-70
-69
-65
-61
-61
-65
-69
-68
-69
-68
-67
-69
-68
-67
-65
-66
-65
-66
-68
-71
-71
-71
-72
-72
-71
-72
-71
-72
-71
-68
-68
-70
-72
-72
-68
-66
-68
-70
-71
-70
-68
-69
-70
-69
-70
-69
-71
-71
-70
-70
-69
-71
-71
-71
-71
-73
-72
-71
-72
-72
-73
-72
-72
-71
-72
-73
-73
-72
-71
-71
-72
-73
-74
-76
-78
-79
-77
-76
-78
-79
-81
-80
-78
-75
-74
-76
-75
-73
-74
-76
-78
-76
-73
-72
-73
-74
-75
-74
-73
-71
-73
-75
-78
-77
-75
-75
-77
-77
-76
-76
-76
-77
-79
-78
-76
-73
-71
-72
-75
-78
-80
-80
-77
-78
-78
-80
-79
-78
-77
-79
-79
-79
-79
-81
-81
-82
-82
-83
-81
-81
-83
-84
-85
-84
-82
-80
-82
-85
-86
-85
-85
-86
-86
-87
-85
-83
-82
-82
-83
-84
-82
-84
-83
-83
-83
-82
-82
-81
-81
-82
-83
-83
-81
-80
-82
-83
-82
-81
-78
-76
-77
-78
-76
-74
-74
-75
-76
-76
-76
-74
-75
-76
-78
-78
-76
-74
-74
-74
-76
-77
-75
-73
-72
-71
-71
-71
-69
-68
-66
-66
-68
-70
-67
-68
-69
-68
-64
-62
-62
-63
-64
-64
-60
-58
-60
-59
-57
-56
-58
-60
-62
-62
-63
-64
-66
-66
-66
-65
-64
-64
-66
-66
-66
-67
-65
-66
-67
-67
-68
-67
-65
-65
-66
-70
-71
-69
-69
-67
-67
-66
-64
-62
-63
-63
-64
-65
-65
-67
-65
-63
-61
-60
-61
-62
-62
-60
-62
-63
-64
-64
-63
-62
-62
-62
-63
-65
-67
-65
-66
-62
-62
-64
-66
-65
-66
-67
-69
-69
-69
-70
-69
-68
-67
-66
-65
-65
-65
-65
-64
-64
-65
-66
-68
-68
-69
-69
-69
-68
-66
-65
-67
-68
-69
-68
-66
-65
-66
-68
-68
-66
-65
-66
-68
-68
-68
-67
-67
-67
-66
-67
-71
-72
-72
-72
-73
-74
-74
-74
-74
-75
-74
-73
-71
-70
-70
-70
-71
-74
-72
-72
-73
-72
-72
-71
-70
-71
-75
-74
-72
-69
-69
-69
-71
-70
-66
-65
-66
-67
-68
-66
-63
-61
-62
-64
-66
-67
-66
-65
-64
-64
-64
-65
-65
-62
-61
-63
-65
-65
-66
-63
-64
-67
-68
-70
-70
-69
-69
-69
-70
-71
-71
-71
-69
-69
-70
-69
-67
-63
-63
-63
-64
-64
-63
-60
-62
-64
-64
-63
-61
-58
-59
-58
-58
-60
-60
-60
-59
-57
-54
-55
-55
-57
-55
-56
-57
-57
-57
-59
-59
-59
-57
-56
-55
-57
-59
-60
-59
-56
-56
-59
-61
-61
-59
-59
-60
-60
-58
-59
-59
-60
-61
-61
-60
-57
-57
-55
-55
-56
-56
-57
-55
-54
-54
-54
-55
-53
-51
-51
-51
-52
-55
-55
-52
-54
-57
-57
-57
-54
-56
-56
-58
-61
-61
-61
-60
-61
-62
-63
-63
-63
-65
-65
-67
-65
-64
-65
-68
-68
-68
-67
-67
-65
-64
-65
-66
-65
-65
-63
-63
-64
-64
-63
-63
-63
-64
-64
-62
-61
-60
-62
-63
-65
-65
-64
-65
-65
-64
-62
-60
-60
-62
-66
-67
-67
-66
-67
-66
-66
-66
-66
-66
-66
-63
-62
-62
-63
-64
-62
-60
-61
-61
-62
-61
-61
-61
-60
-60
-59
-60
-59
-57
-57
-55
-58
-59
-58
-56
-53
-53
-54
-53
-54
-51
-50
-51
-56
-54
-52
-53
-52
-54
-55
-54
-55
-54
-54
-53
-54
-55
-55
-56
-56
-56
-56
-56
-56
-54
-53
-54
-54
-56
-56
-55
-51
-50
-49
-50
-51
-52
-52
-54
-55
-53
-51
-51
-51
-50
-51
-54
-55
-54
-54
-54
-53
-54
-54
-53
-51
-49
-51
-54
-56
-57
-54
-50
-50
-54
-54
-53
-50
-49
-51
-53
-53
-52
-50
-50
-52
-54
-54
-55
-55
-54
-54
-52
-50
-48
-49
-50
-47
-45
-46
-47
-48
-49
-50
-51
-51
-48
-48
-50
-52
-52
-51
-50
-53
-55
-55
-56
-53
-51
-49
-49
-50
-51
-49
-46
-47
-49
-49
-48
-46
-46
-44
-45
-47
-47
-47
-47
-49
-51
-50
-47
-46
-47
-49
-49
-48
-47
-47
-46
-45
-46
-46
-46
-45
-46
-48
-47
-46
-46
-48
-52
-51
-53
-54
-51
-52
-52
-50
-49
-49
-49
-51
-52
-53
-50
-49
-50
-51
-52
-53
-50
-50
-50
-50
-50
-50
-49
-49
-50
-51
-52
-52
-54
-53
-53
-53
-52
-52
-54
-56
-56
-58
-58
-56
-55
-55
-55
-54
-53
-54
-56
-58
-58
-58
-57
-60
-62
-61
-61
-60
-60
-61
-62
-63
-62
-61
-61
-59
-59
-60
-58
-57
-60
-62
-64
-65
-63
-61
-62
-66
-67
-67
-65
-64
-62
-63
-64
-64
-66
-68
-66
-66
-65
-64
-63
-64
-64
-64
-64
-65
-67
-67
-66
-65
-67
-69
-69
-66
-64
-66
-70
-71
-69
-67
-63
-62
-64
-65
-67
-67
-63
-61
-63
-64
-64
-63
-62
-64
-66
-67
-67
-66
-66
-67
-69
-69
-68
-67
-65
-64
-64
-65
-63
-63
-61
-61
-64
-65
-66
-65
-65
-63
-63
-65
-64
-64
-65
-65
-65
-66
-65
-67
-68
-68
-66
-63
-61
-61
-63
-67
-67
-67
-64
-63
-61
-61
-62
-64
-63
-63
-63
-62
-62
-62
-62
-61
-61
-62
-64
-64
-63
-59
-58
-58
-61
-60
-58
-58
-57
-57
-58
-59
-59
-58
-59
-62
-62
-60
-59
-59
-60
-62
-62
-60
-58
-56
-56
-55
-53
-53
-55
-58
-58
-58
-54
-53
-53
-54
-55
-54
-52
-51
-52
-53
-52
-51
-48
-48
-48
-48
-45
-46
-49
-49
-50
-50
-51
-48
-46
-48
-47
-48
-48
-46
-45
-47
-50
-49
-47
-44
-43
-47
-49
-49
-48
-49
-49
-48
-50
-50
-50
-47
-47
-48
-47
-49
-49
-47
-48
-47
-45
-43
-42
-45
-46
-44
-44
-44
-45
-46
-48
-48
-49
-50
-50
-49
-49
-49
-49
-48
-49
-50
-51
-50
-50
-50
-52
-54
-52
-50
-50
-51
-51
-52
-52
-54
-54
-53
-54
-55
-54
-55
-55
-55
-55
-56
-57
-57
-58
-57
-56
-56
-57
-58
-56
-56
-57
-56
-56
-54
-52
-52
-53
-54
-55
-56
-56
-55
-55
-53
-54
-53
-54
-53
-51
-51
-52
-53
-52
-53
-53
-51
-48
-46
-46
-47
-46
-47
-45
-44
-43
-42
-41
-42
-41
-43
-43
-42
-42
-42
-41
-43
-46
-46
-44
-41
-41
-42
-41
-40
-41
-43
-43
-43
-43
-44
-45
-43
-41
-39
-42
-46
-45
-45
-44
-45
-48
-46
-43
-41
-43
-46
-45
-45
-43
-43
-45
-45
-45
-43
-41
-43
-43
-44
-44
-44
-44
-45
-44
-43
-43
-44
-41
-40
-37
-37
-38
-41
-42
-42
-42
-39
-38
-41
-43
-42
-41
-41
-41
-42
-42
-40
-38
-39
-40
-42
-43
-43
-43
-42
-39
-40
-42
-44
-42
-41
-40
-42
-43
-41
-38
-38
-40
-41
-41
-42
-43
-43
-43
-43
-42
-43
-45
-45
-44
-45
-45
-44
-42
-41
-43
-44
-42
-40
-41
-43
-44
-43
-42
-42
-43
-44
-44
-44
-45
-44
-45
-42
-41
-40
-43
-46
-47
-44
-43
-43
-39
-37
-37
-40
-42
-43
-43
-42
-40
-38
-38
-38
-37
-38
-39
-39
-41
-40
-42
-40
-40
-42
-44
-45
-45
-42
-41
-42
-44
-44
-44
-43
-50
-54
-55
-59
-59
-46
-44
-39
-30
-29
-31
-37
-43
-50
-57
-55
-55
-56
-52
-50
-49
-47
-49
-49
-52
-55
-52
-52
-47
-45
-42
-39
-44
-43
-44
-45
-43
-43
-40
-41
-39
-38
-43
-47
-48
-47
-44
-44
-47
-49
-48
-43
-43
-46
-45
-43
-41
-40
-44
-47
-49
-46
-45
-45
-44
-44
-45
-46
-46
-45
-44
-45
-46
-45
-43
-41
-42
-44
-44
-43
-42
-42
-43
-44
-44
-46
-46
-45
-46
-46
-46
-46
-46
-46
-47
-48
-48
-46
-45
-46
-47
-48
-48
-47
-45
-46
-49
-51
-52
-47
-47
-48
-48
-49
-50
-50
-51
-53
-49
-48
-47
-47
-49
-49
-50
-49
-47
-46
-47
-48
-47
-48
-47
-46
-47
-48
-48
-47
-47
-45
-49
-51
-52
-50
-46
-46
-47
-49
-49
-47
-46
-46
-47
-50
-53
-53
-50
-49
-51
-53
-52
-50
-48
-49
-51
-52
-51
-50
-54
-55
-54
-52
-48
-47
-48
-51
-53
-52
-51
-51
-50
-50
-49
-50
-51
-50
-50
-48
-50
-49
-48
-50
-48
-48
-48
-45
-44
-45
-49
-50
-49
-50
-50
-51
-50
-50
-50
-50
-50
-52
-50
-51
-50
-51
-52
-52
-53
-54
-52
-50
-50
-51
-52
-51
-52
-52
-53
-53
-52
-53
-52
-51
-51
-51
-51
-52
-55
-55
-55
-54
-52
-53
-54
-55
-53
-52
-56
-57
-56
-55
-56
-56
-55
-52
-51
-51
-51
-50
-52
-54
-55
-55
-54
-52
-50
-49
-50
-52
-52
-53
-52
-51
-51
-53
-54
-52
-49
-47
-49
-51
-52
-51
-49
-48
-48
-48
-50
-48
-44
-43
-44
-47
-48
-47
-45
-46
-49
-49
-50
-47
-46
-45
-47
-50
-50
-50
-50
-53
-51
-48
-47
-48
-50
-52
-55
-55
-56
-53
-54
-52
-52
-52
-55
-55
-54
-54
-51
-54
-59
-61
-61
-60
-56
-57
-57
-57
-59
-56
-56
-56
-55
-56
-55
-55
-51
-50
-54
-55
-55
-53
-52
-55
-56
-57
-54
-52
-51
-51
-53
-53
-54
-53
-52
-50
-52
-53
-53
-54
-53
-53
-53
-53
-54
-53
-52
-50
-50
-53
-53
-51
-50
-50
-52
-53
-54
-55
-54
-52
-50
-50
-52
-53
-56
-55
-55
-53
-50
-50
-51
-50
-50
-51
-50
-54
-56
-55
-53
-53
-54
-54
-54
-53
-52
-52
-54
-56
-56
-56
-57
-56
-54
-51
-49
-50
-51
-54
-54
-53
-53
-52
-49
-50
-52
-53
-53
-54
-53
-52
-52
-51
-51
-52
-51
-53
-53
-49
-47
-47
-48
-50
-52
-53
-53
-52
-52
-51
-53
-55
-55
-56
-59
-58
-59
-57
-56
-55
-53
-55
-55
-56
-57
-58
-57
-55
-53
-53
-54
-57
-60
-58
-57
-56
-57
-57
-59
-56
-56
-57
-58
-57
-56
-53
-52
-54
-57
-59
-58
-57
-56
-56
-56
-57
-58
-60
-61
-60
-59
-59
-57
-57
-55
-57
-61
-61
-56
-56
-55
-58
-62
-61
-62
-62
-62
-62
-60
-58
-55
-56
-55
-56
-59
-61
-59
-57
-56
-56
-55
-55
-58
-59
-60
-60
-59
-57
-57
-59
-59
-59
-58
-56
-55
-53
-54
-55
-55
-54
-54
-54
-50
-52
-55
-56
-58
-57
-55
-53
-52
-51
-52
-54
-55
-54
-52
-51
-51
-53
-55
-55
-54
-55
-56
-55
-54
-54
-55
-56
-56
-55
-57
-58
-56
-55
-55
-55
-57
-57
-58
-57
-56
-54
-55
-56
-57
-59
-60
-58
-59
-61
-63
-62
-62
-60
-58
-59
-60
-60
-60
-59
-60
-60
-59
-59
-61
-61
-63
-62
-59
-58
-59
-63
-64
-64
-64
-64
-63
-62
-62
-61
-62
-61
-65
-66
-67
-67
-66
-65
-64
-62
-63
-64
-66
-67
-67
-67
-66
-65
-65
-64
-64
-65
-67
-67
-65
-65
-62
-63
-65
-67
-69
-72
-73
-72
-71
-70
-71
-71
-71
-69
-66
-67
-67
-68
-66
-67
-68
-70
-71
-69
-70
-71
-70
-71
-69
-69
-72
-72
-71
-71
-69
-69
-71
-71
-71
-74
-72
-70
-72
-71
-73
-72
-71
-69
-70
-71
-71
-72
-72
-72
-74
-76
-74
-75
-76
-76
-76
-77
-76
-76
-74
-75
-76
-75
-74
-75
-75
-78
-77
-77
-78
-78
-79
-77
-78
-77
-77
-76
-75
-75
-75
-76
-77
-76
-77
-76
-75
-74
-73
-73
-74
-73
-71
-71
-73
-76
-75
-76
-75
-75
-76
-76
-75
-74
-73
-72
-72
-72
-72
-71
-70
-70
-71
-70
-67
-67
-67
-66
-67
-67
-66
-65
-65
-65
-67
-70
-70
-69
-67
-68
-68
-67
-68
-68
-66
-66
-66
-65
-64
-64
-64
-66
-68
-68
-67
-64
-64
-66
-67
-68
-65
-63
-65
-67
-67
-68
-67
-67
-66
-66
-66
-66
-66
-66
-67
-66
-65
-65
-63
-64
-63
-63
-62
-64
-64
-64
-65
-64
-64
-65
-67
-67
-66
-66
-65
-66
-67
-67
-66
-64
-62
-61
-60
-62
-62
-62
-66
-67
-66
-63
-60
-61
-61
-64
-62
-61
-64
-64
-65
-64
-64
-65
-65
-66
-64
-65
-64
-64
-65
-64
-63
-63
-64
-65
-65
-64
-61
-62
-65
-67
-68
-68
-68
-67
-66
-66
-66
-66
-66
-65
-66
-66
-66
-65
-64
-61
-63
-65
-66
-65
-66
-65
-65
-63
-62
-64
-66
-66
-65
-64
-63
-64
-65
-63
-63
-64
-64
-66
-65
-62
-61
-63
-66
-67
-63
-64
-65
-66
-65
-63
-62
-63
-63
-62
-63
-62
-62
-62
-64
-64
-64
-63
-65
-66
-67
-67
-66
-69
-71
-71
-68
-67
-67
-69
-71
-74
-74
-74
-72
-71
-73
-75
-76
-78
-80
-79
-78
-76
-76
-77
-76
-73
-73
-73
-76
-76
-74
-74
-75
-74
-77
-79
-80
-81
-78
-76
-77
-76
-77
-78
-75
-74
-73
-73
-73
-73
-73
-72
-73
-69
-67
-67
-68
-71
-74
-73
-71
-69
-68
-67
-68
-67
-67
-67
-66
-66
-68
-67
-66
-63
-63
-66
-68
-66
-64
-63
-66
-70
-70
-67
-66
-66
-68
-69
-69
-67
-63
-64
-63
-62
-63
-64
-64
-63
-61
-61
-63
-63
-62
-60
-58
-58
-60
-61
-64
-67
-67
-66
-64
-65
-65
-64
-61
-61
-60
-61
-63
-63
-59
-60
-60
-60
-60
-58
-60
-64
-63
-62
-64
-63
-64
-64
-62
-60
-62
-61
-61
-60
-59
-60
-61
-62
-61
-59
-61
-62
-62
-64
-64
-63
-61
-61
-60
-63
-64
-64
-66
-66
-63
-60
-58
-60
-61
-63
-63
-63
-63
-64
-65
-61
-57
-56
-57
-60
-58
-59
-58
-59
-59
-59
-59
-58
-58
-60
-61
-61
-61
-60
-58
-59
-60
-60
-61
-60
-58
-57
-59
-61
-61
-60
-58
-58
-58
-58
-58
-56
-56
-56
-58
-60
-59
-58
-58
-57
-57
-57
-56
-56
-56
-57
-60
-60
-59
-57
-58
-57
-58
-60
-59
-58
-60
-61
-60
-59
-58
-59
-61
-61
-62
-59
-55
-56
-56
-57
-59
-59
-57
-56
-57
-57
-56
-57
-57
-59
-60
-59
-55
-53
-56
-59
-61
-60
-58
-60
-61
-62
-63
-62
-61
-61
-61
-62
-60
-61
-63
-61
-61
-61
-62
-65
-68
-67
-64
-63
-63
-64
-63
-62
-63
-64
-63
-61
-59
-59
-61
-59
-56
-55
-54
-55
-56
-55
-51
-50
-53
-56
-56
-57
-55
-54
-51
-51
-51
-49
-49
-50
-51
-50
-50
-50
-50
-50
-51
-50
-52
-50
-49
-49
-50
-49
-49
-49
-48
-52
-54
-53
-50
-48
-48
-48
-49
-49
-49
-49
-47
-46
-46
-46
-48
-48
-46
-49
-49
-47
-48
-48
-48
-47
-45
-44
-45
-46
-45
-45
-45
-47
-46
-47
-47
-48
-48
-48
-47
-46
-45
-45
-44
-47
-49
-49
-47
-47
-44
-44
-44
-45
-46
-45
-46
-45
-46
-45
-43
-41
-40
-41
-42
-43
-43
-43
-44
-43
-42
-41
-42
-41
-40
-37
-36
-37
-37
-39
-38
-38
-38
-38
-38
-39
-38
-39
-39
-40
-41
-40
-40
-38
-38
-37
-37
-38
-38
-39
-40
-40
-41
-42
-42
-42
-42
-41
-40
-41
-40
-40
-40
-37
-37
-35
-34
-34
-33
-32
-31
-31
-31
-32
-34
-34
-33
-31
-33
-34
-35
-36
-34
-32
-33
-34
-35
-37
-37
-35
-36
-36
-36
-35
-35
-36
-34
-34
-34
-35
-36
-35
-34
-36
-35
-36
-35
-35
-35
-37
-38
-39
-40
-39
-37
-36
-35
-35
-35
-36
-37
-37
-38
-37
-38
-37
-36
-36
-37
-39
-41
-42
-42
-39
-38
-38
-39
-42
-42
-43
-43
-43
-43
-44
-46
-45
-43
-43
-42
-42
-43
-43
-42
-44
-46
-45
-45
-45
-43
-44
-43
-44
-45
-46
-48
-48
-48
-48
-49
-47
-43
-43
-44
-44
-44
-44
-44
-45
-44
-42
-44
-44
-46
-47
-47
-46
-43
-44
-46
-46
-47
-46
-46
-48
-49
-46
-44
-43
-45
-46
-46
-46
-46
-47
-48
-48
-47
-44
-47
-50
-50
-45
-41
-40
-42
-42
-40
-37
-36
-37
-37
-36
-34
-32
-31
-32
-33
-32
-32
-32
-31
-31
-29
-27
-27
-30
-31
-32
-31
-31
-27
-26
-27
-28
-28
-27
-27
-30
-31
-30
-29
-26
-24
-27
-29
-29
-32
-32
-31
-30
-28
-23
-22
-21
-23
-25
-28
-29
-27
-23
-21
-21
-23
-25
-22
-22
-20
-21
-22
-22
-23
-23
-23
-21
-18
-17
-18
-22
-23
-22
-19
-21
-20
-21
-21
-20
-21
-22
-22
-23
-24
-24
-25
-23
-21
-22
-22
-22
-24
-22
-21
-20
-22
-22
-20
-17
-17
-19
-20
-18
-14
-14
-17
-17
-14
-15
-16
-15
-16
-14
-13
-14
-14
-12
-10
-12
-15
-17
-15
-12
-11
-12
-12
-12
-13
-14
-14
-14
-15
-14
-13
-12
-11
-13
-16
-17
-15
-13
-13
-14
-15
-17
-15
-13
-12
-13
-13
-12
-12
-14
-14
-13
-15
-15
-14
-12
-9
-9
-11
-15
-15
-16
-15
-14
-15
-14
-16
-16
-18
-16
-16
-15
-15
-19
-18
-19
-20
-17
-15
-14
-14
-16
-18
-18
-15
-15
-15
-15
-16
-15
-13
-14
-16
-17
-14
-12
-13
-12
-11
-12
-13
-14
-14
-11
-10
-12
-12
-13
-10
-9
-7
-7
-9
-11
-12
-13
-13
-11
-10
-11
-12
-14
-14
-15
-14
-13
-13
-15
-18
-19
-19
-16
-15
-16
-19
-19
-18
-14
-15
-17
-18
-17
-14
-12
-12
-14
-15
-15
-14
-14
-13
-12
-11
-11
-11
-14
-13
-12
-13
-9
-10
-10
-8
-8
-9
-12
-13
-13
-10
-9
-9
-11
-12
-10
-8
-7
-7
-11
-10
-9
-8
-7
-11
-13
-11
-12
-13
-12
-13
-11
-11
-13
-11
-8
-9
-10
-10
-10
-8
-7
-7
-9
-12
-14
-12
-11
-10
-9
-8
-9
-11
-11
-10
-10
-11
-11
-10
-10
-12
-14
-15
-14
-14
-16
-16
-15
-15
-13
-14
-13
-13
-14
-14
-13
-14
-14
-13
-12
-12
-14
-16
-14
-14
-15
-15
-15
-14
-12
-13
-15
-13
-13
-14
-14
-12
-11
-7
-8
-9
-11
-10
-10
-11
-13
-14
-12
-9
-8
-9
-11
-12
-10
-10
-11
-11
-11
-11
-10
-10
-10
-11
-13
-11
-10
-9
-11
-12
-12
-10
-9
-12
-10
-11
-12
-11
-11
-10
-11
-12
-14
-14
-12
-9
-7
-9
-9
-11
-12
-12
-11
-9
-9
-7
-3
-3
-4
-5
-5
-5
-5
-7
-7
-8
-7
-4
-4
-7
-9
-9
-8
-5
-4
-3
-4
-7
-7
-6
-5
-3
-3
-5
-8
-9
-8
-7
-8
-10
-9
-9
-7
-7
-8
-7
-7
-6
-8
-8
-8
-5
-3
-3
-3
-6
-6
-6
-7
-10
-13
-12
-12
-10
-9
-10
-11
-12
-13
-13
-14
-15
-16
-16
-15
-14
-13
-13
-12
-14
-12
-11
-13
-13
-14
-14
-14
-14
-15
-14
-14
-15
-15
-16
-17
-14
-13
-11
-8
-10
-13
-13
-10
-8
-7
-10
-12
-12
-11
-13
-12
-11
-11
-10
-10
-9
-9
-9
-7
-6
-6
-7
-6
-5
-3
-4
-6
-6
-3
-2
-1
-3
-3
-2
-2
-1
-1
1
2
1
1
1
3
4
5
1
-1
2
5
7
7
4
2
0
1
5
4
5
4
2
3
4
6
6
3
3
4
7
6
2
-1
-2
-1
2
1
0
1
4
7
8
8
6
6
3
2
3
5
6
3
1
1
3
6
6
4
1
1
4
4
6
5
6
6
5
5
4
4
2
2
1
3
7
5
4
3
3
5
4
5
6
7
6
6
8
9
10
10
9
8
8
8
5
6
6
7
8
10
9
6
5
5
5
10
15
13
12
9
7
8
11
10
7
5
3
5
5
6
5
5
5
6
6
6
7
6
5
5
6
7
6
4
4
5
6
7
7
5
5
4
5
6
4
3
4
6
6
4
3
3
4
5
5
4
4
5
5
6
8
9
7
4
2
1
1
2
1
1
1
1
-1
-2
-4
-3
-2
-1
-3
-3
0
3
3
2
2
0
0
2
2
0
-1
-1
-2
2
5
5
7
7
6
5
8
10
12
11
11
10
11
13
14
13
12
12
15
17
17
16
15
16
16
14
14
17
18
20
17
13
14
17
19
18
17
17
20
22
24
23
21
19
17
19
19
21
23
23
22
22
21
21
22
23
25
25
24
26
25
26
28
30
29
26
25
24
27
27
26
27
28
29
29
27
27
27
26
25
27
29
30
29
30
31
33
34
33
32
32
35
36
35
35
36
39
39
37
34
36
37
37
33
30
30
34
37
37
36
36
37
35
34
33
34
34
33
33
33
32
34
33
32
31
31
32
33
34
34
33
33
31
31
31
33
34
36
36
34
34
35
35
36
35
34
35
36
37
36
37
37
36
36
35
37
37
38
38
38
40
40
38
38
39
38
38
40
40
41
41
40
43
43
40
39
40
41
42
42
42
43
45
45
44
44
45
45
44
45
46
49
48
46
44
44
42
43
42
44
47
47
46
44
45
46
44
43
41
38
37
38
40
40
40
40
41
41
41
40
39
38
38
39
40
39
39
40
40
42
41
39
36
35
39
42
42
40
39
39
40
40
41
40
40
40
42
43
45
44
42
40
39
42
44
45
45
43
44
44
43
42
40
40
42
44
44
45
44
43
43
43
43
45
44
45
44
42
41
43
43
44
44
44
42
43
43
44
47
47
46
44
41
43
41
42
41
40
43
43
43
41
43
42
41
40
42
43
42
42
41
40
40
40
39
39
39
39
37
38
38
39
41
40
37
35
35
36
35
36
38
41
41
39
41
42
44
44
44
40
39
40
41
44
46
46
43
43
45
45
46
47
48
46
44
43
45
46
49
49
50
50
49
49
48
45
46
47
47
49
48
47
46
47
48
49
50
49
50
50
49
47
47
45
45
46
46
45
42
44
44
44
47
46
44
47
50
50
50
49
48
48
47
47
50
52
52
51
52
52
52
52
53
53
56
57
56
52
50
51
52
53
55
53
53
55
54
54
53
54
55
54
52
52
51
52
55
55
56
57
58
56
56
56
56
57
60
59
58
58
57
56
56
59
61
64
64
64
65
65
65
64
62
59
61
64
66
67
66
65
65
64
66
65
62
60
61
65
66
66
65
65
66
69
72
71
69
66
63
64
65
67
66
67
68
70
70
68
67
67
69
70
69
69
67
69
69
68
68
68
68
68
66
64
64
64
65
65
64
65
67
67
67
67
64
64
63
63
64
66
66
67
68
65
65
65
66
67
67
66
65
64
65
68
67
69
69
68
69
70
70
70
71
71
72
69
67
66
69
72
73
74
73
71
69
69
71
73
73
70
68
71
73
72
71
69
71
73
75
74
73
71
72
73
75
72
70
69
70
72
71
71
71
70
69
69
68
69
69
70
70
70
72
72
73
70
70
70
68
67
64
65
67
67
68
66
67
68
67
65
63
62
63
67
70
70
68
68
69
68
68
68
69
68
68
67
68
70
72
75
75
74
72
70
70
71
73
75
75
72
73
73
76
76
77
73
73
75
77
78
76
75
76
77
79
80
80
77
75
75
74
74
74
73
73
74
75
75
73
71
69
70
73
73
74
73
74
76
76
75
76
77
78
80
79
78
78
76
77
79
81
83
82
83
84
85
85
85
84
85
86
87
87
86
85
85
87
87
89
88
87
85
86
88
88
88
88
88
89
89
88
89
91
91
92
93
92
89
88
86
89
90
89
89
92
93
92
92
92
93
93
94
92
95
93
95
96
95
94
91
93
92
90
88
88
88
87
89
91
91
90
89
88
88
89
89
88
88
86
88
89
90
89
89
91
93
92
90
88
91
96
99
99
96
93
93
91
90
90
91
91
93
94
95
95
96
96
97
96
95
96
96
96
96
97
98
96
94
94
97
98
99
97
94
92
95
97
96
96
96
98
99
98
95
94
95
96
97
97
95
96
95
94
95
98
97
96
97
99
100
98
96
97
99
100
100
98
98
100
101
98
93
93
95
97
98
95
93
92
93
90
90
91
92
96
97
92
91
90
91
93
92
90
87
90
93
93
92
92
92
92
94
95
94
92
92
93
95
96
96
94
94
97
100
98
96
94
96
97
100
102
102
102
103
102
100
98
100
100
100
101
101
100
100
100
98
98
98
97
96
94
95
97
100
99
100
100
99
99
97
98
99
97
98
97
98
98
98
98
100
101
100
98
99
98
97
97
99
101
102
102
101
99
98
99
99
102
101
98
98
98
100
101
102
102
103
103
99
100
100
100
99
98
99
100
100
101
98
98
96
94
95
97
100
98
96
97
100
99
98
97
97
102
103
101
99
97
97
99
100
101
99
97
98
101
101
100
101
99
99
99
99
99
98
99
98
97
97
99
100
101
100
101
100
100
97
96
96
97
97
98
98
98
99
99
100
99
97
96
97
99
100
100
98
98
100
102
104
104
103
104
104
104
105
106
104
104
104
105
104
103
101
101
99
98
98
97
95
95
95
95
97
97
98
96
93
93
93
96
99
100
100
98
99
100
100
101
99
98
99
101
101
101
102
103
104
106
105
104
104
105
105
105
104
104
106
106
104
103
103
105
104
105
103
102
102
101
102
103
102
101
99
99
100
101
99
99
100
101
100
99
98
99
102
105
107
106
104
104
105
105
105
106
107
109
109
110
110
110
111
111
112
114
114
112
112
112
114
113
111
112
111
112
113
114
113
114
112
111
109
109
111
111
111
109
108
107
110
113
114
113
113
114
114
113
111
110
110
110
110
112
113
111
109
107
106
107
108
109
111
110
112
112
112
112
112
112
112
111
110
107
106
108
108
110
111
111
112
112
115
113
111
109
109
110
111
111
112
112
110
110
111
112
113
111
114
116
115
114
113
113
114
117
117
113
112
114
117
118
119
117
115
114
114
114
113
114
115
115
113
114
113
112
111
112
112
111
110
110
110
113
116
115
114
114
114
114
113
113
114
113
114
113
115
117
119
120
117
112
110
111
113
114
115
115
116
115
113
111
110
111
111
111
110
111
109
109
109
108
105
104
105
103
103
103
101
103
104
104
102
101
100
100
101
99
101
101
102
101
100
100
100
103
104
105
104
106
106
104
104
103
102
102
102
103
106
104
103
102
101
103
104
103
104
105
106
105
104
104
104
104
103
103
104
104
103
103
102
104
103
101
98
98
101
104
105
105
103
101
104
105
106
108
107
107
105
102
103
105
106
107
106
104
104
105
105
105
105
104
103
103
102
102
101
101
101
104
102
100
100
100
103
102
102
100
99
100
100
101
102
103
104
105
105
103
104
105
108
108
104
103
104
105
104
103
103
106
110
109
108
107
106
105
105
107
109
109
111
111
110
111
109
106
106
106
107
108
109
110
109
108
107
107
105
106
106
105
104
102
101
102
104
103
99
99
102
102
104
103
102
102
103
102
103
103
104
103
102
102
102
102
106
106
102
102
102
102
102
102
101
98
98
98
98
98
100
97
96
97
98
98
98
97
96
97
98
98
98
97
96
95
97
96
96
95
97
99
99
99
97
96
95
96
96
94
93
93
95
95
97
98
99
100
100
99
99
98
97
96
95
96
97
97
95
94
93
94
95
93
91
91
94
95
93
91
91
90
91
91
91
92
92
91
90
89
89
92
90
89
87
88
90
91
89
87
87
88
89
89
90
90
89
89
88
88
88
87
86
88
89
90
91
92
91
92
91
91
91
91
90
90
87
89
89
91
90
88
89
87
88
88
88
89
91
90
89
89
90
91
91
90
90
90
90
90
89
90
93
94
92
91
88
86
86
90
91
90
87
84
84
86
86
87
88
87
86
86
87
87
87
87
88
87
87
84
84
82
82
83
81
82
85
86
85
85
85
84
84
83
83
85
86
86
87
89
89
87
87
87
86
86
85
85
84
86
85
85
86
85
83
83
85
86
88
88
89
92
92
91
91
91
91
93
94
95
97
98
95
94
96
96
97
97
100
100
100
97
95
95
98
97
95
95
97
99
99
98
97
97
96
96
97
96
98
97
95
93
91
90
92
91
90
90
91
90
89
88
89
92
93
93
94
94
94
95
94
94
93
95
98
100
99
96
95
96
98
98
98
99
100
100
99
99
99
98
97
98
98
98
98
98
99
101
103
103
102
99
97
97
99
99
101
103
103
104
102
101
100
100
99
98
100
102
103
103
103
100
99
101
101
101
100
100
100
102
102
102
100
100
101
105
105
104
102
98
99
99
99
99
98
96
97
96
96
94
91
89
89
92
95
97
96
93
92
92
91
89
90
90
92
93
93
92
92
94
92
92
91
89
90
91
92
95
95
94
92
92
93
94
93
93
95
96
96
95
95
95
95
96
99
99
97
96
95
96
99
100
101
99
99
98
99
99
97
98
99
99
97
98
97
97
99
99
95
94
94
97
102
105
103
98
98
99
99
98
97
97
98
99
100
99
99
98
98
98
98
99
100
101
101
100
100
99
99
98
96
96
97
99
100
98
97
98
99
100
100
100
99
99
100
100
102
102
102
101
100
103
104
105
104
103
103
103
103
102
104
105
106
107
106
108
107
106
103
102
102
105
105
105
104
102
101
102
104
107
108
107
104
102
103
103
104
102
100
99
99
101
101
102
101
100
98
98
98
96
96
95
96
96
98
98
99
99
99
98
96
97
100
101
100
100
99
99
100
102
101
100
99
95
96
97
100
99
99
100
103
104
103
102
100
100
101
100
100
98
99
101
101
101
99
100
102
102
100
100
99
98
100
101
101
102
103
103
104
103
101
101
104
104
103
102
104
103
102
101
101
102
102
102
101
102
103
104
104
101
101
101
102
104
104
103
103
102
101
99
100
100
102
102
101
101
99
100
102
102
101
100
99
99
100
100
98
95
97
98
100
102
100
96
95
98
99
100
100
100
100
100
100
100
100
100
100
100
100
100
100
99
99
101
101
100
100
100
100
104
105
104
100
100
103
105
105
103
99
99
103
103
104
103
103
104
106
106
106
106
104
107
108
110
110
109
108
108
109
111
110
110
109
110
108
109
110
110
109
108
108
109
110
112
111
109
107
107
108
110
111
110
110
107
106
107
108
108
106
106
106
107
109
108
110
111
110
108
107
106
109
110
110
112
110
110
110
108
108
108
104
103
103
105
106
104
105
105
107
106
105
102
102
104
104
104
102
99
98
100
100
101
101
102
102
103
104
103
103
103
103
104
103
104
104
102
103
103
103
102
102
103
103
103
101
103
106
109
109
108
109
108
107
106
105
103
103
104
103
103
101
101
102
101
102
100
100
100
99
101
104
104
103
102
101
102
103
102
102
100
100
100
102
103
104
103
103
101
100
99
99
99
99
97
98
101
102
103
101
101
101
102
102
101
99
99
100
103
102
99
99
98
100
100
100
101
102
102
102
99
98
98
99
99
101
101
100
98
97
97
98
99
100
100
98
99
99
97
95
95
94
94
95
96
96
95
92
90
91
91
93
91
91
93
93
90
90
91
88
88
87
87
88
88
88
87
88
89
89
89
88
89
88
86
85
83
86
88
90
91
92
90
87
87
89
90
91
89
88
89
90
92
90
90
92
93
95
97
95
94
93
96
98
98
97
94
91
93
93
93
93
93
91
90
90
87
86
87
86
87
86
86
88
88
87
87
89
90
90
88
85
84
84
85
87
87
86
85
86
85
83
82
81
83
84
82
83
84
83
83
83
83
84
84
84
83
82
81
78
78
78
77
77
75
74
75
75
75
75
75
77
79
81
78
77
74
74
78
77
76
77
77
78
79
78
79
80
78
77
79
79
81
83
83
84
85
87
86
84
82
83
86
85
86
85
87
87
85
83
82
84
85
88
89
88
88
86
84
86
88
86
86
85
87
88
85
85
83
86
88
88
84
81
82
83
85
85
84
84
85
89
88
85
84
83
84
85
87
87
87
86
84
84
84
82
82
82
84
85
85
84
83
82
82
83
84
84
85
83
80
79
79
80
83
84
83
82
81
81
82
83
82
82
82
84
84
82
81
82
84
86
87
85
85
84
86
88
86
87
88
86
86
88
86
85
85
84
84
84
83
83
83
84
83
80
81
81
80
79
76
79
82
81
80
77
78
80
83
84
83
81
79
78
77
79
77
77
77
77
78
79
82
83
81
80
80
81
81
80
80
79
80
80
79
78
77
80
80
79
76
74
73
73
73
74
74
74
73
72
71
72
74
76
72
72
70
69
69
71
70
69
68
66
67
67
66
66
67
71
73
72
71
70
70
72
71
72
72
73
73
73
72
71
71
71
72
72
72
72
73
72
71
72
74
74
72
71
71
72
74
71
69
67
67
67
68
69
68
68
67
67
67
67
66
66
69
71
71
68
68
67
69
70
68
67
67
70
70
67
64
63
65
65
67
67
68
70
69
68
66
63
63
63
64
65
64
64
64
63
61
61
61
63
65
66
66
65
65
63
62
61
63
63
64
63
63
62
60
59
59
61
62
63
60
57
58
59
60
61
60
59
60
60
60
57
56
56
58
56
55
55
50
51
51
50
51
52
51
51
52
51
52
53
54
54
52
52
53
54
56
56
55
53
52
50
48
49
52
54
54
53
52
52
52
52
51
50
50
52
55
53
49
48
48
49
50
51
49
49
48
49
49
49
47
46
46
47
48
45
47
46
47
46
46
44
43
40
40
41
42
43
41
42
41
43
44
42
41
40
41
42
43
43
40
39
37
38
35
33
32
34
34
33
33
33
34
34
31
29
28
28
28
28
28
28
30
28
25
24
26
27
26
26
22
21
25
26
26
26
25
25
26
25
25
29
29
29
31
27
28
29
28
27
25
24
25
25
27
27
24
23
23
25
24
23
22
22
21
21
23
25
25
24
22
22
23
23
22
21
24
23
23
22
22
23
26
26
25
23
24
26
27
26
24
24
21
22
21
19
19
19
19
21
20
19
19
19
18
19
18
16
15
13
11
9
6
6
5
7
8
9
8
8
9
9
9
7
8
9
10
11
9
6
9
9
8
8
7
5
4
3
3
3
3
5
7
6
7
7
7
7
8
9
10
11
9
9
10
10
12
11
8
7
6
7
7
8
7
9
10
10
10
9
6
7
8
8
10
11
9
7
4
4
4
6
7
4
4
5
7
7
8
7
5
3
3
2
1
3
4
4
5
4
4
5
3
2
0
1
3
2
1
1
1
1
2
1
3
3
3
1
0
0
3
4
3
5
5
5
5
5
1
0
-1
1
1
0
1
1
-1
-1
-3
-5
-3
-2
-3
-4
-4
-6
-5
-6
-9
-11
-9
-7
-5
-8
-12
-13
-14
-14
-12
-12
-11
-11
-14
-16
-14
-15
-16
-18
-18
-17
-17
-18
-18
-19
-19
-18
-18
-16
-15
-15
-14
-16
-17
-16
-15
-14
-14
-15
-16
-17
-17
-17
-18
-19
-17
-17
-17
-18
-18
-19
-18
-19
-17
-20
-20
-21
-23
-25
-24
-22
-21
-22
-23
-22
-21
-22
-23
-23
-24
-24
-26
-27
-27
-24
-25
-23
-22
-24
-24
-26
-24
-23
-24
-25
-27
-28
-29
-28
-27
-24
-23
-26
-28
-31
-31
-27
-25
-23
-25
-27
-30
-31
-34
-33
-32
-31
-27
-29
-31
-33
-34
-35
-36
-35
-35
-34
-37
-37
-37
-39
-39
-40
-39
-40
-43
-44
-48
-47
-45
-43
-41
-43
-46
-46
-46
-46
-48
-48
-49
-48
-47
-46
-46
-48
-49
-50
-49
-48
-47
-46
-46
-47
-47
-49
-50
-50
-50
-49
-48
-49
-51
-53
-54
-53
-52
-51
-51
-52
-51
-52
-53
-55
-56
-57
-57
-55
-52
-51
-53
-57
-58
-58
-56
-54
-53
-53
-52
-53
-54
-55
-55
-55
-56
-54
-52
-52
-53
-53
-56
-55
-55
-57
-56
-58
-60
-59
-59
-60
-60
-60
-59
-60
-63
-65
-65
-66
-66
-67
-66
-64
-61
-62
-65
-67
-69
-67
-65
-63
-62
-64
-66
-66
-64
-64
-65
-66
-67
-69
-70
-70
-68
-66
-66
-65
-66
-65
-66
-68
-70
-71
-72
-72
-75
-75
-74
-74
-73
-74
-74
-75
-77
-78
-79
-79
-79
-79
-79
-80
-79
-80
-80
-81
-80
-79
-79
-77
-74
-75
-76
-77
-77
-76
-74
-73
-72
-74
-76
-78
-78
-78
-77
-75
-75
-75
-75
-77
-79
-78
-77
-77
-79
-79
-76
-73
-75
-78
-79
-78
-76
-77
-80
-81
-79
-77
-75
-75
-75
-74
-76
-78
-78
-77
-77
-76
-78
-77
-76
-75
-76
-78
-78
-77
-73
-71
-70
-72
-73
-73
-71
-69
-70
-73
-75
-74
-74
-74
-74
-73
-73
-74
-76
-78
-79
-79
-76
-74
-75
-75
-76
-76
-73
-72
-73
-76
-77
-76
-75
-75
-76
-75
-75
-74
-72
-73
-73
-73
-74
-74
-74
-74
-73
-76
-77
-76
-74
-72
-70
-73
-75
-75
-75
-74
-75
-75
-76
-75
-78
-77
-75
-76
-76
-77
-77
-80
-79
-80
-79
-80
-82
-84
-85
-84
-82
-83
-83
-82
-82
-82
-83
-84
-85
-84
-80
-79
-78
-80
-82
-81
-80
-78
-77
-77
-77
-77
-78
-79
-78
-78
-77
-77
-75
-75
-75
-77
-75
-75
-76
-74
-73
-75
-75
-77
-79
-80
-81
-82
-84
-83
-80
-80
-82
-81
-81
-82
-82
-83
-84
-83
-83
-84
-85
-84
-84
-84
-83
-84
-83
-84
-86
-86
-86
-86
-85
-86
-85
-86
-86
-88
-89
-88
-85
-85
-87
-88
-89
-89
-89
-89
-90
-92
-90
-88
-86
-86
-87
-89
-90
-88
-87
-88
-89
-88
-87
-87
-87
-89
-88
-87
-86
-87
-88
-87
-85
-84
-84
-82
-81
-81
-82
-85
-86
-86
-88
-88
-87
-87
-86
-86
-87
-87
-88
-88
-87
-89
-89
-86
-83
-83
-86
-86
-86
-84
-83
-84
-85
-85
-85
-84
-83
-81
-81
-83
-84
-84
-86
-85
-84
-86
-87
-89
-89
-85
-83
-83
-84
-86
-87
-87
-86
-83
-80
-80
-82
-86
-85
-84
-82
-82
-83
-85
-84
-83
-82
-83
-84
-85
-84
-82
-82
-82
-83
-82
-82
-82
-82
-84
-83
-82
-83
-84
-84
-84
-82
-81
-81
-81
-80
-81
-82
-81
-81
-82
-84
-86
-85
-85
-85
-87
-88
-89
-89
-89
-88
-89
-87
-86
-87
-86
-86
-86
-87
-86
-85
-84
-84
-84
-85
-87
-85
-84
-84
-84
-85
-86
-86
-88
-88
-86
-87
-87
-86
-88
-89
-89
-89
-88
-89
-89
-87
-90
-89
-90
-89
-90
-93
-95
-96
-96
-98
-98
-97
-96
-96
-96
-97
-97
-97
-96
-94
-95
-97
-98
-97
-96
-95
-96
-100
-99
-97
-96
-95
-93
-92
-93
-94
-95
-93
-93
-93
-93
-92
-91
-91
-90
-89
-88
-86
-86
-88
-88
-86
-87
-88
-87
-86
-85
-84
-83
-85
-85
-84
-84
-85
-87
-87
-86
-83
-83
-85
-87
-86
-85
-86
-87
-88
-89
-91
-91
-89
-88
-87
-88
-89
-89
-90
-90
-91
-90
-90
-90
-90
-92
-95
-97
-96
-94
-92
-90
-88
-90
-89
-89
-89
-88
-87
-89
-91
-89
-89
-89
-88
-90
-92
-91
-93
-93
-92
-90
-89
-90
-90
-93
-92
-90
-89
-87
-88
-88
-88
-88
-89
-90
-90
-92
-92
-93
-95
-95
-96
-94
-93
-92
-92
-93
-95
-96
-98
-96
-93
-90
-91
-95
-97
-93
-89
-88
-93
-96
-96
-95
-97
-95
-95
-94
-93
-92
-92
-93
-95
-96
-97
-97
-98
-99
-98
-99
-101
-103
-102
-101
-102
-104
-104
-102
-99
-100
-101
-102
-102
-101
-101
-100
-102
-103
-103
-105
-104
-101
-101
-101
-103
-104
-104
-105
-105
-104
-104
-103
-103
-104
-105
-106
-106
-103
-104
-104
-104
-104
-105
-104
-104
-102
-102
-102
-105
-105
-105
-105
-105
-105
-105
-106
-103
-102
-100
-103
-105
-106
-106
-104
-104
-104
-105
-104
-105
-105
-104
-106
-109
-108
-105
-105
-103
-104
-104
-105
-105
-104
-105
-104
-105
-106
-107
-106
-105
-104
-107
-108
-109
-107
-104
-103
-102
-104
-104
-106
-106
-106
-105
-105
-106
-110
-109
-105
-104
-105
-106
-106
-106
-106
-105
-102
-101
-102
-103
-101
-102
-102
-101
-103
-103
-102
-103
-102
-101
-102
-101
-98
-99
-100
-102
-102
-99
-99
-98
-99
-99
-99
-98
-97
-97
-96
-98
-99
-97
-97
-94
-94
-95
-95
-94
-95
-94
-96
-97
-95
-94
-95
-97
-96
-96
-95
-93
-91
-93
-94
-96
-98
-98
-97
-97
-97
-96
-96
-98
-97
-97
-96
-98
-100
-101
-101
-99
-99
-100
-98
-95
-93
-94
-95
-96
-98
-98
-96
-95
-96
-95
-94
-93
-92
-92
-92
-93
-91
-90
-90
-91
-92
-94
-92
-91
-91
-90
-90
-93
-93
-93
-94
-93
-91
-91
-92
-92
-93
-92
-90
-92
-93
-94
-95
-92
-91
-92
-94
-95
-95
-93
-93
-92
-95
-97
-96
-95
-95
-93
-92
-92
-92
-93
-93
-91
-91
-92
-92
-93
-94
-93
-92
-90
-88
-89
-92
-94
-92
-92
-92
-92
-93
-92
-91
-92
-93
-91
-92
-93
-91
-92
-91
-90
-90
-91
-92
-92
-93
-95
-95
-93
-92
-93
-95
-96
-95
-92
-93
-94
-94
-93
-94
-95
-92
-90
-89
-89
-92
-94
-93
-90
-90
-90
-91
-90
-92
-91
-90
-90
-88
-88
-88
-87
-89
-91
-90
-88
-87
-89
-91
-91
-91
-90
-90
-90
-90
-90
-90
-90
-90
-92
-93
-94
-91
-88
-88
-91
-93
-94
-93
-92
-92
-93
-95
-94
-93
-92
-93
-95
-94
-90
-89
-88
-90
-91
-92
-92
-93
-94
-96
-95
-93
-93
-94
-96
-97
-96
-96
-99
-100
-101
-98
-96
-97
-100
-103
-103
-100
-100
-101
-102
-100
-100
-103
-107
-107
-106
-105
-104
-103
-102
-103
-104
-106
-105
-104
-103
-103
-103
-104
-103
-101
-103
-104
-105
-103
-102
-102
-102
-102
-105
-106
-105
-103
-105
-104
-106
-107
-107
-108
-108
-107
-105
-104
-104
-103
-102
-101
-101
-100
-101
-100
-99
-100
-102
-105
-107
-106
-105
-105
-105
-106
-106
-106
-105
-103
-106
-106
-106
-107
-107
-106
-105
-105
-105
-107
-106
-105
-104
-105
-107
-107
-107
-106
-103
-103
-102
-101
-101
-102
-103
-103
-103
-104
-103
-103
-105
-105
-107
-107
-107
-108
-109
-109
-107
-107
-106
-106
-105
-105
-106
-107
-108
-108
-106
-105
-105
-107
-111
-111
-109
-106
-106
-108
-108
-107
-105
-105
-107
-108
-110
-110
-108
-105
-104
-107
-108
-108
-109
-108
-109
-108
-110
-107
-106
-108
-108
-109
-109
-109
-107
-107
-109
-109
-108
-107
-106
-107
-110
-108
-108
-110
-110
-111
-109
-109
-109
-109
-110
-109
-107
-106
-108
-107
-108
-110
-109
-106
-105
-106
-107
-107
-106
-104
-105
-104
-104
-105
-103
-102
-102
-101
-100
-99
-101
-100
-100
-99
-102
-104
-102
-104
-102
-102
-103
-105
-103
-104
-103
-102
-101
-104
-104
-103
-102
-101
-101
-101
-102
-103
-104
-105
-106
-107
-104
-103
-101
-101
-101
-102
-103
-103
-103
-104
-104
-102
-102
-103
-104
-104
-104
-105
-105
-105
-106
-107
-106
-105
-104
-104
-107
-107
-107
-108
-107
-108
-110
-112
-112
-112
-112
-111
-110
-111
-111
-110
-113
-112
-113
-114
-116
-117
-116
-117
-116
-116
-116
-113
-112
-113
-113
-114
-113
-111
-109
-112
-111
-112
-113
-112
-112
-111
-110
-110
-111
-112
-111
-109
-109
-108
-109
-108
-107
-105
-106
-107
-107
-105
-105
-105
-106
-108
-107
-107
-106
-109
-110
-108
-107
-107
-109
-109
-108
-108
-107
-109
-111
-109
-108
-106
-106
-107
-108
-108
-109
-109
-109
-109
-109
-110
-109
-111
-107
-106
-105
-105
-105
-106
-106
-106
-104
-104
-104
-105
-105
-106
-105
-104
-105
-107
-110
-110
-109
-106
-107
-108
-108
-107
-104
-103
-105
-108
-110
-112
-114
-113
-112
-111
-110
-110
-112
-113
-113
-113
-112
-112
-113
-111
-112
-110
-109
-109
-110
-111
-113
-114
-113
-114
-114
-113
-112
-111
-112
-113
-114
-114
-115
-117
-118
-120
-119
-118
-118
-117
-117
-116
-115
-115
-117
-119
-120
-121
-119
-117
-118
-120
-121
-121
-121
-119
-118
-118
-118
-120
-120
-118
-116
-117
-118
-117
-115
-114
-113
-115
-117
-117
-118
-117
-115
-115
-115
-116
-114
-113
-112
-112
-115
-116
-116
-114
-114
-114
-114
-116
-114
-113
-114
-115
-117
-117
-116
-116
-114
-114
-114
-116
-117
-116
-117
-120
-123
-126
-126
-124
-123
-121
-122
-123
-121
-122
-121
-122
-122
-121
-121
-119
-120
-120
-121
-121
-123
-124
-123
-123
-127
-129
-128
-127
-125
-126
-127
-127
-127
-128
-128
-127
-126
-125
-126
-128
-128
-129
-127
-126
-124
-125
-129
-129
-129
-130
-131
-132
-131
-129
-128
-125
-125
-123
-123
-124
-125
-122
-123
-125
-125
-125
-127
-125
-124
-126
-126
-127
-126
-126
-128
-127
-126
-126
-126
-125
-126
-127
-127
-128
-126
-125
-126
-127
-127
-128
-125
-124
-122
-121
-122
-123
-120
-120
-118
-120
-120
-118
-116
-114
-115
-118
-120
-117
-120
-118
-118
-117
-113
-113
-117
-121
-122
-123
-120
-120
-121
-123
-123
-124
-123
-122
-121
-122
-123
-125
-126
-128
-131
-129
-128
-126
-125
-128
-129
-130
-128
-127
-128
-127
-127
-126
-128
-130
-130
-128
-128
-129
-129
-131
-131
-131
-130
-129
-128
-128
-129
-131
-130
-131
-132
-131
-133
-133
-132
-133
-134
-134
-133
-133
-134
-134
-133
-134
-136
-135
-134
-136
-135
-136
-137
-134
-133
-136
-136
-138
-137
-138
-138
-139
-139
-139
-138
-139
-140
-140
-139
-137
-136
-138
-140
-139
-139
-138
-135
-133
-132
-131
-133
-134
-132
-133
-134
-135
-135
-133
-133
-133
-134
-136
-139
-138
-137
-137
-137
-138
-141
-141
-140
-136
-135
-135
-134
-135
-135
-137
-137
-135
-136
-135
-134
-135
-135
-136
-138
-137
-137
-136
-136
-136
-135
-133
-132
-132
-133
-133
-132
-132
-134
-135
-136
-134
-134
-138
-139
-139
-140
-141
-142
-143
-141
-142
-143
-145
-144
-144
-144
-144
-146
-145
-145
-149
-150
-150
-152
-151
-148
-145
-143
-144
-146
-145
-146
-148
-147
-148
-145
-146
-145
-147
-147
-147
-146
-145
-146
-148
-149
-147
-146
-146
-148
-148
-148
-147
-146
-146
-149
-147
-148
-149
-149
-149
-150
-151
-151
-152
-152
-153
-150
-147
-146
-146
-148
-150
-147
-145
-149
-148
-149
-148
-145
-144
-146
-145
-144
-144
-142
-140
-139
-140
-140
-139
-138
-139
-139
-138
-139
-137
-136
-137
-137
-136
-138
-137
-137
-140
-139
-137
-134
-133
-135
-137
-138
-138
-135
-135
-136
-138
-138
-138
-139
-140
-140
-139
-140
-138
-138
-139
-138
-137
-138
-139
-139
-140
-141
-142
-144
-145
-143
-143
-145
-145
-144
-143
-143
-144
-144
-144
-143
-143
-142
-142
-143
-143
-142
-142
-144
-145
-146
-146
-147
-146
-147
-147
-147
-147
-146
-145
-146
-146
-146
-146
-147
-144
-142
-142
-141
-143
-142
-139
-139
-138
-140
-139
-137
-136
-137
-135
-134
-134
-133
-135
-135
-136
-136
-136
-136
-137
-137
-137
-136
-134
-136
-137
-137
-136
-135
-134
-134
-136
-136
-134
-134
-135
-136
-137
-136
-136
-136
-137
-139
-139
-140
-140
-140
-140
-139
-137
-137
-137
-138
-139
-140
-142
-139
-137
-136
-137
-137
-137
-134
-134
-136
-137
-138
-137
-136
-136
-135
-135
-136
-138
-138
-139
-140
-141
-141
-142
-143
-144
-144
-142
-143
-141
-142
-143
-141
-139
-137
-139
-139
-142
-142
-139
-138
-138
-136
-137
-140
-141
-139
-137
-136
-136
-138
-139
-139
-139
-137
-137
-137
-138
-139
-139
-139
-139
-138
-138
-138
-136
-134
-134
-132
-131
-131
-133
-134
-133
-132
-133
-135
-135
-136
-136
-136
-136
-137
-133
-132
-134
-134
-136
-136
-136
-138
-138
-136
-136
-133
-133
-135
-135
-134
-134
-131
-129
-131
-131
-131
-132
-132
-131
-130
-131
-131
-131
-130
-127
-129
-131
-131
-132
-131
-133
-133
-130
-130
-132
-135
-139
-141
-140
-137
-137
-136
-135
-136
-136
-137
-136
-135
-135
-133
-135
-134
-133
-134
-135
-135
-136
-134
-135
-136
-135
-133
-133
-133
-133
-133
-133
-133
-134
-134
-135
-134
-134
-132
-131
-133
-133
-134
-134
-137
-135
-137
-139
-139
-137
-137
-138
-139
-140
-142
-143
-144
-145
-146
-147
-145
-145
-146
-146
-147
-147
-147
-148
-147
-149
-150
-151
-151
-149
-146
-147
-147
-148
-147
-146
-142
-141
-144
-145
-145
-143
-141
-141
-143
-145
-147
-148
-147
-144
-143
-143
-142
-143
-142
-142
-142
-141
-141
-141
-142
-142
-141
-140
-141
-142
-142
-142
-142
-141
-139
-139
-139
-138
-137
-137
-137
-137
-138
-136
-138
-137
-137
-136
-136
-136
-137
-137
-136
-136
-135
-135
-134
-135
-137
-139
-137
-136
-134
-135
-136
-137
-138
-139
-138
-138
-137
-137
-136
-139
-142
-144
-145
-144
-142
-139
-141
-141
-141
-139
-140
-139
-139
-139
-139
-139
-137
-135
-134
-134
-135
-133
-133
-136
-137
-136
-135
-133
-131
-132
-132
-134
-136
-136
-138
-139
-137
-136
-137
-138
-137
-135
-137
-138
-137
-136
-136
-136
-135
-136
-135
-133
-136
-137
-138
-137
-136
-134
-134
-132
-133
-134
-135
-134
-130
-129
-129
-130
-129
-128
-126
-125
-124
-124
-124
-124
-125
-127
-128
-128
-128
-126
-123
-123
-124
-125
-124
-124
-125
-127
-127
-128
-128
-127
-125
-125
-127
-129
-128
-125
-127
-127
-128
-126
-125
-124
-124
-125
-125
-125
-124
-122
-122
-125
-127
-128
-125
-123
-122
-121
-119
-119
-119
-119
-121
-121
-121
-120
-119
-118
-120
-120
-120
-120
-119
-120
-121
-120
-121
-121
-120
-121
-120
-118
-120
-121
-121
-123
-123
-123
-124
-123
-121
-121
-122
-122
-124
-125
-125
-125
-124
-124
-124
-125
-124
-126
-127
-125
-124
-124
-123
-124
-125
-126
-127
-124
-123
-122
-123
-123
-121
-119
-119
-119
-118
-118
-118
-117
-116
-115
-115
-115
-111
-111
-108
-108
-108
-107
-106
-106
-106
-103
-100
-99
-99
-98
-98
-99
-96
-94
-94
-95
-95
-94
-91
-89
-88
-89
-91
-91
-91
-90
-91
-89
-89
-88
-88
-86
-84
-86
-87
-89
-89
-89
-89
-90
-92
-93
-92
-91
-93
-93
-94
-96
-99
-99
-98
-99
-101
-103
-103
-101
-101
-105
-104
-105
-106
-106
-109
-110
-112
-114
-113
-111
-111
-114
-115
-115
-116
-118
-120
-123
-123
-123
-125
-127
-127
-128
-129
-129
-127
-126
-125
-126
-126
-127
-128
-128
-124
-124
-125
-127
-130
-128
-125
-122
-120
-117
-118
-116
-116
-114
-112
-111
-109
-106
-104
-100
-96
-93
-90
-85
-81
-74
-70
-68
-64
-60
-55
-53
-50
-47
-41
-35
-32
-30
-30
-25
-20
-18
-17
-17
-15
-12
-9
-7
-6
-5
-8
-5
-5
-4
-4
-10
-15
-17
-19
-21
-23
-29
-34
-37
-40
-45
-51
-56
-63
-71
-77
-86
-94
-100
-106
-113
-121
-129
-137
-147
-155
-163
-171
-178
-185
-193
-198
-205
-207
-217
-227
-234
-237
-240
-244
-250
-254
-260
-263
-266
-266
-264
-257
-243
-223
-200
-188
-173
-167
-151
-134
-113
-94
-77
-63
-48
-32
-20
-12
-6
-4
3
8
15
17
15
19
22
29
29
28
25
24
20
13
4
-6
-16
-19
-26
-29
-40
-49
-59
-62
-63
-65
-65
-69
-68
-61
-49
-35
-27
-23
-22
-18
-12
-3
5
7
13
19
28
35
37
34
32
34
34
35
38
34
36
37
38
33
28
20
15
8
-1
-11
-22
-33
-41
-49
-59
-72
-86
-96
-106
-118
-128
-134
-143
-147
-157
-165
-178
-188
-198
-205
-217
-223
-233
-239
-245
-252
-257
-262
-264
-268
-268
-267
-253
-235
-203
-181
-164
-154
-140
-127
-108
-94
-77
-62
-49
-29
-15
-1
3
7
5
15
14
21
19
17
17
25
30
35
30
25
17
8
-1
-12
-22
-38
-46
-57
-60
-70
-82
-98
-105
-113
-116
-123
-125
-125
-119
-111
-100
-94
-88
-83
-77
-64
-50
-32
-20
-9
2
20
35
46
50
56
65
77
86
87
87
87
87
91
92
87
82
76
75
71
65
56
48
41
38
34
29
20
11
0
-7
-17
-27
-42
-56
-70
-85
-100
-114
-122
-136
-141
-156
-167
-187
-198
-214
-221
-236
-245
-260
-265
-276
-281
-293
-298
-305
-310
-313
-315
-303
-287
-253
-235
-216
-210
-194
-183
-160
-147
-125
-109
-89
-75
-52
-42
-28
-21
-19
-8
-8
0
-2
5
9
21
27
34
31
30
22
18
10
4
-12
-21
-32
-37
-42
-53
-65
-79
-85
-92
-96
-103
-103
-103
-93
-84
-69
-61
-54
-50
-40
-26
-11
-2
10
20
33
50
62
74
80
88
93
104
110
117
113
113
113
118
116
116
110
109
103
99
91
84
75
66
61
56
50
40
28
20
13
4
-6
-22
-34
-47
-57
-72
-83
-99
-109
-121
-128
-141
-155
-172
-186
-202
-216
-228
-241
-253
-268
-280
-290
-300
-310
-321
-331
-336
-334
-320
-298
-265
-245
-228
-216
-203
-181
-161
-136
-113
-92
-74
-50
-30
-18
-4
-2
5
19
25
36
36
41
52
60
68
73
74
72
65
52
44
30
18
5
-5
-14
-21
-38
-54
-72
-81
-92
-96
-100
-100
-96
-92
-81
-71
-66
-63
-55
-43
-24
-9
3
13
29
50
69
82
91
98
109
122
132
140
143
143
147
151
155
157
151
143
138
133
131
120
114
104
97
90
83
73
65
56
50
42
32
19
4
-12
-27
-41
-59
-72
-86
-96
-109
-117
-136
-149
-167
-180
-197
-209
-230
-240
-255
-263
-280
-293
-311
-323
-335
-350
-355
-358
-337
-309
-270
-250
-233
-229
-212
-198
-166
-147
-119
-102
-71
-45
-15
-1
7
13
17
33
36
48
47
60
71
90
98
109
99
99
86
82
68
57
34
24
14
8
-2
-23
-44
-65
-70
-82
-86
-98
-99
-100
-87
-81
-68
-68
-57
-51
-31
-16
0
7
17
30
48
72
86
99
106
122
136
152
156
163
162
169
173
182
181
179
173
175
175
174
165
153
144
140
142
135
127
115
108
101
97
83
67
47
29
6
-9
-24
-37
-51
-61
-72
-88
-107
-133
-153
-178
-195
-218
-231
-254
-270
-293
-307
-327
-342
-360
-363
-381
-375
-370
-341
-300
-266
-242
-232
-215
-197
-168
-138
-111
-85
-58
-34
9
21
43
45
49
65
81
95
107
107
119
136
147
152
148
142
138
125
109
95
70
53
31
20
8
-12
-36
-59
-76
-86
-100
-109
-118
-121
-117
-111
-102
-96
-93
-88
-73
-53
-27
-16
-4
7
22
48
70
89
104
121
142
164
178
186
190
198
207
219
223
224
216
218
222
220
214
198
184
175
169
165
160
148
136
128
123
112
97
73
51
28
8
-11
-20
-35
-48
-62
-76
-94
-119
-146
-166
-187
-205
-218
-235
-255
-274
-295
-316
-332
-352
-368
-382
-391
-391
-372
-341
-297
-270
-249
-235
-226
-201
-176
-144
-111
-85
-51
-21
13
32
42
50
53
71
79
91
96
103
116
130
143
149
150
143
130
115
100
86
61
39
24
15
3
-25
-52
-77
-91
-102
-113
-124
-130
-130
-123
-110
-98
-93
-88
-74
-50
-28
-12
-3
8
27
52
79
100
116
133
152
175
192
202
208
210
220
233
241
246
242
240
241
239
233
224
212
203
192
185
177
168
158
146
141
133
119
98
74
50
28
14
1
-14
-31
-46
-64
-81
-105
-130
-155
-177
-199
-219
-246
-265
-294
-313
-340
-355
-375
-389
-401
-408
-407
-389
-353
-313
-291
-279
-267
-250
-215
-190
-148
-123
-90
-66
-24
-2
26
30
41
51
67
83
95
99
112
129
145
161
158
160
147
143
123
117
90
72
40
28
9
-3
-38
-65
-92
-104
-118
-130
-140
-148
-152
-151
-137
-133
-126
-128
-109
-92
-63
-53
-35
-29
-7
11
41
61
81
97
123
145
170
186
191
199
201
215
227
231
231
233
233
239
233
231
215
207
193
192
192
187
176
167
161
156
148
128
104
76
51
28
16
0
-14
-31
-48
-70
-91
-120
-146
-174
-202
-225
-245
-266
-291
-319
-346
-367
-388
-404
-425
-439
-443
-428
-387
-346
-320
-302
-292
-272
-245
-218
-182
-153
-117
-87
-44
-8
18
30
37
45
61
72
84
93
105
126
146
163
168
166
160
156
137
125
97
72
45
27
13
-5
-37
-67
-92
-109
-121
-141
-155
-166
-171
-165
-153
-150
-142
-144
-129
-111
-88
-72
-56
-42
-24
-1
25
47
70
92
117
146
169
189
202
210
216
229
238
248
244
248
252
256
255
250
240
233
224
219
213
208
