105
86
65
43
29
17
5
-12
-35
-57
-81
-99
-116
-136
-154
-175
-192
-213
-233
-252
-276
-296
-315
-329
-333
-345
-341
-331
-305
-272
-256
-243
-243
-229
-207
-171
-134
-106
-80
-62
-34
-7
14
31
28
37
52
73
95
103
116
122
131
139
145
144
135
124
109
105
98
84
64
42
27
13
-7
-32
-56
-72
-81
-85
-88
-91
-95
-102
-99
-87
-73
-68
-62
-58
-41
-16
8
25
38
48
64
82
103
118
131
144
161
179
196
204
208
214
222
232
236
233
226
222
220
221
220
214
207
201
197
193
190
179
165
152
139
133
121
102
79
55
41
32
22
6
-16
-39
-63
-82
-99
-120
-135
-160
-171
-193
-210
-236
-262
-290
-309
-327
-334
-344
-351
-351
-329
-303
-271
-260
-250
-247
-230
-199
-163
-129
-99
-80
-57
-29
1
20
31
30
40
57
77
99
105
118
132
142
149
151
150
140
124
115
111
108
91
68
46
33
17
-3
-30
-54
-70
-80
-82
-83
-88
-92
-94
-87
-73
-63
-60
-58
-52
-31
-6
13
27
41
57
75
94
112
124
136
148
166
184
197
205
207
215
224
235
237
230
224
223
228
230
229
222
209
204
202
198
193
182
168
152
143
131
117
98
74
57
44
34
19
2
-21
-45
-69
-85
-108
-128
-151
-170
-193
-212
-240
-259
-290
-304
-332
-343
-359
-366
-366
-363
-344
-313
-288
-271
-264
-261
-234
-211
-167
-133
-102
-77
-45
-23
6
20
29
37
50
73
93
107
120
134
145
159
161
166
164
156
143
129
124
113
95
75
53
36
19
-12
-36
-59
-76
-83
-88
-92
-94
-98
-94
-84
-74
-65
-64
-63
-53
-31
-8
11
21
37
50
71
88
106
120
129
145
161
181
198
209
212
220
229
242
241
237
229
225
230
232
228
220
213
204
202
196
191
175
160
145
133
119
102
83
66
51
37
25
9
-15
-43
-70
-94
-113
-131
-146
-167
-186
-208
-236
-256
-287
-310
-333
-348
-360
-369
-373
-360
-331
-292
-268
-259
-260
-251
-227
-196
-154
-120
-86
-61
-28
0
22
38
41
47
62
84
107
120
128
145
164
180
183
183
174
163
145
135
127
114
95
69
52
36
13
-16
-46
-66
-79
-89
-95
-102
-103
-101
-96
-83
-73
-69
-68
-66
-55
-29
-9
10
18
31
51
73
94
107
117
129
144
165
184
195
205
212
226
237
247
241
235
229
231
230
229
222
212
207
203
199
192
183
170
160
145
129
108
86
65
55
45
37
18
-6
-32
-56
-77
-100
-121
-147
-164
-192
-206
-234
-258
-280
-307
-326
-346
-361
-367
-375
-355
-326
-284
-264
-259
-251
-246
-215
-188
-153
-120
-92
-63
-29
5
31
47
50
53
72
90
118
131
141
158
174
198
204
202
196
182
164
153
139
124
105
79
64
49
24
-7
-42
-63
-78
-86
-95
-107
-111
-109
-98
-82
-76
-76
-78
-76
-62
-38
-22
-4
4
19
42
67
86
95
103
116
138
163
179
186
190
200
219
231
238
230
229
228
231
229
225
216
205
199
198
199
193
181
169
162
151
139
116
95
75
63
53
44
26
4
-22
-45
-64
-87
-110
-141
-166
-191
-208
-226
-246
-271
-297
-312
-334
-336
-345
-347
-327
-297
-262
-234
-233
-222
-217
-186
-152
-114
-83
-63
-35
-9
29
49
64
63
72
90
110
133
142
155
174
190
208
215
216
210
186
169
153
142
123
100
75
64
47
22
-8
-42
-59
-77
-88
-96
-101
-102
-95
-83
-65
-61
-64
-67
-60
-40
-20
-4
9
20
38
64
82
98
106
117
134
154
176
190
196
200
208
221
232
233
229
223
223
223
223
211
203
188
184
180
178
169
157
145
137
126
114
98
76
57
41
31
17
2
-23
-45
-68
-86
-110
-131
-160
-186
-217
-243
-266
-289
-307
-322
-335
-340
-345
-340
-317
-283
-251
-236
-229
-229
-213
-187
-150
-110
-81
-59
-34
0
24
47
54
59
71
85
103
121
131
155
174
197
213
217
213
207
192
176
164
147
129
99
83
72
57
30
-3
-28
-52
-75
-88
-101
-110
-109
-102
-81
-63
-55
-56
-61
-56
-36
-19
-4
4
12
31
56
77
92
101
113
129
148
167
180
185
186
195
209
222
221
216
208
210
213
210
203
190
180
170
165
165
156
145
138
128
120
109
90
74
58
47
39
24
2
-19
-42
-60
-80
-97
-119
-143
-168
-195
-224
-253
-280
-302
-318
-326
-329
-333
-332
-308
-270
-236
-215
-210
-208
-197
-176
-142
-103
-70
-47
-20
17
46
67
74
74
81
94
104
117
124
138
164
191
219
230
229
229
213
192
171
148
126
101
80
73
61
37
11
-14
-36
-54
-75
-94
-110
-117
-113
-95
-71
-57
-52
-46
-35
-17
3
16
25
28
42
66
85
99
108
121
144
167
189
205
213
212
210
217
224
221
214
207
210
218
216
208
199
188
183
175
162
147
130
119
112
107
97
84
67
55
46
40
29
12
-12
-38
-58
-74
-94
-114
-139
-158
-181
-208
-231
-259
-281
-301
-320
-329
-333
-336
-315
-270
-222
-185
-169
-165
-157
-144
-160
-132
-74
-27
17
58
91
92
105
119
147
162
157
138
137
126
144
180
208
220
212
209
206
195
178
145
102
65
33
21
7
-9
-36
-62
-70
-76
-88
-101
-115
-122
-121
-114
-100
-88
-82
-65
-36
-3
23
41
66
100
120
139
148
154
158
165
195
222
239
242
253
262
271
264
257
232
207
182
166
161
152
146
147
142
142
133
121
112
93
71
50
25
15
-6
-37
-50
-53
-36
-28
-26
-24
-66
-116
-142
-168
-203
-230
-269
-297
-318
-361
-378
-412
-448
-440
-437
-420
-363
-263
-160
-31
8
93
130
177
180
169
157
203
212
239
252
279
309
270
225
187
140
62
-23
-113
-127
-163
-153
-170
-144
-119
-99
-109
-98
-129
-138
-164
-170
-148
-119
-85
-50
-29
12
53
60
66
37
37
36
40
31
50
57
85
77
100
120
142
116
106
118
149
156
146
138
164
171
176
176
179
189
177
168
164
157
140
123
108
119
100
101
97
106
116
116
111
122
114
129
123
138
135
142
137
128
105
68
24
-6
-50
-61
-99
-108
-125
-134
-142
-181
-199
-248
-290
-325
-386
-409
-443
-461
-464
-474
-466
-430
-397
-340
-292
-180
-7
110
233
269
319
393
380
349
310
269
291
260
240
235
203
174
112
20
-21
-122
-208
-284
-342
-344
-329
-320
-267
-236
-186
-120
-97
-75
-73
-66
-25
-21
0
58
87
122
125
138
184
179
147
117
80
86
44
8
0
-16
-33
-42
-46
-4
1
8
43
87
135
168
187
221
239
250
261
268
267
251
233
236
223
198
175
154
134
97
62
52
44
29
17
27
54
72
83
109
131
144
146
151
159
144
105
73
43
19
-7
-33
-48
-55
-84
-97
-124
-173
-223
-281
-317
-347
-405
-441
-473
-480
-475
-487
-465
-439
-398
-335
-261
-152
15
130
256
308
365
420
421
361
314
240
247
201
159
124
110
83
53
-28
-50
-118
-201
-289
-351
-358
-340
-351
-310
-250
-159
-64
-17
28
64
69
75
57
43
71
68
93
113
148
199
202
171
152
104
71
-8
-74
-107
-123
-143
-137
-121
-56
-19
22
66
113
147
160
186
225
248
257
260
284
312
302
284
265
256
236
187
144
109
77
50
21
21
22
21
43
71
117
156
163
178
194
213
222
205
176
164
145
123
92
51
36
-4
-31
-59
-93
-139
-185
-267
-294
-353
-403
-455
-506
-517
-527
-545
-538
-529
-506
-456
-426
-350
-266
-109
53
207
295
381
433
490
442
378
288
241
193
145
88
86
69
59
13
-32
-76
-144
-246
-329
-392
-400
-402
-389
-330
-236
-115
-11
53
104
151
162
158
111
103
97
91
76
87
126
176
160
141
116
102
46
-36
-114
-150
-187
-217
-230
-193
-134
-84
-17
73
175
253
279
294
316
314
294
260
244
257
265
269
272
280
282
256
215
166
114
62
16
-13
-12
0
32
78
140
207
248
273
296
303
303
259
211
177
134
101
47
8
0
-29
-48
-86
-120
-170
-231
-309
-368
-422
-477
-531
-558
-559
-553
-544
-551
-525
-481
-430
-383
-319
-234
-61
91
246
331
420
496
543
493
429
328
287
217
140
66
37
6
-7
-65
-83
-114
-172
-251
-324
-361
-361
-389
-380
-342
-258
-139
-51
23
104
165
211
210
183
178
150
117
73
53
74
87
65
60
59
80
50
-12
-68
-102
-147
-194
-237
-222
-180
-132
-62
32
153
259
326
373
410
419
406
357
326
303
278
261
251
256
268
257
240
214
180
144
86
38
5
-2
17
45
89
148
199
256
293
317
317
284
243
197
137
83
-2
-48
-89
-100
-111
-115
-139
-143
-202
-232
-300
-373
-442
-533
-592
-621
-637
-630
-613
-600
-498
-441
-338
-272
-145
12
188
265
366
386
488
488
445
354
313
255
231
104
64
13
3
-47
-104
-156
-164
-252
-302
-380
-386
-382
-393
-394
-323
-233
-107
-42
25
110
177
214
207
177
181
167
128
96
71
84
83
47
43
44
47
11
-60
-93
-113
-157
-206
-244
-227
-187
-168
-116
-25
84
192
265
334
408
435
438
416
387
366
318
265
245
223
220
199
175
178
175
159
136
97
87
87
83
100
112
148
203
249
298
329
340
343
315
282
226
140
55
-29
-84
-126
-175
-215
-236
-257
-277
-315
-380
-419
-485
-543
-607
-660
-696
-698
-714
-673
-621
-530
-429
-321
-165
50
227
373
444
512
587
583
498
391
296
266
194
94
32
6
13
-15
-82
-102
-130
-190
-266
-356
-383
-390
-421
-415
-374
-267
-136
-55
30
126
210
281
271
245
243
210
160
90
39
46
24
-6
-18
-8
19
-7
-61
-83
-104
-140
-199
-264
-258
-241
-229
-199
-132
-8
125
212
312
404
493
538
524
499
481
434
383
315
282
275
250
225
215
226
250
231
187
168
162
170
150
128
143
174
213
244
260
296
315
321
303
259
201
124
29
-40
-113
-174
-239
-297
-324
-324
-355
-386
-431
-461
-483
-537
-588
-626
-652
-666
-666
-649
-556
-489
-389
-257
-57
159
351
437
546
619
677
628
513
391
333
234
146
10
-35
-43
-52
-91
-109
-124
-110
-179
-248
-302
-329
-357
-395
-416
-343
-256
-155
-78
7
132
244
283
299
285
286
252
168
87
29
-16
-56
-115
-122
-100
-84
-92
-104
-107
-91
-121
-165
-201
-202
-193
-195
-181
-107
-4
108
202
306
429
537
591
610
607
592
543
465
386
327
277
225
177
159
169
174
169
166
181
202
197
174
157
163
177
181
176
188
216
245
251
243
227
198
140
67
-10
-83
-162
-243
-309
-340
-370
-404
-443
-463
-468
-478
-514
-534
-564
-579
-600
-615
-605
-556
-508
-415
-303
-125
83
264
411
537
637
716
688
599
500
398
309
175
37
-43
-89
-119
-145
-176
-155
-159
-182
-215
-248
-261
-291
-354
-365
-346
-284
-224
-182
-108
6
113
202
226
263
299
295
245
159
84
44
-32
-107
-156
-169
-158
-169
-182
-141
-112
-93
-106
-109
-81
-72
-97
-96
-76
-11
46
105
202
316
419
507
566
638
663
639
589
529
470
390
283
200
140
110
84
50
49
80
118
147
154
176
208
223
219
207
212
227
219
207
199
199
197
159
119
77
34
-25
-100
-168
-214
-265
-321
-377
-418
-444
-477
-505
-537
-556
-569
-573
-577
-568
-562
-519
-471
-395
-305
-181
-16
166
313
437
527
620
662
622
534
442
360
259
107
-22
-97
-141
-178
-239
-257
-237
-228
-240
-267
-274
-259
-274
-292
-292
-266
-219
-187
-152
-86
-2
86
145
183
234
269
272
235
179
140
96
17
-70
-132
-151
-165
-201
-219
-201
-162
-129
-118
-85
-39
-10
-4
4
36
84
110
139
190
270
361
439
496
557
600
626
611
560
493
418
324
231
140
79
38
0
-10
12
63
116
154
200
259
305
327
315
305
296
279
247
205
165
141
108
76
34
-8
-50
-91
-136
-176
-237
-285
-342
-384
-438
-488
-531
-550
-564
-559
-560
-546
-507
-468
-408
-364
-306
-240
-148
-31
111
233
350
432
508
563
556
510
433
353
276
158
35
-62
-134
-184
-236
-272
-270
-267
-257
-253
-244
-218
-211
-215
-215
-203
-179
-161
-148
-114
-66
-9
44
83
132
180
208
204
179
161
136
86
14
-55
-101
-138
-184
-211
-210
-187
-160
-132
-81
-11
39
75
100
140
174
191
202
227
268
318
361
415
476
528
558
564
559
538
482
399
311
237
176
109
46
13
18
52
89
126
183
247
306
336
346
352
343
310
262
210
172
133
89
54
28
6
-28
-74
-108
-131
-169
-218
-279
-321
-359
-398
-441
-460
-465
-449
-444
-427
-412
-379
-355
-326
-305
-273
-246
-196
-134
-26
83
193
275
355
421
468
445
399
326
268
184
74
-40
-117
-172
-211
-256
-270
-258
-233
-219
-211
-198
-179
-186
-203
-216
-218
-216
-216
-215
-184
-135
-74
-20
31
97
167
214
227
214
201
182
131
58
-10
-55
-88
-127
-149
-143
-113
-74
-39
10
74
123
151
166
183
204
202
188
181
204
245
289
326
373
420
470
499
503
488
460
411
348
277
214
158
111
81
75
94
124
150
186
231
270
291
286
276
261
239
207
168
130
101
67
43
21
-3
-34
-68
-98
-117
-144
-185
-223
-254
-269
-285
-309
-327
-332
-325
-310
-312
-312
-315
-320
-330
-339
-350
-340
-335
-296
-227
-117
-4
99
177
273
345
382
353
307
257
216
133
41
-49
-93
-127
-157
-186
-182
-175
-163
-175
-178
-177
-180
-209
-236
-247
-234
-227
-219
-203
-157
-94
-31
16
79
150
212
240
240
236
235
204
147
81
42
14
-16
-49
-52
-31
-4
11
38
86
131
155
165
182
205
208
193
181
196
224
253
284
328
383
427
453
468
479
474
450
405
359
314
263
204
152
120
109
98
87
87
109
145
168
177
189
201
213
204
182
163
147
123
99
65
54
31
3
-33
-53
-82
-97
-140
-152
-172
-180
-192
-213
-226
-244
-254
-283
-296
-343
-349
-395
-401
-441
-441
-454
-410
-389
-303
-226
-92
11
117
191
284
322
344
301
275
240
188
100
28
-31
-57
-103
-145
-163
-162
-164
-179
-199
-194
-197
-211
-228
-237
-228
-212
-204
-183
-155
-104
-53
-8
42
104
161
203
215
229
247
244
214
174
143
125
94
56
39
39
43
36
45
74
104
116
128
147
181
191
190
194
218
235
247
253
280
307
329
341
363
382
397
382
360
333
309
270
216
160
126
99
75
44
34
51
76
90
107
131
167
190
197
196
195
178
156
128
111
90
57
18
-11
-35
-53
-89
-113
-132
-142
-161
-179
-208
-230
-261
-284
-315
-348
-378
-407
-426
-446
-463
-473
-465
-453
-419
-390
-315
-219
-102
-3
93
170
261
293
306
280
269
237
181
92
32
-21
-48
-101
-147
-165
-168
-180
-199
-218
-206
-204
-209
-217
-211
-190
-169
-165
-145
-112
-68
-27
5
46
108
164
203
225
253
288
296
279
251
234
216
174
121
87
67
51
32
28
46
69
84
102
129
165
182
181
178
184
190
197
199
210
227
252
268
283
295
307
314
311
298
284
262
231
188
149
118
91
61
40
37
49
64
85
115
146
172
187
197
206
203
186
160
133
111
81
44
6
-31
-62
-94
-128
-161
-189
-216
-240
-269
-286
-310
-342
-376
-404
-417
-430
-446
-462
-458
-455
-437
-440
-424
-401
-358
-295
-219
-134
-42
40
121
194
231
257
258
257
237
185
124
73
14
-44
-113
-164
-191
-218
-239
-247
-244
-215
-201
-184
-158
-131
-107
-88
-80
-60
-43
-30
-11
9
54
106
145
179
210
251
284
281
263
250
238
217
174
129
102
68
36
16
15
29
30
30
53
88
119
127
124
135
147
149
150
150
163
174
189
215
243
263
275
281
292
296
285
261
226
197
170
138
102
76
65
67
73
83
102
131
158
172
181
188
184
165
138
112
90
61
26
-6
-30
-57
-91
-127
-155
-182
-214
-246
-278
-294
-314
-327
-348
-352
-358
-356
-366
-363
-370
-374
-389
-401
-410
-415
-418
-410
-382
-320
-227
-131
-30
68
167
241
283
294
297
287
250
181
106
47
-6
-73
-132
-170
-177
-184
-192
-183
-154
-121
-98
-85
-60
-40
-33
-40
-44
-36
-23
-23
-12
13
55
92
120
150
189
222
244
253
260
266
256
231
198
174
149
110
72
53
49
43
27
22
38
54
59
56
66
93
116
131
157
192
224
240
249
265
277
270
250
237
235
228
207
183
171
171
166
153
141
140
142
139
128
121
115
106
90
76
68
61
48
36
31
33
31
18
7
-1
-13
-42
-79
-114
-142
-174
-210
-241
-263
-275
-292
-307
-319
-322
-335
-342
-358
-359
-366
-374
-390
-394
-395
-393
-392
-385
-356
-315
-240
-162
-69
11
97
167
234
260
276
266
263
227
183
118
69
15
-29
-81
-101
-115
-120
-131
-127
-116
-101
-95
-88
-75
-57
-39
-29
-17
-6
8
16
28
41
65
89
116
140
173
208
241
255
269
278
285
269
241
208
174
130
85
47
27
5
-14
-18
2
31
55
81
116
156
190
216
239
258
263
254
245
238
228
212
193
184
181
176
167
161
159
159
155
145
133
118
100
78
58
43
30
15
2
1
11
24
30
32
44
58
66
63
56
47
31
-7
-47
-90
-131
-178
-227
-269
-289
-307
-319
-333
-335
-327
-318
-315
-318
-318
-311
-312
-312
-316
-314
-306
-301
-294
-281
-254
-214
-151
-89
-12
50
118
173
223
248
270
262
253
212
172
118
70
11
-36
-78
-94
-109
-114
-120
-107
-91
-71
-53
-31
-8
6
20
30
41
40
43
47
64
80
101
117
144
174
209
233
250
254
258
253
243
219
195
163
133
102
84
73
64
48
45
56
73
84
97
115
141
162
176
193
208
214
209
205
201
192
175
153
139
132
120
104
91
83
80
72
62
50
42
37
32
28
29
32
38
45
56
72
79
79
78
81
82
74
51
32
12
-11
-48
-88
-126
-162
-198
-232
-255
-267
-280
-287
-281
-269
-257
-251
-250
-238
-239
-233
-248
-251
-262
-262
-271
-275
-274
-265
-253
-239
-206
-159
-97
-44
16
64
126
158
176
178
182
178
153
121
90
70
41
8
-19
-25
-30
-32
-43
-40
-33
-22
-17
-3
12
30
37
51
62
73
77
82
90
104
114
120
127
136
152
160
163
167
175
181
182
173
169
159
149
134
124
114
105
89
81
78
83
85
94
110
124
135
145
155
163
160
150
141
130
116
97
81
67
58
46
38
33
34
33
33
32
37
41
47
53
60
65
74
85
93
100
99
95
85
77
64
44
17
-12
-41
-67
-97
-126
-153
-177
-195
-208
-217
-221
-224
-221
-215
-206
-201
-200
-203
-201
-204
-209
-220
-230
-241
-247
-253
-257
-254
-250
-244
-242
-233
-204
-168
-122
-80
-31
20
72
107
139
156
183
187
179
162
149
137
118
95
77
65
45
30
16
13
6
3
0
8
14
24
29
40
49
58
61
66
72
76
82
90
102
115
126
137
149
162
169
173
174
171
167
158
144
132
120
110
101
93
91
90
93
96
104
108
109
104
103
103
101
98
93
90
87
79
72
64
57
53
47
46
41
42
45
51
56
63
65
69
72
81
84
93
94
93
90
83
77
70
59
41
18
-5
-20
-38
-56
-82
-100
-118
-133
-148
-157
-165
-168
-175
-173
-168
-169
-172
-181
-183
-188
-191
-210
-221
-236
-240
-256
-259
-269
-264
-265
-261
-255
-236
-202
-163
-112
-59
3
58
111
144
187
206
234
233
228
212
198
174
150
117
98
75
59
44
27
20
9
3
-1
5
4
11
16
35
44
54
56
66
69
81
83
92
101
110
117
122
129
137
138
137
137
135
136
128
121
114
116
115
112
105
106
107
108
106
108
110
108
102
98
95
91
85
79
75
70
67
59
58
54
51
47
45
44
44
45
48
49
51
52
55
61
62
62
62
65
71
73
71
68
66
62
50
37
20
3
-18
-42
-66
-89
-113
-131
-149
-154
-160
-166
-171
-173
-171
-164
-165
-170
-176
-184
-188
-204
-210
-223
-222
-231
-234
-237
-228
-225
-214
-209
-193
-174
-138
-97
-47
-3
47
89
131
162
191
209
227
224
220
206
188
168
136
111
85
68
50
35
20
18
14
22
23
25
28
37
46
54
45
43
40
39
36
35
34
40
40
46
58
68
77
83
94
114
125
132
136
138
145
146
148
147
147
144
142
135
132
126
122
112
105
96
91
83
73
66
58
53
47
47
43
44
39
37
32
34
36
38
37
43
45
53
59
67
75
81
88
94
96
93
88
77
68
49
32
6
-18
-43
-67
-91
-108
-126
-138
-146
-149
-150
-157
-155
-158
-153
-156
-150
-163
-154
-167
-163
-170
-174
-179
-181
-195
-188
-198
-191
-196
-190
-186
-173
-171
-149
-130
-85
-44
-6
37
69
113
138
171
178
203
190
202
181
183
165
152
124
113
93
86
66
50
41
32
27
21
15
14
16
13
20
11
16
11
19
21
32
32
46
47
62
74
86
102
113
127
143
154
170
181
189
197
196
190
183
169
158
141
125
116
99
90
76
68
66
62
61
62
59
62
61
59
60
56
59
58
57
57
55
54
53
51
56
63
64
64
64
71
71
72
71
66
60
51
35
24
4
-10
-32
-53
-69
-76
-87
-92
-106
-106
-108
-105
-111
-111
-115
-114
-120
-124
-123
-132
-133
-148
-150
-160
-163
-175
-174
-182
-169
-177
-173
-172
-168
-161
-153
-139
-119
-92
-65
-29
-2
39
69
101
124
147
160
177
179
180
175
159
150
124
111
89
72
49
35
19
20
8
9
7
15
25
30
34
41
46
52
59
63
70
71
77
80
87
91
100
106
123
131
145
151
159
161
166
164
167
156
152
141
135
128
118
114
106
101
96
93
90
89
85
89
87
90
86
88
87
85
81
77
71
71
65
65
64
61
58
54
53
53
53
51
48
47
47
48
46
45
43
38
31
22
11
-1
-11
-23
-31
-43
-47
-56
-59
-68
-67
-75
-78
-89
-92
-96
-102
-108
-111
-117
-116
-119
-121
-122
-127
-126
-126
-128
-128
-127
-123
-119
-119
-113
-104
-91
-73
-51
-30
0
25
57
79
101
122
133
137
141
136
130
115
100
87
71
61
47
39
36
36
36
42
46
56
63
75
83
93
98
103
103
107
106
103
104
100
100
97
98
100
103
104
112
119
129
135
140
145
148
144
146
146
145
142
134
127
120
115
108
101
95
94
91
93
93
97
98
98
95
97
90
85
75
69
66
65
61
57
52
51
49
48
51
53
56
55
57
57
60
57
52
45
36
29
21
9
-1
-11
-20
-30
-39
-44
-47
-51
-56
-60
-62
-61
-63
-62
-65
-62
-68
-71
-76
-76
-84
-88
-97
-98
-103
-108
-113
-114
-109
-106
-108
-105
-100
-91
-88
-86
-85
-82
-78
-74
-66
-53
-40
-28
-15
-2
20
36
47
57
67
76
78
78
80
79
76
71
64
62
62
59
60
63
67
72
75
79
84
88
92
91
93
95
94
97
98
101
106
108
112
114
119
119
120
118
118
115
110
105
103
100
95
92
92
93
94
94
94
94
94
94
95
93
91
92
87
86
78
76
73
68
64
59
52
49
42
39
35
33
33
31
31
31
31
28
23
18
13
5
-2
-10
-16
-20
-26
-31
-33
-36
-36
-37
-40
-43
-42
-46
-42
-46
-48
-50
-59
-64
-71
-76
-80
-88
-93
-96
-97
-94
-97
-99
-102
-102
-104
-107
-108
-107
-106
-102
-102
-97
-93
-86
-78
-68
-58
-46
-32
-21
-6
7
18
27
38
39
44
42
47
49
50
52
52
53
59
60
62
65
70
80
84
86
90
94
99
103
99
103
101
106
107
108
106
105
98
101
101
103
103
100
103
105
106
103
98
97
100
101
104
104
112
117
120
121
124
126
129
125
122
119
118
114
107
102
95
88
82
71
65
60
57
52
46
42
41
40
39
35
30
26
23
17
13
9
4
2
-2
-4
-10
-12
-14
-11
-10
-12
-9
-12
-11
-19
-24
-31
-35
-43
-45
-55
-57
-62
-66
-69
-74
-75
-75
-77
-76
-79
-77
-77
-80
-77
-80
-76
-79
-76
-74
-71
-69
-64
-62
-53
-43
-31
-17
-9
5
15
27
35
38
42
46
48
50
51
51
55
57
62
65
73
74
80
82
90
97
107
113
117
121
127
128
130
125
120
118
116
116
113
115
114
112
114
116
117
119
117
119
122
124
123
123
122
120
118
119
121
123
123
123
126
126
126
123
122
121
121
113
105
92
84
74
64
54
45
38
33
26
22
20
18
17
18
20
22
20
18
17
16
16
12
10
4
-1
-1
0
-8
-11
-14
-14
-17
-21
-25
-30
-35
-37
-43
-48
-50
-56
-61
-69
-77
-82
-86
-88
-89
-90
-89
-85
-81
-72
-69
-64
-61
-58
-54
-53
-51
-49
-45
-44
-41
-40
-33
-30
-22
-18
-10
-2
10
16
21
27
31
37
39
41
39
38
39
44
46
52
56
65
75
82
90
96
106
114
117
119
116
113
109
104
98
96
90
88
84
85
89
91
93
96
102
109
114
116
120
123
131
131
131
127
122
115
109
99
93
89
85
80
75
73
74
72
70
65
60
55
48
43
36
31
23
16
10
4
1
-1
-5
-4
-4
1
3
5
7
9
8
3
-2
-9
-13
-21
-27
-34
-38
-42
-42
-46
-47
-51
-51
-53
-50
-55
-56
-61
-64
-65
-67
-72
-75
-76
-76
-74
-70
-68
-65
-59
-53
-48
-44
-42
-44
-45
-46
-48
-48
-47
-50
-48
-47
-41
-40
-36
-31
-24
-18
-12
-10
-2
6
13
18
20
27
31
37
38
44
46
50
56
60
61
66
68
73
78
83
84
82
80
82
85
84
83
80
82
82
83
85
88
91
92
93
98
101
105
103
104
105
104
104
101
96
90
84
78
71
66
62
57
55
53
52
51
51
49
49
46
41
34
32
30
28
23
17
14
12
9
4
3
5
6
6
3
1
0
-3
-4
-5
-7
-9
-12
-16
-16
-19
-21
-24
-25
-28
-29
-31
-33
-35
-35
-37
-40
-40
-44
-46
-48
-48
-50
-49
-51
-53
-52
-51
-49
-51
-51
-49
-47
-42
-37
-34
-29
-26
-25
-23
-23
-21
-23
-23
-25
-23
-23
-19
-17
-10
-6
2
10
20
27
34
37
42
45
48
49
49
48
46
46
45
48
50
53
55
57
61
66
69
74
78
84
89
90
90
90
91
96
95
93
90
89
89
87
84
83
81
75
71
69
69
69
68
64
65
63
60
56
52
50
45
39
38
38
38
34
31
28
28
27
25
23
19
14
14
10
5
1
-2
-5
-9
-17
-20
-24
-25
-25
-23
-23
-21
-16
-13
-14
-14
-17
-17
-20
-24
-25
-30
-31
-33
-36
-39
-41
-42
-43
-43
-42
-39
-37
-37
-37
-39
-38
-38
-39
-42
-42
-43
-41
-41
-39
-39
-39
-40
-37
-35
-34
-32
-30
-27
-22
-15
-13
-10
-12
-9
-5
-3
-1
-2
-3
3
8
11
14
15
19
25
31
36
41
45
47
51
51
54
53
55
50
51
53
57
56
56
57
60
63
62
60
57
58
59
56
54
51
47
47
47
49
49
48
49
50
49
47
45
47
45
43
41
39
39
36
33
32
29
29
26
21
20
20
20
18
14
10
11
9
7
3
-2
-5
-7
-8
-8
-9
-8
-9
-7
-5
-5
-2
-4
-2
-3
-5
-8
-9
-12
-11
-13
-17
-20
-21
-23
-24
-27
-27
-25
-24
-23
-20
-21
-20
-18
-17
-17
-19
-19
-22
-22
-22
-19
-20
-19
-16
-14
-10
-9
-8
-5
-3
2
5
5
7
8
10
10
10
13
15
18
23
28
34
41
48
52
53
56
60
62
61
61
62
64
65
63
60
61
63
62
63
63
64
65
65
67
68
69
69
65
64
62
61
61
58
56
56
56
58
57
58
57
56
55
56
55
52
51
49
49
51
49
47
42
40
40
39
38
34
29
25
24
22
20
18
16
13
13
11
11
10
12
13
13
11
10
8
7
6
5
7
6
7
3
3
4
5
6
4
3
4
6
6
5
3
2
3
1
-1
-1
-2
-1
-1
0
4
5
6
7
7
10
9
8
9
8
7
6
6
9
10
8
9
11
11
12
15
16
18
20
20
19
19
21
25
28
33
40
43
46
47
48
47
43
44
40
38
38
40
40
39
36
37
40
42
43
45
49
53
54
52
53
52
50
48
46
45
46
43
42
41
38
39
40
39
38
38
35
33
33
32
29
28
27
30
28
24
21
21
20
19
17
16
14
15
18
17
16
14
12
10
9
7
6
5
4
1
-1
-1
-3
-3
-4
-4
-3
-4
-6
-5
-6
-8
-8
-7
-7
-4
-2
-3
-6
-5
-3
-4
-1
-3
-2
0
1
1
3
4
4
3
3
5
5
4
1
-1
0
1
2
4
6
7
5
6
7
9
11
12
13
12
15
18
19
20
20
20
22
24
25
23
23
24
27
25
24
23
25
26
27
27
27
31
35
39
41
42
44
44
46
49
49
46
46
45
45
44
42
38
37
38
36
34
30
27
25
26
25
24
20
16
16
17
18
19
18
20
23
24
22
20
18
20
22
21
18
17
16
15
14
13
16
15
15
13
12
11
10
7
6
6
2
4
2
0
2
5
7
11
14
15
14
15
17
20
18
18
17
16
15
16
15
15
16
16
16
14
14
17
21
22
23
24
26
30
30
33
35
36
36
36
37
36
36
34
33
33
35
34
34
31
27
27
28
31
34
35
38
37
34
32
31
31
30
31
32
37
39
40
41
44
45
47
48
50
54
58
61
62
61
58
55
53
52
51
52
53
55
51
46
46
46
48
46
42
41
41
40
40
39
39
39
38
36
35
33
34
35
34
34
31
30
30
29
26
26
27
27
27
25
23
23
25
27
26
23
20
19
20
20
18
16
18
20
20
20
19
19
20
21
21
19
18
19
19
20
20
19
19
20
20
18
19
20
22
22
22
22
24
25
27
28
29
29
32
34
37
40
42
43
44
44
43
40
38
38
37
39
38
37
33
30
30
26
23
22
23
24
26
25
26
29
29
30
34
35
38
39
38
38
40
41
42
40
38
37
39
39
39
39
38
39
38
38
36
35
32
34
34
34
32
30
28
28
28
29
28
28
29
27
25
26
24
23
22
23
19
14
9
7
6
2
-1
-4
-4
-4
-2
-1
1
4
7
7
5
6
7
11
14
15
14
11
10
8
6
7
7
6
6
6
6
5
4
3
5
5
3
5
2
3
4
3
4
5
5
5
4
6
10
10
10
10
9
11
13
14
14
14
14
15
16
15
17
17
16
15
15
15
15
12
12
14
14
14
11
11
14
16
18
20
19
20
20
20
22
27
30
29
28
28
30
30
27
23
23
21
20
21
21
20
20
20
20
23
22
22
22
23
25
28
29
28
29
28
25
23
21
22
25
23
24
23
22
22
21
19
19
17
18
16
14
12
9
6
3
2
1
-1
0
2
3
6
9
11
14
17
19
21
22
22
20
20
21
21
21
19
16
15
16
11
11
10
12
15
17
15
16
17
19
25
26
27
27
26
29
31
32
30
30
31
31
30
31
30
30
30
29
31
32
32
33
34
34
33
32
33
32
33
37
39
42
42
41
41
45
47
48
45
43
42
40
37
35
35
37
38
37
37
38
40
38
36
36
34
32
30
28
27
27
27
27
26
28
29
32
33
33
35
37
38
41
42
43
41
40
38
38
37
36
35
34
35
32
32
32
31
32
34
34
32
29
29
28
26
24
20
18
16
14
14
15
14
13
12
10
12
16
19
20
20
17
16
18
20
22
22
19
19
20
18
18
19
19
19
21
20
22
24
26
28
29
30
33
33
31
31
31
30
29
27
27
28
28
28
28
26
24
25
23
24
25
25
25
25
21
21
25
28
30
30
32
34
39
39
38
37
37
37
34
34
36
38
39
39
37
35
34
36
38
38
36
37
40
41
40
38
36
33
31
29
27
25
24
24
22
22
22
23
24
24
25
24
23
21
20
18
21
23
24
22
23
22
24
24
23
23
22
24
22
22
23
23
22
23
20
20
18
17
16
14
9
7
8
10
12
11
12
12
13
16
18
19
19
20
20
21
23
25
27
26
26
26
26
25
22
23
23
26
24
24
23
23
26
27
27
26
30
31
34
30
28
29
31
31
31
29
27
28
29
28
26
24
22
22
21
23
25
28
29
30
31
30
32
32
32
32
32
35
37
35
33
31
31
34
34
34
35
37
37
36
36
37
35
33
32
30
28
26
23
23
23
22
22
21
18
18
16
16
16
16
18
18
21
21
20
21
24
26
28
29
28
28
26
24
23
26
28
30
29
28
28
26
27
28
25
25
19
15
15
17
17
16
16
16
17
15
14
13
13
16
18
17
15
15
17
20
21
21
20
18
17
16
15
17
17
16
15
15
15
16
17
16
17
18
19
21
21
23
26
28
28
28
29
30
31
28
28
28
28
26
22
18
17
20
20
18
18
19
20
20
17
17
18
19
21
25
25
25
23
21
23
27
29
29
26
25
25
24
22
21
20
18
17
17
21
21
20
17
15
15
17
16
12
10
10
10
14
13
12
14
11
11
11
12
11
10
9
10
12
13
14
15
14
15
16
17
17
14
12
12
12
13
11
7
6
8
8
9
11
11
12
10
10
13
16
16
14
12
10
9
8
7
7
7
7
9
6
3
5
8
8
8
7
6
8
8
6
5
5
6
8
9
8
8
9
11
11
15
17
18
16
17
16
16
15
14
14
14
13
13
13
12
11
10
10
7
4
3
3
8
8
7
7
7
10
11
11
11
13
13
14
15
15
17
19
17
16
16
14
11
9
10
11
11
9
5
5
7
8
7
5
4
5
7
7
7
6
6
7
8
5
4
2
0
0
-1
-1
0
0
2
4
3
3
1
1
1
1
1
1
3
4
6
6
4
4
4
7
8
7
7
6
8
11
11
12
10
12
13
10
8
6
4
5
5
7
9
6
4
2
3
4
6
5
4
5
5
6
6
6
5
7
8
9
8
8
8
10
11
14
13
11
10
12
17
19
18
15
13
15
18
18
14
11
12
15
16
14
13
13
13
14
13
12
13
12
12
15
16
16
16
15
14
13
15
18
18
18
16
17
17
16
13
12
13
15
18
16
15
15
16
15
15
15
16
15
14
15
15
13
14
14
12
13
11
10
12
13
14
15
17
17
16
15
14
14
13
14
14
15
16
18
17
16
13
14
15
16
18
18
20
21
21
21
20
20
20
21
20
17
17
16
16
15
13
13
14
13
13
14
12
11
13
14
14
13
10
11
14
13
10
10
11
12
13
15
14
16
14
14
13
14
15
15
15
15
16
20
22
20
18
18
18
18
18
17
17
18
16
16
17
16
17
17
16
16
16
15
14
13
13
13
13
12
10
10
10
10
10
9
9
10
13
14
12
12
13
16
16
14
11
11
12
16
18
16
14
13
13
13
12
10
9
9
9
8
7
6
7
6
5
5
6
7
6
6
6
5
3
2
3
0
-1
0
0
2
2
2
2
1
3
6
8
9
7
4
3
3
4
4
4
3
3
2
2
3
3
4
6
8
10
9
6
4
4
5
4
2
0
1
1
3
2
1
-2
-2
0
0
0
2
3
3
3
4
3
1
0
1
3
6
6
7
6
4
1
1
2
4
3
3
4
5
5
5
3
2
2
2
1
0
0
-1
-1
-3
-2
0
0
0
1
2
3
3
1
1
3
3
3
-1
-2
-3
-2
-2
-1
-1
-1
-1
-1
-1
-1
-2
-3
-5
-4
-1
-1
-1
-1
-1
1
2
1
-2
-2
-1
-3
-4
-4
-4
-2
-3
-4
-5
-5
-4
-3
-5
-6
-4
-2
0
-1
-2
-1
2
6
6
5
1
0
1
0
2
1
3
6
6
3
2
1
2
3
1
0
-1
-1
-2
-2
0
0
-2
-4
-5
-5
-5
-3
-4
-3
-2
1
2
1
1
1
1
0
-1
-2
0
2
2
1
4
5
2
1
2
3
7
8
5
6
8
12
13
10
9
8
6
6
5
6
5
5
4
4
5
6
6
6
4
2
1
2
4
5
2
-3
-4
0
4
4
4
3
4
4
5
5
6
10
9
9
8
6
5
4
6
10
9
10
12
12
14
10
6
4
4
5
5
4
4
3
3
2
3
3
2
3
2
3
2
4
2
2
4
5
6
5
4
4
5
5
5
3
3
4
4
4
4
4
4
6
6
6
7
6
6
7
7
7
7
8
7
8
9
10
7
6
5
6
6
4
3
2
0
3
3
2
-2
-4
-4
-3
-1
-3
-3
-1
5
6
6
4
4
6
4
1
-1
-1
2
3
2
2
1
3
4
4
3
3
3
1
0
-2
-3
0
2
2
-1
-4
-4
-3
-3
-5
-4
-3
1
2
-1
-3
-5
-6
-3
-3
-4
-3
-4
-1
0
1
0
-3
-4
-4
-1
2
3
1
-3
-3
-1
1
3
3
1
-3
-6
-5
-2
0
1
-1
-2
-3
-1
0
1
0
0
-1
0
3
4
5
3
3
4
4
5
6
5
5
6
6
9
10
9
10
10
9
8
9
9
8
8
6
7
7
7
7
7
7
8
9
10
8
5
3
3
5
6
5
5
4
4
5
8
8
5
6
7
9
11
10
8
9
12
12
10
10
13
14
13
11
10
12
15
14
11
10
10
11
10
9
12
13
11
9
9
10
10
9
10
9
10
10
8
8
6
7
7
9
10
10
12
11
11
11
12
11
12
11
13
14
16
16
15
16
16
15
14
16
17
16
15
16
16
17
18
17
16
17
17
16
15
13
12
12
10
12
12
14
15
15
16
14
13
12
15
15
14
14
14
16
17
15
15
16
18
17
14
16
19
20
18
15
15
17
17
18
15
15
16
17
17
16
14
15
16
16
18
16
14
12
12
10
9
10
12
12
9
9
9
11
10
12
14
16
14
10
9
8
8
10
11
10
10
11
12
12
11
9
9
9
10
12
12
11
11
9
8
7
7
6
6
7
5
5
3
2
2
3
5
8
7
5
6
8
9
10
8
8
9
8
8
8
9
8
10
9
11
12
11
10
9
10
11
13
12
11
10
10
10
9
8
10
12
12
10
9
10
11
11
12
11
11
14
14
11
11
10
12
13
13
10
11
12
13
12
11
10
11
13
13
12
10
10
10
9
10
11
12
12
11
10
11
10
7
7
7
10
13
11
7
4
4
6
5
3
2
2
3
3
1
1
1
2
4
4
3
5
8
10
9
7
6
7
6
6
5
4
4
4
4
3
2
4
5
5
4
3
4
7
8
7
6
6
8
7
5
5
3
5
6
8
8
8
8
7
7
5
4
4
5
8
10
9
7
7
7
7
7
6
4
4
8
9
10
9
7
7
10
10
11
8
7
8
8
8
9
11
11
10
10
11
10
9
9
8
9
9
8
11
10
9
8
7
10
11
9
8
10
11
13
13
9
6
7
10
13
13
10
7
8
7
8
7
7
8
10
8
7
9
10
11
9
9
8
8
9
9
8
7
6
6
7
7
7
7
6
7
7
6
8
9
9
9
8
7
7
6
5
6
6
7
5
2
4
5
7
8
6
6
7
6
9
9
9
9
7
5
3
4
4
3
4
5
5
6
7
8
6
5
4
5
5
6
7
8
7
9
8
7
8
7
7
7
9
11
11
9
8
6
7
9
10
9
9
9
10
11
12
12
12
12
10
11
12
8
8
6
8
9
7
8
6
6
9
11
8
8
10
11
13
13
12
12
13
14
16
13
12
10
10
12
12
11
10
8
9
12
13
14
13
12
11
10
10
8
8
9
9
11
12
12
10
8
8
10
8
6
9
7
6
7
10
12
12
9
7
6
6
8
8
7
8
10
10
10
8
8
7
7
10
11
11
13
12
12
14
15
18
16
12
10
13
15
16
15
15
11
9
11
12
15
15
13
12
13
15
15
15
12
13
15
15
16
14
15
17
16
13
13
12
12
11
10
11
12
13
13
13
15
15
15
16
15
15
16
16
14
10
12
15
18
17
15
15
16
18
17
17
15
16
17
16
17
18
16
16
17
16
16
17
14
14
16
17
18
19
16
17
15
15
17
19
19
19
20
18
18
20
21
19
15
14
14
16
17
16
15
15
17
18
20
20
18
17
18
17
18
17
15
16
19
18
18
16
13
13
13
14
14
14
14
14
16
15
12
11
11
13
14
14
11
13
14
15
14
17
16
15
15
14
12
11
11
11
8
9
10
12
14
12
11
11
14
14
12
12
12
14
16
14
12
10
10
11
13
13
10
10
9
11
12
13
13
12
13
16
15
14
12
11
10
10
11
10
11
11
11
10
9
10
11
12
14
14
11
11
12
15
14
14
15
15
15
14
12
12
12
11
10
8
8
9
11
12
14
12
13
10
9
11
15
17
15
12
11
12
14
15
15
15
15
13
11
13
14
13
11
10
10
11
12
9
9
11
13
12
12
12
10
12
13
14
14
17
17
16
16
17
15
15
17
18
19
19
18
17
15
14
15
15
15
14
12
14
15
17
15
12
14
16
18
17
18
15
15
14
14
14
13
15
16
18
17
17
16
15
15
15
16
18
19
15
14
15
18
21
19
14
14
16
19
19
19
19
17
17
17
18
17
18
18
19
19
20
20
18
16
16
17
19
18
18
18
18
19
19
17
15
15
14
14
16
16
17
18
19
19
18
17
17
16
19
18
17
19
20
19
19
17
16
19
20
18
17
15
12
13
13
12
12
14
13
12
12
14
15
16
17
18
17
15
14
12
12
13
14
14
12
11
13
13
11
11
9
8
10
11
12
12
12
12
13
14
12
12
11
12
15
14
11
9
9
11
13
12
10
8
9
10
11
11
13
13
12
14
15
17
17
14
12
11
10
12
11
7
8
9
9
10
11
12
11
9
10
12
13
14
13
11
10
9
11
11
12
9
8
8
9
10
10
9
10
12
13
12
12
12
12
12
10
11
12
13
13
10
10
11
12
13
11
11
14
16
16
13
13
14
15
15
12
13
15
17
17
14
12
12
14
15
13
12
12
13
12
12
12
10
9
13
15
17
13
7
5
8
10
10
10
10
9
9
8
6
5
5
6
6
5
5
4
4
5
7
7
5
4
3
3
2
1
0
3
4
4
1
-2
1
3
3
2
1
1
4
3
4
4
5
5
4
0
0
0
3
5
6
4
1
1
3
6
6
6
2
2
5
4
3
0
1
5
8
7
5
1
0
0
1
0
0
0
1
3
2
-1
-1
-1
1
2
2
3
1
1
1
1
1
-1
0
2
3
2
1
0
-2
-1
1
-2
-3
-1
1
3
4
3
4
1
1
1
0
-2
-3
-3
-5
-5
-4
-2
-1
-1
-2
-4
-5
-7
-8
-8
-5
-4
-4
-6
-8
-8
-8
-6
-6
-7
-7
-8
-7
-5
-6
-6
-7
-8
-7
-5
-5
-5
-5
-4
-4
-4
-5
-7
-6
-5
-6
-7
-8
-7
-5
-5
-5
-7
-8
-8
-6
-7
-7
-8
-8
-8
-6
-4
-4
-7
-8
-7
-6
-5
-6
-8
-10
-9
-7
-5
-5
-7
-8
-11
-11
-11
-9
-7
-5
-5
-4
-4
-5
-6
-6
-6
-6
-7
-9
-10
-10
-8
-8
-8
-8
-9
-9
-9
-9
-10
-11
-11
-11
-9
-8
-9
-10
-13
-12
-10
-9
-9
-10
-12
-13
-14
-14
-12
-12
-12
-11
-10
-8
-8
-11
-12
-12
-12
-10
-11
-11
-11
-11
-9
-9
-13
-15
-10
-7
-7
-10
-12
-13
-12
-11
-12
-12
-12
-12
-11
-12
-15
-17
-16
-16
-17
-18
-18
-17
-16
-14
-13
-14
-15
-16
-15
-14
-11
-9
-10
-13
-13
-13
-12
-11
-13
-14
-12
-10
-9
-11
-12
-13
-10
-9
-9
-8
-9
-9
-12
-11
-10
-8
-9
-10
-10
-9
-11
-14
-12
-12
-13
-10
-10
-8
-10
-12
-12
-9
-9
-9
-10
-10
-8
-7
-9
-8
-8
-7
-7
-8
-9
-9
-9
-9
-8
-6
-5
-4
-5
-5
-5
-4
-4
-4
-5
-7
-7
-6
-6
-7
-7
-5
-5
-4
-5
-3
-3
-2
-4
-6
-6
-5
-3
-2
-3
-2
0
-1
-2
-3
-4
-5
-4
-3
-1
-3
-2
-4
-3
0
2
4
3
2
3
3
2
1
0
2
3
1
0
-2
-2
0
1
-2
-3
-4
-4
-3
-3
-4
-2
-4
-6
-6
-6
-6
-5
-6
-8
-7
-8
-9
-9
-7
-6
-4
-7
-7
-6
-4
-4
-6
-6
-4
-3
-6
-8
-11
-8
-6
-6
-5
-7
-6
-5
-2
-3
-5
-8
-5
-2
-1
-3
-4
-4
-4
-4
-6
-9
-10
-10
-9
-8
-7
-6
-3
-3
-3
-4
-6
-7
-8
-7
-6
-3
-3
-4
-6
-6
-7
-8
-7
-8
-8
-9
-8
-7
-7
-5
-3
-3
-3
-2
-2
-3
-2
-2
-3
-2
-2
-2
-3
-4
-3
-3
-1
-4
-4
-2
-4
-5
-4
-6
-7
-6
-5
-6
-5
-5
-7
-7
-7
-7
-6
-7
-7
-6
-6
-7
-7
-9
-13
-13
-11
-7
-5
-8
-10
-12
-12
-10
-9
-10
-9
-6
-5
-6
-7
-10
-10
-8
-7
-8
-8
-10
-10
-7
-8
-8
-7
-7
-6
-4
-6
-9
-9
-9
-8
-7
-6
-7
-8
-10
-10
-9
-7
-7
-7
-7
-7
-8
-8
-9
-9
-8
-6
-7
-8
-7
-8
-6
-6
-7
-8
-7
-6
-6
-5
-4
-5
-5
-5
-4
-5
-7
-7
-6
-5
-5
-5
-7
-8
-7
-4
-3
-5
-7
-7
-5
-5
-7
-8
-7
-6
-6
-8
-10
-9
-6
-5
-6
-8
-7
-3
-1
-2
-4
-9
-7
-5
-4
-4
-4
-4
-5
-4
-4
-2
-2
-3
-4
-5
-4
-3
-3
-3
-3
-3
-3
1
0
-1
-3
-3
-2
-1
-3
-2
0
0
-1
-5
-7
-6
-4
-4
-5
-6
-5
-3
-4
-5
-5
-4
-6
-4
-3
-3
-4
-3
-3
-3
-3
-2
-1
-3
-4
-5
-3
-1
0
-1
-2
-1
0
1
-2
-3
-5
-5
-1
-1
-2
-1
-1
0
-1
-1
0
0
1
0
0
2
1
1
2
1
2
0
-3
-4
-5
-2
-1
-2
-3
-2
0
3
5
6
6
6
6
5
5
2
-1
0
3
5
6
7
6
5
2
1
1
4
6
7
7
7
5
4
3
2
4
5
6
4
6
5
4
4
5
4
4
5
5
5
4
5
4
3
1
1
2
2
0
-2
-2
-1
0
-2
-4
-3
1
3
2
-2
-3
-1
1
-1
-4
-6
-5
-4
-3
-6
-5
-4
-5
-3
-2
-3
-3
-2
-2
-5
-5
-4
-4
-3
-4
-7
-7
-3
-1
-2
-4
-4
-4
-3
-4
-5
-5
-4
-3
-2
-2
-2
-3
-6
-7
-8
-7
-5
-5
-5
-5
-4
-3
-5
-6
-8
-8
-10
-11
-8
-8
-8
-8
-8
-7
-6
-6
-8
-8
-8
-7
-6
-6
-5
-7
-7
-10
-12
-10
-7
-4
-4
-5
-8
-8
-10
-8
-7
-7
-6
-5
-4
-4
-6
-7
-6
-5
-5
-5
-6
-5
-4
-6
-9
-7
-6
-4
-3
-7
-9
-11
-11
-8
-7
-6
-7
-8
-9
-8
-9
-8
-8
-7
-8
-10
-11
-10
-8
-8
-9
-9
-8
-6
-7
-7
-7
-8
-9
-10
-12
-13
-14
-13
-11
-9
-10
-13
-15
-16
-13
-11
-11
-12
-14
-14
-14
-13
-14
-15
-15
-15
-12
-12
-11
-12
-14
-14
-14
-14
-14
-14
-15
-14
-12
-11
-11
-13
-14
-14
-12
-10
-9
-7
-6
-5
-7
-8
-9
-10
-9
-9
-7
-7
-8
-9
-10
-8
-7
-7
-10
-10
-9
-7
-8
-8
-8
-8
-8
-9
-11
-10
-9
-8
-10
-9
-10
-8
-9
-8
-8
-8
-7
-11
-12
-11
-9
-8
-8
-8
-7
-4
-4
-6
-8
-7
-6
-5
-6
-7
-6
-8
-9
-8
-8
-6
-2
-1
0
-2
-4
-4
-4
-2
-2
-3
-2
-3
-4
-5
-4
-1
1
2
-1
-3
-5
-4
-2
-2
-1
-1
0
-1
0
0
-1
-3
-4
-4
-3
-2
-2
-2
1
2
2
-1
-3
-3
-2
-2
-2
0
0
2
1
-1
-1
-2
-2
-1
-3
-2
-1
0
2
2
1
1
2
4
1
-2
-2
-1
-2
-3
-1
1
3
3
2
0
0
0
1
-1
-1
-1
-1
0
2
3
2
1
-1
-1
1
1
0
-1
-1
0
0
0
0
-1
1
0
-1
0
3
4
2
2
2
4
5
5
6
4
3
2
0
-1
-1
-1
1
1
2
2
1
-1
-3
-2
-2
-3
-3
-4
-3
-3
-3
-5
-6
-6
-6
-5
-6
-7
-4
-4
-5
-5
-7
-6
-7
-8
-10
-10
-6
-5
-6
-7
-7
-6
-8
-8
-8
-8
-7
-8
-8
-9
-9
-7
-6
-7
-8
-8
-9
-10
-8
-9
-10
-8
-9
-10
-9
-10
-10
-10
-10
-9
-11
-8
-7
-5
-7
-8
-9
-8
-8
-11
-13
-12
-10
-8
-9
-11
-11
-11
-9
-8
-10
-10
-9
-9
-10
-12
-9
-8
-8
-9
-10
-9
-10
-9
-9
-11
-12
-11
-11
-10
-11
-12
-13
-13
-13
-10
-11
-12
-13
-14
-14
-12
-10
-7
-8
-10
-10
-8
-7
-5
-6
-9
-10
-9
-7
-9
-9
-11
-10
-8
-7
-7
-8
-9
-9
-9
-8
-8
-7
-6
-8
-10
-9
-5
-7
-10
-10
-8
-6
-5
-7
-8
-10
-10
-8
-7
-6
-6
-3
-5
-4
-5
-3
-6
-8
-11
-13
-10
-7
-8
-10
-11
-9
-7
-8
-10
-10
-7
-8
-9
-10
-10
-7
-4
-5
-8
-8
-7
-6
-7
-6
-6
-7
-9
-12
-14
-13
-11
-8
-6
-7
-8
-10
-10
-7
-8
-11
-11
-9
-7
-7
-8
-7
-8
-8
-9
-8
-5
-5
-8
-9
-7
-6
-7
-10
-11
-10
-10
-10
-10
-11
-11
-11
-10
-8
-7
-8
-8
-6
-7
-8
-9
-9
-6
-7
-7
-7
-5
-6
-8
-8
-6
-2
0
0
0
-1
-1
-3
-4
-3
-1
0
1
0
-2
0
1
-2
-3
-5
-5
-3
-3
-2
-1
-1
0
0
0
0
-1
-3
-3
0
2
1
-1
-4
-4
-1
0
-1
-2
-3
-3
-4
-5
-6
-3
-3
-2
-2
-2
-2
-1
-3
-4
-3
-1
0
0
-3
-4
-3
-3
-2
-3
-3
-4
-4
-3
-3
-2
-2
-4
-3
-5
-5
-4
-2
0
0
-2
-4
-2
-1
2
2
1
0
1
0
1
1
2
2
1
1
1
0
1
1
0
0
-1
2
5
5
4
0
-1
-1
0
1
1
-1
-2
2
2
3
2
0
-2
-2
-3
-2
-1
0
1
1
1
0
-2
-2
-1
0
0
1
0
-2
-1
0
3
3
2
0
0
-2
-3
-5
-3
-2
-1
0
0
0
0
1
-1
-2
-1
0
1
-3
-3
-5
-3
-2
-5
-4
-4
-4
-4
-4
-2
-1
0
2
2
1
-3
-6
-6
-5
-3
-2
-2
-2
-1
-2
-5
-5
-5
-3
-1
-1
-2
-2
-2
-2
-2
-2
-2
-1
0
-3
-4
-4
-2
-2
-3
-3
-3
-1
0
-1
-1
1
0
-1
-1
-3
-3
-3
-3
-2
-3
-3
-2
-1
1
1
0
0
-2
-4
-5
-4
-3
-4
-5
-4
-3
-4
-4
-2
-3
-2
-3
-3
-4
-4
-3
-2
1
0
-1
-2
-3
-3
-3
-1
-3
-3
-4
-2
0
0
-1
-3
-3
-2
-1
-2
-2
-1
-1
0
1
0
1
0
-2
-1
-3
-1
0
2
3
2
0
-3
-1
-2
-2
-3
-2
-1
0
0
0
-1
-1
-3
-4
0
1
0
0
1
2
1
1
0
-2
-3
-1
-1
-1
-2
0
-1
0
-1
-3
-2
-1
-2
-1
-1
-3
-2
-2
0
1
0
-3
-4
-2
-2
-2
-4
-5
-4
-1
-1
-2
-1
0
3
4
2
-1
-3
-2
-2
-3
-2
-1
1
1
-1
-2
-1
-1
0
1
1
1
1
1
-1
-3
-1
-1
0
0
-2
-3
-3
-2
-2
-2
-3
-1
-1
-1
-1
2
1
1
0
-2
-1
-2
-2
-1
1
1
-1
-2
-3
-1
1
0
-2
-3
0
3
4
2
-1
-1
-2
2
3
2
-2
-3
-1
0
0
-1
-1
1
2
2
0
-2
-1
-1
-2
-1
1
2
1
-1
-4
-3
-2
-2
-2
-2
-2
-1
0
-1
-1
-2
-4
-5
-3
-2
-2
-3
-3
-4
-4
-3
-2
-5
-5
-5
-7
-5
-4
-5
-6
-5
-5
-4
-4
-4
-5
-6
-6
-7
-7
-6
-5
-5
-6
-8
-9
-7
-5
-4
-5
-5
-5
-4
-4
-4
-5
-5
-4
-3
-2
-1
-2
-4
-6
-7
-8
-7
-7
-5
-5
-6
-8
-9
-8
-8
-8
-7
-10
-11
-9
-8
-6
-8
-10
-11
-12
-13
-15
-14
-14
-15
-17
-18
-17
-15
-13
-14
-16
-18
-18
-19
-19
-19
-17
-15
-15
-16
-17
-17
-15
-14
-14
-15
-15
-14
-16
-18
-18
-18
-17
-20
-21
-19
-18
-19
-19
-21
-20
-17
-18
-18
-20
-20
-21
-22
-23
-22
-21
-20
-22
-24
-25
-22
-21
-20
-21
-23
-24
-23
-21
-21
-23
-25
-26
-26
-25
-26
-26
-24
-24
-23
-24
-24
-23
-24
-25
-25
-26
-28
-27
-24
-24
-24
-23
-22
-22
-20
-20
-21
-22
-23
-23
-24
-22
-21
-19
-20
-21
-21
-22
-22
-20
-19
-21
-21
-22
-22
-21
-22
-23
-24
-24
-23
-20
-18
-17
-19
-19
-20
-19
-19
-20
-19
-20
-21
-21
-23
-23
-20
-20
-21
-21
-22
-23
-20
-19
-18
-20
-19
-20
-20
-19
-20
-19
-16
-15
-16
-17
-16
-15
-15
-14
-15
-17
-17
-17
-16
-15
-16
-17
-17
-17
-14
-12
-12
-12
-16
-17
-15
-16
-16
-17
-18
-15
-14
-13
-11
-13
-13
-13
-11
-12
-11
-12
-11
-12
-12
-16
-18
-17
-18
-18
-18
-14
-14
-12
-12
-15
-18
-16
-18
-19
-17
-14
-13
-13
-16
-19
-18
-16
-16
-16
-16
-18
-17
-16
-16
-16
-18
-18
-16
-15
-14
-12
-13
-15
-16
-14
-13
-13
-13
-15
-16
-16
-15
-14
-13
-13
-11
-12
-14
-15
-14
-12
-12
-15
-17
-18
-17
-14
-15
-15
-18
-18
-17
-16
-14
-14
-15
-18
-18
-16
-17
-17
-17
-19
-18
-17
-16
-15
-17
-18
-20
-19
-19
-18
-16
-16
-17
-16
-17
-16
-15
-17
-19
-18
-15
-13
-15
-17
-19
-19
-17
-16
-15
-15
-15
-18
-18
-19
-18
-16
-16
-16
-16
-16
-16
-18
-19
-20
-21
-21
-19
-20
-20
-21
-24
-23
-22
-21
-21
-21
-23
-26
-24
-23
-21
-22
-25
-25
-25
-24
-22
-23
-24
-24
-26
-28
-26
-25
-25
-25
-26
-25
-23
-24
-24
-26
-24
-23
-23
-24
-23
-24
-25
-26
-28
-28
-25
-26
-27
-28
-29
-28
-28
-26
-29
-27
-27
-27
-26
-26
-26
-28
-30
-29
-28
-28
-26
-26
-26
-26
-26
-26
-29
-32
-33
-29
-27
-27
-27
-26
-24
-23
-24
-26
-26
-24
-22
-23
-25
-26
-27
-27
-27
-29
-28
-28
-27
-28
-30
-29
-29
-27
-28
-29
-28
-27
-28
-30
-30
-29
-27
-25
-27
-26
-27
-27
-28
-30
-29
-27
-28
-29
-29
-28
-29
-30
-32
-32
-30
-28
-28
-30
-30
-30
-29
-29
-30
-28
-27
-27
-30
-31
-32
-29
-27
-28
-27
-25
-23
-25
-26
-26
-27
-26
-28
-30
-28
-26
-24
-24
-25
-25
-27
-28
-27
-26
-24
-24
-25
-25
-24
-23
-21
-22
-24
-23
-22
-21
-22
-23
-23
-22
-22
-22
-22
-22
-20
-20
-21
-19
-18
-21
-21
-22
-21
-19
-19
-19
-19
-18
-18
-18
-17
-17
-19
-18
-17
-18
-18
-16
-15
-13
-14
-17
-17
-18
-16
-15
-14
-15
-13
-13
-14
-13
-14
-15
-17
-16
-15
-14
-14
-14
-12
-12
-13
-16
-16
-15
-13
-11
-10
-14
-16
-16
-14
-14
-13
-15
-17
-18
-17
-15
-14
-15
-16
-16
-16
-16
-16
-16
-17
-17
-16
-14
-15
-16
-16
-19
-19
-18
-19
-19
-16
-18
-19
-19
-20
-22
-21
-21
-21
-20
-21
-23
-26
-24
-22
-20
-22
-25
-24
-23
-22
-22
-23
-24
-25
-23
-21
-21
-21
-22
-24
-24
-23
-24
-26
-27
-27
-26
-25
-24
-24
-26
-25
-23
-24
-24
-25
-25
-25
-27
-26
-25
-22
-24
-24
-24
-23
-21
-19
-19
-20
-21
-22
-23
-21
-22
-23
-24
-23
-23
-22
-22
-21
-21
-24
-23
-22
-22
-20
-19
-20
-20
-20
-20
-20
-21
-20
-19
-19
-20
-20
-20
-21
-21
-22
-20
-20
-19
-18
-19
-22
-21
-21
-22
-22
-21
-20
-18
-19
-20
-21
-21
-22
-22
-21
-21
-21
-20
-20
-21
-23
-24
-23
-19
-17
-18
-21
-23
-23
-24
-25
-26
-24
-22
-23
-25
-24
-23
-22
-23
-23
-23
-23
-23
-21
-21
-21
-20
-21
-23
-24
-24
-24
-23
-23
-24
-20
-21
-23
-25
-23
-22
-21
-24
-26
-26
-24
-23
-20
-19
-19
-19
-22
-23
-24
-24
-24
-24
-24
-24
-21
-20
-18
-20
-23
-22
-19
-18
-16
-19
-20
-22
-20
-20
-18
-17
-20
-19
-18
-18
-17
-18
-20
-18
-17
-14
-14
-14
-16
-18
-18
-16
-18
-21
-19
-19
-18
-17
-17
-17
-19
-20
-21
-21
-23
-24
-23
-21
-20
-17
-17
-19
-20
-22
-21
-17
-17
-17
-20
-21
-20
-19
-18
-19
-19
-18
-17
-16
-16
-18
-18
-17
-18
-18
-21
-20
-19
-21
-22
-21
-20
-20
-21
-19
-21
-22
-21
-22
-22
-20
-19
-19
-18
-21
-24
-26
-24
-21
-21
-21
-20
-18
-18
-20
-23
-27
-26
-22
-18
-18
-20
-20
-23
-25
-26
-24
-22
-19
-19
-23
-24
-24
-22
-20
-21
-23
-22
-21
-23
-25
-25
-25
-24
-24
-23
-22
-22
-20
-20
-21
-20
-20
-20
-19
-21
-23
-22
-21
-21
-23
-24
-24
-21
-21
-24
-24
-25
-25
-23
-23
-23
-25
-25
-27
-27
-27
-23
-22
-21
-22
-24
-24
-24
-22
-23
-24
-24
-22
-21
-20
-22
-23
-24
-24
-23
-22
-24
-27
-28
-26
-23
-25
-26
-26
-27
-25
-24
-24
-28
-31
-33
-32
-31
-30
-33
-34
-34
-29
-26
-28
-31
-35
-38
-37
-35
-35
-36
-38
-37
-36
-36
-36
-36
-37
-37
-37
-40
-40
-40
-38
-35
-35
-34
-33
-33
-34
-36
-39
-39
-37
-37
-38
-39
-40
-39
-40
-39
-41
-43
-45
-44
-43
-42
-42
-45
-47
-47
-44
-42
-39
-38
-40
-41
-42
-43
-42
-40
-39
-40
-40
-41
-41
-41
-39
-39
-41
-40
-41
-39
-37
-37
-38
-37
-37
-37
-36
-33
-33
-36
-36
-37
-39
-38
-36
-36
-35
-36
-37
-40
-39
-37
-37
-36
-35
-36
-36
-37
-38
-38
-39
-39
-37
-37
-36
-34
-36
-40
-41
-42
-41
-39
-39
-38
-37
-36
-37
-37
-37
-37
-36
-37
-39
-38
-37
-35
-34
-36
-35
-34
-34
-35
-35
-36
-37
-36
-38
-39
-39
-36
-37
-38
-36
-33
-36
-36
-37
-36
-33
-34
-35
-39
-40
-40
-41
-41
-40
-38
-38
-40
-40
-40
-40
-38
-38
-37
-37
-37
-39
-40
-39
-39
-38
-40
-39
-40
-39
-37
-36
-38
-38
-36
-36
-36
-36
-38
-36
-36
-37
-34
-34
-33
-34
-33
-32
-30
-31
-33
-36
-34
-33
-33
-35
-32
-31
-30
-31
-33
-32
-31
-31
-32
-31
-29
-30
-30
-31
-32
-32
-31
-33
-33
-32
-31
-31
-32
-32
-33
-31
-31
-31
-32
-32
-33
-32
-33
-35
-33
-31
-30
-32
-32
-29
-28
-28
-29
-31
-30
-27
-26
-27
-26
-26
-28
-29
-29
-28
-28
-25
-26
-29
-31
-32
-31
-30
-31
-32
-31
-29
-28
-27
-27
-26
-25
-28
-30
-29
-27
-24
-26
-28
-28
-26
-28
-29
-30
-30
-26
-25
-27
-30
-28
-27
-27
-27
-27
-25
-25
-27
-30
-30
-29
-27
-27
-29
-30
-31
-29
-29
-29
-29
-28
-29
-31
-33
-36
-34
-32
-30
-31
-34
-35
-32
-31
-30
-33
-36
-35
-33
-32
-32
-34
-35
-35
-33
-33
-31
-32
-34
-35
-32
-30
-28
-30
-32
-33
-31
-32
-32
-31
-31
-29
-30
-29
-32
-32
-32
-34
-34
-34
-32
-32
-32
-32
-33
-33
-32
-34
-34
-33
-33
-31
-29
-28
-30
-30
-29
-30
-31
-32
-31
-28
-28
-28
-30
-31
-30
-28
-28
-28
-29
-28
-29
-31
-30
-29
-28
-28
-30
-30
-31
-32
-32
-33
-34
-33
-32
-32
-31
-32
-35
-37
-37
-36
-35
-35
-36
-37
-37
-36
-35
-35
-33
-34
-36
-37
-38
-39
-37
-37
-36
-35
-36
-39
-39
-38
-38
-38
-40
-42
-41
-39
-38
-40
-42
-42
-42
-40
-39
-39
-38
-37
-36
-36
-38
-40
-40
-40
-38
-37
-37
-37
-36
-33
-34
-35
-38
-39
-39
-37
-35
-35
-36
-35
-34
-33
-35
-36
-36
-36
-36
-36
-36
-36
-36
-36
-33
-33
-35
-35
-36
-36
-33
-31
-32
-33
-33
-31
-30
-31
-33
-34
-34
-30
-30
-30
-31
-31
-32
-31
-29
-29
-29
-31
-30
-29
-27
-26
-25
-25
-24
-23
-24
-23
-23
-22
-24
-22
-20
-18
-20
-22
-24
-22
-22
-25
-26
-26
-25
-25
-26
-26
-24
-23
-25
-25
-26
-24
-23
-23
-25
-26
-22
-23
-23
-24
-23
-25
-23
-23
-23
-24
-25
-25
-26
-26
-28
-28
-29
-29
-29
-30
-30
-29
-28
-25
-22
-23
-26
-27
-28
-25
-22
-21
-22
-26
-27
-27
-26
-24
-22
-22
-23
-24
-24
-25
-27
-25
-24
-25
-23
-24
-23
-21
-22
-23
-25
-25
-25
-23
-21
-20
-19
-18
-19
-21
-21
-22
-24
-25
-25
-22
-22
-21
-22
-21
-21
-22
-23
-22
-22
-20
-21
-22
-25
-24
-22
-22
-22
-21
-19
-19
-17
-18
-23
-25
-23
-21
-19
-20
-20
-21
-19
-20
-21
-23
-24
-22
-21
-21
-21
-21
-22
-23
-23
-22
-22
-23
-23
-25
-26
-26
-23
-20
-20
-22
-25
-25
-24
-23
-25
-26
-26
-24
-22
-23
-23
-26
-27
-26
-27
-26
-23
-23
-26
-27
-28
-25
-23
-21
-22
-25
-26
-27
-27
-29
-28
-28
-26
-26
-29
-31
-30
-29
-29
-30
-31
-30
-26
-26
-30
-29
-31
-30
-29
-30
-31
-30
-27
-24
-26
-29
-30
-30
-28
-26
-29
-30
-32
-31
-30
-26
-28
-29
-29
-30
-30
-29
-29
-31
-31
-32
-31
-29
-29
-29
-31
-30
-30
-30
-32
-33
-32
-32
-31
-30
-33
-34
-34
-36
-36
-36
-37
-34
-32
-33
-34
-36
-35
-33
-32
-31
-31
-30
-29
-29
-30
-32
-33
-32
-33
-32
-31
-30
-30
-30
-31
-33
-33
-31
-30
-30
-30
-33
-33
-34
-35
-33
-33
-33
-32
-33
-33
-34
-34
-35
-36
-36
-35
-34
-32
-34
-35
-39
-39
-36
-35
-36
-35
-36
-36
-35
-34
-34
-32
-30
-30
-31
-32
-33
-33
-34
-34
-34
-34
-34
-32
-29
-28
-29
-31
-32
-34
-33
-33
-35
-32
-30
-30
-32
-33
-33
-32
-31
-31
-33
-34
-36
-35
-34
-31
-29
-29
-27
-28
-29
-28
-25
-25
-27
-27
-28
-25
-25
-23
-23
-24
-25
-24
-24
-23
-24
-25
-24
-23
-22
-21
-22
-21
-21
-17
-17
-19
-20
-22
-24
-23
-22
-21
-21
-19
-19
-19
-17
-20
-22
-24
-25
-22
-20
-20
-20
-19
-17
-19
-20
-23
-23
-22
-20
-19
-21
-21
-21
-21
-20
-21
-22
-22
-23
-22
-21
-23
-24
-24
-23
-22
-22
-21
-20
-22
-22
-22
-21
-24
-25
-24
-22
-19
-17
-18
-20
-22
-23
-23
-22
-20
-20
-21
-20
-18
-21
-21
-23
-22
-21
-22
-24
-24
-24
-24
-27
-29
-28
-27
-27
-29
-26
-24
-25
-25
-27
-29
-30
-31
-31
-29
-27
-25
-26
-28
-28
-29
-28
-30
-31
-31
-30
-30
-28
-28
-28
-25
-26
-26
-27
-28
-30
-30
-31
-31
-29
-27
-29
-31
-32
-30
-30
-31
-30
-29
-29
-31
-33
-34
-34
-33
-33
-33
-32
-30
-27
-28
-29
-31
-31
-31
-31
-31
-29
-28
-28
-30
-30
-30
-28
-28
-30
-31
-30
-31
-29
-26
-28
-29
-29
-29
-28
-30
-33
-32
-30
-28
-27
-30
-32
-33
-31
-31
-32
-34
-35
-33
-31
-32
-36
-37
-37
-35
-32
-35
-35
-34
-33
-33
-33
-32
-33
-32
-34
-36
-37
-36
-35
-33
-30
-31
-34
-34
-33
-33
-34
-37
-37
-33
-28
-28
-29
-32
-33
-32
-32
-33
-34
-33
-31
-32
-32
-32
-31
-31
-31
-31
-31
-30
-33
-32
-31
-31
-32
-32
-32
-30
-28
-29
-30
-31
-30
-28
-27
-30
-30
-30
-29
-26
-26
-26
-26
-28
-28
-27
-26
-26
-26
-26
-26
-26
-27
-29
-27
-25
-25
-24
-25
-24
-21
-20
-23
-24
-23
-22
-21
-23
-25
-24
-23
-23
-23
-25
-25
-23
-20
-19
-20
-23
-25
-25
-25
-24
-22
-22
-22
-23
-23
-22
-23
-23
-22
-22
-21
-20
-21
-20
-20
-22
-23
-23
-22
-21
-21
-21
-23
-24
-25
-26
-25
-25
-23
-20
-20
-21
-23
-23
-22
-20
-19
-21
-21
-22
-22
-19
-20
-20
-23
-26
-27
-25
-22
-22
-24
-25
-25
-28
-27
-24
-23
-22
-22
-24
-24
-24
-24
-24
-26
-27
-26
-25
-24
-23
-23
-23
-24
-22
-20
-19
-21
-20
-22
-21
-21
-19
-20
-20
-21
-24
-25
-25
-23
-23
-23
-23
-22
-18
-20
-21
-22
-22
-21
-21
-21
-23
-22
-18
-18
-21
-24
-24
-25
-23
-22
-24
-24
-26
-28
-27
-25
-24
-22
-23
-25
-25
-22
-21
-21
-23
-26
-23
-22
-21
-20
-21
-23
-24
-24
-25
-25
-25
-25
-24
-22
-22
-23
-24
-25
-25
-25
-23
-27
-28
-29
-29
-28
-27
-28
-29
-31
-31
-30
-27
-26
-26
-26
-26
-26
-23
-22
-24
-25
-26
-27
-28
-30
-31
-28
-24
-23
-24
-25
-27
-29
-30
-29
-27
-27
-27
-26
-26
-27
-29
-30
-29
-29
-28
-27
-28
-27
-30
-29
-30
-31
-30
-30
-28
-26
-26
-28
-29
-29
-28
-27
-28
-29
-29
-27
-25
-26
-28
-28
-26
-26
-27
-28
-29
-28
-26
-26
-27
-29
-28
-27
-27
-28
-28
-29
-30
-29
-30
-32
-29
-28
-28
-28
-28
-27
-27
-25
-27
-29
-28
-27
-25
-25
-26
-27
-28
-28
-29
-28
-28
-27
-29
-30
-32
-31
-32
-32
-31
-28
-29
-30
-32
-31
-29
-28
-29
-32
-32
-33
-33
-34
-31
-31
-30
-30
-31
-31
-31
-32
-31
-33
-34
-34
-33
-32
-33
-34
-32
-32
-33
-35
-36
-35
-35
-34
-32
-29
-27
-27
-29
-30
-32
-32
-32
-31
-29
-28
-27
-28
-29
-32
-33
-31
-30
-31
-30
-29
-28
-27
-28
-28
-26
-25
-25
-25
-26
-26
-26
-27
-28
-27
-28
-29
-29
-28
-27
-28
-29
-28
-26
-24
-27
-28
-27
-26
-26
-26
-29
-29
-29
-29
-27
-29
-29
-29
-28
-27
-27
-26
-25
-23
-24
-24
-26
-26
-26
-27
-25
-25
-26
-27
-27
-28
-26
-25
-24
-24
-25
-26
-26
-25
-25
-25
-27
-29
-30
-27
-26
-24
-25
-25
-23
-25
-27
-28
-27
-26
-26
-26
-27
-26
-26
-24
-23
-24
-27
-26
-26
-24
-27
-30
-28
-26
-25
-26
-25
-24
-23
-25
-25
-25
-25
-28
-29
-29
-27
-26
-27
-29
-30
-29
-28
-27
-29
-31
-30
-28
-26
-26
-28
-28
-27
-28
-31
-31
-29
-28
-27
-28
-29
-29
-26
-26
-25
-25
-25
-27
-28
-28
-27
-26
-23
-22
-24
-23
-26
-24
-21
-21
-21
-23
-24
-24
-24
-23
-23
-24
-23
-24
-25
-26
-26
-26
-24
-22
-22
-21
-22
-22
-22
-22
-22
-21
-22
-23
-24
-26
-25
-25
-25
-24
-23
-24
-26
-27
-28
-29
-30
-27
-23
-21
-24
-27
-28
-27
-24
-24
-25
-26
-25
-23
-24
-24
-25
-25
-22
-25
-25
-26
-26
-24
-22
-22
-21
-24
-25
-26
-28
-27
-27
-24
-26
-26
-27
-24
-24
-25
-25
-23
-23
-24
-25
-26
-25
-23
-24
-27
-27
-28
-27
-25
-24
-25
-25
-25
-25
-27
-28
-28
-27
-26
-25
-28
-28
-27
-27
-28
-28
-27
-26
-27
-29
-29
-28
-25
-25
-25
-25
-25
-26
-27
-29
-28
-29
-27
-27
-28
-28
-30
-28
-27
-28
-29
-31
-30
-31
-31
-29
-28
-29
-28
-26
-28
-29
-31
-32
-31
-29
-27
-27
-28
-29
-33
-31
-30
-28
-29
-30
-28
-27
-26
-26
-28
-29
-28
-27
-27
-29
-30
-27
-26
-24
-23
-25
-27
-28
-28
-27
-27
-27
-27
-26
-27
-26
-27
-30
-29
-28
-29
-30
-28
-27
-25
-24
-26
-27
-28
-29
-28
-26
-24
-24
-26
-27
-29
-28
-29
-29
-28
-27
-26
-28
-29
-29
-29
-26
-25
-27
-27
-27
-29
-27
-28
-28
-29
-28
-28
-27
-27
-26
-27
-28
-28
-28
-28
-27
-27
-27
-27
-28
-29
-29
-28
-28
-29
-26
-26
-26
-27
-27
-30
-31
-30
-29
-30
-31
-31
-29
-28
-29
-30
-30
-29
-27
-25
-25
-28
-31
-31
-31
-30
-30
-31
-32
-31
-32
-33
-32
-32
-31
-27
-27
-29
-31
-34
-34
-36
-34
-34
-33
-32
-31
-32
-32
-30
-30
-31
-32
-31
-30
-28
-26
-27
-28
-28
-28
-28
-28
-27
-25
-25
-25
-25
-26
-26
-26
-26
-26
-26
-25
-24
-25
-24
-25
-25
-25
-27
-28
-27
-27
-28
-28
-27
-28
-28
-27
-29
-27
-27
-28
-27
-26
-27
-27
-28
-27
-26
-27
-29
-26
-24
-25
-26
-29
-28
-25
-26
-26
-26
-27
-25
-27
-27
-26
-27
-27
-26
-25
-26
-28
-29
-27
-25
-25
-27
-29
-30
-28
-27
-28
-30
-32
-33
-31
-29
-30
-32
-31
-32
-33
-31
-31
-33
-33
-31
-29
-30
-29
-29
-29
-29
-31
-29
-31
-31
-32
-35
-34
-35
-32
-32
-32
-32
-32
-33
-34
-33
-33
-33
-35
-35
-35
-32
-30
-31
-32
-35
-37
-35
-34
-34
-32
-32
-33
-33
-34
-34
-34
-35
-36
-37
-38
-36
-37
-37
-35
-35
-36
-38
-38
-37
-36
-37
-36
-36
-37
-37
-38
-37
-36
-37
-39
-40
-40
-40
-41
-40
-40
-38
-39
-40
-41
-39
-39
-41
-40
-40
-38
-39
-40
-41
-42
-40
-38
-38
-40
-40
-37
-38
-37
-40
-42
-42
-38
-36
-37
-37
-36
-36
-36
-37
-37
-37
-36
-36
-38
-40
-39
-39
-42
-41
-41
-39
-37
-36
-36
-36
-39
-41
-40
-40
-37
-36
-36
-40
-40
-37
-39
-40
-42
-43
-40
-39
-41
-43
-45
-45
-42
-40
-39
-39
-41
-41
-41
-41
-41
-40
-41
-42
-41
-40
-39
-38
-39
-41
-43
-44
-39
-37
-36
-35
-37
-36
-38
-40
-39
-37
-36
-34
-34
-33
-33
-34
-37
-40
-39
-38
-36
-35
-37
-40
-39
-39
-36
-36
-38
-38
-37
-36
-35
-36
-38
-39
-37
-37
-37
-39
-38
-39
-39
-41
-41
-41
-41
-39
-39
-36
-35
-36
-37
-36
-34
-34
-38
-39
-40
-39
-38
-37
-36
-34
-34
-33
-34
-31
-30
-33
-33
-33
-31
-33
-34
-34
-34
-32
-33
-35
-35
-33
-33
-36
-39
-38
-35
-34
-33
-34
-35
-35
-32
-31
-30
-33
-34
-35
-36
-36
-36
-35
-35
-34
-36
-37
-36
-35
-36
-37
-38
-36
-34
-34
-36
-34
-33
-32
-32
-33
-34
-33
-34
-35
-35
-35
-34
-33
-34
-34
-32
-34
-36
-38
-37
-35
-32
-33
-35
-34
-34
-33
-32
-33
-32
-30
-32
-33
-35
-36
-35
-35
-36
-36
-36
-34
-31
-32
-32
-32
-33
-31
-31
-33
-34
-34
-34
-34
-34
-31
-31
-32
-33
-34
-35
-33
-33
-34
-35
-35
-35
-32
-31
-31
-31
-32
-34
-33
-33
-33
-33
-33
-33
-32
-31
-30
-31
-33
-34
-33
-29
-29
-31
-31
-31
-28
-27
-28
-27
-27
-28
-28
-29
-30
-29
-29
-29
-29
-29
-28
-29
-29
-28
-28
-27
-26
-26
-27
-27
-26
-26
-25
-28
-28
-28
-27
-25
-26
-28
-27
-27
-28
-28
-29
-30
-29
-27
-27
-28
-26
-26
-26
-25
-24
-23
-24
-26
-25
-26
-28
-29
-27
-25
-26
-27
-29
-27
-25
-22
-23
-25
-25
-24
-25
-23
-25
-26
-26
-26
-26
-24
-23
-23
-21
-23
-25
-24
-23
-24
-26
-25
-27
-25
-23
-23
-23
-23
-24
-26
-23
-23
-25
-25
-24
-24
-26
-25
-26
-25
-25
-23
-23
-23
-24
-23
-22
-22
-23
-24
-24
-22
-20
-21
-22
-23
-22
-21
-20
-21
-19
-20
-20
-20
-19
-20
-20
-19
-20
-19
-21
-23
-22
-20
-20
-21
-23
-25
-23
-24
-23
-23
-24
-22
-23
-23
-23
-24
-25
-24
-24
-26
-24
-21
-23
-22
-24
-25
-24
-23
-23
-24
-25
-23
-24
-23
-26
-26
-26
-25
-23
-24
-25
-26
-24
-22
-22
-25
-25
-25
-25
-25
-25
-25
-24
-25
-26
-29
-31
-27
-23
-23
-25
-26
-29
-28
-26
-26
-25
-26
-26
-25
-25
-24
-24
-24
-24
-24
-23
-23
-24
-24
-25
-23
-22
-23
-24
-24
-25
-24
-22
-23
-23
-24
-25
-25
-24
-24
-27
-27
-26
-23
-20
-21
-25
-26
-27
-27
-29
-29
-29
-28
-27
-26
-25
-26
-25
-24
-26
-27
-26
-27
-25
-25
-25
-25
-25
-24
-24
-23
-24
-23
-22
-20
-21
-20
-21
-22
-20
-20
-19
-20
-18
-18
-19
-20
-22
-22
-20
-20
-20
-21
-22
-19
-18
-18
-19
-19
-17
-17
-17
-18
-19
-17
-18
-19
-19
-18
-17
-16
-18
-18
-19
-17
-15
-15
-15
-15
-14
-14
-15
-17
-20
-19
-18
-17
-18
-18
-18
-18
-16
-15
-17
-17
-15
-13
-11
-10
-13
-15
-17
-17
-16
-17
-17
-15
-17
-18
-18
-20
-19
-16
-15
-15
-17
-16
-16
-17
-17
-19
-15
-11
-13
-16
-18
-19
-19
-20
-22
-23
-22
-20
-19
-18
-19
-18
-16
-16
-16
-17
-16
-17
-18
-21
-22
-21
-19
-16
-16
-18
-18
-17
-16
-17
-18
-18
-17
-14
-15
-16
-18
-18
-22
-22
-21
-19
-18
-19
-22
-22
-22
-20
-18
-18
-18
-18
-19
-19
-17
-17
-20
-21
-21
-21
-20
-19
-18
-18
-16
-16
-15
-17
-18
-18
-17
-17
-16
-15
-17
-18
-17
-18
-17
-16
-16
-16
-17
-17
-17
-17
-16
-16
-17
-19
-18
-19
-21
-21
-20
-20
-19
-20
-20
-21
-18
-17
-17
-17
-19
-22
-20
-19
-16
-17
-19
-19
-18
-15
-13
-15
-18
-20
-17
-14
-13
-13
-14
-15
-15
-15
-14
-15
-14
-15
-16
-15
-15
-17
-18
-19
-18
-18
-18
-16
-15
-14
-15
-16
-16
-17
-17
-18
-22
-20
-17
-13
-14
-17
-20
-19
-18
-15
-14
-15
-15
-17
-18
-16
-14
-12
-13
-12
-13
-13
-14
-13
-13
-13
-12
-13
-13
-13
-13
-14
-12
-12
-13
-15
-12
-10
-10
-10
-10
-12
-11
-10
-11
-13
-12
-11
-11
-12
-8
-7
-8
-7
-9
-11
-9
-9
-9
-8
-7
-7
-8
-8
-7
-7
-7
-7
-7
-7
-5
-6
-7
-6
-6
-4
-4
-3
-5
-7
-6
-7
-10
-10
-8
-5
-5
-9
-11
-10
-7
-6
-6
-5
-6
-8
-9
-9
-8
-5
-6
-9
-10
-9
-7
-5
-6
-6
-5
-5
-4
-5
-5
-7
-8
-7
-5
-4
-3
-5
-4
-3
-3
-3
-5
-4
-3
-2
-3
-6
-6
-3
-2
-1
0
-2
-4
-5
-6
-7
-6
-4
-4
-6
-7
-9
-8
-6
-4
-5
-6
-5
-5
-6
-6
-5
-6
-7
-8
-9
-7
-6
-6
-5
-4
-3
-5
-5
-4
-4
-6
-7
-9
-6
-4
-4
-4
-5
-7
-6
-5
-6
-5
-5
-6
-8
-7
-5
-2
-4
-5
-5
-5
-3
-1
-1
-1
-2
-5
-7
-10
-10
-10
-10
-9
-8
-5
-5
-8
-9
-8
-9
-10
-12
-11
-10
-9
-9
-11
-12
-10
-7
-5
-7
-9
-10
-10
-10
-9
-6
-5
-4
-6
-7
-8
-8
-9
-8
-7
-8
-6
-6
-5
-6
-5
-5
-6
-7
-8
-9
-7
-5
-4
-7
-7
-5
-5
-7
-8
-10
-10
-10
-13
-14
-13
-11
-8
-8
-7
-7
-7
-9
-9
-8
-9
-7
-6
-4
-7
-10
-11
-10
-8
-7
-7
-8
-7
-6
-7
-6
-5
-6
-6
-6
-8
-9
-8
-8
-9
-9
-13
-12
-9
-6
-5
-8
-11
-11
-9
-8
-9
-7
-7
-6
-7
-8
-12
-12
-11
-10
-12
-12
-11
-9
-6
-7
-8
-9
-8
-7
-7
-6
-7
-7
-6
-7
-8
-7
-7
-7
-7
-6
-7
-8
-9
-9
-8
-7
-6
-7
-9
-9
-9
-10
-12
-10
-10
-10
-8
-8
-7
-8
-7
-7
-7
-7
-7
-8
-8
-9
-8
-7
-7
-6
-6
-7
-7
-7
-7
-6
-3
-3
-3
-4
-9
-11
-13
-11
-9
-8
-9
-10
-8
-8
-9
-11
-11
-7
-5
-6
-7
-9
-10
-10
-11
-11
-11
-8
-8
-9
-8
-10
-8
-6
-6
-4
-6
-5
-5
-4
-5
-7
-7
-8
-7
-4
-3
-5
-6
-7
-5
-4
-1
-1
-2
-3
-5
-3
-4
-4
-4
-5
-6
-3
-5
-5
-7
-9
-9
-6
-4
-6
-6
-5
-4
-4
-5
-5
-6
-7
-7
-6
-4
-2
-4
-6
-5
-4
-2
-2
-2
-4
-3
-2
-1
-1
-1
1
2
1
0
0
0
1
3
4
4
1
0
0
2
2
2
1
0
1
1
1
1
1
3
2
3
5
7
5
4
4
5
6
5
2
3
4
5
7
3
3
3
5
7
6
2
3
4
4
6
4
4
3
3
2
5
5
5
7
6
5
6
5
4
2
2
1
1
1
1
5
7
6
4
4
3
3
3
1
-1
2
6
6
4
3
5
5
5
5
6
5
2
1
0
0
3
4
4
6
4
2
2
1
2
3
3
1
3
4
6
4
2
2
4
4
1
-1
0
4
4
2
2
3
4
5
1
1
0
0
2
1
0
-1
-3
-2
-1
1
0
-3
-4
-3
-1
0
-1
-1
-2
-3
-3
-3
-4
-4
-2
0
2
3
3
2
0
-4
-7
-7
-4
-1
-4
-5
-2
-1
-2
-5
-4
-4
-5
-3
-2
-3
-4
-2
-2
-3
-2
-3
-3
-3
-5
-7
-8
-8
-9
-10
-10
-9
-8
-7
-8
-8
-8
-8
-6
-5
-4
-4
-4
-6
-4
-4
-5
-5
-5
-6
-8
-8
-6
-6
-5
-5
-5
-3
-4
-4
-6
-7
-6
-6
-4
-5
-6
-7
-7
-5
-6
-5
-5
-6
-6
-3
-3
-2
-5
-7
-7
-5
-3
-2
-2
-3
-4
-2
0
0
1
-1
-1
0
0
1
2
3
4
3
3
5
5
5
5
5
4
4
3
2
3
3
5
5
5
4
5
4
3
1
0
1
3
3
2
1
1
2
4
3
4
4
4
4
2
1
0
0
1
1
1
1
1
2
5
4
1
-1
-1
-1
0
1
1
2
2
1
1
2
1
2
3
2
1
1
2
1
1
1
0
0
-1
0
0
0
-1
-5
-4
-3
0
1
0
-4
-5
-4
-5
-6
-4
-4
-2
-5
-5
-4
-4
-3
-4
-5
-6
-4
-2
-4
-6
-7
-7
-6
-6
-7
-6
-4
-2
-2
-4
-5
-5
-6
-5
-7
-7
-4
-4
-5
-6
-7
-6
-7
-6
-5
-3
-2
-4
-6
-7
-5
-3
0
-1
-1
0
0
0
-2
-4
-4
-4
-3
-3
-2
-2
-1
-3
-5
-6
-6
-4
-2
-3
-4
-3
-1
-1
-3
-2
-4
-5
-7
-7
-5
-5
-5
-6
-6
-5
-6
-7
-8
-8
-10
-9
-5
-5
-6
-7
-8
-8
-6
-4
-6
-5
-5
-5
-5
-3
-3
-6
-4
-2
0
1
-2
-5
-5
-2
0
0
-2
-1
-2
-4
-4
-6
-6
-4
-3
-2
-3
-5
-5
-5
-6
-6
-8
-6
-5
-4
-6
-7
-9
-10
-13
-13
-10
-7
-8
-11
-11
-11
-7
-6
-8
-9
-8
-7
-6
-8
-10
-11
-8
-6
-5
-6
-8
-8
-9
-10
-10
-11
-11
-9
-7
-5
-5
-7
-7
-7
-6
-7
-7
-6
-7
-6
-6
-6
-7
-9
-8
-7
-7
-6
-5
-5
-5
-5
-6
-7
-5
-3
0
-1
-6
-7
-9
-8
-7
-6
-6
-6
-7
-7
-7
-8
-8
-7
-8
-9
-9
-7
-6
-7
-8
-7
-8
-7
-9
-9
-10
-11
-10
-10
-8
-9
-11
-14
-13
-13
-13
-12
-13
-13
-14
-13
-12
-10
-9
-10
-9
-10
-11
-10
-8
-8
-8
-9
-11
-10
-11
-11
-11
-11
-11
-11
-13
-14
-12
-11
-11
-11
-12
-9
-7
-9
-9
-6
-6
-6
-8
-10
-11
-8
-6
-3
-1
-3
-6
-8
-6
-6
-5
-4
-5
-6
-6
-5
-4
-5
-7
-6
-4
-2
-2
-4
-4
-3
-3
-3
-5
-5
-4
-3
-3
-4
-5
-3
-2
-1
-1
-1
0
2
1
0
0
0
0
0
0
-1
0
0
2
3
0
-1
0
-1
-2
-4
-5
-5
-4
-4
-2
0
-1
-4
-6
-7
-5
-2
-1
-4
-8
-8
-8
-6
-6
-7
-8
-9
-7
-7
-7
-7
-6
-5
-7
-10
-8
-5
-5
-6
-8
-8
-7
-5
-5
-7
-10
-9
-8
-5
-4
-3
-5
-8
-10
-11
-12
-10
-9
-9
-8
-7
-5
-4
-7
-9
-9
-9
-9
-11
-13
-11
-9
-10
-12
-13
-11
-9
-9
-10
-10
-10
-10
-11
-11
-12
-13
-11
-9
-8
-9
-9
-12
-12
-12
-12
-11
-14
-13
-12
-8
-8
-11
-12
-13
-11
-9
-8
-9
-10
-10
-11
-11
-10
-10
-10
-10
-9
-11
-12
-12
-14
-13
-11
-9
-10
-11
-12
-12
-11
-12
-13
-13
-13
-13
-11
-10
-12
-13
-12
-11
-11
-11
-13
-14
-15
-12
-11
-10
-11
-16
-17
-18
-17
-16
-19
-19
-17
-17
-17
-18
-17
-16
-14
-15
-13
-13
-14
-15
-16
-15
-16
-17
-18
-19
-20
-20
-21
-19
-18
-18
-18
-19
-19
-18
-19
-20
-21
-21
-19
-16
-16
-18
-19
-21
-22
-23
-22
-20
-20
-21
-20
-19
-20
-21
-23
-22
-19
-19
-19
-20
-22
-22
-21
-19
-21
-22
-23
-23
-22
-23
-23
-20
-19
-19
-20
-21
-20
-20
-20
-21
-21
-18
-18
-17
-17
-19
-20
-21
-20
-20
-19
-19
-20
-21
-23
-21
-18
-18
-17
-18
-22
-20
-20
-19
-20
-18
-17
-18
-17
-19
-18
-15
-14
-14
-15
-16
-17
-17
-19
-18
-17
-14
-15
-16
-19
-19
-18
-18
-17
-18
-19
-17
-16
-16
-17
-16
-16
-17
-18
-17
-17
-17
-17
-18
-17
-15
-16
-18
-18
-21
-20
-18
-16
-18
-18
-18
-16
-14
-16
-18
-19
-17
-15
-15
-16
-19
-18
-19
-18
-18
-19
-19
-18
-15
-16
-18
-20
-21
-22
-21
-19
-19
-17
-19
-20
-19
-19
-15
-14
-13
-14
-14
-13
-12
-13
-14
-14
-12
-11
-9
-8
-8
-10
-10
-9
-10
-9
-8
-6
-7
-7
-11
-11
-10
-7
-6
-8
-7
-7
-8
-10
-10
-10
-11
-11
-12
-11
-10
-10
-10
-8
-9
-10
-10
-8
-8
-6
-5
-5
-5
-5
-7
-8
-7
-3
-3
-4
-4
-4
-4
-3
-3
-6
-6
-7
-5
-5
-6
-6
-4
-4
-5
-6
-6
-6
-5
-4
-7
-7
-6
-6
-4
-4
-4
-7
-10
-9
