-16
-18
-19
-19
-17
-15
-15
-18
-20
-19
-18
-18
-18
-19
-19
-18
-20
-22
-23
-21
-20
-18
-18
-21
-21
-21
-19
-19
-19
-20
-19
-18
-19
-18
-18
-18
-20
-22
-23
-22
-22
-22
-22
-22
-21
-24
-24
-23
-25
-24
-21
-21
-22
-25
-28
-30
-29
-27
-28
-30
-30
-30
-30
-31
-31
-31
-32
-31
-30
-27
-28
-29
-31
-31
-30
-31
-31
-31
-30
-31
-32
-31
-32
-30
-30
-31
-32
-31
-31
-30
-29
-31
-29
-29
-30
-29
-28
-26
-27
-28
-28
-29
-27
-27
-28
-27
-26
-25
-24
-26
-27
-27
-27
-28
-31
-32
-31
-27
-29
-30
-28
-27
-25
-27
-27
-28
-28
-26
-27
-30
-30
-29
-29
-30
-32
-33
-32
-30
-28
-28
-31
-34
-36
-37
-37
-37
-36
-36
-35
-34
-34
-39
-43
-43
-40
-37
-38
-37
-37
-36
-36
-36
-37
-38
-37
-36
-36
-35
-37
-37
-36
-35
-34
-33
-30
-30
-30
-31
-32
-31
-27
-26
-27
-25
-25
-26
-25
-24
-21
-19
-20
-20
-19
-15
-12
-13
-14
-15
-12
-7
-3
-2
-4
-6
-4
-2
-1
-4
-4
-4
0
3
5
3
3
4
5
9
9
6
6
7
7
5
2
-1
-4
-6
-5
-3
0
-3
-7
-10
-15
-15
-15
-17
-20
-24
-27
-27
-31
-34
-35
-36
-38
-41
-46
-49
-53
-57
-59
-59
-61
-63
-66
-68
-71
-76
-79
-79
-80
-79
-77
-76
-77
-79
-82
-81
-77
-73
-70
-65
-59
-52
-47
-43
-37
-30
-23
-14
-6
1
8
16
24
34
42
49
56
64
67
72
76
81
88
93
97
98
99
101
105
106
105
104
101
100
100
100
97
93
86
80
75
71
66
58
52
45
39
30
23
15
8
-4
-16
-25
-34
-42
-53
-63
-75
-86
-98
-111
-122
-132
-143
-152
-160
-171
-181
-189
-197
-205
-213
-222
-230
-238
-239
-239
-230
-215
-195
-175
-161
-148
-137
-123
-105
-83
-62
-43
-24
-6
12
28
39
45
51
62
71
81
88
93
96
102
106
109
108
105
102
99
95
92
86
79
73
64
58
50
40
33
27
23
20
23
26
30
33
38
42
48
51
56
62
66
71
74
77
84
90
96
100
101
98
96
92
89
88
87
84
82
78
71
63
51
39
25
13
-1
-13
-28
-41
-55
-71
-87
-103
-119
-134
-149
-164
-180
-188
-201
-210
-221
-230
-242
-252
-258
-267
-267
-272
-265
-248
-219
-188
-166
-147
-134
-116
-90
-66
-34
-16
9
29
54
73
83
90
95
99
107
117
123
122
123
122
123
125
122
121
112
102
92
85
76
62
48
34
20
8
-7
-22
-37
-49
-54
-54
-49
-44
-36
-32
-25
-23
-17
-15
-3
12
27
38
48
61
67
80
93
99
106
110
113
114
120
127
128
126
123
125
123
118
113
104
98
92
82
77
68
60
50
37
24
7
-9
-24
-40
-53
-65
-83
-100
-121
-139
-158
-177
-194
-212
-226
-239
-251
-259
-273
-278
-279
-267
-235
-199
-169
-154
-145
-132
-110
-87
-58
-36
-12
4
27
49
62
69
70
77
87
100
109
113
113
115
122
127
124
119
107
100
90
78
69
53
41
30
15
3
-19
-41
-59
-73
-77
-76
-72
-65
-61
-52
-47
-42
-38
-29
-19
2
19
40
53
63
83
96
113
121
124
129
137
147
160
167
171
175
178
178
178
173
167
160
156
152
145
137
126
114
102
89
73
55
35
19
2
-15
-34
-52
-73
-93
-118
-143
-171
-193
-216
-237
-257
-280
-295
-311
-326
-339
-347
-349
-327
-296
-250
-224
-207
-200
-177
-152
-122
-89
-67
-34
-12
22
45
56
62
64
77
96
114
126
127
133
138
151
156
155
149
137
128
117
109
99
77
57
41
25
6
-21
-45
-66
-78
-83
-83
-79
-74
-68
-59
-50
-45
-35
-29
-12
0
17
32
47
64
81
101
115
122
125
133
139
151
166
176
188
192
193
194
188
181
174
167
163
159
152
143
129
114
97
81
64
44
21
-1
-21
-34
-50
-67
-89
-114
-140
-166
-196
-224
-248
-270
-287
-307
-323
-343
-358
-370
-380
-374
-355
-315
-264
-237
-214
-206
-181
-151
-110
-71
-41
-11
11
51
75
97
103
106
118
138
158
174
175
176
182
192
196
196
189
176
167
153
143
126
107
86
71
49
24
-11
-39
-60
-72
-79
-83
-82
-80
-74
-62
-50
-41
-32
-28
-16
1
19
40
57
79
97
118
136
141
148
153
162
174
192
210
224
227
226
228
224
219
212
204
199
194
188
179
164
147
130
112
95
73
50
32
13
-2
-20
-40
-63
-92
-125
-164
-197
-228
-253
-276
-301
-326
-346
-364
-390
-406
-418
-422
-401
-364
-309
-270
-241
-224
-201
-170
-135
-91
-57
-22
3
41
78
100
111
116
127
151
173
188
196
198
208
223
232
232
228
214
203
185
172
157
134
110
88
67
43
6
-26
-55
-77
-89
-94
-91
-81
-74
-63
-52
-49
-40
-40
-23
-9
13
35
59
79
99
119
135
147
152
161
167
181
202
221
237
241
241
242
236
233
226
218
214
208
204
200
185
166
145
123
101
76
57
34
15
-3
-27
-51
-85
-121
-157
-196
-233
-265
-296
-328
-360
-395
-415
-443
-457
-479
-486
-479
-446
-388
-336
-300
-279
-261
-228
-185
-139
-97
-59
-25
12
58
82
107
114
122
145
169
188
203
209
218
237
245
254
250
237
225
207
190
180
149
124
97
73
48
8
-32
-66
-93
-108
-113
-106
-94
-93
-82
-78
-68
-57
-51
-41
-22
-2
31
54
74
94
110
134
154
164
179
186
200
220
242
264
272
273
273
268
264
257
245
240
227
220
211
194
173
144
117
97
75
48
22
-9
-34
-58
-84
-117
-158
-202
-238
-279
-312
-355
-386
-425
-451
-477
-496
-515
-531
-543
-517
-475
-410
-366
-332
-309
-279
-231
-186
-131
-97
-48
-17
42
82
111
126
127
148
178
207
224
232
233
250
271
284
283
280
259
250
227
210
186
155
125
101
73
43
0
-43
-79
-103
-111
-110
-99
-99
-94
-86
-74
-65
-57
-54
-37
-15
10
39
57
68
94
118
151
169
176
187
195
216
241
266
277
285
286
289
284
275
259
245
234
227
222
210
185
154
127
108
89
58
27
-2
-27
-49
-72
-108
-150
-199
-235
-281
-314
-363
-397
-443
-471
-499
-520
-536
-553
-560
-549
-505
-443
-389
-351
-326
-293
-241
-190
-127
-94
-44
-15
43
86
116
136
140
161
189
226
247
264
265
276
294
312
314
315
292
286
262
242
220
181
145
112
86
61
19
-35
-75
-108
-118
-122
-115
-119
-120
-117
-99
-83
-71
-69
-57
-37
-19
11
29
39
65
91
130
156
170
180
191
211
237
259
271
284
295
308
315
307
287
270
256
249
242
230
211
184
163
143
123
94
58
28
0
-24
-48
-85
-127
-179
-222
-263
-305
-354
-407
-453
-489
-524
-546
-572
-581
-585
-551
-509
-438
-407
-375
-355
-319
-265
-203
-148
-97
-48
-15
51
78
112
119
130
150
192
224
247
262
265
289
315
325
332
325
303
298
268
253
222
183
146
116
87
52
-4
-46
-89
-110
-126
-133
-134
-141
-140
-130
-112
-98
-86
-87
-70
-54
-33
-3
5
23
54
86
129
151
163
177
190
219
249
273
289
298
316
332
344
337
319
300
284
270
259
246
223
201
178
159
134
103
66
33
-1
-26
-62
-96
-150
-197
-252
-300
-355
-404
-462
-507
-552
-596
-615
-635
-637
-615
-566
-503
-461
-432
-418
-374
-323
-264
-199
-142
-86
-38
26
57
89
96
103
131
166
203
231
247
264
293
325
345
349
345
332
325
299
279
246
209
173
137
110
76
20
-30
-74
-103
-119
-133
-142
-152
-158
-148
-136
-119
-112
-99
-80
-65
-54
-41
-29
-14
18
53
97
131
151
173
190
212
238
259
283
297
321
340
354
358
348
340
325
307
285
263
242
225
197
176
148
118
88
61
28
-11
-54
-101
-144
-196
-246
-303
-357
-417
-467
-517
-564
-604
-636
-654
-640
-604
-542
-502
-468
-450
-424
-365
-311
-246
-194
-127
-79
-2
44
89
129
112
136
165
167
199
240
245
289
348
360
373
390
360
353
344
316
280
256
210
172
150
113
72
31
-13
-54
-82
-116
-138
-139
-150
-146
-145
-147
-123
-116
-83
-58
-42
-29
-29
-17
-5
20
54
83
116
144
175
207
235
253
268
287
296
313
328
340
348
345
351
343
324
310
275
251
220
184
151
115
95
65
38
0
-52
-105
-155
-205
-264
-326
-393
-451
-511
-550
-596
-624
-644
-608
-572
-509
-460
-459
-447
-434
-392
-346
-282
-244
-175
-108
-22
50
100
123
123
131
150
161
168
174
186
232
282
342
373
385
385
380
353
320
270
218
176
149
125
117
82
42
6
-29
-54
-92
-128
-162
-178
-180
-171
-160
-147
-135
-107
-71
-40
-21
-13
-11
3
13
33
48
65
90
121
160
200
234
260
277
288
290
289
295
296
304
311
313
308
314
291
280
257
214
177
127
93
61
27
-5
-50
-92
-143
-201
-256
-328
-396
-451
-515
-560
-597
-618
-605
-567
-532
-452
-408
-395
-361
-367
-331
-303
-277
-206
-179
-102
-3
44
100
151
160
161
169
178
160
145
143
159
199
246
279
318
338
348
340
299
254
193
136
97
59
35
15
-20
-27
-36
-48
-68
-99
-130
-134
-144
-134
-129
-118
-108
-82
-50
-7
21
41
58
97
120
140
139
188
227
186
179
277
291
213
290
282
242
299
306
284
228
239
205
155
153
106
76
63
50
46
1
-25
-95
-152
-179
-287
-326
-412
-496
-572
-591
-658
-645
-651
-596
-580
-386
-184
-35
70
220
249
319
239
249
190
194
249
279
348
435
391
393
337
221
103
-111
-255
-378
-468
-474
-470
-430
-295
-261
-114
-63
-39
-64
-101
-124
-95
-109
-23
-2
131
239
325
387
414
352
340
235
178
99
31
7
7
71
168
168
227
219
216
187
81
13
-33
-67
-19
9
88
138
182
256
280
272
241
165
145
117
96
94
91
134
166
206
231
219
188
126
53
-12
-94
-154
-198
-223
-240
-256
-290
-343
-379
-488
-559
-674
-695
-783
-748
-699
-539
-414
-82
141
441
596
660
700
744
576
480
317
279
270
261
278
309
283
248
82
-25
-201
-457
-634
-776
-811
-761
-721
-579
-384
-206
10
98
183
183
154
157
160
156
219
232
354
434
484
484
424
336
242
62
-65
-212
-310
-365
-357
-266
-138
-79
24
81
145
171
121
79
82
99
160
208
311
396
466
539
556
518
433
306
228
135
40
-34
-71
-57
-16
7
48
32
20
-23
-93
-162
-224
-298
-293
-338
-286
-311
-308
-333
-374
-449
-473
-598
-634
-698
-661
-538
-430
-233
87
348
641
751
789
867
791
621
451
243
193
122
81
96
93
106
68
-29
-104
-302
-500
-658
-809
-814
-798
-726
-557
-365
-109
130
292
407
399
386
376
304
240
166
149
224
245
273
281
262
234
119
-21
-142
-304
-440
-536
-551
-408
-290
-151
20
192
380
450
433
425
379
355
320
293
321
336
409
476
497
493
410
323
233
93
-48
-175
-251
-264
-268
-205
-136
-75
-21
-34
-30
-75
-142
-223
-303
-342
-369
-404
-423
-452
-437
-455
-473
-507
-536
-515
-466
-407
-230
14
270
535
674
834
955
943
813
640
430
320
169
47
-52
-58
-51
-39
-77
-96
-184
-281
-432
-566
-639
-668
-697
-633
-498
-252
-3
205
354
481
573
601
515
399
273
181
101
28
-16
-6
7
44
47
51
3
-92
-198
-282
-338
-377
-383
-314
-170
4
176
325
473
594
661
655
618
559
478
390
340
306
288
262
252
253
233
177
90
7
-77
-154
-221
-257
-265
-240
-205
-147
-115
-94
-66
-53
-63
-118
-198
-262
-321
-425
-501
-580
-611
-627
-637
-587
-483
-384
-246
9
279
541
657
735
845
924
829
673
458
367
295
182
53
-10
-38
-19
-76
-120
-190
-278
-389
-499
-576
-584
-622
-603
-520
-324
-86
116
252
380
510
622
603
501
371
277
209
109
-16
-86
-115
-90
-91
-102
-109
-149
-215
-281
-341
-359
-388
-389
-296
-130
54
200
326
485
632
718
711
653
603
532
457
363
272
215
171
144
135
101
66
13
-30
-59
-111
-153
-181
-190
-160
-136
-113
-100
-96
-66
-47
-73
-114
-193
-255
-329
-425
-522
-606
-678
-710
-728
-672
-586
-482
-298
-8
262
512
651
780
909
940
818
640
439
342
216
76
-48
-99
-101
-64
-93
-102
-145
-187
-265
-358
-442
-491
-552
-546
-476
-297
-101
82
231
401
577
695
670
578
460
370
254
77
-103
-214
-254
-244
-252
-241
-213
-197
-200
-229
-255
-282
-318
-344
-287
-169
-43
61
187
355
548
663
688
669
645
616
533
396
268
186
137
99
53
36
37
42
44
35
11
-13
-32
-47
-64
-78
-83
-96
-103
-96
-86
-98
-124
-186
-221
-283
-344
-457
-558
-639
-687
-746
-745
-714
-596
-428
-170
110
391
596
763
894
972
895
727
504
339
196
34
-138
-227
-232
-152
-131
-108
-82
-58
-65
-132
-228
-299
-386
-433
-435
-345
-198
-35
129
330
530
712
773
740
655
561
426
218
-33
-226
-338
-375
-411
-437
-409
-340
-274
-241
-240
-237
-269
-304
-316
-258
-152
-78
28
190
409
607
699
737
786
811
792
668
516
387
286
210
112
15
-11
-2
37
56
52
64
71
68
44
5
-10
-47
-85
-128
-139
-132
-146
-178
-215
-228
-229
-300
-394
-486
-562
-607
-706
-781
-779
-714
-579
-364
-110
193
436
656
850
990
987
855
646
475
322
140
-80
-220
-248
-183
-143
-112
-45
40
95
81
-1
-78
-161
-255
-326
-336
-278
-174
-50
107
296
480
608
651
636
598
515
355
134
-81
-249
-359
-465
-554
-584
-534
-448
-369
-310
-242
-175
-105
-70
-53
-31
-2
41
111
204
309
402
506
618
710
764
760
718
652
555
437
292
143
26
-40
-67
-84
-87
-51
8
84
124
129
118
106
64
-1
-95
-144
-205
-237
-290
-309
-320
-308
-336
-370
-424
-467
-541
-642
-723
-747
-719
-661
-508
-290
0
267
489
694
884
939
894
735
596
473
292
78
-92
-162
-134
-146
-137
-83
-1
82
88
42
20
-35
-107
-197
-242
-223
-187
-128
-49
83
256
381
449
488
526
542
455
283
89
-69
-188
-352
-525
-618
-622
-569
-528
-486
-389
-267
-166
-110
-63
4
75
139
188
274
374
461
538
610
673
722
718
707
659
596
504
390
270
155
50
-11
-76
-114
-114
-85
-46
-6
37
85
119
123
94
58
13
-53
-124
-189
-242
-282
-312
-346
-390
-443
-504
-555
-630
-696
-749
-765
-728
-610
-413
-170
72
289
529
756
903
890
817
736
682
551
345
134
42
3
-43
-118
-118
-71
-7
12
-3
-19
-29
-108
-176
-226
-230
-239
-231
-190
-83
54
186
272
372
470
545
535
439
303
184
59
-98
-295
-439
-512
-536
-555
-562
-515
-403
-298
-194
-99
3
99
179
250
326
379
424
449
499
547
586
598
611
625
640
611
552
465
371
269
160
44
-56
-124
-147
-145
-118
-68
0
85
151
191
204
188
143
84
16
-47
-131
-215
-278
-322
-372
-457
-543
-600
-641
-695
-754
-768
-736
-640
-483
-289
-61
175
381
611
797
886
883
823
767
708
556
359
170
95
52
-44
-128
-152
-115
-54
-84
-130
-137
-129
-159
-219
-245
-227
-191
-132
-80
22
158
261
343
411
483
529
478
377
261
164
48
-148
-339
-462
-517
-546
-599
-611
-535
-411
-283
-185
-71
65
185
300
386
457
510
536
571
607
629
641
625
628
624
594
535
443
334
232
125
36
-65
-133
-154
-140
-109
-66
-3
86
154
208
240
253
228
173
108
50
-15
-114
-225
-303
-353
-442
-523
-636
-692
-742
-787
-836
-815
-777
-654
-475
-260
-19
222
450
687
858
937
929
879
824
717
540
343
173
81
-7
-118
-185
-197
-170
-149
-173
-194
-183
-176
-203
-239
-239
-214
-175
-127
-77
26
136
228
308
382
453
483
435
346
244
140
8
-169
-331
-439
-503
-545
-574
-550
-469
-361
-265
-166
-37
82
178
262
339
426
497
533
570
596
626
620
599
576
542
499
432
339
258
185
123
62
-1
-35
-39
-20
-4
7
62
131
187
226
241
262
266
236
172
84
-6
-97
-202
-295
-398
-496
-583
-662
-719
-768
-811
-840
-835
-775
-707
-573
-374
-154
106
351
574
801
943
993
971
902
829
687
490
279
116
26
-84
-214
-269
-264
-222
-212
-243
-239
-206
-185
-209
-230
-200
-163
-114
-69
-11
93
179
236
287
330
380
377
311
233
150
84
-15
-154
-253
-316
-352
-398
-444
-434
-389
-336
-287
-233
-133
-34
43
116
214
362
473
555
630
699
771
790
731
680
617
573
499
371
258
198
174
130
48
25
48
90
99
83
115
187
234
231
217
244
253
212
120
27
-26
-87
-203
-309
-389
-428
-488
-575
-651
-681
-691
-719
-760
-747
-681
-579
-426
-249
-29
222
452
652
840
938
966
937
864
774
646
467
293
154
59
-52
-160
-225
-249
-241
-236
-266
-259
-226
-198
-181
-170
-148
-105
-52
-15
15
65
108
147
175
200
236
249
233
205
179
164
102
1
-90
-163
-215
-285
-368
-408
-404
-369
-332
-285
-198
-90
49
182
300
424
538
632
712
740
750
736
707
661
597
527
454
378
330
281
249
213
174
148
127
103
78
57
59
65
79
99
113
138
145
139
129
86
33
-32
-100
-170
-256
-334
-391
-448
-489
-538
-576
-592
-611
-618
-605
-590
-552
-489
-352
-189
-20
146
333
532
728
808
849
868
871
826
696
510
358
228
93
-81
-220
-290
-326
-360
-396
-405
-356
-311
-278
-245
-185
-114
-73
-49
-28
3
42
37
33
54
99
141
146
131
144
167
173
110
29
-19
-58
-123
-224
-318
-336
-321
-296
-263
-194
-80
39
155
279
385
491
557
607
653
674
661
633
604
591
560
517
454
400
367
320
246
166
94
53
6
-50
-95
-107
-92
-76
-62
-20
30
86
113
129
155
159
126
69
10
-36
-96
-176
-250
-301
-338
-381
-435
-466
-484
-497
-523
-548
-551
-526
-486
-390
-253
-93
98
281
471
662
774
832
853
832
789
674
493
318
173
40
-122
-286
-375
-401
-398
-410
-425
-391
-320
-269
-238
-206
-157
-108
-67
-50
-23
18
38
60
83
114
158
173
173
178
198
218
186
142
113
98
78
27
-31
-47
-47
-46
-58
-51
-13
28
77
128
196
284
352
423
500
570
627
649
648
636
608
568
488
390
300
219
146
55
-44
-95
-116
-121
-132
-131
-91
-31
21
68
115
182
228
256
272
284
280
244
181
128
66
11
-64
-133
-183
-217
-265
-311
-361
-387
-414
-448
-487
-506
-506
-498
-475
-409
-284
-143
8
165
338
506
629
670
699
705
688
608
472
327
213
86
-57
-216
-322
-377
-408
-447
-467
-444
-374
-313
-262
-204
-121
-40
16
39
68
113
145
150
159
185
240
278
284
282
304
338
337
284
237
211
189
137
56
1
-22
-34
-51
-60
-38
-1
43
96
150
214
271
318
365
409
437
457
450
435
407
374
334
268
202
145
107
78
30
-6
-19
-15
-8
-13
-8
20
58
95
119
162
218
265
295
307
312
314
277
218
148
89
21
-61
-144
-203
-244
-282
-338
-370
-381
-389
-407
-441
-458
-456
-469
-470
-465
-399
-289
-182
-70
57
189
337
423
456
482
493
497
451
344
246
170
90
-20
-144
-226
-264
-300
-338
-365
-345
-293
-245
-196
-122
-37
41
104
151
200
251
270
265
251
245
245
227
187
158
156
171
164
142
144
171
192
177
149
145
147
125
80
39
17
-5
-41
-70
-81
-68
-51
-27
15
70
137
199
252
299
342
371
379
358
328
294
257
207
147
92
57
24
-4
-26
-19
5
40
80
124
178
240
283
316
334
342
338
304
246
175
102
30
-53
-142
-204
-254
-289
-323
-344
-346
-344
-360
-380
-397
-415
-445
-499
-539
-565
-554
-513
-455
-366
-231
-85
91
249
371
483
581
647
677
639
576
504
415
295
148
13
-87
-171
-237
-292
-316
-297
-258
-209
-141
-56
28
107
174
220
257
265
250
226
195
166
130
86
62
59
75
93
111
142
188
231
251
241
214
175
123
49
-42
-130
-207
-263
-299
-314
-301
-254
-177
-78
36
157
283
390
479
538
582
584
553
494
422
339
255
151
67
0
-42
-73
-86
-72
-25
33
97
152
207
262
310
340
343
323
300
264
209
138
59
-9
-75
-142
-207
-255
-288
-312
-330
-343
-354
-364
-384
-403
-420
-441
-471
-493
-511
-507
-497
-447
-360
-244
-102
53
219
401
543
639
710
753
773
738
637
523
420
304
165
8
-109
-180
-225
-268
-295
-279
-228
-183
-137
-84
-22
40
79
92
100
110
111
89
64
51
62
71
58
45
63
95
112
98
93
109
121
96
48
13
-1
-29
-73
-115
-136
-134
-133
-133
-115
-79
-32
22
79
145
219
294
352
399
435
455
453
425
385
338
282
212
137
72
27
-14
-46
-67
-66
-47
-24
3
37
75
109
137
157
167
169
164
154
133
102
60
17
-27
-67
-108
-147
-179
-197
-205
-204
-207
-207
-207
-205
-206
-222
-241
-261
-277
-301
-316
-328
-291
-229
-148
-56
58
177
313
412
482
537
583
600
582
511
432
348
254
143
23
-80
-155
-225
-279
-318
-325
-308
-283
-243
-183
-122
-65
-24
13
41
56
47
33
21
17
2
-14
-28
-19
8
35
51
66
89
116
131
129
116
106
93
69
40
19
-1
-26
-51
-60
-52
-35
-21
7
58
121
174
210
240
276
302
304
273
236
204
165
108
44
-15
-52
-83
-114
-138
-140
-122
-92
-58
-6
57
127
182
229
274
314
332
334
323
315
302
271
228
181
138
97
45
-11
-57
-93
-127
-160
-190
-210
-228
-243
-261
-270
-275
-277
-283
-287
-291
-297
-285
-246
-189
-117
-42
40
143
237
303
355
396
427
440
411
357
301
234
145
46
-46
-117
-179
-234
-278
-292
-283
-267
-244
-199
-141
-77
-27
15
50
82
92
91
81
75
63
46
16
-2
-2
12
23
37
57
94
126
146
148
153
151
132
99
69
36
3
-43
-77
-90
-88
-90
-87
-70
-31
-1
23
44
75
111
143
160
176
185
196
198
191
179
168
158
152
147
146
150
162
178
200
228
256
280
303
326
346
355
349
339
324
302
262
208
153
97
39
-26
-88
-139
-174
-199
-216
-229
-229
-222
-212
-208
-207
-213
-225
-242
-269
-300
-328
-347
-336
-299
-243
-168
-83
21
133
222
298
362
421
465
466
435
397
350
281
192
92
8
-67
-142
-211
-258
-279
-288
-290
-268
-219
-152
-88
-40
3
52
87
103
97
85
77
56
22
-13
-29
-29
-31
-29
-13
18
51
72
80
97
108
104
81
56
31
-4
-50
-90
-112
-116
-120
-111
-85
-36
23
83
143
210
276
334
373
391
392
381
360
320
268
218
176
142
113
93
92
103
123
148
179
216
248
274
292
306
305
292
269
245
215
177
123
67
15
-26
-65
-102
-138
-160
-173
-179
-183
-191
-202
-211
-223
-239
-264
-296
-321
-342
-356
-373
-377
-368
-315
-257
-179
-97
11
119
228
297
359
404
438
438
410
355
305
237
158
64
-26
-100
-156
-209
-249
-272
-273
-265
-250
-224
-189
-149
-114
-88
-59
-30
-12
-6
-7
-3
3
4
-1
-4
-1
11
16
22
29
44
57
71
75
85
92
97
96
97
92
89
81
77
80
89
94
99
113
131
151
170
186
200
214
221
225
226
221
213
206
201
192
181
166
155
148
142
137
135
138
145
151
157
163
178
190
196
194
193
186
173
144
114
78
48
6
-32
-65
-90
-117
-144
-170
-181
-187
-195
-207
-218
-220
-222
-230
-242
-251
-261
-262
-275
-272
-269
-244
-215
-168
-120
-50
12
80
135
187
225
258
267
272
254
234
198
151
98
49
0
-47
-91
-125
-144
-158
-167
-171
-159
-143
-120
-100
-74
-54
-31
-18
-5
5
10
13
20
27
37
45
59
75
97
114
139
158
176
191
204
205
203
187
173
154
130
106
87
69
55
47
46
52
65
80
102
132
163
187
210
234
255
268
273
272
267
259
242
222
202
183
169
156
145
136
130
124
123
122
121
119
116
114
110
97
82
71
61
47
21
-4
-26
-50
-83
-117
-155
-183
-211
-239
-257
-268
-272
-277
-275
-271
-256
-246
-234
-223
-204
-177
-142
-103
-60
-16
30
68
100
124
144
164
173
173
166
157
142
123
96
70
44
20
-7
-29
-47
-59
-74
-78
-74
-57
-34
-12
9
29
47
59
67
65
61
56
49
38
30
22
17
16
18
28
45
58
71
85
102
116
131
137
140
140
140
133
122
105
88
75
66
64
66
73
83
97
117
140
161
183
203
224
241
252
255
250
239
225
205
181
151
125
105
86
70
59
57
59
63
64
66
67
67
60
51
38
21
1
-19
-40
-58
-71
-83
-94
-103
-111
-118
-127
-131
-137
-142
-154
-162
-171
-180
-190
-199
-205
-209
-213
-214
-209
-199
-182
-159
-131
-100
-62
-24
20
58
97
124
150
168
182
178
167
146
127
99
67
32
5
-20
-39
-60
-70
-75
-73
-71
-64
-55
-44
-33
-20
-4
12
24
27
33
40
49
54
58
62
73
87
97
101
106
113
116
115
110
104
103
94
80
71
66
64
60
59
65
75
89
103
126
149
172
187
202
215
223
222
215
202
187
165
142
115
91
71
55
42
35
31
33
40
50
60
67
73
78
83
82
78
72
64
53
39
25
10
-5
-24
-43
-64
-84
-105
-122
-140
-152
-160
-165
-165
-165
-166
-162
-153
-144
-132
-124
-118
-110
-100
-90
-78
-66
-51
-32
-12
8
26
43
56
65
69
74
76
75
65
53
42
34
27
17
5
-1
-8
-16
-24
-28
-28
-32
-38
-40
-34
-27
-20
-15
-7
8
20
28
37
50
66
78
84
86
90
94
94
89
84
83
82
75
67
60
55
54
54
58
67
73
83
93
105
116
125
130
136
145
148
148
149
146
143
145
144
143
141
138
135
133
132
125
118
110
102
94
83
72
63
53
46
44
44
46
47
50
47
49
48
42
30
16
0
-20
-40
-62
-84
-99
-113
-117
-119
-121
-121
-119
-115
-105
-91
-76
-65
-56
-45
-33
-23
-17
-11
-5
2
4
6
6
7
4
-1
-7
-13
-26
-37
-46
-53
-60
-68
-79
-80
-79
-76
-76
-73
-71
-63
-57
-47
-40
-34
-29
-22
-11
-1
0
0
3
9
13
16
16
17
20
23
27
30
37
44
51
58
63
68
73
80
85
87
86
87
88
87
90
91
95
98
103
108
117
121
123
124
129
131
128
122
120
116
116
112
107
107
109
109
114
116
116
115
111
106
103
95
83
75
73
72
70
65
60
57
54
44
31
17
7
-3
-18
-32
-42
-46
-50
-53
-56
-62
-64
-62
-60
-54
-52
-52
-51
-42
-37
-31
-31
-28
-24
-20
-25
-26
-29
-29
-32
-35
-40
-44
-50
-58
-65
-74
-79
-87
-93
-98
-103
-106
-109
-108
-106
-102
-96
-93
-88
-85
-80
-78
-75
-71
-68
-60
-57
-51
-46
-39
-33
-23
-14
-3
13
24
38
51
62
71
85
92
98
99
99
97
92
81
66
56
50
47
47
45
45
51
61
74
84
93
105
115
121
126
131
136
135
135
133
129
128
128
127
130
131
129
128
131
132
133
130
130
125
121
113
103
93
81
69
55
39
23
11
0
-8
-20
-25
-29
-29
-31
-33
-33
-37
-39
-39
-39
-37
-32
-33
-34
-31
-23
-18
-16
-13
-9
-2
0
-1
0
4
4
-2
-9
-19
-29
-38
-47
-55
-66
-76
-87
-93
-101
-110
-115
-115
-112
-108
-103
-98
-89
-76
-65
-58
-52
-42
-37
-31
-34
-32
-36
-39
-43
-45
-45
-44
-37
-30
-24
-13
4
15
23
27
33
41
46
49
44
41
44
44
46
45
43
45
50
53
60
69
79
92
108
124
142
157
169
176
180
184
186
181
173
165
156
145
138
130
122
115
109
104
100
94
92
91
88
82
75
67
63
61
58
52
48
42
37
34
34
29
28
23
18
16
12
12
8
8
3
2
0
-3
-7
-7
-9
-10
-13
-15
-17
-18
-19
-19
-20
-24
-23
-21
-24
-23
-22
-25
-29
-34
-36
-47
-57
-70
-85
-93
-101
-116
-121
-125
-127
-123
-119
-109
-100
-91
-84
-74
-64
-58
-53
-50
-49
-44
-41
-43
-47
-46
-44
-42
-38
-33
-26
-16
-8
-1
10
22
29
39
48
56
59
61
63
62
64
59
55
57
59
62
68
72
79
86
96
103
112
122
130
133
130
124
118
114
102
92
86
81
77
73
71
75
82
86
93
100
105
112
108
101
92
85
72
61
49
36
28
21
16
11
16
19
23
29
30
30
32
32
30
27
27
24
19
17
13
14
9
4
0
0
2
-1
-3
-6
-5
-7
-7
-14
-18
-25
-33
-38
-47
-55
-64
-71
-83
-87
-97
-101
-104
-106
-107
-108
-105
-104
-95
-92
-82
-73
-64
-57
-48
-41
-37
-33
-31
-30
-26
-24
-25
-21
-18
-18
-22
-22
-20
-20
-18
-21
-24
-21
-15
-13
-8
-5
-1
4
9
11
16
26
35
45
55
58
70
77
83
89
97
99
96
93
87
84
80
74
65
59
56
56
54
55
56
63
68
72
75
77
80
84
85
85
86
85
84
80
76
71
63
56
57
54
51
45
39
38
35
34
35
34
34
31
27
24
25
20
17
18
18
12
10
6
8
10
7
2
1
2
1
-1
-2
-4
-10
-19
-27
-35
-40
-45
-52
-55
-58
-61
-59
-53
-47
-38
-36
-32
-30
-27
-27
-31
-33
-37
-40
-44
-49
-55
-60
-62
-62
-65
-66
-62
-54
-49
-44
-39
-31
-22
-18
-14
-8
0
7
10
12
15
14
13
13
14
15
18
22
27
35
40
46
50
54
54
56
55
56
56
53
51
47
39
38
39
39
44
46
50
52
54
57
59
61
59
57
55
54
53
48
46
45
43
39
40
37
36
36
35
33
32
32
33
36
33
31
28
27
30
32
31
29
26
26
29
27
27
25
21
19
15
12
6
3
4
2
-1
-7
-12
-19
-26
-34
-41
-48
-56
-61
-68
-70
-74
-75
-78
-78
-75
-73
-71
-73
-71
-65
-59
-56
-55
-57
-55
-53
-55
-56
-58
-60
-62
-61
-63
-62
-57
-54
-51
-43
-34
-29
-23
-21
-17
-9
-4
-3
-6
-8
-7
-7
-5
-4
-8
-4
-2
2
7
9
14
17
21
25
33
38
40
42
41
41
39
36
30
26
25
19
18
17
16
16
14
12
11
12
16
16
16
21
24
22
24
23
27
31
31
33
36
40
43
44
45
46
47
47
46
47
49
45
44
41
37
34
29
26
22
17
9
3
-5
-10
-13
-16
-18
-23
-22
-25
-28
-31
-33
-35
-35
-40
-46
-51
-56
-61
-68
-73
-77
-77
-75
-75
-73
-70
-65
-59
-55
-53
-52
-51
-48
-44
-43
-43
-42
-39
-38
-37
-34
-31
-29
-30
-26
-24
-20
-23
-26
-29
-28
-25
-25
-25
-26
-23
-18
-14
-14
-10
-9
-6
-3
-2
2
7
11
14
14
18
21
22
20
20
20
21
21
17
15
18
20
17
18
19
23
25
23
20
16
16
19
21
23
24
27
31
37
41
45
45
46
50
52
54
56
57
56
54
50
45
43
41
33
28
24
21
23
23
20
19
14
7
8
4
-2
-8
-12
-14
-17
-21
-23
-25
-23
-27
-31
-36
-40
-39
-41
-45
-47
-47
-47
-45
-43
-41
-36
-32
-29
-32
-33
-33
-34
-37
-39
-40
-39
-38
-37
-37
-35
-35
-33
-32
-34
-32
-33
-33
-31
-36
-40
-40
-39
-40
-40
-37
-34
-31
-30
-29
-28
-27
-25
-20
-16
-11
-7
-3
4
9
12
13
14
16
16
15
16
17
15
14
11
7
5
2
-2
-4
-5
-3
-2
1
5
8
12
14
15
15
18
20
19
18
18
16
14
12
14
16
19
19
18
18
17
15
9
4
1
0
-1
-3
-4
-8
-8
-7
-5
-4
-4
-4
-5
-3
-4
-5
-7
-8
-12
-18
-23
-29
-36
-39
-42
-45
-48
-53
-56
-57
-58
-59
-59
-59
-59
-58
-57
-56
-58
-63
-65
-63
-58
-56
-57
-58
-56
-54
-54
-56
-56
-54
-53
-54
-56
-57
-55
-54
-56
-52
-49
-49
-48
-43
-40
-38
-37
-34
-28
-21
-19
-22
-25
-24
-24
-24
-22
-21
-21
-21
-17
-15
-12
-7
-5
-3
-3
-2
2
4
4
2
-2
-4
-4
-3
-2
-2
-3
-3
-4
-4
-5
-6
-8
-7
-4
-4
0
1
3
6
10
11
9
7
8
11
14
12
11
11
13
18
18
18
17
14
12
10
9
7
5
0
-1
-1
-4
-7
-9
-12
-14
-14
-18
-19
-21
-25
-29
-31
-32
-34
-36
-37
-41
-48
-50
-51
-55
-57
-60
-62
-60
-58
-56
-56
-53
-49
-47
-46
-43
-40
-38
-38
-38
-35
-33
-32
-34
-33
-32
-30
-30
-26
-21
-19
-20
-23
-28
-29
-33
-35
-36
-38
-40
-43
-42
-40
-37
-35
-32
-28
-22
-16
-12
-11
-12
-12
-15
-16
-18
-14
-14
-16
-15
-16
-13
-11
-10
-10
-10
-9
-7
-7
-8
-10
-10
-9
-8
-8
-8
-5
-4
1
4
7
5
5
6
8
9
10
9
11
15
17
17
14
15
14
12
9
5
3
0
-4
-7
-10
-11
-16
-18
-21
-21
-18
-17
-15
-15
-14
-13
-11
-13
-16
-19
-21
-26
-29
-31
-35
-38
-43
-47
-49
-51
-52
-53
-55
-54
-54
-50
-47
-46
-45
-40
-34
-31
-31
-30
-30
-29
-29
-31
-31
-30
-32
-34
-35
-37
-39
-39
-41
-41
-43
-45
-46
-52
-50
-51
-50
-53
-57
-56
-54
-48
-46
-40
-37
-32
-28
-24
-20
-19
-18
-14
-10
-10
-12
-14
-16
-16
-19
-23
-24
-25
-22
-21
-23
-24
-25
-23
-21
-19
-17
-16
-14
-12
-11
-10
-9
-7
-6
-7
-7
-7
-6
-8
-9
-12
-13
-14
-16
-16
-18
-18
-20
-22
-22
-24
-22
-19
-18
-20
-21
-22
-23
-22
-24
-23
-25
-25
-25
-23
-22
-25
-28
-31
-31
-32
-38
-43
-50
-50
-52
-56
-60
-62
-62
-60
-60
-63
-62
-59
-57
-59
-61
-59
-56
-52
-51
-51
-53
-53
-54
-58
-60
-61
-65
-66
-66
-65
-62
-60
-61
-62
-63
-62
-61
-61
-58
-57
-58
-59
-60
-58
-56
-55
-55
-53
-48
-47
-47
-49
-47
-43
-42
-41
-43
-43
-43
-43
-43
-42
-40
-40
-42
-44
-47
-45
-43
-44
-44
-44
-42
-39
-39
-36
-36
-34
-33
-35
-37
-36
-35
-35
-36
-34
-32
-30
-29
-29
-27
-25
-23
-23
-21
-21
-19
-17
-17
-16
-14
-13
-11
-11
-17
-20
-22
-26
-27
-29
-34
-38
-41
-41
-41
-43
-47
-50
-52
-51
-50
-50
-53
-53
-55
-56
-56
-57
-53
-51
-55
-58
-60
-62
-64
-67
-69
-69
-67
-67
-65
-68
-65
-61
-59
-59
-60
-58
-55
-57
-56
-55
-54
-52
-50
-49
-49
-50
-52
-56
-56
-55
-56
-57
-57
-57
-59
-62
-65
-66
-65
-64
-61
-57
-56
-53
-49
-46
-45
-41
-39
-39
-38
-38
-39
-40
-41
-45
-48
-52
-54
-52
-50
-49
-49
-49
-48
-49
-47
-44
-42
-39
-39
-36
-34
-31
-27
-27
-23
-20
-17
-17
-18
-18
-18
-19
-21
-23
-26
-27
-28
-29
-34
-35
-38
-41
-44
-47
-49
-49
-49
-47
-48
-48
-49
-48
-45
-44
-44
-44
-43
-41
-42
-46
-51
-53
-55
-58
-60
-62
-63
-63
-64
-63
-62
-64
-66
-67
-67
-66
-64
-63
-62
-65
-65
-62
-60
-56
-55
-55
-57
-54
-52
-54
-56
-56
-59
-61
-65
-69
-70
-69
-68
-67
-65
-65
-63
-64
-64
-61
-60
-58
-59
-61
-62
-62
-62
-62
-62
-59
-58
-58
-61
-60
-58
-54
-52
-54
-53
-50
-46
-45
-45
-43
-42
-40
-41
-42
-45
-46
-46
-47
-45
-43
-41
-40
-44
-45
-43
-42
-42
-44
-42
-42
-44
-46
-47
-46
-42
-41
-41
-41
-43
-42
-43
-42
-44
-45
-49
-51
-52
-51
-55
-57
-60
-61
-62
-62
-61
-61
-59
-56
-52
-50
-49
-50
-52
-54
-53
-54
-56
-61
-62
-61
-60
-61
-63
-65
-66
-65
-63
-66
-68
-72
-75
-75
-72
-73
-74
-74
-76
-72
-70
-70
-70
-72
-71
-70
-69
-71
-73
-71
-70
-70
-68
-68
-71
-72
-73
-74
-75
-75
-76
-75
-72
-69
-67
-67
-64
-63
-62
-60
-59
-56
-55
-56
-57
-57
-60
-61
-63
-64
-65
-65
-63
-62
-62
-61
-60
-59
-57
-57
-55
-54
-53
-51
-50
-50
-50
-52
-50
-49
-50
-52
-53
-53
-52
-50
-49
-49
-49
-50
-49
-48
-48
-46
-44
-43
-44
-46
-49
-51
-54
-56
-58
-59
-59
-59
-60
-61
-60
-57
-52
-53
-53
-55
-55
-54
-55
-57
-56
-57
-60
-59
-60
-59
-61
-62
-60
-62
-62
-61
-60
-59
-58
-61
-65
-67
-67
-66
-67
-67
-68
-68
-69
-71
-71
-72
-72
-72
-71
-69
-66
-62
-60
-59
-58
-56
-58
-59
-61
-65
-67
-66
-66
-69
-72
-71
-70
-72
-71
-70
-67
-63
-60
-58
-54
-54
-53
-55
-56
-56
-57
-62
-64
-64
-64
-65
-68
-67
-65
-64
-63
-63
-63
-61
-58
-59
-58
-58
-60
-60
-60
-58
-58
-57
-57
-55
-54
-52
-50
-48
-46
-45
-43
-42
-42
-43
-44
-45
-46
-48
-50
-54
-57
-59
-63
-65
-64
-65
-66
-65
-64
-63
-65
-64
-65
-65
-67
-67
-66
-65
-67
-71
-71
-70
-69
-69
-69
-69
-70
-71
-68
-69
-70
-69
-69
-70
-68
-66
-65
-66
-68
-67
-66
-67
-68
-70
-72
-74
-76
-77
-80
-82
-82
-82
-81
-79
-78
-78
-79
-82
-82
-81
-80
-81
-79
-79
-81
-81
-82
-80
-78
-77
-77
-79
-78
-77
-76
-75
-76
-78
-80
-81
-81
-80
-79
-78
-79
-78
-79
-76
-72
-71
-69
-68
-65
-63
-60
-61
-64
-64
-64
-63
-61
-60
-61
-63
-66
-66
-65
-66
-66
-64
-61
-59
-57
-55
-55
-54
-52
-53
-52
-52
-53
-54
-56
-60
-64
-66
-69
-71
-71
-70
-70
-70
-69
-68
-68
-67
-67
-68
-69
-72
-71
-73
-73
-72
-70
-69
-66
-66
-69
-71
-71
-69
-66
-64
-62
-63
-64
-66
-69
-72
-73
-73
-74
-73
-72
-73
-73
-72
-73
-76
-77
-76
-76
-76
-76
-77
-76
-74
-75
-77
-75
-73
-70
-69
-69
-68
-68
-67
-68
-69
-70
-71
-68
-68
-70
-73
-75
-74
-72
-71
-70
-68
-68
-65
-66
-65
-63
-62
-60
-60
-59
-58
-58
-58
-61
-62
-64
-62
-65
-66
-66
-63
-62
-62
-62
-63
-63
-62
-62
-65
-64
-62
-61
-58
-55
-51
-50
-51
-48
-47
-45
-43
-40
-41
-42
-46
-48
-50
-51
-52
-54
-57
-58
-57
-57
-59
-60
-58
-57
-58
-59
-58
-55
-54
-55
-59
-60
-59
-58
-59
-61
-61
-58
-56
-56
-57
-56
-57
-57
-58
-60
-63
-65
-66
-68
-69
-68
-70
-71
-69
-68
-68
-68
-66
-65
-66
-66
-65
-65
-65
-64
-66
-66
-67
-66
-65
-65
-65
-65
-65
-65
-63
-61
-61
-60
-61
-63
-63
-65
-65
-66
-66
-65
-66
-67
-67
-67
-66
-64
-61
-62
-61
-60
-61
-64
-64
-63
-60
-62
-67
-68
-69
-68
-65
-62
-61
-57
-54
-55
-53
-54
-54
-52
-49
-47
-46
-46
-45
-45
-45
-46
-47
-48
-48
-49
-50
-49
-49
-50
-50
-50
-52
-54
-57
-62
-64
-64
-65
-63
-65
-66
-69
-69
-66
-62
-62
-64
-67
-68
-66
-65
-67
-69
-67
-65
-62
-62
-66
-68
-67
-67
-67
-66
-65
-63
-64
-66
-67
-66
-66
-66
-69
-67
-64
-62
-62
-67
-68
-69
-70
-69
-71
-74
-73
-71
-68
-69
-71
-73
-72
-69
-69
-70
-71
-71
-71
-71
-72
-75
-75
-76
-74
-74
-74
-73
-73
-72
-71
-72
-72
-68
-67
-66
-67
-68
-67
-66
-66
-67
-68
-70
-70
-69
-69
-65
-64
-63
-64
-64
-63
-61
-57
-56
-57
-57
-58
-59
-60
-62
-63
-61
-58
-58
-59
-60
-60
-60
-56
-53
-49
-46
-45
-47
-48
-49
-50
-53
-55
-57
-59
-60
-63
-66
-69
-69
-67
-65
-63
-61
-61
-59
-59
-58
-61
-63
-65
-64
-61
-62
-62
-62
-62
-61
-61
-59
-60
-58
-55
-55
-56
-59
-60
-62
-62
-64
-68
-71
-73
-71
-71
-70
-69
-70
-70
-71
-74
-72
-69
-65
-64
-64
-66
-68
-68
-69
-70
-69
-69
-71
-74
-74
-73
-71
-71
-72
-73
-72
-70
-66
-64
-63
-65
-65
-61
-60
-61
-64
-63
-65
-62
-60
-62
-63
-62
-63
-63
-63
-63
-63
-62
-62
-63
-66
-67
-68
-67
-65
-65
-63
-60
-57
-54
-53
-54
-51
-51
-48
-47
-46
-47
-48
-51
-52
-53
-54
-53
-54
-55
-57
-58
-58
-58
-58
-59
-61
-59
-59
-59
-62
-62
-62
-62
-61
-60
-58
-59
-58
-57
-56
-57
-58
-59
-59
-62
-63
-62
-62
-60
-59
-59
-59
-60
-62
-65
-64
-62
-62
-64
-66
-65
-64
-65
-66
-70
-69
-68
-67
-66
-67
-67
-67
-67
-67
-67
-68
-66
-65
-68
-70
-72
-74
-73
-71
-71
-72
-70
-70
-71
-71
-71
-70
-69
-69
-71
-71
-73
-73
-73
-70
-68
-71
-75
-75
-74
-71
-69
-70
-70
-68
-67
-66
-65
-67
-67
-66
-67
-67
-69
-69
-69
-68
-67
-66
-65
-64
-62
-60
-59
-59
-54
-52
-55
-55
-55
-55
-55
-55
-56
-56
-58
-58
-61
-63
-62
-61
-64
-66
-67
-70
-70
-69
-70
-69
-69
-70
-69
-68
-66
-64
-65
-65
-65
-65
-67
-70
-74
-75
-71
-69
-70
-69
-70
-71
-72
-74
-75
-76
-75
-75
-76
-76
-74
-74
-73
-73
-75
-77
-78
-77
-78
-81
-82
-82
-80
-79
-81
-83
-85
-83
-81
-80
-81
-81
-80
-81
-82
-81
-79
-78
-78
-78
-80
-83
-82
-80
-79
-79
-80
-79
-77
-73
-72
-75
-77
-76
-80
-82
-84
-82
-77
-77
-78
-77
-76
-76
-74
-74
-75
-74
-72
-71
-71
-71
-71
-73
-71
-70
-72
-72
-71
-67
-66
-68
-70
-68
-67
-64
-65
-65
-65
-66
-66
-67
-67
-66
-64
-65
-67
-68
-68
-69
-69
-72
-75
-76
-76
-75
-75
-75
-75
-75
-74
-73
-73
-71
-71
-72
-70
-67
-66
-68
-67
-67
-68
-67
-67
-67
-67
-68
-71
-73
-74
-76
-76
-74
-72
-71
-72
-74
-73
-71
-70
-72
-75
-77
-75
-73
-73
-72
-73
-75
-74
-73
-72
-72
-74
-75
-75
-74
-73
-74
-75
-74
-72
-69
-71
-75
-74
-73
-69
-68
-69
-72
-73
-71
-70
-70
-70
-70
-68
-67
-67
-69
-72
-74
-75
-74
-72
-71
-71
-71
-70
-68
-67
-69
-70
-70
-68
-65
-65
-64
-64
-63
-62
-62
-63
-63
-60
-58
-58
-59
-59
-59
-57
-57
-61
-63
-63
-62
-61
-63
-65
-65
-64
-63
-63
-65
-63
-63
-65
-68
-72
-73
-70
-67
-66
-66
-68
-68
-68
-66
-67
-66
-66
-65
-66
-65
-64
-62
-62
-62
-62
-64
-67
-71
-72
-70
-68
-67
-69
-67
-68
-69
-71
-70
-69
-69
-71
-73
-72
-70
-70
-70
-70
-69
-69
-69
-70
-71
-70
-70
-71
-72
-71
-70
-70
-69
-69
-72
-73
-75
-76
-75
-76
-77
-79
-79
-79
-79
-79
-77
-75
-75
-75
-75
-75
-75
-74
-75
-74
-75
-75
-76
-75
-75
-77
-76
-77
-76
-75
-73
-70
-73
-74
-72
-71
-70
-69
-70
-68
-67
-69
-67
-66
-65
-64
-64
-63
-63
-61
-59
-61
-63
-64
-64
-63
-66
-69
-71
-72
-73
-76
-76
-75
-73
-74
-75
-76
-76
-75
-73
-72
-72
-71
-69
-70
-72
-75
-76
-77
-73
-72
-71
-73
-75
-76
-75
-72
-72
-72
-75
-77
-76
-74
-74
-76
-78
-77
-76
-72
-73
-74
-76
-76
-74
-73
-74
-76
-77
-76
-76
-76
-80
-82
-83
-82
-81
-82
-83
-83
-79
-75
-76
-79
-80
-81
-80
-82
-85
-85
-83
-81
-81
-82
-81
-80
-79
-81
-80
-78
-79
-77
-75
-76
-74
-73
-73
-71
-71
-71
-72
-74
-75
-74
-75
-75
-78
-76
-75
-74
-73
-73
-72
-71
-70
-69
-68
-67
-64
-63
-61
-61
-64
-67
-67
-68
-67
-66
-65
-66
-63
-61
-63
-65
-68
-67
-68
-67
-67
-68
-69
-69
-70
-67
-64
-61
-59
-58
-59
-59
-57
-59
-60
-59
-57
-57
-57
-60
-62
-63
-61
-61
-60
-62
-64
-62
-62
-62
-64
-65
-65
-63
-62
-60
-58
-60
-61
-62
-60
-57
-56
-58
-58
-58
-58
-58
-58
-61
-63
-63
-62
-60
-60
-60
-62
-61
-59
-59
-58
-57
-58
-59
-60
-60
-59
-59
-60
-59
-59
-59
-60
-61
-59
-57
-57
-58
-57
-57
-54
-56
-56
-58
-61
-61
-62
-62
-62
-62
-64
-61
-59
-60
-59
-58
-57
-56
-54
-53
-53
-53
-53
-53
-57
-56
-57
-55
-55
-57
-59
-59
-56
-54
-53
-55
-56
-57
-58
-56
-58
-61
-61
-59
-59
-60
-58
-59
-59
-61
-61
-59
-57
-55
-55
-54
-53
-51
-49
-52
-55
-57
-59
-60
-58
-58
-60
-62
-63
-64
-62
-61
-62
-61
-62
-59
-58
-61
-62
-61
-59
-59
-58
-61
-62
-63
-63
-61
-61
-62
-65
-63
-60
-60
-61
-64
-63
-62
-62
-62
-61
-61
-61
-62
-63
-65
-64
-63
-63
-61
-63
-64
-63
-62
-63
-62
-61
-61
-60
-62
-60
-57
-56
-57
-59
-60
-61
-61
-61
-63
-65
-65
-65
-64
-65
-65
-63
-60
-60
-60
-62
-61
-57
-58
-58
-57
-56
-57
-58
-59
-58
-58
-60
-62
-61
-61
-61
-62
-63
-63
-62
-62
-62
-64
-64
-64
-64
-63
-64
-66
-66
-66
-66
-63
-62
-61
-62
-63
-60
-59
-60
-61
-61
-62
-64
-64
-64
-64
-64
-65
-66
-65
-65
-68
-71
-71
-69
-68
-68
-69
-69
-66
-63
-63
-66
-67
-67
-66
-64
-67
-69
-70
-70
-68
-68
-69
-70
-69
-69
-68
-65
-66
-65
-68
-71
-71
-70
-67
-68
-70
-71
-73
-73
-72
-70
-68
-67
-66
-66
-67
-64
-63
-64
-65
-65
-67
-67
-68
-68
-69
-73
-73
-74
-72
-71
-71
-74
-72
-70
-70
-69
-70
-70
-72
-71
-74
-72
-72
-71
-71
-70
-68
-67
-68
-68
-69
-68
-66
-66
-66
-67
-68
-70
-71
-72
-72
-71
-72
-72
-72
-72
-73
-73
-72
-71
-71
-72
-71
-72
-70
-68
-68
-68
-67
-68
-70
-68
-66
-66
-66
-67
-67
-67
-67
-69
-70
-69
-70
-70
-69
-68
-66
-67
-70
-71
-70
-68
-67
-66
-67
-69
-67
-66
-65
-68
-67
-65
-66
-68
-69
-72
-72
-72
-75
-75
-73
-72
-72
-73
-73
-73
-74
-73
-74
-74
-73
-73
-74
-74
-71
-69
-68
-68
-68
-69
-69
-69
-72
-74
-74
-74
-74
-75
-76
-76
-78
-78
-78
-76
-75
-74
-74
-73
-73
-71
-72
-74
-72
-72
-72
-72
-72
-72
-70
-71
-73
-75
-76
-77
-78
-78
-79
-80
-78
-78
-78
-79
-80
-79
-76
-72
-72
-73
-72
-70
-70
-71
-74
-73
-73
-72
-74
-75
-74
-75
-72
-72
-72
-73
-72
-73
-75
-76
-75
-75
-75
-73
-73
-73
-74
-71
-72
-74
-75
-76
-75
-73
-73
-73
-74
-75
-75
-74
-74
-75
-74
-75
-74
-75
-75
-76
-77
-77
-77
-77
-74
-73
-75
-75
-72
-71
-71
-71
-72
-71
-70
-70
-73
-73
-72
-71
-70
-72
-72
-72
-73
-74
-75
-72
-70
-66
-66
-66
-66
-66
-65
-65
-67
-68
-68
-70
-72
-73
-73
-71
-68
-69
-72
-74
-72
-70
-70
-69
-69
-67
-66
-66
-67
-68
-68
-67
-68
-69
-68
-67
-67
-67
-68
-68
-68
-69
-69
-68
-68
-65
-64
-62
-63
-63
-63
-62
-62
-61
-61
-60
-59
-60
-63
-64
-63
-62
-62
-62
-64
-64
-63
-62
-60
-59
-58
-59
-60
-62
-63
-62
-62
-61
-60
-61
-60
-58
-57
-59
-57
-59
-59
-59
-56
-54
-51
-52
-54
-57
-58
-59
-57
-56
-56
-57
-55
-54
-54
-56
-56
-55
-54
-53
-54
-53
-51
-51
-52
-55
-57
-56
-54
-55
-58
-59
-59
-57
-55
-56
-55
-56
-57
-57
-57
-54
-54
-54
-52
-51
-52
-53
-54
-56
-56
-55
-55
-53
-53
-51
-53
-54
-54
-54
-53
-53
-50
-48
-48
-50
-49
-49
-52
-53
-54
-55
-53
-51
-52
-53
-55
-54
-50
-48
-48
-49
-48
-46
-44
-45
-48
-47
-47
-47
-48
-48
-48
-46
-46
-46
-45
-44
-42
-42
-43
-41
-41
-41
-40
-39
-40
-42
-43
-43
-42
-42
-42
-41
-40
-40
-41
-43
-44
-44
-43
-42
-41
-42
-44
-44
-42
-40
-38
-37
-37
-37
-38
-38
-39
-40
-41
-42
-40
-38
-38
-40
-40
-38
-36
-35
-35
-37
-37
-36
-36
-37
-37
-37
-35
-35
-35
-36
-34
-33
-34
-36
-35
-35
-35
-34
-36
-35
-35
-35
-36
-37
-37
-38
-36
-33
-32
-31
-34
-39
-40
-36
-35
-35
-35
-35
-31
-29
-28
-31
-32
-34
-35
-33
-32
-32
-32
-34
-35
-36
-36
-38
-37
-37
-35
-35
-35
-35
-36
-37
-38
-37
-38
-38
-38
-37
-35
-33
-35
-37
-38
-36
-37
-36
-35
-38
-39
-38
-39
-37
-37
-39
-41
-42
-40
-37
-38
-39
-42
-41
-36
-37
-38
-40
-41
-39
-35
-35
-39
-38
-40
-40
-39
-41
-40
-39
-38
-38
-36
-36
-37
-39
-39
-39
-38
-39
-39
-38
-36
-36
-36
-35
-37
-36
-34
-34
-32
-32
-31
-33
-34
-35
-35
-33
-33
-33
-36
-36
-38
-39
-39
-38
-39
-41
-40
-39
-37
-36
-35
-36
-36
-37
-37
-38
-38
-37
-37
-38
-38
-38
-39
-39
-39
-36
-34
-33
-36
-38
-38
-37
-37
-37
-36
-36
-35
-35
-37
-38
-39
-36
-38
-37
-35
-36
-37
-39
-39
-41
-40
-41
-40
-39
-38
-37
-36
-37
-37
-35
-37
-40
-40
-41
-39
-38
-36
-35
-35
-35
-35
-35
-33
-33
-32
-35
-36
-34
-30
-28
-31
-34
-34
-30
-28
-28
-29
-28
-29
-27
-27
-26
-28
-28
-26
-25
-26
-26
-25
-26
-26
-25
-24
-24
-23
-24
-23
-22
-22
-23
-24
-23
-22
-22
-22
-20
-17
-17
-17
-16
-15
-15
-16
-17
-17
-18
-19
-20
-21
-21
-20
-19
-21
-21
-21
-20
-19
-18
-19
-19
-18
-18
-19
-21
-22
-24
-22
-20
-19
-19
-18
-19
-21
-21
-21
-19
-20
-24
-25
-25
-22
-19
-19
-21
-23
-21
-21
-19
-19
-21
-23
-22
-20
-21
-21
-20
-19
-17
-18
-20
-22
-21
-20
-17
-18
-21
-22
-21
-19
-18
-20
-22
-23
-22
-22
-20
-19
-20
-21
-21
-20
-17
-17
-19
-20
-20
-18
-19
-21
-24
-24
-22
-20
-19
-18
-20
-22
-24
-25
-24
-23
-23
-25
-25
-25
-23
-23
-25
-26
-26
-24
-24
-25
-23
-25
-26
-28
-27
-28
-29
-27
-28
-30
-28
-24
-24
-25
-26
-25
-25
-26
-27
-29
-28
-27
-28
-28
-28
-27
-29
-29
-30
-32
-32
-34
-35
-35
-34
-36
-36
-36
-35
-36
-35
-38
-38
-37
-39
-38
-38
-37
-36
-34
-33
-33
-34
-33
-31
-32
-35
-37
-35
-33
-32
-31
-31
-31
-28
-27
-28
-28
-28
-26
-25
-25
-25
-27
-27
-29
-28
-28
-29
-29
-27
-26
-24
-23
-22
-25
-25
-26
-27
-26
-26
-25
-25
-24
-24
-23
-23
-22
-23
-24
-23
-24
-24
-24
-21
-20
-21
-21
-23
-25
-24
-24
-23
-21
-19
-17
-19
-21
-22
-22
-22
-21
-21
-20
-18
-19
-21
-22
-25
-25
-22
-20
-20
-22
-24
-22
-21
-24
-25
-25
-24
-24
-24
-28
-29
-27
-26
-25
-26
-26
-26
-24
-24
-27
-26
-24
-22
-22
-24
-26
-27
-25
-24
-25
-23
-21
-22
-25
-24
-22
-19
-18
-18
-18
-18
-16
-13
-14
-17
-17
-16
-14
-14
-15
-16
-17
-15
-16
-17
-19
-16
-16
-16
-14
-13
-11
-12
-14
-16
-14
-14
-14
-13
-13
-12
-12
-14
-14
-12
-10
-9
-12
-13
-12
-12
-11
-9
-7
-8
-8
-8
-10
-10
-11
-9
-9
-10
-10
-13
-14
-13
-11
-8
-6
-7
-9
-10
-10
-10
-9
-7
-7
-8
-11
-12
-11
-12
-11
-12
-13
-14
-14
-14
-13
-14
-14
-15
-14
-13
-12
-12
-13
-13
-12
-14
-14
-14
-13
-13
-14
-15
-16
-16
-14
-13
-14
-16
-15
-16
-15
-13
-13
-12
-13
-13
-12
-13
-13
-15
-14
-12
-14
-14
-13
-13
-9
-8
-9
-10
-9
-10
-8
-8
-8
-7
-8
-8
-8
-8
-7
-10
-11
-10
-9
-6
-7
-6
-7
-5
-3
0
0
0
-1
-2
-4
-4
-3
-4
-3
-3
-3
-2
-3
-4
-2
-1
0
1
-1
-2
-3
-3
-4
-3
-2
-2
-2
-3
-5
-7
-5
-3
-2
-4
-6
-6
-5
-3
-3
-5
-8
-7
-7
-7
-8
-10
-10
-8
-6
-6
-3
-4
-3
-2
-3
-4
-5
-4
-2
0
0
0
-1
-1
-2
-2
-1
-1
0
0
2
3
1
-1
0
0
2
2
2
3
4
6
6
4
3
5
7
9
8
6
5
6
8
8
5
6
10
10
9
9
7
6
8
7
6
5
6
6
6
11
13
15
15
14
13
11
11
14
16
13
11
13
14
14
14
10
10
14
19
20
16
13
14
17
21
21
20
19
19
20
21
20
18
16
17
18
21
21
18
14
14
15
18
17
14
14
17
18
19
18
17
17
20
20
17
14
12
14
15
14
15
14
12
13
12
13
12
11
9
10
14
16
16
14
11
11
13
14
12
14
14
13
12
11
12
13
13
10
9
9
10
10
10
10
11
12
11
10
12
12
12
14
14
14
13
13
11
9
8
9
13
14
14
12
13
16
15
15
15
14
14
14
14
15
16
13
11
13
16
16
16
15
14
16
15
15
13
14
12
15
14
13
16
14
13
11
10
9
11
11
10
12
13
13
13
13
12
14
13
12
11
13
14
15
16
13
9
10
10
12
13
10
10
11
11
10
8
9
11
15
14
13
12
12
12
10
9
6
4
4
8
9
10
9
8
8
9
11
12
8
8
7
9
12
11
8
6
7
7
7
7
6
5
4
7
9
9
10
10
9
9
9
10
12
9
8
7
8
10
8
7
5
6
7
8
6
7
8
9
8
7
6
7
7
6
7
8
8
8
10
9
8
7
7
8
8
10
9
8
7
6
8
10
10
7
6
8
11
10
7
7
6
9
13
15
13
10
10
13
16
16
13
12
13
14
12
10
7
7
9
7
9
8
8
12
14
13
12
9
10
10
12
11
11
11
12
13
13
13
14
13
14
13
13
13
13
12
11
10
12
13
12
10
9
11
12
12
10
11
11
14
13
11
8
9
10
11
11
11
9
6
5
6
8
7
6
5
4
4
5
6
4
3
5
6
6
5
4
2
4
5
6
4
4
3
5
7
6
3
2
4
5
7
5
4
3
2
0
0
0
0
-1
1
2
4
3
1
3
4
6
6
5
7
7
5
3
1
0
1
2
2
1
1
0
0
-1
2
2
1
-2
-3
-2
1
0
-1
-2
-2
0
0
-1
-3
-3
-1
0
2
1
0
-1
1
3
4
3
1
1
-1
2
2
2
2
3
3
1
1
0
-1
-1
-1
-1
-1
1
2
3
1
-1
-3
-2
-3
-4
-4
-4
-6
-7
-6
-5
-6
-6
-5
-4
-3
-3
-4
-5
-8
-9
-10
-9
-8
-7
-7
-9
-7
-8
-11
-13
-10
-6
-5
-2
-4
-4
-4
-3
-2
-6
-4
-8
-10
-9
-9
-6
-4
-3
-6
-6
-5
-2
-4
-6
-7
-6
-4
-4
-4
-5
-2
-2
0
0
2
3
4
3
0
0
0
2
3
3
5
3
6
5
2
0
2
1
-1
-2
-3
-1
1
2
2
2
2
2
2
1
-2
-1
-1
0
3
3
2
1
-1
-2
-1
0
-2
-3
-3
0
1
1
0
2
6
5
1
1
2
5
5
2
-1
1
2
2
3
4
2
4
4
2
2
2
3
2
-1
-2
-3
2
3
0
0
-2
-1
-1
-2
-3
0
2
3
2
2
3
4
2
0
0
2
4
5
4
3
2
4
4
5
5
4
7
7
8
7
6
5
5
5
5
5
6
8
10
10
7
5
3
3
3
2
4
5
7
7
8
8
6
6
6
4
3
3
2
2
4
6
7
9
9
6
8
8
9
9
8
9
8
7
6
7
7
8
8
8
9
10
10
8
8
9
10
12
12
13
11
11
10
9
9
8
8
10
14
14
12
8
8
9
11
11
11
10
11
12
10
9
9
10
10
10
8
9
11
12
13
12
11
12
11
11
12
11
11
9
7
9
10
8
9
9
10
13
14
14
12
9
8
9
13
13
10
10
8
9
8
7
4
6
8
10
11
10
6
7
8
8
7
6
7
10
10
11
10
10
8
7
9
10
10
11
12
12
10
10
12
13
14
13
14
13
13
12
10
11
13
13
13
13
13
11
12
14
17
18
17
14
13
13
15
15
12
9
7
7
9
12
13
11
12
13
14
13
11
12
13
17
16
14
14
13
14
14
14
16
16
16
18
17
16
14
12
13
13
12
11
12
13
15
17
15
13
14
14
15
15
13
14
13
13
12
12
13
11
13
13
13
12
12
12
11
10
10
10
11
13
11
10
9
8
7
5
7
10
11
11
11
10
9
10
11
11
12
13
13
16
16
14
11
10
10
8
8
8
9
10
11
10
9
9
11
10
10
12
13
14
14
12
11
12
12
12
11
12
13
13
12
11
10
10
12
11
12
11
12
11
13
16
18
19
16
14
13
15
16
19
21
20
20
20
18
17
14
12
10
10
11
13
14
14
14
12
13
11
10
12
12
12
13
11
12
14
13
11
10
11
10
13
14
16
15
15
14
16
16
14
13
11
13
14
15
14
13
12
13
13
14
16
17
17
16
14
15
17
17
17
16
13
11
10
10
9
10
10
10
10
13
12
10
11
11
12
12
13
10
9
10
10
12
10
7
8
11
13
11
8
8
11
11
10
10
9
9
11
11
12
12
13
11
11
11
11
11
12
13
15
16
15
14
11
11
13
13
12
11
9
10
10
11
13
13
11
9
8
11
14
16
14
14
14
13
15
14
15
15
17
19
20
20
18
17
17
16
18
19
19
20
20
19
16
16
17
20
21
21
18
17
17
20
22
22
21
17
16
15
17
18
17
14
14
17
19
18
15
17
19
18
17
16
15
17
17
15
14
16
17
19
19
17
16
14
15
16
16
15
17
17
15
15
13
12
13
13
13
13
14
12
13
15
17
19
16
12
9
10
11
13
13
13
13
14
14
13
11
13
15
16
14
16
14
16
17
15
17
17
16
16
15
15
14
14
15
15
15
14
15
15
17
19
20
18
18
18
18
20
19
18
18
20
20
19
21
19
18
18
16
14
16
17
17
19
18
17
17
17
17
17
15
15
16
18
17
16
15
16
18
19
18
17
17
18
17
18
17
17
18
19
19
19
17
16
16
17
19
20
20
18
16
15
15
15
16
16
16
18
20
19
17
16
18
19
19
19
19
19
19
20
20
21
20
20
19
18
15
14
14
17
21
23
21
20
19
19
19
20
19
21
24
26
22
19
19
19
21
20
20
21
20
22
23
24
22
21
19
19
20
23
27
26
25
23
24
25
26
27
27
27
26
25
25
26
26
27
25
27
30
28
26
29
28
26
26
26
25
26
24
24
23
23
27
31
30
29
27
28
26
24
24
25
25
24
23
24
26
24
23
22
23
23
22
23
24
22
19
19
22
26
30
29
23
22
22
23
22
17
16
23
28
27
27
25
26
23
25
29
27
22
21
26
28
30
29
31
33
27
23
20
19
24
27
27
30
31
29
25
21
22
25
21
17
17
21
23
24
20
20
25
26
22
22
27
27
23
20
22
24
22
21
22
23
21
20
20
21
25
24
21
20
19
22
22
24
24
23
22
20
19
20
21
22
22
21
22
22
22
21
21
20
21
19
18
20
24
25
23
23
23
24
25
23
19
20
23
23
26
23
22
23
24
23
20
20
19
17
19
23
22
20
21
22
22
20
16
14
16
13
13
13
13
13
12
11
14
15
12
8
12
13
11
7
7
8
6
8
9
11
14
15
15
15
13
13
14
16
18
18
17
17
18
20
18
15
15
16
16
18
20
20
22
23
21
17
17
19
23
25
23
21
18
17
20
17
18
21
19
18
16
15
17
16
15
16
19
19
19
17
17
19
22
18
17
16
19
23
20
17
20
20
18
20
21
21
19
16
19
21
26
24
22
20
19
24
24
23
27
28
27
24
23
26
30
31
26
22
22
22
23
25
23
22
22
23
23
26
26
26
27
27
25
25
24
26
27
27
27
23
22
26
29
30
30
29
27
26
26
27
29
29
27
28
29
26
24
21
23
25
27
26
27
28
28
30
30
32
33
34
28
28
30
31
31
31
30
29
30
29
28
26
27
28
26
24
25
28
29
29
27
27
27
27
28
28
26
28
28
30
30
26
25
25
28
27
27
27
29
29
28
26
23
24
27
30
30
29
24
26
28
27
26
27
28
27
27
29
30
29
28
27
25
25
25
22
24
24
27
29
26
22
21
21
21
20
20
21
22
21
22
24
23
22
20
21
24
25
24
22
24
26
27
27
22
21
21
23
22
21
23
22
23
23
23
21
20
20
25
27
28
24
20
18
20
23
22
21
22
21
22
21
21
19
17
20
22
23
22
20
19
22
22
21
22
21
21
26
29
27
22
18
19
21
20
22
23
23
24
22
23
24
25
25
23
23
21
21
20
19
20
19
18
16
12
11
16
21
23
24
20
17
15
15
16
14
12
13
16
18
18
18
16
18
18
16
13
11
13
15
17
19
18
17
18
16
16
15
14
16
17
18
19
20
19
20
21
18
17
20
19
19
19
20
17
14
13
14
16
18
20
20
19
16
17
16
18
21
19
18
20
23
22
21
20
18
16
16
19
21
20
22
22
21
21
20
17
16
19
22
20
18
17
18
19
17
14
14
16
19
20
20
22
23
22
18
17
19
19
21
23
21
23
24
24
21
20
17
17
21
22
22
22
19
20
20
20
22
19
18
19
18
18
19
19
18
18
18
17
18
18
20
19
17
18
19
17
18
17
16
17
18
18
19
18
17
14
11
13
15
15
15
15
18
21
20
18
16
14
15
16
19
19
18
14
13
12
11
11
13
14
15
16
17
18
18
16
16
19
20
20
20
17
17
16
18
18
17
17
17
20
20
18
18
18
18
18
20
19
17
16
18
17
17
16
16
14
13
8
7
8
12
12
11
10
10
12
11
10
10
12
14
15
11
9
9
11
9
8
7
5
5
4
8
10
12
10
6
3
3
5
4
5
6
6
8
9
9
5
2
1
0
0
1
3
5
6
5
4
5
4
2
1
3
5
4
1
2
3
0
-2
-2
-3
-1
-1
-3
-5
-5
-6
-3
-3
-5
-2
0
2
4
3
1
0
0
-2
-2
0
0
1
2
0
-1
-2
0
3
3
2
3
3
2
0
-3
-3
-4
-2
0
-1
-1
0
2
4
5
3
1
-1
0
3
7
12
8
4
1
1
1
2
3
5
5
3
1
3
2
3
4
4
7
9
8
6
5
5
7
4
1
2
4
3
4
3
5
7
4
2
-1
0
-1
-2
-1
0
1
3
1
0
1
0
2
2
1
2
3
5
5
6
6
7
6
4
2
4
3
4
5
4
3
4
6
6
6
4
1
4
6
8
9
9
7
6
5
4
6
8
8
9
7
8
8
7
8
6
7
6
5
8
8
7
7
6
7
10
12
12
7
5
4
6
7
6
7
9
10
11
10
9
9
7
4
4
7
9
10
9
7
7
6
5
5
7
7
6
7
7
8
8
6
6
7
6
5
4
4
5
4
3
4
5
5
3
2
2
3
4
2
4
0
-1
2
4
5
3
0
-3
-3
-2
-1
-1
-1
-3
-4
-7
-7
-8
-8
-7
-7
-6
-3
-3
-2
-3
-4
-3
-5
-6
-7
-6
-6
-5
-8
-8
-9
-7
-7
-5
-5
-6
-4
-1
-1
-4
-7
-8
-9
-10
-9
-7
-6
-8
-10
-11
-11
-10
-8
-6
-7
-8
-10
-10
-7
-6
-8
-9
-8
-5
-5
-8
-9
-12
-12
-12
-10
-8
-7
-6
-8
-7
-6
-8
-10
-15
-18
-15
-12
-10
-9
-10
-9
-11
-12
-13
-14
-13
-11
-14
-13
-13
-15
-15
-14
-17
-20
-19
-15
-13
-12
-14
-17
-16
-14
-15
-15
-18
-19
-16
-15
-18
-17
-19
-19
-17
-17
-19
-19
-20
-18
-17
-16
-14
-16
-18
-20
-18
-17
-18
-19
-15
-16
-17
-21
-23
-23
-19
-17
-16
-18
-19
-20
-20
-19
-20
-21
-21
-20
-21
-23
-23
-21
-21
-20
-22
-23
-25
-24
-21
-19
-23
-26
-28
-24
-23
-22
-24
-27
-26
-27
-28
-29
-27
-27
-26
-28
-31
-31
-29
-30
-32
-35
-37
-37
-37
-37
-36
-33
-32
-32
-32
-32
-30
-29
-29
-29
-30
-29
-32
-32
-30
-29
-29
-28
-29
-33
-32
-32
-31
-30
-28
-29
-28
-28
-29
-30
-31
-30
-31
-31
-33
-32
-31
-32
-33
-33
-34
-35
-35
-35
-34
-31
-32
-33
-32
-34
-35
-35
-36
-38
-39
-39
-39
-35
-33
-35
-37
-37
-37
-35
-33
-35
-33
-31
-30
-31
-34
-36
-37
-36
-34
-35
-39
-41
-41
-41
-39
-39
-39
-41
-40
-39
-38
-36
-35
-35
-34
-37
-40
-39
-39
-38
-40
-41
-41
-40
-40
-42
-41
-41
-39
-38
-38
-38
-40
-41
-42
-44
-44
-43
-41
-39
-38
-40
-39
-39
-38
-37
-39
-40
-40
-38
-38
-35
-35
-34
-34
-35
-39
-39
-38
-37
-36
-37
-39
-38
-37
-38
-39
-40
-40
-37
-34
-36
-36
-37
-37
-36
-36
-36
-37
-39
-38
-38
-36
-37
-36
-35
-33
-33
-36
-38
-36
-36
-34
-33
-34
-35
-35
-33
-32
-32
-35
-38
-36
-35
-31
-31
-31
-34
-33
-34
-34
-37
-35
-35
-33
-35
-34
-36
-34
-34
-33
-34
-37
-39
-39
-37
-38
-40
-40
-40
-39
-38
-38
-37
-38
-36
-33
-34
-33
-33
-33
-33
-36
-36
-38
-38
-39
-37
-35
-31
-29
-30
-34
-36
-36
-34
-35
-35
-36
-38
-40
-38
-39
-38
-35
-34
-35
-38
-37
-38
-38
-38
-36
-35
-35
-37
-39
-40
-38
-38
-41
-40
-38
-38
-39
-40
-38
-36
-36
-39
-39
-37
-37
-35
-34
-35
-35
-36
-38
-38
-37
-36
-34
-35
-35
-33
-32
-34
-36
-36
-36
-33
-34
-36
-33
-31
-34
-39
-43
-41
-39
-39
-40
-39
-34
-33
-33
-37
-38
-38
-40
-41
-40
-39
-38
-37
-38
-39
-41
-43
-41
-39
-38
-38
-38
-38
-39
-36
-35
-36
-38
-39
-43
-44
-44
-43
-41
-38
-41
-41
-38
-39
-40
-41
-42
-42
-40
-40
-43
-43
-45
-48
-49
-48
-45
-43
-39
-37
-38
-39
-40
-42
-43
-43
-40
-39
-39
-40
-41
-42
-41
-43
-44
-44
-45
-46
-47
-47
-46
-44
-41
-42
-42
-40
-39
-38
-36
-37
-40
-41
-44
-44
-43
-43
-43
-41
-40
-41
-41
-44
-44
-43
-42
-40
-40
-40
-42
-44
-45
-45
-44
-45
-44
-44
-42
-40
-41
-41
-39
-36
-38
-40
-42
-42
-42
-43
-42
-40
-39
-42
-45
-45
-40
-38
-39
-42
-43
-41
-41
-41
-41
-41
-42
-41
-40
-40
-40
-41
-42
-43
-42
-40
-39
-40
-41
-41
-41
-41
-39
-41
-40
-37
-37
-38
-38
-38
-37
-34
-35
-35
-33
-34
-35
-35
-34
-33
-33
-36
-36
-33
-32
-33
-36
-38
-38
-38
-39
-40
-37
-36
-34
-35
-36
-37
-36
-36
-35
-35
-36
-36
-38
-38
-36
-36
-36
-36
-36
-36
-33
-35
-34
-36
-38
-39
-40
-39
-38
-38
-37
-35
-34
-36
-36
-37
-38
-39
-39
-37
-36
-34
-35
-35
-37
-38
-37
-35
-34
-34
-36
-37
-37
-36
-37
-38
-38
-37
-36
-35
-35
-36
-36
-38
-38
-39
-40
-37
-34
-33
-33
-31
-30
-31
-31
-33
-33
-31
-30
-30
-31
-33
-34
-34
-34
-35
-36
-35
-35
-35
-37
-37
-38
-36
-36
-34
-36
-38
-39
-41
-42
-40
-39
-40
-39
-38
-35
-35
-36
-36
-41
-41
-39
-38
-38
-38
-37
-39
-40
-42
-44
-41
-40
-38
-37
-36
-36
-34
-34
-35
-36
-39
-42
-42
-41
-37
-34
-35
-38
-41
-42
-39
-37
-37
-37
-35
-37
-41
-44
-45
-44
-43
-47
-47
-46
-43
-40
-42
-41
-41
-40
-41
-40
-37
-36
-37
-38
-40
-40
-39
-41
-42
-43
-42
-42
-43
-45
-43
-39
-37
-36
-37
-39
-40
-41
-39
-39
-38
-37
-40
-43
-45
-47
-47
-43
-40
-39
-39
-38
-38
-35
-34
-37
-38
-41
-39
-37
-36
-36
-39
-42
-42
-41
-42
-44
-44
-41
-39
-36
-35
-35
-36
-37
-36
-37
-38
-37
-36
-38
-39
-41
-46
-48
-48
-43
-37
-34
-36
-38
-40
-39
-36
-35
-39
-42
-40
-39
-37
-37
-37
-34
-35
-38
-37
-35
-35
-33
-30
-28
-28
-30
-31
-33
-36
-37
-38
-39
-40
-39
-37
-34
-35
-33
-33
-35
-36
-37
-35
-31
-33
-36
-38
-39
-38
-38
-38
-39
-41
-43
-45
-44
-40
-37
-34
-36
-40
-40
-37
-35
-34
-35
-36
-40
-42
-43
-41
-40
-41
-40
-37
-36
-32
-31
-30
-33
-39
-40
-39
-38
-36
-32
-32
-34
-33
-35
-35
-35
-32
-32
-30
-31
-29
-27
-25
-27
-28
-30
-31
-34
-32
-31
-29
-28
-29
-31
-31
-31
-29
-28
-29
-29
-33
-35
-35
-37
-36
-34
-32
-32
-36
-37
-34
-30
-33
-34
-35
-35
-36
-37
-37
-37
-38
-38
-36
-36
-35
-35
-36
-36
-35
-33
-34
-35
-32
-31
-33
-34
-34
-33
-30
-29
-31
-33
-33
-34
-35
-35
-32
-31
-32
-34
-33
-33
-32
-32
-33
-35
-34
-34
-35
-37
-40
-41
-40
-40
-41
-38
-38
-38
-35
-35
-38
-37
-37
-37
-37
-36
-37
-38
-39
-40
-39
-39
-39
-39
-36
-37
-39
-39
-39
-37
-36
-38
-38
-36
-36
-38
-41
-42
-42
-42
-45
-45
-45
-41
-38
-38
-39
-40
-39
-37
-36
-37
-39
-41
-40
-41
-40
-39
-40
-39
-40
-40
-37
-37
-36
-36
-37
-37
-37
-35
-35
-33
-33
-35
-34
-35
-36
-37
-37
-35
-36
-34
-35
-36
-35
-37
-39
-40
-39
-40
-38
-38
-40
-40
-41
-41
-40
-39
-37
-40
-40
-39
-39
-42
-43
-43
-42
-42
-43
-43
-44
-44
-42
-40
-42
-42
-41
-39
-39
-38
-37
-38
-40
-40
-41
-40
-40
-39
-39
-39
-40
-37
-37
-39
-41
-40
-38
-35
-33
-33
-34
-33
-33
-35
-38
-37
-36
-33
-31
-31
-30
-28
-28
-29
-33
-33
-32
-32
-30
-30
-31
-29
-29
-32
-33
-34
-34
-33
-32
-32
-32
-30
-29
-28
-27
-28
-29
-31
-31
-34
-37
-37
-36
-33
-35
-36
-35
-34
-35
-36
-37
-39
-39
-38
-36
-35
-34
-34
-34
-36
-37
-39
-38
-36
-35
-34
-31
-33
-35
-36
-37
-38
-38
-37
-35
-34
-35
-34
-33
-35
-35
-36
-37
-35
-32
-32
-35
-35
-35
-33
-36
-38
-37
-33
-33
-33
-34
-36
-35
-32
-32
-32
-32
-33
-33
-32
-29
-30
-33
-36
-40
-39
-37
-38
-39
-39
-36
-32
-34
-38
-42
-42
-43
-42
-41
-43
-41
-40
-38
-34
-34
-37
-38
-39
-39
-39
-39
-38
-38
-38
-37
-37
-37
-38
-36
-36
-36
-36
-36
-35
-34
-32
-34
-34
-33
-34
-34
-36
-36
-38
-37
-36
-37
-37
-36
-35
-36
-34
-34
-36
-37
-40
-40
-38
-37
-38
-39
-37
-36
-36
-38
-38
-38
-34
-33
-35
-36
-37
-36
-35
-35
-35
-38
-37
-38
-39
-41
-39
-37
-35
-37
-39
-39
-38
-38
-37
-38
-38
-35
-36
-36
-39
-40
-39
-39
-41
-42
-39
-38
-40
-40
-42
-40
-36
-33
-32
-33
-35
-37
-39
-39
-37
-35
-35
-40
-43
-42
-41
-38
-37
-40
-41
-40
-39
-36
-36
-37
-37
-38
-38
-38
-38
-36
-36
-36
-35
-39
-40
-40
-41
-41
-42
-43
-44
-42
-45
-46
-43
-43
-44
-46
-47
-45
-44
-42
-42
-45
-43
-41
-41
-41
-42
-46
-48
-45
-43
-40
-38
-39
-41
-43
-45
-43
-43
-41
-41
-44
-45
-46
-44
-42
-42
-43
-44
-44
-43
-42
-41
-43
-42
-42
-42
-42
-40
-39
-40
-42
-44
-41
-41
-41
-42
-44
-43
-42
-40
-43
-44
-43
-43
-41
-41
-41
-41
-42
-44
-44
-44
-43
-42
-45
-47
-46
-44
-41
-40
-41
-43
-44
-43
-42
-39
-41
-42
-43
-45
-45
-47
-47
-47
-46
-47
-47
-48
-47
-47
-46
-49
-50
-50
-49
-46
-44
-43
-45
-45
-46
-45
-46
-44
-45
-45
-42
-41
-41
-40
-43
-45
-43
-43
-40
-37
-39
-42
-43
-45
-45
-42
-43
-42
-42
-40
-40
-41
-41
-44
-45
-44
-41
-39
-40
-42
-41
-39
-37
-37
-38
-39
-39
-39
-39
-36
-35
-37
-39
-39
-40
-41
-39
-37
-37
-36
-37
-36
-35
-35
-34
-32
-34
-34
-35
-38
-40
-40
-38
-38
-34
-33
-33
-33
-35
-37
-39
-41
-40
-38
-39
-39
-39
-37
-34
-33
-33
-36
-40
-39
-38
-38
-36
-37
-37
-37
-40
-41
-40
-39
-39
-38
-37
-37
-38
-39
-40
-39
-41
-41
-41
-40
-39
-36
-38
-39
-38
-39
-38
-36
-33
-33
-31
-34
-37
-39
-40
-39
-39
-38
-37
-35
-36
-39
-41
-40
-40
-40
-40
-39
-36
-35
-36
-37
-37
-39
-42
-43
-42
-40
-37
-37
-36
-34
-32
-32
-32
-32
-33
-33
-35
-37
-37
-36
-36
-36
-38
-37
-37
-34
-33
-35
-37
-36
-36
-35
-32
-32
-31
-33
-35
-37
-38
-36
-34
-36
-37
-35
-34
-33
-33
-35
-34
-32
-32
-35
-36
-35
-33
-31
-33
-36
-36
-34
-32
-32
-35
-37
-37
-33
-34
-37
-40
-43
-42
-42
-40
-38
-37
-38
-40
-40
-40
-40
-41
-42
-42
-41
-39
-38
-39
-41
-43
-43
-44
-46
-46
-45
-44
-42
-40
-43
-43
-44
-44
-44
-44
-44
-43
-41
-41
-40
-39
-40
-38
-40
-41
-41
-39
-40
-40
-40
-42
-43
-44
-43
-44
-45
-46
-47
-46
-46
-47
-48
-48
-46
-45
-45
-45
-44
-45
-46
-43
-42
-42
-45
-47
-47
-47
-48
-49
-51
-53
-51
-49
-49
-47
-46
-49
-50
-54
-55
-53
-53
-51
-53
-52
-50
-48
-47
-47
-49
-50
-49
-51
-51
-49
-47
-45
-47
-49
-50
-50
-51
-50
-51
-50
-51
-53
-56
-59
-60
-59
-54
-52
-55
-59
-59
-60
-60
-62
-63
-62
-59
-57
-55
-55
-55
-57
-56
-55
-55
-58
-61
-62
-59
-54
-54
-58
-60
-61
-62
-62
-61
-62
-60
-56
-56
-55
-57
-58
-58
-60
-59
-59
-57
-56
-54
-55
-54
-54
-53
-56
-56
-54
-52
-51
-51
-52
-53
-55
-55
-55
-53
-54
-54
-54
-53
-52
-54
-54
-53
-51
-50
-51
-53
-53
-50
-49
-47
-48
-53
-55
-55
-52
-50
-53
-55
-53
-52
-52
-54
-57
-55
-51
-49
-49
-50
-52
-49
-45
-44
-45
-45
-46
-46
-44
-44
-43
-43
-45
-45
-44
-42
-43
-46
-48
-47
-47
-48
-47
-45
-44
-41
-41
-39
-43
-46
-46
-47
-45
-43
-44
-45
-44
-44
-44
-44
-45
-47
-47
-47
-45
-44
-44
-46
-46
-46
-45
-43
-42
-43
-45
-43
-40
-39
-39
-39
-41
-40
-39
-38
-37
-36
-37
-40
-40
-41
-41
-40
-38
-37
-40
-44
-42
-41
-41
-42
-42
-40
-38
-39
-40
-39
-40
-38
-36
-39
-39
-38
-39
-38
-39
-40
-38
-37
-36
-36
-38
-37
-39
-41
-40
-40
-41
-43
-41
-41
-42
-43
-47
-48
-46
-43
-42
-42
-44
-47
-45
-44
-40
-40
-40
-40
-40
-41
-42
-43
-45
-44
-43
-43
-45
-45
-45
-47
-47
-46
-48
-48
-47
-45
-46
-47
-48
-48
-49
-49
-46
-48
-48
-47
-47
-47
-49
-53
-52
-51
-52
-51
-52
-52
-50
-51
-51
-52
-53
-53
-53
-54
-55
-52
-51
-49
-52
-53
-52
-51
-52
-51
-50
-48
-47
-46
-45
-45
-46
-48
-48
-49
-51
-51
-50
-50
-51
-51
-51
-51
-49
-48
-45
-47
-51
-52
-52
-48
-47
-48
-49
-51
-49
-48
-49
-50
-50
-51
-52
-52
-53
-54
-53
-54
-51
-52
-54
-55
-54
-55
-53
-53
-52
-50
-51
-51
-53
-55
-52
-51
-50
-50
-51
-51
-50
-52
-52
-50
-50
-48
-48
-46
-46
-49
-51
-50
-47
-44
-43
-45
-47
-47
-50
-49
-48
-46
-45
-44
-43
-42
-39
-39
-39
-39
-37
-38
-42
-44
-43
-44
-42
-40
-41
-40
-39
-40
-41
-40
-42
-41
-39
-40
-42
-40
-39
-39
-42
-45
-46
-45
-43
-44
-46
-47
-47
-46
-45
-45
-46
-47
-48
-48
-46
-46
-46
-44
-44
-43
-41
-42
-40
-41
-41
-40
-38
-37
-36
-36
-37
-36
-34
-34
-36
-37
-33
-31
-33
-33
-34
-32
-30
-30
-36
-34
-32
-29
-27
-29
-32
-29
-25
-24
-27
-31
-30
-28
-24
-23
-24
-26
-27
-26
-26
-28
-27
-26
-26
-27
-27
-29
-31
-31
-33
-33
-33
-32
-31
-29
-28
-29
-29
-30
-32
-29
-27
-27
-27
-25
-26
-24
-23
-22
-25
-28
-31
-32
-30
-27
-27
-29
-32
-31
-29
-27
-28
-29
-31
-29
-26
-23
-24
-26
-25
-25
-23
-22
-24
-24
-25
-24
-23
-21
-22
-23
-24
-23
-23
-22
-22
-24
-26
-28
-28
-26
-27
-25
-22
-23
-24
-26
-27
-24
-22
-21
-24
-26
-28
-28
-26
-26
-26
-27
-25
-25
-25
-23
-25
-28
-26
-25
-24
-24
-24
-23
-22
-23
-26
-29
-26
-23
-21
-22
-22
-20
-21
-20
-20
-20
-19
-18
-19
-21
-23
-25
-20
-16
-17
-17
-18
-18
-20
-23
-21
-18
-17
-17
-19
-21
-21
-21
-22
-24
-24
-22
-22
-18
-18
-19
-19
-19
-19
-21
-21
-23
-22
-21
-23
-21
-21
-19
-18
-18
-19
-21
-25
-25
-24
-21
-17
-17
-17
-19
-19
-20
-22
-22
-20
-19
-20
-21
-24
-25
-25
-25
-24
-22
-21
-22
-24
-27
-27
-28
-27
-26
-24
-24
-26
-24
-24
-26
-26
-24
-24
-27
-29
-27
-24
-21
-23
-26
-27
-25
-22
-25
-26
-24
-25
-23
-23
-22
-22
-23
-24
-23
-22
-21
-20
-20
-20
-19
-20
-22
-21
-21
-22
-24
-23
-21
-21
-23
-25
-26
-24
-23
-21
-21
-21
-24
-27
-29
-30
-29
-26
-25
-27
-27
-28
-29
-27
-29
-32
-32
-29
-26
-27
-28
-29
-31
-31
-32
-29
-25
-25
-26
-27
-28
-25
-25
-24
-23
-23
-20
-22
-26
-28
-27
-28
-28
-28
-29
-29
-29
-26
-27
-26
-28
-31
-30
-29
-26
-27
-29
-29
-28
-25
-24
-26
-28
-30
-31
-31
-28
-25
-24
-22
-23
-24
-24
-23
-25
-24
-25
-22
-21
-21
-21
-21
-22
-20
-18
-19
-21
-22
-19
-18
-18
-19
-21
-19
-18
-19
-18
-18
-21
-22
-21
-20
-18
-16
-15
-17
-18
-18
-19
-20
-20
-20
-19
-18
-18
-21
-20
-17
-14
-14
-16
-18
-18
-18
-13
-11
-13
-11
-11
-12
-13
-13
-14
-13
-15
-14
-14
-12
-11
-11
-12
-14
-16
-15
-13
-12
-10
-9
-10
-12
-13
-12
-11
-11
-11
-11
-8
-8
-8
-7
-5
-3
-4
-5
-7
-9
-9
-9
-9
-9
-9
-7
-7
-9
-9
-11
-11
-9
-11
-12
-15
-13
-11
-8
-10
-11
-10
-8
-10
-12
-12
-12
-13
-13
-15
-16
-15
-13
-14
-15
-15
-16
-14
-14
-13
-14
-14
-12
-12
-11
-10
-11
-12
-12
-12
-12
-11
-10
-8
-10
-11
-11
-13
-12
-13
-10
-8
-6
-4
-4
-4
-5
-7
-8
-7
-6
-6
-5
-6
-6
-6
-8
-11
-13
-13
-9
-5
-6
-7
-7
-6
-9
-9
-9
-9
-6
-5
-7
-8
-7
-5
-6
-6
-8
-9
-12
-11
-13
-13
-11
-9
-7
-6
-7
-7
-10
-11
-11
-8
-3
-1
-3
-5
-7
-9
-9
-11
-8
-6
-6
-8
-10
-8
-7
-4
-3
-5
-7
-10
-12
-12
-14
-13
-11
-8
-8
-9
-12
-12
-10
-9
-7
-8
-10
-9
-11
-11
-11
-11
-10
-9
-11
-11
-10
-12
-12
-11
-11
-13
-11
-11
-10
-10
-9
-7
-7
-8
-8
-7
-6
-7
-8
-9
-10
-11
-8
-8
-8
-11
-12
-13
-13
-11
-9
-6
-5
-2
-2
-4
-4
-4
-4
-5
-5
-3
-2
-3
-3
-3
-2
-2
-2
-4
-3
-2
-2
-2
-1
0
-2
-2
0
0
1
1
-5
-6
-5
-3
-3
-4
-5
-6
-3
-2
-2
-1
-1
0
1
1
-1
-1
-1
-4
-5
-3
-3
-3
-3
-5
-7
-5
-4
-2
-2
-2
-3
-4
-6
-6
-5
-2
-4
-6
-6
-6
-5
-5
-6
-6
-4
-3
-3
-4
-3
-2
-2
-4
-5
-8
-6
-3
-2
-3
-4
-2
-2
-1
-4
-7
-9
-6
-3
-2
-4
-4
-4
-6
-2
2
2
1
-1
-2
-1
-1
-1
2
2
2
3
2
4
4
4
6
7
8
9
7
6
6
7
7
7
6
7
7
8
9
7
7
8
9
10
10
8
8
10
11
13
13
13
14
12
11
11
12
13
13
14
14
13
11
9
8
10
10
12
14
14
11
11
14
14
12
10
9
11
13
15
13
9
8
11
10
8
6
8
10
11
13
10
9
12
12
10
7
6
8
9
12
14
14
9
6
5
4
5
4
6
8
9
9
9
7
4
3
2
3
2
5
8
9
8
6
5
4
4
4
4
5
5
7
9
8
5
3
2
3
5
6
6
7
7
8
6
5
5
4
7
6
7
8
9
11
11
9
7
7
9
11
11
9
10
10
11
11
10
9
8
10
8
9
7
7
9
11
11
11
11
11
11
8
6
6
8
12
12
13
11
10
11
9
8
8
8
9
8
8
10
8
9
8
4
3
3
4
5
9
9
7
4
1
2
1
-1
-2
-1
-2
0
0
2
3
1
-2
-5
-5
-3
-4
-2
0
2
-1
-2
-3
-5
-3
-4
-6
-7
-5
-1
0
2
1
2
1
-1
-2
-3
-1
2
4
2
3
3
2
1
0
0
1
3
7
7
9
10
10
9
8
5
4
4
5
4
3
2
4
6
5
4
4
3
4
7
8
9
8
6
8
9
8
9
9
10
11
12
11
11
12
13
16
16
16
15
13
14
13
13
19
24
22
19
14
13
12
14
17
16
16
17
19
21
19
15
14
16
15
14
11
10
13
15
16
15
14
11
10
9
11
11
12
14
16
14
13
12
12
12
11
12
13
12
13
13
14
15
15
15
15
15
17
18
18
18
16
16
17
17
12
10
10
12
13
13
13
15
17
17
15
13
12
14
15
14
14
14
15
16
17
18
17
15
14
13
15
17
18
17
16
17
18
18
18
16
16
17
20
22
21
22
21
20
22
22
23
22
20
19
19
21
22
21
20
21
20
18
17
18
18
19
18
17
17
17
18
19
19
19
19
17
17
17
17
14
14
14
15
17
18
19
19
19
19
18
16
15
14
14
13
14
15
12
12
13
14
19
19
18
14
12
11
12
10
11
12
12
12
11
12
9
7
8
10
12
9
7
7
8
12
10
6
5
7
10
8
7
8
8
10
10
7
7
6
8
8
9
10
9
9
9
10
9
10
8
7
5
9
11
10
11
11
12
13
13
10
9
8
9
11
11
10
7
6
6
6
6
5
5
5
5
6
8
8
8
6
7
6
6
4
1
1
3
5
5
4
5
6
7
7
5
7
8
8
8
8
10
13
16
18
20
19
18
15
14
14
15
12
7
5
6
7
7
6
6
5
5
5
3
1
1
2
4
6
7
8
6
8
11
13
12
10
13
15
17
17
16
14
13
