-22
-21
-22
-23
-22
-21
-19
-19
-21
-21
-22
-23
-22
-20
-20
-19
-18
-19
-19
-22
-24
-25
-25
-23
-20
-19
-19
-19
-19
-18
-17
-18
-22
-23
-21
-20
-21
-21
-21
-19
-18
-18
-18
-16
-13
-12
-13
-15
-15
-16
-15
-16
-16
-14
-14
-13
-12
-14
-14
-15
-18
-18
-16
-15
-14
-15
-19
-22
-22
-21
-18
-17
-17
-18
-17
-20
-19
-17
-16
-14
-14
-14
-15
-16
-15
-15
-17
-19
-18
-14
-11
-6
-4
-5
-8
-11
-10
-10
-10
-13
-13
-16
-17
-17
-15
-14
-12
-10
-11
-12
-12
-14
-14
-12
-12
-12
-13
-13
-14
-14
-11
-10
-9
-7
-8
-7
-7
-10
-12
-10
-8
-7
-5
-6
-7
-10
-8
-5
-3
-2
-1
-3
-2
-4
-8
-9
-7
-7
-7
-5
-6
-6
-4
-4
-4
-4
-4
-4
-2
-2
-2
-3
-7
-9
-7
-6
-3
-3
-3
1
4
4
1
0
-1
0
1
1
-1
-1
-1
0
0
0
4
5
4
2
0
1
0
-2
-3
-4
-3
-2
-2
-2
-3
-1
-1
0
0
2
-1
-3
-3
-4
-5
-6
-5
-4
-1
-1
-3
-4
-3
-2
-2
-2
-2
0
2
2
5
5
4
3
5
8
10
10
11
9
10
9
10
10
10
9
8
11
11
11
10
10
13
14
15
12
12
11
13
14
13
11
7
9
12
12
11
10
11
12
15
13
14
14
13
11
9
9
9
11
13
14
11
9
8
8
9
10
11
13
15
17
17
17
16
14
15
16
18
18
16
14
13
13
14
16
14
13
12
11
12
13
13
14
13
12
16
16
16
13
12
13
13
12
12
12
12
10
10
12
14
15
14
11
10
9
9
9
9
8
9
9
9
9
10
12
14
13
13
12
10
12
9
11
12
12
13
12
12
16
17
14
11
8
12
15
16
17
16
16
16
17
18
18
19
20
20
19
19
17
17
18
20
20
17
17
16
15
14
14
16
18
17
19
21
22
21
18
17
17
20
22
22
21
19
19
22
21
20
20
19
22
25
23
20
20
17
18
21
21
22
24
22
19
18
17
19
19
20
20
19
18
18
18
16
16
16
17
16
13
12
13
12
12
11
12
14
15
15
15
17
18
18
19
19
20
19
17
15
15
15
15
15
17
17
15
15
14
13
12
13
12
9
5
2
0
1
2
5
6
6
5
4
4
6
5
4
3
5
6
7
6
7
6
4
2
0
4
5
7
5
3
4
4
5
5
6
5
2
1
1
2
3
3
2
3
3
4
7
7
5
3
1
2
5
3
-3
-5
-5
-4
-2
-3
-7
-10
-5
-4
-4
-4
-5
-5
-2
-1
-1
-2
-1
-2
-2
-1
-1
-1
-4
-6
-7
-5
-2
0
0
-4
-6
-6
-6
-7
-7
-8
-7
-4
-2
-1
-4
-7
-10
-12
-11
-10
-9
-9
-5
-4
-4
-6
-7
-7
-9
-8
-9
-11
-10
-9
-9
-11
-15
-16
-17
-15
-11
-10
-9
-11
-12
-12
-10
-9
-9
-9
-11
-12
-13
-14
-13
-12
-11
-11
-12
-12
-11
-10
-10
-11
-14
-14
-13
-11
-9
-6
-5
-5
-6
-8
-11
-12
-11
-11
-10
-9
-8
-6
-9
-11
-11
-8
-8
-7
-9
-10
-9
-9
-10
-10
-12
-13
-14
-15
-13
-11
-9
-8
-10
-10
-13
-14
-14
-17
-18
-17
-15
-16
-18
-19
-17
-15
-15
-17
-18
-19
-17
-15
-16
-20
-19
-17
-16
-15
-14
-16
-19
-21
-17
-17
-17
-19
-21
-21
-20
-19
-19
-19
-19
-22
-22
-24
-24
-24
-19
-16
-13
-14
-17
-21
-24
-23
-23
-26
-26
-26
-27
-21
-20
-19
-19
-20
-22
-23
-25
-27
-26
-22
-20
-19
-20
-21
-24
-23
-21
-21
-19
-18
-14
-15
-16
-19
-21
-20
-22
-24
-27
-28
-26
-25
-23
-21
-20
-21
-22
-22
-21
-19
-21
-22
-21
-20
-20
-20
-24
-25
-24
-24
-23
-21
-19
-18
-17
-17
-17
-17
-17
-18
-17
-17
-17
-17
-15
-14
-15
-17
-18
-17
-16
-18
-18
-16
-15
-13
-15
-14
-13
-14
-12
-12
-12
-12
-12
-13
-12
-12
-12
-13
-14
-14
-16
-20
-20
-20
-17
-16
-15
-16
-16
-17
-20
-17
-15
-16
-19
-21
-23
-21
-18
-16
-17
-18
-17
-15
-13
-15
-17
-19
-19
-19
-19
-20
-20
-19
-18
-19
-21
-21
-22
-22
-19
-18
-16
-14
-15
-18
-20
-22
-22
-21
-18
-15
-13
-13
-11
-13
-14
-14
-14
-14
-15
-17
-17
-16
-14
-12
-14
-13
-14
-13
-17
-19
-19
-19
-16
-15
-17
-15
-11
-8
-9
-9
-11
-11
-8
-9
-7
-7
-8
-8
-9
-9
-8
-8
-9
-10
-10
-10
-7
-6
-7
-7
-9
-8
-4
-3
-4
-7
-10
-9
-4
-5
-7
-9
-9
-6
-6
-7
-6
-5
-3
-3
-3
-5
-5
-6
-7
-6
-4
-2
-2
-2
-2
-1
-3
-3
-5
-5
-1
5
7
6
3
-1
-1
2
3
3
4
5
8
8
5
2
1
4
5
3
-1
-5
-4
-2
-1
-1
-2
-1
-1
2
2
-1
0
-3
-4
-4
-1
-1
-2
-3
-5
-4
-3
-2
-3
-2
-2
-1
-2
0
4
6
4
2
-1
0
1
1
2
1
2
3
5
7
7
8
7
5
4
4
6
7
5
5
5
6
8
7
8
10
11
11
9
8
9
9
8
9
8
9
11
11
10
12
13
13
12
8
8
10
12
13
13
13
12
12
13
12
12
13
11
15
17
18
18
15
13
12
14
16
15
17
19
21
21
20
17
16
16
14
12
11
14
15
16
18
17
14
15
19
21
18
18
16
15
16
18
18
21
21
21
19
19
19
17
17
16
16
15
16
14
15
16
16
16
13
10
9
13
14
15
16
17
17
17
14
13
10
10
11
10
9
10
12
13
15
9
4
3
1
4
4
3
4
8
14
16
15
10
7
8
8
9
10
9
10
11
12
13
15
11
10
10
10
11
11
11
12
14
15
15
13
11
11
12
13
13
12
10
10
12
15
16
14
12
9
9
10
10
11
11
12
11
13
15
14
13
10
9
9
12
14
17
15
13
12
12
11
10
11
13
14
15
14
13
12
11
13
13
15
17
17
19
17
15
15
13
13
14
16
15
15
16
16
17
17
17
17
18
17
19
21
21
19
16
15
15
17
16
15
17
20
20
19
19
18
20
19
15
12
12
14
15
19
17
17
18
19
22
23
18
16
15
14
16
18
19
19
20
21
22
21
20
16
14
16
15
16
20
20
18
18
17
17
16
16
19
17
14
12
11
11
13
16
15
16
15
15
14
16
15
14
13
14
17
19
20
19
18
17
16
16
16
18
20
21
22
21
20
19
17
16
14
12
12
12
13
13
14
14
15
14
13
14
13
11
11
11
10
9
8
8
9
9
9
6
4
2
3
6
10
11
12
12
9
6
5
5
4
5
4
6
9
10
10
9
8
7
8
6
5
4
3
2
3
4
3
4
6
6
6
5
2
1
4
7
4
2
-1
1
4
5
4
3
1
2
1
-1
-1
-2
-3
-4
-5
-3
-2
1
3
3
2
0
-1
-1
-1
-1
1
0
0
0
3
4
4
1
-2
-3
-1
2
1
-1
-1
-1
2
4
2
4
3
1
2
2
3
3
5
5
2
2
-2
-5
-6
-3
-2
-1
-3
-4
-5
-5
-4
-6
-6
-6
-4
-2
-2
-5
-6
-7
-9
-9
-7
-5
-3
-2
-4
-5
-4
-5
-6
-8
-9
-8
-8
-8
-8
-4
-4
-5
-6
-8
-8
-8
-6
-6
-7
-7
-9
-9
-9
-9
-8
-8
-4
-4
-3
-5
-8
-8
-9
-8
-6
-4
-2
-2
-1
-5
-7
-9
-9
-9
-8
-7
-5
-4
-4
-2
-1
-2
-3
-7
-8
-6
-5
-2
-2
-4
-5
-4
-4
-1
0
-1
-2
-2
-4
-7
-8
-7
-6
-5
-4
-2
-2
-1
1
-2
-4
-4
-4
-1
1
-3
0
2
3
3
4
-1
1
3
4
4
5
5
6
8
5
4
3
3
2
1
0
2
2
2
3
6
6
4
5
8
10
8
6
5
5
6
8
6
4
4
4
4
2
0
2
3
5
5
5
6
6
6
6
3
2
3
3
1
2
4
7
8
8
7
5
4
3
4
6
10
10
8
8
7
8
8
6
3
2
5
7
9
8
6
6
5
6
7
6
7
5
6
9
12
12
9
8
8
10
12
11
10
9
11
13
13
11
10
9
10
10
10
10
10
12
14
11
10
7
9
9
10
11
10
9
12
11
12
12
12
11
10
10
11
11
9
7
8
9
8
8
9
11
13
13
12
10
9
9
9
9
12
12
12
14
11
11
12
11
11
11
12
13
14
15
17
17
14
12
9
11
9
7
9
12
14
17
17
14
12
10
9
10
13
18
22
20
17
14
11
11
12
13
14
15
15
14
13
13
12
13
12
9
11
11
11
12
12
13
17
16
18
19
17
15
15
16
16
16
13
15
17
17
17
15
14
15
17
19
19
19
20
21
21
20
20
20
18
19
19
19
20
19
19
19
20
23
24
23
25
24
22
18
17
16
17
18
18
17
18
16
16
18
20
18
17
17
17
19
21
22
24
25
23
21
21
24
25
24
22
21
22
22
21
21
20
22
21
19
18
20
20
21
20
22
25
23
23
24
25
23
20
21
23
27
28
28
29
26
24
24
22
23
25
25
26
27
24
21
21
19
22
23
24
25
25
25
23
22
21
23
24
25
26
28
29
29
27
24
24
23
24
25
26
28
30
30
31
28
27
25
27
30
30
31
31
30
30
31
32
31
31
31
31
33
30
30
32
32
32
32
32
34
34
33
31
30
28
29
31
33
34
36
34
32
32
32
31
31
29
31
33
35
38
36
34
31
30
28
27
28
28
32
36
33
32
31
29
30
31
29
29
31
33
35
36
34
32
31
29
29
30
31
32
34
36
36
37
38
38
37
36
35
36
39
39
37
39
42
42
41
38
37
38
39
36
37
36
37
40
41
40
41
39
37
38
36
37
36
36
35
38
40
38
35
36
35
37
38
39
41
41
40
40
40
41
42
41
41
41
41
42
42
45
44
45
46
45
45
48
47
47
49
44
44
45
46
46
46
45
46
46
43
44
44
42
44
40
40
39
38
38
39
41
41
39
36
35
32
33
32
32
34
38
40
40
38
38
38
36
36
35
36
37
37
36
34
35
38
40
39
35
33
33
32
34
32
32
35
38
38
38
37
35
31
32
30
34
36
33
34
35
36
34
33
33
33
35
35
34
33
34
33
31
29
29
30
30
30
29
26
28
31
32
32
31
33
36
36
38
37
35
32
30
28
29
30
29
26
26
29
27
29
30
27
29
29
30
31
30
29
30
24
25
24
26
29
29
29
30
31
28
27
25
26
28
29
30
29
27
27
23
24
27
27
27
28
27
26
28
29
26
25
21
21
23
26
26
25
23
21
22
21
23
22
21
20
21
22
22
22
22
21
24
24
24
23
24
23
24
23
20
20
19
20
20
21
22
23
24
23
24
25
25
25
26
25
25
26
27
29
29
28
26
26
26
28
28
27
29
31
31
29
26
24
23
24
28
29
28
28
28
27
29
28
27
26
25
26
31
31
31
28
26
27
23
23
23
25
25
23
20
21
21
22
20
21
25
26
26
26
25
26
26
26
27
27
26
24
23
23
27
28
28
28
25
21
24
25
25
26
23
24
26
27
22
20
16
17
20
20
22
26
27
26
25
25
23
24
23
24
25
27
25
24
22
20
20
18
16
16
17
17
19
18
18
19
21
21
23
20
18
18
21
23
24
23
21
20
23
22
22
23
21
23
27
28
28
28
23
20
20
22
24
26
25
26
27
25
22
20
18
19
22
22
25
24
23
21
21
22
24
28
28
27
26
24
23
23
23
24
24
24
24
23
21
20
20
20
24
28
30
27
24
23
22
23
21
20
20
22
22
22
21
19
19
22
23
22
20
18
19
19
20
22
22
24
24
24
23
24
22
22
26
26
26
30
28
30
32
31
30
30
28
28
27
27
29
30
32
32
34
34
30
26
25
24
27
31
33
32
29
30
30
31
29
28
31
34
36
37
36
33
33
31
30
29
30
32
34
33
31
32
31
30
30
33
34
35
37
36
37
36
35
36
35
36
37
38
37
35
35
36
35
36
36
36
36
37
35
35
37
36
35
33
33
34
37
37
37
36
37
39
40
40
37
37
37
36
36
36
35
37
38
36
38
39
36
38
38
38
38
38
37
36
36
38
39
40
42
41
40
39
37
40
42
38
36
36
39
41
41
39
38
40
39
39
40
40
42
45
44
42
42
41
41
40
40
37
36
37
38
39
37
36
36
38
38
39
40
40
41
40
41
43
44
44
40
38
37
37
38
38
40
40
40
39
37
36
37
36
35
36
37
38
39
38
36
38
38
36
40
43
44
44
40
40
42
44
43
43
45
45
45
44
41
41
41
44
45
44
44
42
38
36
36
37
38
41
45
47
48
45
42
43
45
48
46
43
42
42
42
43
43
38
37
37
34
35
35
36
35
37
40
39
38
37
36
36
35
35
36
37
39
41
40
39
38
38
39
40
37
36
36
38
37
38
37
39
39
36
32
32
34
36
37
35
35
39
41
41
41
43
44
43
41
40
40
42
44
46
43
42
43
42
42
41
41
40
34
37
38
39
40
39
37
34
34
36
38
41
43
45
43
42
41
40
41
39
38
38
39
42
44
44
42
41
40
38
37
36
37
40
40
39
40
40
38
39
40
40
41
41
41
44
45
43
40
35
32
35
37
38
37
33
30
29
29
32
33
33
33
34
34
31
32
29
31
32
30
32
32
33
33
28
25
24
22
24
25
26
29
31
31
30
28
24
23
23
22
23
24
25
27
28
30
27
24
21
20
21
21
24
27
23
23
21
19
22
23
21
21
21
22
22
23
24
25
24
23
21
21
23
22
21
17
16
18
22
20
19
21
21
20
19
18
18
19
20
19
20
22
20
19
18
21
20
18
16
16
16
19
19
15
16
15
16
18
18
19
21
21
18
15
16
13
14
15
16
15
16
13
11
12
12
11
10
7
8
11
12
12
12
13
13
13
14
11
12
12
12
13
13
12
13
9
8
8
6
8
13
12
13
13
10
8
7
5
6
6
9
10
7
10
10
12
12
11
10
8
7
6
8
9
9
6
8
11
10
12
13
10
8
8
9
12
12
10
9
8
8
10
13
15
14
11
7
6
11
14
17
16
13
14
16
15
13
10
10
9
14
14
13
16
15
12
10
8
10
13
14
13
14
16
17
19
16
15
16
19
18
18
18
17
19
20
23
22
20
17
16
13
11
12
13
17
20
23
22
20
18
19
20
19
17
18
18
19
20
19
16
14
16
18
20
16
14
16
17
17
19
19
21
23
20
21
18
18
19
19
19
21
22
22
22
24
26
23
22
22
21
24
25
23
21
23
23
23
20
16
14
14
19
20
21
23
20
21
19
19
19
17
17
19
20
22
23
22
19
17
15
14
15
16
18
19
22
23
21
21
20
20
22
19
19
21
22
23
20
17
17
19
21
19
17
13
13
14
13
13
15
16
18
16
16
17
16
13
10
11
14
16
15
12
11
9
9
8
6
10
12
12
13
11
13
16
15
15
13
13
16
17
15
14
11
13
15
18
20
21
17
16
17
17
18
16
13
13
14
14
17
18
17
15
16
15
14
16
17
18
21
21
19
18
13
14
17
18
18
19
22
22
24
21
19
17
17
18
19
19
21
20
20
22
21
23
21
19
19
21
25
26
26
27
23
24
25
22
23
26
25
25
26
24
23
25
24
26
24
21
23
25
24
24
26
26
27
32
34
32
28
27
23
24
24
26
30
34
35
33
31
26
25
25
23
26
28
29
31
30
31
32
29
27
27
27
27
30
33
32
31
30
27
25
25
25
30
32
29
24
25
26
28
29
24
22
24
27
28
24
21
18
19
22
20
19
17
19
22
23
24
22
22
19
19
20
21
24
26
26
24
25
22
20
19
22
23
19
18
16
15
16
16
16
14
15
16
18
16
15
11
9
13
14
20
20
19
20
18
18
18
19
20
20
19
18
17
15
15
14
15
14
14
16
16
16
16
14
15
15
14
18
20
22
21
22
19
19
18
19
22
24
25
25
24
20
16
17
18
20
23
23
21
20
19
16
17
14
16
18
21
23
24
22
21
21
24
24
25
28
27
28
28
28
27
24
23
20
19
21
23
25
26
25
26
28
29
31
30
29
30
29
29
30
31
32
31
29
29
30
30
32
33
32
28
27
25
27
29
29
30
31
34
35
36
34
32
31
32
33
37
39
40
42
40
37
36
36
35
37
40
40
42
42
37
38
36
35
36
33
33
36
39
42
41
39
38
39
41
39
36
38
37
43
44
43
39
40
42
39
41
39
37
38
40
40
41
40
39
40
40
41
40
42
42
41
41
44
48
51
51
50
48
48
49
50
48
46
47
47
48
45
42
38
38
36
39
42
41
43
43
41
40
40
40
43
45
45
45
44
44
47
46
44
42
42
42
43
43
43
43
45
46
43
40
37
37
37
37
39
42
39
41
44
40
41
42
40
42
43
43
45
43
40
39
39
38
37
38
39
39
39
39
36
35
36
34
33
33
33
34
33
33
35
35
37
34
33
36
39
38
39
36
35
36
33
30
30
31
32
32
28
24
24
25
24
25
26
24
25
26
23
22
22
22
24
21
23
26
26
24
21
21
18
19
17
13
13
13
13
15
14
16
13
11
10
13
15
17
17
17
17
16
15
14
17
18
17
18
20
18
15
13
13
13
12
12
15
15
14
13
12
12
15
15
14
13
10
11
11
11
10
11
14
13
13
13
11
10
14
14
13
14
14
15
16
11
8
5
8
11
12
11
11
12
14
13
15
16
15
14
15
16
19
19
17
14
13
16
17
16
16
13
14
14
12
13
17
18
18
14
13
14
15
15
16
19
21
22
20
17
15
15
15
15
15
15
17
21
21
22
22
16
15
14
16
15
15
14
16
17
20
19
15
15
14
14
16
16
20
22
17
17
19
21
21
20
15
16
17
15
15
16
19
19
19
17
18
19
21
20
18
22
21
22
19
17
18
17
17
17
16
20
23
23
23
20
19
21
20
18
20
23
27
27
25
26
29
25
26
26
25
27
25
25
26
23
25
23
21
20
22
22
23
23
23
22
22
24
24
25
26
27
26
24
23
22
23
26
22
20
20
21
21
22
21
17
18
18
20
21
21
21
24
23
24
23
23
23
25
24
26
27
27
25
23
23
22
21
19
16
15
19
19
19
19
18
21
21
18
17
18
20
23
20
19
18
15
15
16
16
16
16
16
18
18
18
16
12
12
13
14
14
14
16
16
13
11
9
9
14
14
15
16
14
11
10
9
9
10
9
8
10
9
9
9
9
10
12
14
13
11
8
7
8
9
10
10
9
9
7
7
8
11
12
13
11
14
11
11
13
10
10
9
8
7
7
8
9
10
9
8
8
7
7
10
8
8
8
9
7
4
5
6
7
9
7
6
3
5
6
6
5
5
3
2
4
2
2
3
1
2
2
3
5
6
4
2
2
3
3
0
-2
-2
1
4
2
2
-1
0
2
8
10
9
7
6
1
2
1
0
1
0
-3
-2
-2
1
4
5
4
2
2
4
6
5
2
0
-2
-3
0
1
3
4
6
6
3
-2
-1
-2
1
2
1
4
5
4
3
2
3
8
8
9
6
6
8
7
8
9
9
9
9
8
9
12
12
11
6
6
5
7
8
7
8
8
9
8
8
8
8
8
7
8
7
7
10
9
9
9
9
7
7
6
6
5
9
10
13
10
8
10
8
7
5
5
5
11
14
13
10
8
7
8
8
9
8
12
12
13
12
12
14
13
11
10
11
11
12
10
14
14
13
10
8
10
12
15
16
15
15
14
16
17
17
19
21
18
18
19
22
25
23
19
21
22
21
21
20
22
20
22
23
22
21
21
21
20
20
22
18
18
18
22
25
24
22
20
19
21
22
22
21
24
23
21
21
19
20
18
19
20
23
26
24
24
27
24
25
27
24
24
29
29
31
32
28
28
30
29
29
29
29
30
30
31
30
28
26
29
29
28
26
24
24
25
27
26
25
25
26
24
25
24
24
25
24
23
22
25
25
27
29
27
27
27
27
27
28
27
26
25
24
26
26
24
22
19
20
25
25
26
25
23
22
21
18
15
14
15
18
19
18
14
12
13
14
15
13
9
8
11
12
11
8
7
10
12
12
12
10
9
11
11
9
10
11
11
11
15
16
14
13
12
14
14
14
12
12
13
16
18
18
17
18
18
15
14
15
17
17
15
14
12
13
15
13
11
13
12
14
13
11
11
11
13
14
12
12
11
9
9
9
12
11
9
9
8
6
7
10
10
11
11
10
10
10
9
8
7
9
8
9
11
11
10
7
5
5
8
10
9
9
7
6
7
7
7
9
9
8
8
6
6
6
6
8
9
8
8
6
4
7
8
8
4
5
8
7
6
1
2
6
6
5
4
1
1
0
1
0
-1
1
4
7
10
8
6
6
6
8
6
5
5
3
1
2
2
2
3
2
2
3
4
3
2
3
2
3
3
0
0
1
0
1
1
1
2
1
0
0
2
5
4
4
2
0
-1
-1
-2
0
-1
-3
-4
-2
-1
0
-1
-1
-3
-5
-5
-5
-4
-2
-3
-3
-3
-3
-3
-5
-5
-5
-5
-7
-8
-7
-6
-4
-7
-10
-11
-12
-10
-9
-11
-12
-12
-12
-11
-12
-13
-12
-12
-12
-13
-14
-14
-14
-14
-14
-11
-12
-10
-10
-12
-13
-13
-13
-13
-13
-13
-12
-14
-15
-16
-19
-21
-23
-24
-24
-18
-19
-21
-22
-23
-22
-23
-26
-29
-27
-25
-22
-25
-29
-31
-32
-33
-32
-34
-33
-32
-33
-33
-33
-35
-40
-41
-40
-38
-34
-32
-34
-36
-38
-37
-38
-36
-35
-36
-36
-35
-35
-36
-38
-38
-41
-41
-39
-37
-34
-34
-37
-39
-40
-39
-36
-34
-36
-39
-39
-38
-36
-35
-37
-36
-37
-35
-36
-38
-38
-39
-42
-46
-47
-44
-40
-40
-43
-44
-43
-43
-42
-44
-45
-44
-44
-45
-46
-46
-45
-46
-48
-49
-50
-49
-49
-50
-50
-50
-53
-53
-55
-54
-52
-52
-53
-52
-50
-51
-54
-56
-56
-57
-53
-51
-52
-53
-54
-54
-54
-55
-55
-58
-59
-58
-58
-59
-60
-60
-59
-63
-65
-67
-66
-63
-63
-61
-63
-62
-62
-64
-65
-65
-64
-62
-62
-60
-57
-58
-59
-62
-67
-67
-65
-65
-63
-61
-59
-58
-60
-62
-64
-65
-64
-61
-58
-57
-57
-59
-58
-57
-55
-52
-53
-53
-54
-53
-53
-52
-51
-51
-52
-52
-51
-52
-53
-55
-57
-56
-54
-52
-50
-49
-48
-48
-52
-52
-51
-51
-48
-46
-48
-48
-48
-47
-45
-43
-45
-44
-47
-49
-51
-49
-47
-46
-45
-45
-46
-44
-43
-45
-47
-49
-49
-48
-47
-44
-44
-45
-46
-49
-51
-51
-47
-44
-45
-47
-45
-43
-42
-44
-47
-48
-45
-45
-47
-47
-46
-45
-44
-46
-45
-42
-42
-43
-47
-48
-49
-48
-45
-43
-44
-42
-41
-42
-44
-47
-48
-46
-46
-46
-44
-44
-42
-41
-43
-44
-43
-44
-45
-47
-47
-46
-46
-47
-47
-46
-46
-47
-47
-46
-47
-48
-48
-47
-45
-46
-45
-46
-47
-45
-45
-46
-46
-47
-46
-44
-46
-47
-46
-47
-48
-48
-48
-48
-48
-47
-48
-48
-50
-50
-52
-53
-52
-51
-53
-54
-54
-53
-51
-49
-49
-51
-53
-56
-55
-55
-54
-54
-53
-51
-50
-52
-54
-53
-51
-51
-51
-53
-56
-55
-57
-57
-53
-52
-52
-53
-55
-56
-58
-57
-55
-55
-53
-53
-55
-55
-55
-55
-56
-54
-57
-58
-60
-59
-59
-58
-61
-61
-59
-58
-59
-61
-59
-59
-57
-55
-53
-57
-58
-58
-58
-57
-59
-59
-60
-60
-57
-56
-56
-57
-59
-61
-60
-58
-58
-59
-59
-59
-59
-59
-59
-60
-60
-59
-60
-60
-60
-60
-58
-57
-58
-58
-61
-59
-58
-56
-54
-52
-53
-53
-53
-54
-53
-55
-55
-53
-53
-53
-53
-56
-58
-56
-55
-55
-54
-53
-51
-51
-52
-52
-50
-50
-52
-54
-55
-55
-54
-54
-54
-53
-55
-54
-53
-53
-55
-57
-58
-56
-53
-53
-56
-55
-54
-51
-51
-50
-50
-50
-52
-56
-54
-53
-50
-50
-53
-52
-50
-50
-50
-51
-50
-48
-46
-44
-44
-44
-46
-50
-52
-51
-48
-47
-46
-48
-49
-51
-51
-51
-49
-49
-47
-47
-48
-49
-49
-49
-48
-47
-46
-47
-51
-51
-51
-51
-51
-51
-51
-49
-49
-49
-50
-48
-49
-49
-49
-51
-53
-53
-52
-50
-47
-48
-48
-48
-48
-45
-43
-45
-46
-46
-45
-44
-43
-40
-39
-39
-40
-41
-41
-41
-42
-42
-41
-41
-41
-42
-41
-43
-44
-48
-48
-47
-47
-46
-47
-46
-41
-42
-45
-47
-45
-47
-46
-46
-47
-49
-48
-47
-46
-46
-48
-47
-46
-46
-47
-47
-47
-44
-43
-42
-42
-44
-43
-44
-44
-43
-41
-41
-41
-38
-40
-42
-42
-44
-42
-41
-41
-39
-36
-36
-35
-36
-37
-38
-40
-40
-38
-37
-38
-36
-36
-36
-37
-40
-42
-43
-38
-37
-35
-35
-36
-36
-36
-34
-35
-38
-40
-42
-42
-41
-40
-38
-39
-39
-37
-35
-37
-41
-42
-41
-39
-39
-39
-40
-41
-41
-42
-44
-45
-45
-42
-42
-43
-43
-44
-45
-45
-46
-47
-47
-46
-47
-46
-47
-47
-49
-48
-46
-44
-44
-45
-45
-44
-45
-49
-52
-51
-49
-45
-42
-46
-47
-47
-46
-45
-45
-44
-43
-44
-45
-45
-46
-46
-44
-46
-49
-50
-49
-48
-44
-44
-45
-47
-48
-48
-48
-48
-49
-50
-51
-51
-50
-49
-49
-48
-46
-46
-44
-45
-46
-49
-51
-50
-50
-49
-48
-48
-48
-48
-46
-45
-46
-49
-50
-48
-47
-44
-46
-48
-50
-50
-50
-48
-49
-50
-50
-51
-49
-47
-47
-49
-51
-54
-55
-54
-55
-55
-54
-56
-57
-56
-56
-55
-56
-57
-58
-60
-60
-59
-59
-58
-60
-62
-63
-63
-61
-62
-61
-62
-60
-58
-58
-60
-60
-60
-60
-60
-59
-60
-61
-64
-64
-63
-62
-59
-56
-58
-60
-61
-62
-64
-65
-62
-61
-59
-60
-63
-65
-63
-62
-63
-62
-62
-62
-60
-61
-64
-65
-64
-64
-59
-57
-58
-62
-64
-66
-65
-67
-68
-68
-67
-66
-66
-66
-66
-65
-64
-63
-64
-64
-64
-62
-64
-65
-63
-60
-58
-57
-57
-60
-60
-61
-58
-56
-56
-57
-56
-56
-56
-56
-59
-59
-58
-55
-52
-53
-54
-55
-55
-56
-53
-52
-54
-55
-55
-57
-57
-55
-54
-55
-53
-51
-51
-50
-53
-55
-56
-55
-53
-52
-50
-51
-50
-49
-51
-53
-53
-52
-51
-50
-46
-46
-48
-49
-51
-51
-50
-50
-48
-46
-47
-49
-50
-50
-51
-51
-51
-52
-49
-50
-50
-51
-49
-49
-49
-49
-47
-45
-45
-47
-50
-50
-49
-46
-45
-46
-47
-44
-43
-43
-43
-43
-42
-39
-40
-42
-42
-41
-39
-37
-38
-39
-40
-40
-42
-42
-40
-40
-40
-41
-42
-40
-39
-42
-41
-42
-43
-42
-42
-41
-37
-38
-42
-44
-42
-41
-39
-42
-42
-43
-44
-41
-40
-38
-40
-41
-41
-42
-40
-39
-40
-41
-41
-42
-40
-39
-37
-37
-39
-39
-38
-34
-33
-36
-40
-40
-37
-36
-38
-40
-41
-39
-39
-40
-38
-37
-35
-34
-36
-37
-36
-38
-40
-41
-41
-38
-36
-37
-40
-42
-42
-42
-40
-39
-40
-41
-39
-38
-39
-39
-40
-40
-40
-42
-45
-47
-48
-47
-48
-48
-51
-50
-48
-46
-44
-44
-44
-44
-45
-46
-50
-51
-51
-49
-47
-47
-49
-49
-52
-52
-50
-49
-50
-50
-51
-49
-47
-47
-49
-49
-48
-46
-45
-45
-46
-46
-45
-43
-43
-43
-44
-45
-45
-44
-43
-43
-44
-45
-44
-44
-40
-41
-42
-44
-44
-42
-40
-40
-40
-41
-39
-38
-38
-40
-39
-39
-39
-38
-38
-39
-40
-40
-40
-41
-42
-38
-35
-34
-35
-38
-38
-37
-36
-37
-37
-35
-36
-35
-36
-36
-33
-31
-31
-35
-36
-35
-33
-32
-31
-32
-31
-29
-28
-28
-30
-31
-34
-35
-32
-29
-27
-27
-29
-30
-31
-29
-30
-30
-31
-30
-29
-28
-28
-28
-28
-27
-26
-25
-25
-26
-28
-28
-30
-30
-30
-29
-28
-27
-29
-32
-32
-31
-30
-29
-28
-28
-29
-30
-28
-28
-30
-30
-29
-31
-29
-27
-25
-24
-24
-26
-26
-26
-25
-24
-23
-22
-23
-21
-21
-23
-22
-21
-20
-19
-19
-18
-18
-17
-16
-17
-15
-15
-15
-12
-14
-17
-17
-18
-16
-13
-13
-13
-14
-12
-12
-13
-15
-14
-12
-11
-11
-12
-11
-11
-12
-14
-14
-13
-13
-14
-15
-15
-12
-12
-14
-16
-16
-12
-11
-14
-15
-15
-15
-15
-15
-16
-17
-16
-17
-18
-20
-22
-22
-18
-15
-18
-21
-22
-22
-21
-22
-24
-23
-21
-18
-20
-20
-19
-21
-22
-23
-24
-21
-19
-20
-20
-19
-18
-18
-19
-21
-24
-25
-25
-22
-21
-21
-22
-21
-20
-18
-19
-22
-24
-23
-23
-21
-19
-21
-20
-19
-20
-19
-19
-20
-22
-22
-22
-20
-17
-15
-15
-17
-18
-20
-19
-19
-17
-17
-16
-17
-20
-18
-16
-15
-17
-20
-18
-15
-14
-15
-17
-19
-16
-15
-16
-16
-18
-18
-19
-18
-19
-18
-22
-27
-29
-28
-26
-25
-26
-28
-27
-26
-24
-26
-29
-29
-28
-27
-28
-28
-28
-27
-28
-29
-29
-30
-31
-32
-31
-30
-31
-31
-32
-31
-30
-29
-30
-35
-35
-35
-35
-34
-35
-36
-33
-32
-32
-32
-32
-32
-32
-35
-37
-37
-37
-37
-38
-40
-42
-43
-43
-42
-41
-38
-40
-39
-41
-42
-40
-40
-42
-42
-41
-40
-40
-42
-40
-41
-40
-38
-39
-42
-41
-41
-38
-37
-39
-40
-41
-38
-37
-37
-39
-40
-41
-41
-39
-39
-40
-42
-43
-43
-41
-40
-40
-41
-42
-42
-40
-40
-39
-40
-40
-41
-43
-43
-42
-42
-43
-43
-42
-42
-42
-43
-43
-44
-41
-38
-35
-36
-38
-39
-41
-44
-43
-40
-39
-39
-38
-36
-35
-37
-37
-37
-36
-35
-35
-34
-31
-30
-33
-36
-37
-37
-33
-32
-33
-32
-33
-32
-32
-30
-32
-33
-34
-33
-32
-33
-34
-33
-30
-29
-30
-32
-32
-31
-30
-30
-32
-31
-31
-31
-33
-34
-34
-33
-30
-29
-32
-33
-32
-31
-31
-33
-34
-34
-36
-36
-37
-39
-40
-39
-40
-41
-42
-44
-43
-44
-43
-42
-41
-41
-40
-42
-43
-45
-46
-47
-48
-47
-44
-41
-40
-43
-47
-49
-44
-42
-42
-43
-45
-44
-43
-43
-44
-44
-45
-45
-42
-42
-42
-44
-46
-45
-44
-43
-44
-45
-45
-44
-43
-46
-44
-45
-45
-46
-46
-42
-42
-43
-48
-48
-46
-45
-46
-49
-52
-51
-51
-51
-50
-50
-48
-47
-48
-50
-51
-53
-54
-53
-54
-53
-51
-49
-49
-51
-53
-53
-52
-53
-52
-52
-50
-51
-53
-53
-53
-53
-52
-52
-55
-55
-53
-55
-56
-59
-58
-59
-60
-60
-61
-64
-63
-64
-65
-65
-65
-65
-65
-65
-66
-67
-69
-70
-70
-69
-70
-71
-71
-70
-70
-73
-75
-74
-74
-74
-75
-75
-74
-73
-73
-75
-77
-79
-79
-77
-78
-76
-76
-78
-79
-79
-80
-80
-80
-82
-83
-81
-80
-79
-79
-81
-84
-85
-86
-84
-83
-82
-83
-85
-84
-85
-85
-85
-84
-83
-83
-83
-84
-85
-84
-81
-81
-81
-81
-81
-80
-83
-86
-87
-87
-85
-85
-85
-85
-85
-85
-85
-89
-88
-85
-86
-87
-86
-87
-89
-88
-89
-89
-87
-87
-88
-87
-87
-89
-91
-90
-88
-90
-93
-97
-96
-94
-91
-92
-96
-96
-95
-92
-94
-94
-94
-93
-95
-96
-96
-95
-93
-94
-95
-93
-91
-93
-94
-97
-97
-94
-92
-92
-90
-88
-87
-89
-93
-93
-93
-92
-91
-90
-91
-92
-92
-93
-92
-90
-91
-91
-91
-91
-92
-93
-92
-90
-91
-93
-95
-94
-93
-93
-94
-94
-92
-92
-93
-92
-91
-90
-90
-93
-93
-92
-92
-92
-92
-91
-89
-89
-89
-89
-91
-90
-87
-86
-88
-90
-91
-91
-90
-90
-90
-90
-89
-90
-90
-90
-89
-90
-91
-91
-92
-91
-88
-87
-86
-87
-90
-90
-90
-89
-90
-94
-94
-95
-92
-93
-93
-93
-96
-97
-99
-99
-98
-98
-100
-99
-98
-97
-96
-97
-100
-100
-102
-104
-104
-103
-105
-106
-106
-104
-101
-99
-99
-100
-102
-100
-97
-97
-97
-99
-101
-100
-99
-100
-102
-101
-100
-98
-97
-97
-97
-98
-100
-101
-101
-101
-103
-105
-105
-104
-102
-101
-104
-109
-110
-109
-107
-104
-106
-109
-109
-111
-111
-110
-110
-110
-109
-109
-108
-108
-110
-113
-113
-111
-109
-108
-109
-111
-111
-111
-112
-110
-110
-109
-110
-110
-109
-108
-108
-108
-106
-105
-105
-106
-108
-109
-108
-108
-107
-106
-105
-104
-103
-103
-104
-106
-106
-107
-106
-105
-105
-105
-106
-110
-112
-110
-109
-107
-107
-110
-112
-112
-112
-112
-112
-115
-115
-114
-112
-110
-110
-113
-113
-114
-112
-112
-112
-114
-114
-114
-113
-111
-111
-112
-114
-116
-117
-113
-111
-112
-113
-113
-112
-110
-111
-113
-115
-115
-113
-112
-112
-111
-110
-112
-114
-116
-114
-112
-115
-116
-115
-113
-113
-115
-116
-116
-115
-114
-112
-112
-112
-112
-112
-113
-113
-113
-113
-112
-111
-112
-113
-113
-114
-114
-113
-113
-111
-109
-107
-107
-109
-110
-112
-112
-112
-111
-109
-109
-109
-111
-111
-109
-107
-106
-108
-109
-107
-108
-110
-111
-109
-110
-109
-109
-109
-108
-109
-111
-110
-108
-106
-107
-107
-106
-105
-105
-104
-105
-105
-105
-106
-104
-104
-104
-106
-104
-105
-106
-107
-105
-104
-104
-106
-108
-106
-106
-102
-99
-101
-100
-101
-102
-101
-101
-101
-101
-100
-100
-100
-100
-100
-98
-100
-100
-99
-96
-97
-99
-100
-100
-98
-99
-102
-103
-101
-99
-99
-101
-102
-100
-99
-100
-99
-99
-97
-98
-96
-97
-96
-96
-97
-97
-96
-95
-94
-94
-95
-96
-95
-94
-93
-93
-95
-95
-95
-96
-94
-93
-92
-92
-92
-91
-92
-93
-94
-96
-95
-96
-94
-93
-94
-93
-93
-93
-94
-94
-93
-92
-94
-92
-92
-94
-96
-97
-99
-99
-99
-101
-99
-99
-98
-98
-98
-99
-99
-97
-96
-95
-95
-94
-95
-97
-99
-99
-96
-94
-95
-97
-95
-96
-98
-97
-96
-96
-96
-98
-98
-100
-100
-99
-101
-101
-101
-100
-98
-99
-99
-101
-102
-100
-100
-101
-104
-104
-102
-101
-102
-103
-102
-101
-100
-100
-100
-97
-97
-99
-101
-101
-101
-99
-98
-98
-97
-98
-99
-100
-99
-99
-99
-97
-96
-95
-94
-94
-94
-93
-94
-93
-92
-92
-91
-93
-94
-96
-95
-93
-94
-93
-96
-95
-96
-97
-94
-93
-91
-92
-93
-94
-95
-95
-95
-95
-94
-95
-96
-97
-97
-97
-97
-98
-100
-98
-98
-101
-101
-98
-95
-93
-94
-96
-95
-95
-96
-95
-98
-99
-99
-99
-99
-97
-97
-97
-97
-98
-97
-95
-94
-95
-93
-93
-94
-96
-97
-99
-101
-99
-99
-99
-96
-93
-92
-93
-94
-93
-93
-94
-96
-94
-93
-95
-94
-94
-94
-93
-94
-94
-91
-90
-92
-92
-93
-94
-97
-97
-97
-97
-98
-98
-95
-95
-94
-91
-91
-92
-90
-92
-93
-94
-93
-92
-93
-96
-95
-95
-96
-96
-95
-93
-91
-90
-90
-90
-92
-94
-90
-89
-91
-89
-88
-88
-89
-91
-92
-90
-89
-87
-87
-88
-89
-89
-88
-87
-86
-87
-90
-88
-88
-86
-86
-87
-88
-88
-85
-85
-86
-86
-87
-89
-89
-86
-86
-84
-86
-90
-89
-86
-85
-85
-86
-88
-84
-80
-79
-82
-85
-87
-86
-83
-82
-82
-82
-79
-80
-79
-79
-78
-79
-78
-77
-78
-78
-76
-74
-74
-74
-74
-76
-77
-75
-72
-71
-72
-74
-75
-73
-71
-70
-70
-70
-69
-68
-67
-70
-70
-71
-71
-69
-69
-70
-72
-72
-72
-71
-70
-70
-68
-69
-71
-71
-74
-72
-68
-66
-63
-65
-65
-65
-66
-66
-66
-67
-67
-65
-65
-64
-65
-66
-64
-64
-62
-63
-66
-66
-66
-63
-62
-61
-59
-59
-62
-63
-65
-66
-64
-63
-63
-62
-62
-63
-64
-66
-66
-63
-62
-59
-61
-62
-62
-61
-61
-61
-62
-63
-62
-63
-66
-64
-65
-65
-66
-66
-62
-58
-57
-58
-60
-60
-60
-58
-59
-59
-58
-56
-54
-55
-57
-59
-58
-56
-56
-56
-58
-57
-58
-58
-60
-62
-63
-63
-63
-62
-62
-64
-65
-63
-64
-63
-63
-62
-61
-61
-62
-63
-65
-64
-63
-64
-65
-66
-67
-67
-67
-69
-66
-64
-65
-66
-64
-64
-64
-65
-66
-67
-66
-65
-62
-61
-61
-60
-62
-63
-61
-61
-59
-57
-58
-58
-59
-60
-59
-57
-56
-57
-58
-57
-56
-54
-53
-54
-54
-55
-53
-52
-52
-51
-53
-55
-57
-56
-55
-54
-50
-50
-49
-49
-49
-49
-51
-48
-48
-49
-50
-49
-49
-48
-47
-47
-47
-46
-44
-44
-44
-44
-44
-44
-45
-44
-45
-46
-43
-41
-41
-44
-46
-46
-43
-41
-41
-42
-44
-44
-46
-45
-47
-47
-45
-45
-43
-44
-43
-44
-43
-41
-41
-41
-43
-41
-41
-41
-42
-43
-44
-43
-43
-43
-42
-42
-42
-40
-41
-42
-46
-46
-45
-41
-38
-37
-38
-41
-43
-42
-40
-38
-37
-38
-39
-40
-40
-43
-43
-40
-36
-35
-35
-37
-40
-41
-41
-39
-36
-35
-36
-37
-38
-37
-37
-38
-37
-36
-32
-32
-32
-32
-30
-30
-30
-31
-30
-26
-23
-24
-23
-23
-20
-18
-18
-20
-21
-24
-24
-20
-18
-18
-17
-19
-20
-18
-18
-15
-15
-17
-17
-17
-17
-16
-17
-22
-23
-20
-17
-16
-18
-20
-21
-20
-19
-20
-22
-23
-21
-20
-17
-17
-19
-18
-19
-19
-18
-16
-14
-12
-15
-13
-11
-10
-10
-10
-10
-8
-6
-7
-7
-7
-8
-8
-6
-6
-4
-2
1
-1
-2
-5
-6
-6
-7
-5
-4
-2
-1
-1
-4
-4
-6
-7
-8
-8
-6
-3
-3
-6
-6
-7
-3
-1
-1
-3
-7
-7
-6
-3
-2
-2
-2
-4
-4
-4
-3
-2
-2
-3
-4
-3
-3
-3
-4
-4
-2
-1
1
1
0
-1
-3
-2
-2
-1
1
2
2
-1
0
1
3
3
2
0
0
-2
-2
-2
-3
-1
-2
-2
-2
-5
-5
-4
-3
-5
-3
-2
0
1
2
2
0
1
-2
-2
-3
-2
1
0
1
1
1
-2
-3
-5
-6
-7
-7
-6
-7
-8
-8
-6
-8
-9
-11
-11
-13
-13
-12
-12
-10
-8
-8
-8
-9
-11
-11
-11
-11
-11
-9
-7
-7
-9
-10
-11
-10
-9
-11
-13
-12
-11
-9
-12
-15
-15
-10
-6
-8
-10
-11
-8
-7
-8
-8
-9
-9
-13
-14
-12
-9
-8
-8
-12
-16
-14
-10
-8
-8
-11
-12
-9
-9
-9
-8
-8
-5
-4
-5
-5
-4
-1
0
-1
-2
-3
-3
-4
-5
-4
-4
-3
-3
-2
-4
-6
-7
-8
-9
-8
-7
-7
-9
-10
-12
-11
-9
-11
-13
-15
-15
-13
-12
-12
-12
-14
-15
-14
-12
-13
-14
-15
-13
-13
-12
-10
-10
-10
-9
-11
-14
-16
-16
-17
-15
-12
-10
-7
-6
-6
-8
-8
-8
-9
-8
-7
-5
-5
-8
-13
-15
-14
-13
-10
-10
-10
-8
-5
-4
-7
-10
-12
-11
-8
-5
-8
-11
-12
-10
-8
-8
-10
-11
-12
-11
-9
-8
-10
-10
-10
-11
-10
-7
-4
-3
-4
-4
-5
-3
-2
-3
-3
-3
-4
-2
-1
-1
0
1
1
-1
-1
1
4
6
6
4
3
2
4
5
4
4
2
4
6
6
4
4
5
6
10
11
10
9
6
6
10
10
12
11
10
10
10
10
12
14
14
16
16
16
16
16
14
16
17
16
17
16
15
16
14
12
12
14
16
15
14
15
17
19
17
16
15
16
16
14
14
13
14
14
14
14
12
12
14
15
18
20
22
21
19
21
21
21
19
18
21
22
21
20
22
24
24
23
22
22
23
23
22
21
19
19
19
22
22
20
19
19
18
18
16
14
15
17
17
14
13
14
15
14
11
9
9
12
12
12
13
11
11
9
6
6
8
9
12
13
11
12
11
8
10
12
13
13
13
12
12
13
14
13
9
10
11
13
12
12
11
14
17
19
16
15
15
16
16
17
17
15
15
14
15
16
17
16
14
13
15
16
16
15
16
17
19
21
19
17
17
18
19
20
18
17
17
18
18
16
16
17
16
14
14
14
15
16
16
15
14
14
13
15
17
19
19
16
16
16
19
20
19
16
15
17
16
16
16
16
15
15
16
16
16
17
17
16
19
21
22
21
18
17
17
16
16
18
19
18
15
14
11
11
10
11
11
9
10
8
6
5
1
0
2
2
4
5
8
9
10
7
6
4
4
6
6
6
8
9
10
11
8
5
5
3
4
4
3
1
1
1
1
3
3
3
5
6
6
6
5
5
3
3
5
6
5
4
9
11
11
12
11
10
8
9
9
10
12
13
13
14
14
11
10
10
14
13
11
10
8
9
9
9
7
6
8
10
10
8
6
5
5
7
6
6
5
4
2
0
2
4
6
7
8
6
6
5
5
6
6
6
7
8
10
12
8
9
10
9
8
7
5
6
6
5
6
6
5
4
5
5
6
6
4
4
6
7
4
1
1
3
5
4
1
2
3
4
6
4
3
3
3
5
5
4
5
5
4
3
6
6
6
7
8
7
8
8
10
11
14
17
15
12
12
11
11
11
11
13
13
13
11
10
11
11
10
9
8
9
10
11
9
9
11
11
10
10
10
8
8
9
10
11
9
8
9
11
12
9
8
10
11
14
11
11
10
10
10
11
11
10
9
9
10
10
12
12
13
12
14
13
13
11
12
10
10
12
14
14
17
17
14
12
12
12
15
16
16
15
12
11
11
10
12
12
11
13
13
12
13
15
14
14
14
12
11
9
9
8
6
6
5
4
4
2
0
3
3
1
1
0
0
2
2
3
2
3
3
4
3
4
2
1
3
2
3
3
2
3
8
11
11
10
9
11
11
10
10
9
9
7
6
6
10
12
11
12
11
8
7
8
9
11
12
12
12
12
12
13
12
11
12
11
11
11
10
10
8
7
5
6
7
8
7
5
5
6
7
7
7
6
6
6
6
6
7
8
9
7
7
7
6
4
4
4
6
6
6
7
7
8
6
5
3
4
5
4
5
3
4
6
7
10
9
6
6
9
10
9
7
5
7
9
8
6
4
5
5
3
1
-3
-1
3
4
3
3
-1
-1
0
1
0
0
0
2
3
7
9
11
12
10
9
12
14
13
12
12
15
16
15
14
11
10
9
8
8
11
11
14
14
12
14
11
10
8
7
7
9
11
12
16
14
13
9
9
10
11
13
12
8
5
6
8
8
6
5
6
10
12
8
6
4
3
6
5
4
3
2
6
9
9
5
4
5
5
7
3
1
1
0
0
1
0
2
2
-2
-3
-4
-4
-3
0
1
4
5
4
5
5
3
5
5
5
3
3
3
5
6
8
7
7
9
7
7
5
5
5
3
3
1
1
2
2
1
3
1
2
5
4
1
0
0
2
3
2
0
-2
0
1
1
1
0
0
0
-2
-1
-2
-3
-2
-3
-4
-3
-2
-1
0
-3
-2
-2
-1
-2
-2
-2
-2
0
-2
-3
-3
-5
-6
-4
-6
-6
-7
-9
-8
-5
-3
-6
-8
-9
-7
-6
-6
-7
-8
-6
-7
-7
-6
-4
-6
-7
-9
-10
-10
-9
-9
-8
-10
-13
-12
-12
-12
-12
-13
-15
-16
-14
-12
-11
-12
-14
-15
-16
-15
-16
-16
-15
-14
-15
-15
-17
-16
-17
-15
-17
-19
-19
-19
-22
-23
-25
-24
-24
-26
-26
-27
-28
-28
-28
-29
-27
-27
-28
-30
-29
-30
-29
-28
-29
-30
-31
-32
-32
-33
-32
-30
-29
-29
-31
-31
-30
-29
-31
-31
-34
-34
-34
-34
-33
-33
-34
-32
-31
-30
-32
-32
-34
-35
-35
-35
-34
-32
-30
-30
-32
-34
-32
-32
-32
-34
-34
-34
-33
-30
-29
-30
-30
-31
-32
-33
-34
-33
-34
-32
-32
-33
-32
-30
-28
-30
-33
-34
-33
-32
-30
-30
-32
-34
-33
-34
-34
-34
-32
-30
-31
-31
-32
-34
-33
-32
-31
-32
-33
-33
-32
-32
-33
-33
-35
-31
-26
-27
-29
-30
-31
-31
-29
-30
-32
-33
-32
-30
-30
-29
-31
-33
-32
-32
-32
-32
-34
-34
-36
-35
-35
-34
-32
-32
-33
-34
-33
-34
-32
-32
-33
-33
-33
-32
-33
-33
-34
-36
-36
-34
-35
-35
-35
-36
-37
-38
-39
-40
-40
-40
-40
-40
-42
-43
-45
-42
-40
-38
-41
-43
-45
-46
-43
-40
-38
-38
-38
-39
-39
-41
-40
-40
-38
-40
-39
-38
-38
-40
-42
-41
-39
-36
-34
-33
-33
-33
-34
-35
-35
-35
-35
-37
-35
-33
-34
-34
-35
-38
-39
-36
-33
-32
-34
-34
-32
-33
-32
-32
-33
-31
-33
-33
-31
-30
-30
-32
-34
-33
-30
-28
-28
-29
-32
-33
-31
-31
-33
-35
-34
-35
-34
-33
-32
-36
-36
-35
-36
-34
-34
-33
-34
-34
-35
-35
-36
-38
-37
-36
-37
-37
-34
-36
-39
-37
-33
-33
-32
-33
-36
-35
-32
-32
-33
-34
-34
-33
-31
-31
-30
-31
-31
-31
-31
-33
-33
-32
-32
-30
-31
-31
-27
-26
-26
-27
-26
-28
-27
-25
-23
-22
-23
-25
-24
-25
-22
-23
-22
-25
-26
-23
-22
-21
-22
-24
-23
-20
-18
-22
-21
-24
-22
-18
-19
-20
-21
-20
-19
-20
-20
-18
-19
-20
-22
-22
-20
-19
-17
-20
-21
-20
-19
-18
-18
-19
-21
-18
-15
-15
-18
-19
-19
-17
-15
-17
-17
-17
-17
-20
-21
-21
-21
-22
-22
-23
-23
-23
-25
-27
-28
-28
-28
-28
-31
-31
-31
-31
-34
-36
-38
-37
-38
-39
-39
-36
-36
-36
-37
-38
-38
-38
-37
-35
-35
-36
-37
-38
-35
-33
-34
-35
-37
-37
-35
-34
-33
-32
-30
-29
-28
-29
-28
-28
-27
-26
-27
-26
-25
-25
-24
-23
-21
-20
-21
-21
-24
-23
-20
-19
-19
-20
-22
-21
-20
-19
-18
-18
-13
-12
-11
-12
-12
-11
-14
-15
-16
-15
-12
-10
-10
-10
-10
-9
-8
-9
-10
-8
-8
-8
-9
-9
-10
-10
-14
-14
-12
-11
-10
-9
-13
-13
-14
-16
-15
-17
-17
-19
-21
-20
-20
-21
-22
-23
-25
-25
-25
-25
-26
-27
-28
-28
-26
-25
-26
-27
-28
-28
-27
-28
-27
-26
-26
-24
-26
-25
-26
-25
-24
-25
-29
-30
-29
-26
-24
-24
-21
-18
-16
-14
-17
-17
-16
-13
-9
-8
-6
-6
-7
-10
-10
-7
-1
2
3
3
3
7
11
12
13
14
18
22
24
25
27
30
35
37
36
37
38
42
46
47
50
50
52
54
55
56
55
55
55
57
58
58
58
58
59
58
56
54
52
49
47
46
43
41
40
39
36
33
28
27
22
21
18
14
11
4
0
-7
-9
-13
-18
-21
-27
-29
-33
-36
-40
-47
-49
-54
-54
-57
-60
-62
-67
-71
-78
-78
-82
-85
-89
-93
-95
-97
-98
-98
-100
-103
-105
-105
-107
-103
-105
-102
-100
-96
-92
-90
-83
-79
-72
-63
-52
-39
-27
-15
-8
0
7
16
27
39
51
60
68
75
82
89
94
97
101
108
117
123
127
130
133
138
140
142
140
138
137
139
139
138
136
130
123
117
114
114
110
106
104
102
100
97
95
92
89
82
80
75
71
66
58
51
47
42
39
35
27
22
16
12
2
-9
-17
-25
-34
-44
-54
-63
-73
-82
-92
-106
-115
-124
-135
-143
-157
-165
-169
-179
-181
-191
-194
-201
-207
-213
-215
-218
-221
-214
-210
-197
-183
-165
-146
-133
-115
-100
-80
-57
-39
-17
-4
12
28
47
62
74
82
89
94
96
102
103
107
109
106
109
107
103
103
93
87
78
73
70
60
51
41
33
27
19
11
5
-2
-4
-4
-6
-5
-4
-2
3
6
14
20
31
38
44
53
58
65
72
78
84
92
99
107
113
114
118
118
118
115
111
112
109
109
106
102
99
95
88
81
74
69
66
63
59
53
50
44
40
39
39
36
29
20
15
11
5
0
-12
-22
-32
-37
-44
-47
-62
-69
-86
-93
-104
-115
-127
-145
-155
-165
-169
-180
-192
-202
-210
-216
-218
-227
-230
-231
-230
-221
-208
-187
-173
-160
-149
-131
-117
-100
-85
-73
-54
-40
-20
-5
7
17
17
21
27
33
42
44
46
49
53
56
56
54
50
45
37
35
31
26
23
19
16
10
6
2
-3
-4
-4
-2
4
11
16
24
33
45
53
66
77
85
95
104
118
128
140
152
161
168
175
180
182
179
180
178
179
177
175
171
164
156
149
140
129
116
108
100
93
83
73
65
55
44
32
21
11
7
-2
-10
-18
-27
-37
-48
-61
-71
-82
-91
-102
-107
-122
-129
-143
-153
-163
-177
-190
-207
-218
-225
-234
-241
-248
-261
-260
-274
-276
-282
-285
-281
-270
-250
-224
-205
-190
-174
-160
-137
-113
-87
-70
-49
-33
-6
16
34
45
47
51
58
69
78
86
86
88
93
98
102
104
94
82
72
69
69
58
45
37
32
26
17
8
-1
-9
-13
-12
-9
-8
-5
0
5
10
12
18
30
42
54
68
82
92
106
115
129
138
152
163
168
176
183
190
195
197
197
195
190
185
178
170
161
156
151
146
137
126
114
103
96
91
83
75
65
57
49
44
34
25
16
6
-2
-14
-29
-44
-54
-67
-74
-90
-96
-112
-116
-133
-143
-160
-176
-187
-200
-208
-224
-232
-243
-249
-265
-272
-294
-299
-311
-303
-294
-271
-242
-228
-210
-200
-184
-156
-140
-115
-96
-74
-46
-23
4
22
32
39
43
49
63
72
78
87
88
103
111
113
115
103
97
87
79
82
74
66
58
50
46
36
22
11
3
0
5
7
13
15
21
30
32
41
49
57
72
83
96
113
126
142
156
166
180
185
192
201
208
218
226
227
230
230
230
229
223
216
206
200
193
184
178
169
159
149
139
130
118
104
94
81
74
65
56
45
32
15
-3
-20
-40
-55
-68
-82
-96
-110
-122
-140
-156
-176
-192
-212
-230
-248
-271
-279
-298
-304
-317
-332
-338
-350
-351
-352
-347
-327
-297
-260
-241
-216
-200
-173
-142
-116
-84
-67
-37
-13
18
46
59
73
68
70
84
94
110
116
120
128
136
138
139
132
121
111
92
88
82
69
59
42
33
23
10
1
-10
-17
-20
-19
-15
-10
-6
2
10
23
34
44
58
71
84
102
119
143
162
177
192
200
218
232
241
254
263
273
279
279
282
283
280
277
267
256
244
234
226
215
202
187
173
164
153
139
129
113
104
96
86
76
59
45
25
16
0
-16
-35
-51
-65
-80
-91
-110
-122
-142
-155
-173
-186
-204
-219
-244
-260
-279
-291
-309
-327
-347
-357
-368
-365
-357
-341
-305
-283
-255
-241
-225
-199
-170
-140
-108
-83
-49
-25
9
35
47
57
50
48
61
75
89
99
98
111
119
122
125
116
107
94
79
80
75
62
51
37
27
15
2
-9
-22
-30
-34
-31
-20
-12
-7
2
10
23
40
50
63
73
91
112
128
153
173
191
209
225
241
253
261
271
282
293
302
311
314
317
312
307
298
286
274
262
257
249
235
220
206
192
177
164
149
131
120
108
98
84
64
46
22
4
-18
-35
-52
-72
-88
-109
-122
-143
-159
-183
-203
-222
-244
-259
-288
-301
-332
-345
-369
-391
-400
-420
-417
-419
-414
-382
-357
-313
-298
-276
-258
-227
-192
-154
-119
-92
-46
-27
21
47
57
74
63
68
86
93
118
120
128
143
144
149
150
140
124
108
91
96
86
73
55
31
23
7
-10
-22
-44
-49
-53
-46
-33
-28
-21
-15
-9
5
21
31
49
57
79
101
120
148
166
184
205
217
236
246
255
267
281
298
306
314
320
321
315
310
296
287
273
260
253
242
230
218
203
191
172
155
140
120
111
94
84
70
52
34
15
-8
-29
-51
-72
-92
-110
-130
-147
-172
-191
-219
-241
-263
-286
-301
-328
-347
-380
-398
-424
-444
-459
-466
-465
-462
-436
-407
-369
-347
-325
-309
-271
-236
-191
-157
-124
-78
-45
-3
32
43
54
47
42
63
76
98
103
107
124
138
139
144
127
110
96
74
76
66
50
36
18
5
-10
-40
-57
-83
-90
-95
-99
-91
-85
-75
-61
-51
-40
-22
-16
9
19
43
62
82
111
142
165
189
203
221
238
246
260
270
284
296
312
325
340
337
334
320
307
297
285
274
260
245
236
225
216
207
184
168
144
129
112
92
74
57
37
25
4
-17
-40
-68
-94
-122
-145
-172
-193
-229
-246
-277
-301
-322
-362
-384
-424
-450
-477
-509
-519
-531
-525
-510
-479
-444
-404
-395
-371
-354
-314
-275
-231
-195
-145
-98
-54
6
25
56
51
46
45
64
77
104
106
132
151
164
174
167
155
127
104
80
85
61
57
27
18
-3
-21
-53
-74
-102
-120
-138
-146
-141
-142
-124
-115
-91
-80
-62
-56
-39
-28
-1
14
38
71
103
141
170
192
219
235
246
264
269
283
291
304
322
332
340
339
331
320
302
286
268
251
233
219
211
208
196
183
166
146
124
100
79
61
35
20
0
-13
-30
-50
-78
-93
-127
-152
-183
-214
-238
-267
-288
-316
-339
-365
-390
-425
-452
-492
-507
-540
-537
-555
-524
-489
-442
-399
-390
-364
-355
-312
-278
-228
-212
-153
-111
-43
8
39
58
66
39
48
56
63
91
78
119
139
161
164
164
139
123
75
69
47
30
21
-5
-13
-21
-44
-61
-85
-120
-128
-154
-162
-179
-175
-162
-143
-130
-94
-79
-51
-37
-20
6
15
25
55
89
131
168
194
237
254
272
282
290
297
301
292
313
314
326
326
396
376
307
298
240
264
253
227
201
175
135
149
169
156
138
72
52
24
10
30
-20
-37
-75
-94
-91
-84
-122
-138
-191
-239
-266
-274
-316
-345
-392
-435
-445
-482
-507
-531
-550
-569
-513
-514
-436
-432
-370
-365
-291
-317
-237
-234
-177
-130
-97
-8
28
76
85
124
106
144
78
114
74
103
101
153
141
185
151
176
163
140
103
59
15
-3
-21
-40
-53
-101
-88
-111
-97
-136
-137
-178
-178
-220
-195
-209
-185
-194
-157
-117
-67
-40
-3
19
45
64
79
127
157
186
210
262
299
348
341
370
357
362
353
343
323
306
291
304
302
289
271
262
250
232
207
184
167
147
141
135
132
122
106
92
66
44
23
3
-6
-37
-50
-77
-82
-113
-128
-181
-198
-237
-265
-298
-335
-379
-396
-450
-459
-508
-537
-552
-567
-530
-494
-439
-401
-326
-322
-244
-259
-209
-174
-137
-113
-50
-16
73
111
132
176
164
168
141
116
113
171
143
141
121
144
170
169
154
129
75
63
-10
-56
-100
-144
-171
-216
-225
-192
-183
-185
-178
-158
-152
-182
-187
-188
-169
-173
-149
-105
-29
19
89
154
208
251
273
272
274
270
264
267
269
284
296
310
325
326
310
272
228
186
155
124
111
101
116
143
165
190
208
213
205
183
172
164
139
122
103
87
66
52
39
23
-10
-35
-67
-101
-138
-211
-258
-316
-362
-404
-462
-494
-534
-567
-615
-639
-650
-669
-659
-624
-549
-387
-238
-117
2
95
208
255
229
231
234
261
290
300
353
383
363
327
249
161
54
-131
-233
-325
-354
-354
-353
-319
-245
-203
-165
-184
-208
-219
-253
-279
-260
-209
-137
-80
-20
78
171
209
181
144
124
97
35
-12
-34
-30
-36
-24
4
29
10
-30
-66
-76
-75
-82
-77
-37
44
129
206
270
324
361
370
363
354
340
308
283
280
308
316
311
291
287
277
243
197
156
126
109
98
114
157
171
188
193
182
182
137
89
45
3
-28
-51
-66
-62
-72
-92
-124
-171
-209
-286
-361
-451
-527
-576
-639
-666
-698
-704
-696
-665
-617
-530
-456
-270
-117
27
131
203
317
377
353
329
312
332
355
313
315
291
263
185
77
-39
-131
-285
-387
-469
-457
-437
-408
-393
-298
-215
-137
-142
-140
-113
-79
-87
-81
-45
24
79
97
157
243
290
255
199
160
146
69
-33
-116
-149
-157
-174
-179
-147
-129
-121
-122
-110
-75
-51
-40
13
112
227
318
384
448
521
543
523
469
423
384
328
270
242
219
207
175
150
144
123
89
56
46
67
78
93
122
169
214
245
241
253
237
209
158
110
75
38
0
-35
-54
-79
-122
-187
-246
-330
-400
-514
-592
-671
-721
-785
-817
-845
-793
-755
-657
-576
-404
-182
17
160
255
357
454
490
428
386
357
388
380
356
320
311
260
178
45
-71
-205
-346
-482
-542
-538
-484
-463
-412
-307
-174
-83
-67
-65
-30
7
-15
-37
-32
29
76
109
167
259
309
292
219
169
128
38
-103
-228
-287
-287
-285
-294
-270
-217
-166
-129
-107
-67
-35
-18
12
76
172
271
342
435
535
610
633
599
555
496
408
306
221
170
136
109
104
112
130
143
139
142
147
151
152
161
187
226
260
289
306
321
307
280
221
170
101
44
-44
-101
-170
-218
-285
-339
-416
-469
-541
-612
-693
-756
-825
-869
-907
-921
-879
-812
-698
-561
-324
-86
146
279
402
507
602
569
475
382
360
373
331
271
239
257
232
143
3
-116
-248
-399
-559
-632
-635
-598
-571
-480
-322
-129
-29
10
37
95
120
77
2
-16
13
51
83
147
239
300
297
256
220
164
29
-153
-304
-378
-404
-434
-449
-405
-307
-200
-128
-67
-12
31
54
69
101
152
208
286
395
519
629
686
710
708
669
583
457
321
215
130
77
47
51
88
141
184
223
246
271
272
262
248
237
235
244
255
271
283
275
257
225
184
117
33
-64
-165
-246
-337
-404
-486
-522
-567
-583
-628
-663
-715
-765
-836
-880
-899
-870
-821
-720
-536
-239
25
268
399
583
705
782
663
544
418
409
341
273
180
188
210
208
116
18
-93
-221
-390
-537
-619
-633
-630
-607
-492
-316
-119
-15
54
116
204
215
172
73
42
36
57
66
111
167
238
264
275
246
184
65
-87
-237
-336
-414
-463
-496
-465
-368
-235
-130
-31
49
149
214
236
230
240
282
345
416
499
592
677
742
761
738
676
566
444
309
192
98
36
6
31
81
154
208
260
310
354
366
342
301
273
258
238
223
202
202
197
185
162
111
51
-42
-126
-225
-319
-436
-527
-605
-655
-699
-746
-786
-819
-859
-879
-901
-877
-862
-778
-671
-415
-184
89
247
454
607
781
783
723
594
549
499
434
298
206
167
173
117
15
-102
-190
-291
-412
-520
-579
-584
-586
-548
-470
-317
-181
-76
-19
81
164
219
183
136
113
127
122
114
99
137
182
205
192
153
90
7
-119
-233
-330
-406
-472
-511
-494
-412
-313
-209
-115
-7
100
172
219
252
280
314
356
418
505
587
670
733
780
783
742
653
553
435
326
218
134
86
81
105
148
200
256
309
347
372
369
352
323
289
251
216
170
135
102
81
46
2
-63
-117
-182
-256
-351
-460
-550
-636
-709
-792
-850
-908
-928
-951
-944
-961
-914
-874
-748
-625
-384
-165
109
286
487
630
797
830
786
671
605
558
490
353
224
170
154
101
-28
-159
-248
-319
-425
-545
-625
-624
-604
-565
-498
-364
-223
-101
-35
55
146
209
196
154
131
149
152
139
114
132
168
191
167
116
43
-33
-137
-252
-361
-445
-508
-532
-519
-458
-365
-253
-135
-15
101
203
281
342
382
424
480
546
607
672
737
813
862
865
824
760
675
566
433
306
205
136
94
79
95
138
186
242
290
331
349
348
323
296
255
216
158
109
66
40
9
-22
-65
-97
-146
-204
-295
-382
-484
-566
-665
-744
-812
-858
-891
-931
-938
-938
-882
-826
-729
-625
-415
-166
116
319
498
654
832
924
900
770
670
610
566
432
278
172
158
118
25
-129
-234
-310
-388
-504
-598
-635
-613
-582
-521
-427
-287
-154
-54
26
124
199
244
221
192
178
186
179
159
133
140
155
153
115
44
-29
-110
-200
-303
-398
-468
-503
-503
-465
-392
-290
-162
-35
101
223
332
414
476
524
570
608
648
687
742
807
852
859
830
792
739
648
511
358
236
153
84
26
-6
11
77
151
217
266
313
352
370
354
316
269
226
180
130
78
41
7
-20
-55
-91
-143
-198
-279
-355
-452
-535
-649
-723
-810
-843
-893
-900
-924
-900
-876
-808
-729
-605
-442
-192
62
320
504
689
828
962
954
864
719
634
550
441
269
131
70
48
-13
-140
-255
-334
-386
-466
-567
-636
-645
-615
-560
-489
-383
-253
-127
-22
89
180
251
267
256
238
225
213
185
138
108
98
96
74
18
-58
-131
-196
-260
-343
-428
-485
-494
-450
-389
-311
-202
-57
103
246
359
455
538
603
643
663
688
708
732
754
771
781
758
716
655
585
487
361
223
124
54
7
-35
-47
-6
73
154
214
264
323
380
402
384
346
310
280
224
160
87
42
2
-27
-78
-125
-179
-240
-309
-409
-496
-611
-695
-780
-833
-876
-898
-905
-909
-872
-838
-760
-682
-559
-409
-167
97
356
541
695
836
968
1004
896
736
606
540
439
261
57
-43
-61
-75
-197
-334
-427
-436
-475
-557
-659
-674
-634
-565
-519
-450
-335
-183
-56
50
144
246
310
317
292
274
270
243
167
91
57
49
23
-50
-139
-202
-242
-283
-352
-414
-444
-425
-377
-322
-265
-167
-39
113
244
356
465
578
662
712
734
755
767
757
728
704
693
674
617
550
494
444
370
266
167
113
89
62
20
6
52
132
197
232
268
331
396
420
392
345
314
284
227
140
51
-7
-50
-101
-167
-239
-297
-352
-411
-491
-566
-640
-693
-747
-766
-794
-789
-793
-771
-753
-701
-643
-552
-437
-274
-37
203
443
594
754
856
968
922
816
635
526
405
274
80
-64
-138
-146
-197
-292
-391
-431
-451
-488
-575
-639
-655
-613
-566
-520
-453
-344
-205
-71
57
158
248
306
340
335
311
263
205
133
62
2
-46
-91
-146
-195
-230
-244
-259
-280
-300
-301
-281
-241
-198
-147
-72
35
162
286
401
507
608
689
731
738
730
707
665
615
568
539
507
473
436
414
393
361
306
239
187
148
106
57
24
34
74
126
162
208
273
339
372
371
345
324
286
215
116
19
-57
-120
-184
-252
-299
-325
-339
-367
-400
-440
-472
-503
-542
-571
-592
-594
-593
-572
-551
-509
-480
-431
-397
-327
-235
-60
95
249
349
476
591
682
643
528
403
334
270
138
-37
-168
-194
-190
-225
-323
-391
-398
-370
-398
-468
-535
-543
-526
-488
-471
-428
-353
-228
-101
22
125
213
282
323
327
300
256
193
115
37
-25
-60
-90
-121
-146
-149
-126
-101
-97
-110
-117
-96
-56
-34
-22
11
97
207
299
368
445
535
620
663
669
660
657
648
615
566
521
504
493
476
438
406
376
348
288
222
160
116
73
45
35
51
84
122
170
229
280
310
307
300
285
254
193
114
43
-15
-61
-115
-172
-206
-229
-227
-257
-269
-312
-311
-345
-356
-411
-435
-463
-473
-499
-522
-540
-540
-521
-516
-485
-440
-305
-152
16
130
254
386
518
574
517
420
348
318
233
87
-70
-134
-139
-144
-222
-310
-353
-337
-339
-400
-491
-538
-525
-479
-455
-433
-390
-286
-162
-41
52
131
199
255
281
278
250
214
168
115
65
36
21
13
-6
-24
-21
2
13
0
-27
-20
16
49
44
44
84
179
266
318
350
417
511
588
599
574
560
580
589
553
492
460
461
465
436
382
341
317
288
232
160
103
73
59
48
41
51
84
130
173
208
238
268
281
281
272
253
225
181
125
74
34
-2
-44
-88
-113
-128
-135
-168
-199
-239
-253
-300
-343
-418
-446
-495
-513
-578
-588
-610
-590
-606
-589
-563
-471
-339
-198
-80
28
167
310
424
438
395
349
343
311
214
72
-22
-59
-73
-138
-231
-311
-331
-335
-363
-435
-486
-488
-442
-401
-381
-369
-317
-231
-142
-69
-7
59
132
198
246
278
293
300
292
272
250
227
199
161
130
110
100
79
48
28
37
57
63
55
56
92
144
189
212
238
286
346
392
411
416
427
452
468
468
442
417
406
412
406
373
325
293
271
251
210
152
107
83
72
65
54
53
76
118
169
203
223
237
261
284
289
270
236
203
182
157
120
70
25
-8
-27
-65
-114
-182
-231
-284
-320
-391
-433
-508
-519
-579
-565
-637
-625
-670
-635
-652
-633
-647
-599
-511
-361
-229
-102
17
180
341
460
465
429
397
402
352
223
63
-33
-56
-92
-165
-282
-331
-331
-302
-338
-392
-431
-413
-368
-341
-349
-340
-284
-192
-101
-25
49
138
243
324
379
409
433
444
431
394
345
301
255
200
139
92
77
71
55
27
25
47
80
80
71
79
125
165
182
177
197
244
298
324
328
338
371
413
441
446
436
431
438
433
406
353
300
263
237
198
148
106
97
114
133
138
146
162
200
231
246
245
252
273
297
310
304
291
283
271
240
183
113
47
-20
-90
-170
-247
-307
-353
-388
-426
-451
-478
-480
-495
-506
-534
-556
-580
-598
-623
-645
-657
-656
-636
-581
-459
-303
-138
7
158
317
468
540
525
463
414
382
305
170
31
-52
-71
-96
-174
-272
-313
-291
-265
-287
-331
-348
-310
-257
-234
-233
-217
-157
-72
13
81
151
237
333
405
447
467
476
468
437
391
341
295
241
189
141
117
101
96
81
75
78
93
105
98
81
79
95
110
114
120
149
201
256
299
337
382
428
463
480
483
472
458
433
415
387
364
324
300
281
275
254
231
212
208
205
201
184
177
189
210
224
227
232
250
270
275
258
240
227
211
167
108
39
-17
-75
-125
-187
-232
-277
-304
-328
-358
-384
-416
-434
-464
-497
-538
-572
-585
-612
-620
-662
-644
-653
-591
-563
-451
-332
-148
5
154
286
430
552
581
554
488
455
397
290
145
38
-10
-35
-86
-165
-211
-205
-174
-177
-219
-255
-253
-213
-193
-191
-196
-148
-67
24
85
142
210
297
369
403
415
428
457
461
439
399
375
356
327
264
199
149
121
90
42
-3
-20
-16
-12
-17
-13
15
68
115
152
184
232
282
326
345
364
382
412
431
443
452
466
475
475
463
442
417
390
358
320
278
237
200
166
129
98
74
64
66
72
80
94
121
155
183
205
217
231
235
228
197
153
101
53
-1
-64
-136
-191
-243
-272
-323
-346
-388
-394
-417
-433
-456
-488
-499
-530
-519
-552
-533
-543
-509
-489
-449
-405
-321
-195
-59
69
166
286
399
505
528
499
459
439
417
328
213
102
57
26
-34
-129
-198
-211
-191
-203
-241
-265
-244
-194
-160
-148
-127
-81
-10
48
97
139
207
277
343
382
425
469
505
512
498
480
456
417
344
262
190
133
77
17
-36
-57
-53
-34
-11
13
52
109
164
201
226
251
280
304
310
322
339
373
399
429
454
483
505
511
507
490
464
418
357
293
233
172
109
52
8
-22
-35
-38
-28
2
41
81
122
165
210
245
263
271
271
271
257
219
165
112
61
10
-62
-138
-211
-251
-291
-325
-372
-391
-400
-391
-392
-409
-419
-430
-415
-432
-431
-453
-432
-419
-375
-348
-302
-251
-154
-41
75
171
244
333
409
480
469
435
378
355
304
219
104
22
-28
-57
-118
-183
-220
-213
-191
-189
-197
-188
-145
-90
-51
-24
10
60
112
154
195
237
289
337
374
399
434
459
470
450
421
389
358
304
227
148
91
55
15
-31
-58
-46
-8
28
53
81
135
197
243
262
271
294
329
350
350
343
350
374
393
399
388
384
378
367
334
292
239
194
147
102
49
-2
-35
-54
-54
-48
-34
-9
29
83
142
190
230
267
299
322
321
300
270
239
199
143
77
14
-42
-99
-158
-211
-250
-272
-295
-319
-341
-347
-343
-352
-364
-387
-383
-386
-372
-394
-385
-385
-350
-330
-311
-284
-251
-185
-120
-19
53
139
196
286
335
388
354
339
287
276
213
141
45
8
-22
-33
-88
-112
-128
-99
-83
-80
-80
-58
-23
14
38
53
78
103
136
165
205
236
275
305
340
367
396
400
392
370
351
322
278
217
151
103
76
52
24
0
6
51
94
117
127
156
205
242
244
228
216
221
218
197
164
151
164
183
195
202
214
236
258
265
254
240
221
207
175
138
96
71
56
45
35
33
48
78
112
142
168
193
223
245
252
247
235
223
203
181
154
126
98
65
39
16
-7
-36
-69
-103
-121
-142
-158
-185
-197
-199
-194
-188
-201
-208
-220
-214
-228
-237
-263
-263
-274
-262
-280
-275
-280
-256
-239
-206
-144
-86
-7
50
141
212
295
305
328
314
345
324
284
214
183
170
157
108
62
38
57
59
40
13
17
47
77
80
85
98
128
151
157
168
182
213
230
243
244
267
283
297
284
282
282
289
275
240
207
191
182
158
120
86
81
80
78
63
60
75
99
111
118
129
151
169
179
177
181
194
210
218
217
220
235
249
246
233
217
209
197
177
147
121
108
103
95
85
76
80
96
112
127
133
151
170
187
194
189
176
164
150
133
103
72
47
25
4
-28
-63
-91
-107
-121
-142
-169
-186
-199
-204
-222
-238
-257
-264
-268
-282
-283
-301
-283
-286
-266
-270
-249
-230
-189
-163
-105
-54
31
80
151
200
274
319
344
339
344
352
342
300
252
227
210
188
129
85
54
56
44
24
7
13
30
50
50
50
49
66
78
92
102
114
130
151
167
182
189
197
206
213
222
221
213
194
176
159
147
119
94
74
74
80
83
77
79
95
117
127
126
118
117
124
128
127
124
132
148
170
188
202
207
219
222
226
212
193
168
150
130
110
89
79
80
88
94
98
108
129
152
171
178
181
183
187
184
169
148
126
115
100
85
61
39
21
5
-13
-38
-66
-94
-117
-140
-161
-181
-195
-207
-206
-211
-201
-211
-206
-223
-210
-220
-210
-223
-216
-217
-204
-199
-187
-163
-143
-95
-41
33
90
155
219
291
346
363
359
352
358
339
300
244
210
192
175
139
99
73
69
62
41
8
-8
-16
-17
-26
-26
-30
-20
-19
-6
9
29
45
65
86
113
140
163
184
200
222
236
243
234
223
212
202
181
153
128
108
96
77
62
49
48
53
58
65
79
99
121
137
152
168
177
180
178
182
192
193
184
178
171
170
162
155
146
141
136
132
125
119
111
111
114
114
110
103
106
112
118
116
107
108
109
107
96
80
68
56
45
31
11
-6
-24
-42
-60
-79
-94
-108
-118
-124
-130
-133
-141
-153
-162
-170
-176
-185
-197
-205
-206
-193
-192
-187
-185
-166
-151
-138
-133
-109
-69
-13
36
82
138
201
265
292
317
324
344
333
299
254
221
193
160
106
60
24
2
-24
-54
-76
-87
-90
-87
-90
-81
-69
-58
-45
-35
-12
8
30
55
86
114
145
163
184
205
224
233
227
218
211
205
191
157
126
105
93
85
68
54
58
65
81
89
97
110
130
143
149
150
150
149
145
142
134
136
132
130
129
130
130
121
112
109
108
104
93
73
65
64
63
55
45
46
57
68
72
66
77
87
98
92
84
78
76
70
56
39
27
15
-2
-22
-39
-52
-65
-84
-100
-110
-116
-126
-144
-154
-165
-163
-180
-186
-206
-200
-205
-191
-199
-182
-174
-151
-146
-143
-138
-135
-116
-95
-61
-32
10
54
109
146
178
185
204
211
218
188
162
136
130
110
81
44
24
11
-2
-26
-47
-55
-53
-45
-39
-28
-13
2
20
37
51
67
74
84
91
100
101
106
106
110
115
127
127
133
136
145
148
139
123
113
114
115
107
91
92
99
111
116
117
129
142
159
162
161
156
156
154
145
131
123
117
114
105
96
90
84
80
77
73
77
78
80
82
88
92
94
95
97
99
105
105
104
99
94
87
77
65
54
42
28
11
-7
-21
-31
-44
-56
-65
-72
-80
-90
-104
-116
-120
-132
-134
-150
-152
-169
-162
-168
-159
-162
-153
-139
-124
-112
-109
-109
-109
-104
-105
-102
-95
-76
-57
-30
-7
25
60
89
108
128
141
153
145
135
122
116
99
82
56
40
29
16
3
-3
-2
3
5
10
18
31
43
44
54
57
63
65
68
77
84
88
96
100
112
119
123
126
124
128
126
121
115
109
112
114
114
116
117
121
128
131
140
147
150
154
154
159
161
151
138
126
123
120
115
105
100
101
105
106
102
96
95
94
90
87
81
82
83
87
90
90
92
93
94
97
94
91
87
76
62
46
30
13
-4
-18
-34
-41
-49
-52
-63
-64
-72
-74
-92
-102
-118
-124
-134
-147
-158
-165
-163
-162
-163
-165
-159
-157
-150
-154
-158
-153
-153
-139
-140
-125
-113
-90
-64
-39
-17
9
28
55
69
83
91
90
89
80
71
62
56
50
44
35
31
27
26
22
23
26
29
31
31
31
40
47
52
54
60
66
76
82
84
84
87
93
93
93
90
95
102
108
109
109
111
114
117
122
126
133
139
146
152
156
158
155
153
153
153
148
140
132
132
129
120
110
109
106
108
100
97
97
98
93
89
84
80
74
66
61
59
55
51
48
48
51
52
44
40
34
34
27
17
1
-5
-12
-22
-32
-43
-52
-67
-74
-92
-100
-119
-121
-134
-134
-145
-146
-156
-154
-162
-159
-163
-159
-164
-160
-164
-157
-159
-155
-154
-140
-129
-110
-101
-83
-60
-33
-12
2
16
33
52
61
64
61
69
73
70
58
48
44
41
32
20
12
15
18
21
24
33
49
65
73
81
88
98
102
98
91
87
85
89
86
88
92
105
114
122
126
133
134
137
136
137
137
142
145
150
153
156
160
168
176
182
187
190
191
193
192
187
182
173
167
157
149
137
125
113
106
100
99
94
88
83
83
80
77
68
63
61
58
54
52
48
46
44
40
39
37
41
37
36
34
37
35
30
16
6
-9
-23
-43
-63
-81
-91
-102
-111
-118
-120
-116
-117
-117
-122
-119
-116
-109
-116
-114
-116
-109
-111
-113
-118
-109
-100
-90
-86
-77
-66
-42
-24
-8
1
16
27
41
43
45
46
47
46
40
35
31
28
28
30
35
42
51
59
67
77
85
96
103
108
109
114
114
114
109
109
113
119
124
130
137
148
157
169
172
177
180
189
189
186
173
168
164
164
162
162
161
170
177
181
181
182
184
187
185
178
172
168
162
152
140
131
126
119
111
101
95
91
89
81
73
68
68
69
67
62
59
54
51
48
47
45
47
46
46
39
37
27
18
6
-5
-18
-25
-32
-39
-44
-53
-59
-69
-78
-85
-85
-89
-90
-94
-95
-93
-90
-89
-90
-93
-93
-92
-90
-86
-83
-80
-78
-75
-71
-62
-56
-48
-43
-35
-23
-8
3
12
19
29
37
43
45
49
53
63
67
70
72
79
82
86
85
86
88
94
96
96
99
103
109
114
117
122
129
140
151
160
166
177
183
187
187
184
186
191
193
191
186
186
190
193
193
191
191
190
188
182
173
173
172
168
160
153
149
145
137
130
126
127
125
119
115
110
107
101
96
90
84
77
71
62
54
49
49
51
53
54
51
47
41
34
25
15
5
-3
-6
-8
-14
-21
-27
-30
-35
-35
-38
-39
-41
-37
-36
-37
-39
-40
-42
-43
-48
-53
-60
-57
-57
-54
-54
-52
-52
-51
-54
-58
-56
-54
-48
-47
-45
-43
-33
-25
-15
-13
-6
2
11
16
27
40
52
60
69
78
88
97
102
108
111
119
122
125
121
125
125
129
130
131
136
142
146
149
155
160
169
177
180
183
184
184
188
190
188
186
189
194
197
195
190
191
192
194
194
187
181
176
167
159
147
136
128
126
123
119
114
111
112
115
113
110
104
101
99
93
88
86
83
82
79
75
68
67
58
51
41
34
25
16
6
-1
-6
-9
-13
-17
-18
-15
-13
-13
-11
-14
-16
-17
-18
-21
-26
-31
-36
-40
-40
-41
-43
-43
-39
-35
-34
-33
-33
-32
-33
-35
-38
-37
-35
-36
-38
-38
-35
-31
-28
-26
-20
-13
-6
1
4
8
13
21
29
36
42
47
55
63
71
80
92
102
110
118
123
128
132
135
137
143
148
153
156
159
164
171
174
179
182
185
188
190
184
181
182
185
181
175
167
167
169
170
169
167
165
162
158
152
148
143
137
129
122
116
111
108
106
110
112
115
115
115
116
115
108
100
89
80
69
57
43
31
27
23
22
18
15
13
12
10
9
7
4
4
2
0
-4
-8
-11
-11
-13
-17
-18
-20
-18
-17
-17
-19
-20
-24
-25
-28
-30
-31
-32
-33
-35
-37
-36
-35
-34
-34
-31
-28
-21
-13
-8
-6
-3
1
6
6
7
10
11
16
16
17
18
20
21
27
30
36
39
42
47
55
63
70
77
85
93
99
106
111
113
119
125
131
138
143
147
154
161
165
167
171
174
176
177
176
173
170
165
160
154
150
145
142
137
133
132
131
129
126
123
119
119
117
115
113
112
107
106
103
103
102
102
99
97
93
91
86
77
65
61
52
50
44
38
34
33
31
27
19
13
10
7
2
0
-3
-2
-3
0
2
5
7
6
4
0
-5
-4
-5
-6
-10
-14
-14
-12
-12
-13
-15
-17
-16
-15
-14
-14
-14
-13
-10
-9
-4
-2
0
3
5
7
10
13
17
20
23
24
25
29
33
34
36
38
43
47
52
57
61
65
70
75
82
88
93
97
100
107
111
117
118
119
121
125
129
131
133
138
144
153
156
160
162
164
164
164
165
164
162
159
157
154
154
152
148
145
144
142
141
137
131
124
117
113
109
108
105
97
93
92
92
94
93
94
93
92
86
81
75
75
70
66
58
54
50
46
40
36
33
31
28
22
19
14
10
6
1
-4
-7
-9
-9
-9
-11
-10
-8
-8
-8
-11
-14
-15
-13
-11
-13
-12
-12
-11
-11
-9
-8
-5
-1
5
9
11
10
10
11
13
14
16
20
21
22
21
21
21
23
25
27
28
30
32
36
37
38
39
44
46
50
53
59
66
70
74
78
81
83
85
84
87
92
97
99
102
101
103
106
106
103
100
99
104
108
108
108
111
115
117
116
117
117
118
118
115
114
114
114
114
113
110
106
102
97
90
85
80
75
71
66
63
61
58
55
53
51
47
43
41
41
41
40
40
39
35
33
30
26
24
21
20
19
16
12
10
9
7
4
2
-2
-6
-10
-12
-14
-17
-21
-24
-25
-23
-25
-29
-31
-31
-27
-24
-23
-22
-21
-19
-16
-13
-10
-5
0
3
3
1
0
2
7
9
8
10
11
13
14
16
19
21
22
22
22
23
25
26
29
33
38
42
47
48
49
48
50
52
55
56
59
57
61
65
67
66
65
66
70
74
75
74
75
77
78
80
77
78
81
83
86
86
87
89
87
84
83
82
82
79
74
71
70
69
65
64
62
62
58
51
46
45
45
44
40
36
32
29
25
19
16
11
6
5
2
2
-1
-6
-7
-5
-1
2
0
-3
-6
-6
-4
-4
-6
-8
-8
-8
-8
-12
-16
-19
-21
-19
-20
-23
-27
-28
-29
-27
-26
-25
-24
-23
-21
-17
-18
-20
-20
-18
-14
-12
-14
-14
-12
-11
-8
-3
1
2
2
3
8
13
17
20
20
23
25
29
30
28
29
29
29
32
33
32
29
27
26
25
26
25
24
25
28
31
31
34
35
36
36
37
38
43
44
44
42
44
50
55
57
58
56
56
55
54
52
52
49
46
46
43
40
39
39
39
39
38
36
34
32
30
30
29
29
29
28
25
22
17
14
10
8
4
-1
-6
-11
-14
-17
-19
-22
-24
-25
-27
-29
-32
-33
-32
-31
-30
-29
-24
-20
-16
-14
-14
-15
-16
-20
-22
-24
-27
-27
-30
-35
-37
-38
-38
-36
-38
-35
-33
-35
-38
-39
-37
-32
-31
-33
-33
-30
-28
-24
-22
-19
-15
-12
-9
-6
-3
1
4
8
9
11
11
9
10
12
13
14
15
16
19
18
17
17
17
21
23
21
18
18
17
18
17
15
17
21
22
26
31
33
35
33
31
28
30
32
33
31
26
25
28
28
26
20
19
25
28
31
29
27
27
28
28
26
23
21
20
18
17
14
13
11
8
6
6
6
6
3
0
-4
-4
-2
-4
-10
-17
-20
-22
-23
-25
-28
-30
-30
-29
-30
-31
-31
-30
-29
-26
-21
-19
-19
-19
-17
-15
-15
-17
-17
-17
-15
-17
-20
-20
-23
-23
-23
-23
-22
-24
-24
-19
-16
-15
-17
-18
-14
-10
-7
-6
-6
-4
-4
-3
-2
0
3
7
9
12
13
12
11
9
8
8
10
12
14
14
15
18
20
22
22
22
24
25
26
26
26
26
25
26
28
32
33
31
30
32
34
34
31
28
26
25
24
21
18
12
13
15
14
10
10
12
13
13
12
10
11
14
17
18
18
14
13
11
8
8
5
2
-1
-1
-3
-4
-3
-4
-7
-7
-9
-10
-12
-15
-18
-17
-19
-22
-24
-27
-28
-29
-32
-32
-30
-30
-29
-28
-28
-26
-27
-29
-30
-30
-29
-28
-27
-28
-28
-31
-31
-31
-30
-28
-27
-25
-25
-25
-25
-23
-20
-19
-18
-17
-12
-12
-12
-11
-7
-4
-2
-1
0
1
3
4
4
0
-2
-2
-2
-2
1
1
1
2
1
0
1
2
5
8
10
13
12
11
14
17
19
21
22
25
27
26
26
24
25
25
27
29
29
29
26
22
19
17
16
14
11
7
4
3
3
