41
43
44
43
45
44
44
42
42
43
46
47
47
47
45
44
45
45
44
42
42
44
49
49
50
48
48
47
46
45
44
44
43
45
47
47
47
47
46
45
45
43
44
44
44
45
46
44
43
42
41
41
41
41
40
40
41
42
40
40
38
40
42
43
42
41
39
41
41
42
41
39
38
37
38
40
41
38
36
35
37
36
35
35
35
37
36
35
36
34
34
33
33
33
33
34
33
30
27
26
27
26
26
27
29
32
30
26
25
25
24
24
26
26
26
25
26
26
24
23
24
24
24
25
26
28
27
24
22
19
21
22
23
23
25
25
22
22
23
22
23
22
21
20
19
21
22
22
21
20
18
21
23
23
23
22
23
26
27
23
20
19
19
22
21
20
23
25
24
24
21
20
21
22
22
20
18
20
22
22
21
20
18
19
18
18
17
17
16
16
16
16
17
17
17
18
19
20
19
18
16
15
15
14
14
14
13
14
14
14
13
14
16
15
15
14
14
17
18
18
18
18
18
16
15
15
16
17
18
16
13
10
8
10
15
19
21
18
18
17
16
18
19
18
19
17
15
15
15
17
18
17
18
18
17
17
17
19
20
20
18
19
18
16
16
17
18
21
21
17
14
11
13
16
18
23
24
24
23
23
23
24
24
24
24
21
19
20
22
21
21
23
22
21
22
23
23
25
26
25
26
25
24
23
23
22
21
20
18
19
18
19
22
22
21
19
18
19
18
18
18
17
18
16
16
17
17
17
18
17
18
20
17
17
15
16
17
20
19
18
18
21
23
22
19
15
13
16
17
16
15
17
16
15
17
12
13
14
15
16
16
16
16
15
16
14
11
10
10
11
12
13
12
11
12
12
12
11
9
6
8
12
14
14
15
15
15
14
12
11
12
15
16
16
17
15
13
14
14
17
17
16
15
16
16
16
18
18
16
17
16
15
17
16
13
10
10
12
15
14
12
10
12
13
14
14
13
13
13
14
15
14
14
14
13
12
13
13
13
12
11
12
13
12
11
13
16
16
14
13
12
13
15
17
16
15
14
14
14
15
15
14
14
13
12
12
12
10
11
10
9
9
11
9
10
9
10
11
11
12
11
12
12
11
8
9
11
11
14
12
10
9
10
13
12
12
9
9
11
14
15
13
13
13
15
16
16
18
17
16
14
14
15
16
16
16
15
18
18
16
14
13
15
15
17
16
15
15
17
17
16
13
14
13
12
11
12
14
15
14
13
11
12
15
15
16
17
16
19
17
17
16
14
13
15
18
17
14
13
12
12
14
14
14
16
19
18
17
13
13
13
13
14
17
16
16
16
16
16
15
14
14
14
16
16
15
15
15
17
15
14
14
14
14
13
13
14
17
15
16
16
17
19
18
17
16
17
18
21
22
19
17
16
16
19
19
19
18
15
12
14
15
14
14
15
15
16
16
18
19
20
18
18
16
17
16
16
17
17
17
19
17
17
18
18
18
18
19
19
19
19
19
20
24
21
19
16
15
16
17
18
17
15
16
20
21
19
19
17
17
21
22
22
20
16
15
16
18
19
19
21
20
17
15
16
16
18
18
16
19
20
18
18
16
16
22
23
23
22
20
19
19
19
18
19
15
16
19
20
20
18
17
19
20
19
18
18
17
19
21
21
20
21
21
23
23
22
19
17
17
18
18
18
17
19
19
19
18
17
16
16
17
16
16
15
15
14
12
13
13
14
15
14
13
14
17
16
14
14
14
13
14
14
16
19
20
19
17
15
14
16
15
16
17
17
17
16
15
15
17
18
17
16
17
15
14
13
15
16
14
12
11
9
12
14
13
15
14
11
12
12
9
8
10
10
13
15
11
8
9
11
11
10
10
10
11
11
13
13
12
14
14
13
11
10
12
16
19
18
15
14
13
14
13
13
12
11
11
12
11
13
15
14
11
12
12
13
14
13
11
12
12
12
13
14
13
11
9
10
10
10
11
11
12
12
11
10
9
9
9
8
8
7
9
12
13
13
12
11
11
9
8
7
7
10
9
9
8
7
8
6
7
5
3
4
7
10
12
11
8
7
8
7
6
3
5
7
8
6
5
5
5
9
9
7
6
6
2
1
4
5
5
3
2
4
5
5
3
1
3
5
6
7
5
3
3
2
2
2
2
1
2
1
0
-1
-1
0
2
1
1
1
0
2
3
4
5
4
2
2
3
1
3
4
3
4
6
5
6
5
5
4
3
5
4
2
1
1
3
5
5
3
1
2
2
3
4
3
2
1
1
1
0
1
3
1
1
0
2
3
2
4
5
5
5
3
2
2
2
2
1
2
2
2
4
5
6
6
7
7
5
3
2
4
4
5
6
5
5
5
6
9
9
7
6
6
4
5
4
5
3
4
4
5
4
1
2
1
3
3
4
4
2
0
1
2
2
1
2
5
6
5
4
4
4
4
6
6
5
4
4
6
6
5
5
6
10
11
9
9
9
9
8
6
7
6
6
6
5
6
7
7
9
9
9
9
7
5
6
6
7
7
7
7
8
7
6
4
5
9
9
7
7
4
4
7
6
7
9
9
7
8
9
12
11
8
4
7
7
8
8
6
4
3
3
3
4
5
5
5
2
1
0
1
1
1
1
3
5
3
2
0
2
3
1
2
1
1
0
1
-1
-1
-2
-2
-1
-3
-1
-2
-2
-3
-1
0
1
1
-3
-6
-5
-4
-4
-3
-3
-2
-2
-2
-2
-3
-4
-3
-3
-2
-1
-2
-5
-7
-6
-6
-4
-4
-3
-2
-3
-4
-3
-1
1
1
-2
-3
-3
-2
0
1
-1
-5
-4
-5
-4
-1
-1
-1
-2
-3
-5
-2
-2
-3
-4
-5
-5
-5
-1
0
-3
-6
-7
-4
0
2
1
-3
-3
-2
1
-1
-3
-4
-4
-3
0
-3
-1
-3
-4
-6
-9
-9
-5
-4
-4
-2
-4
-4
-5
-3
-1
0
-1
-3
-5
-6
-5
-4
-6
-7
-7
-8
-5
-4
-4
-4
-6
-8
-9
-7
-5
-3
-4
-5
-3
-4
-6
-5
-4
-2
-1
-3
-4
-6
-7
-6
-5
-7
-8
-5
-6
-5
-5
-5
-4
-4
-4
-2
-3
-3
-3
-3
-4
-5
-5
-6
-4
-2
0
1
-1
-3
-4
-1
1
1
-2
-4
-3
-2
-4
-6
-5
-1
2
2
-1
0
2
3
3
1
1
1
3
3
4
3
3
2
1
0
-1
-1
0
2
3
3
4
4
2
-1
-3
-4
-3
-3
-1
-1
0
1
-1
0
0
-1
1
1
1
2
2
2
-1
-2
-1
-1
-1
-1
-1
-1
0
1
0
-1
-3
-2
0
-1
0
1
1
2
0
-2
-3
-2
1
2
1
0
-2
-2
-3
-4
-6
-4
-5
-5
-5
-5
-3
-3
-2
-3
-3
-3
-1
0
0
-1
-1
0
1
1
2
2
2
2
2
2
2
1
2
1
-1
-2
-3
-3
-2
-2
-1
-1
-2
-2
-4
-2
-1
1
1
0
-2
-2
-2
-1
-1
-1
0
-1
-4
-5
-5
-2
0
-2
-4
-3
-5
-5
-5
-5
-2
-3
-3
-3
-2
-1
-2
-3
-2
-2
0
2
-1
-4
-4
-5
-6
-6
-3
-1
-2
-3
-5
-4
0
0
-3
-7
-8
-5
-5
-3
-4
-8
-9
-9
-7
-4
-4
-6
-8
-9
-12
-10
-9
-9
-9
-10
-11
-10
-10
-10
-12
-12
-11
-11
-14
-15
-16
-13
-11
-11
-13
-14
-13
-12
-12
-12
-10
-9
-8
-8
-9
-13
-13
-13
-13
-13
-14
-14
-13
-13
-13
-13
-14
-14
-14
-11
-10
-11
-14
-15
-14
-15
-18
-18
-20
-15
-13
-14
-17
-21
-21
-18
-15
-17
-18
-18
-17
-15
-15
-13
-15
-17
-19
-18
-19
-18
-16
-13
-14
-15
-15
-14
-14
-17
-19
-18
-15
-16
-18
-21
-19
-18
-16
-15
-18
-19
-19
-20
-21
-20
-22
-22
-21
-23
-21
-20
-23
-24
-25
-23
-21
-22
-25
-25
-23
-24
-24
-22
-23
-24
-24
-26
-25
-25
-21
-22
-25
-24
-23
-24
-22
-22
-23
-24
-24
-23
-25
-25
-25
-27
-26
-25
-26
-26
-26
-27
-27
-28
-29
-30
-30
-29
-30
-30
-30
-29
-31
-32
-31
-30
-28
-29
-31
-32
-30
-31
-33
-32
-32
-31
-31
-30
-30
-28
-29
-30
-32
-32
-33
-31
-32
-32
-31
-32
-35
-35
-34
-32
-31
-32
-34
-33
-33
-34
-37
-37
-36
-36
-38
-38
-38
-35
-33
-35
-38
-37
-36
-36
-36
-34
-34
-35
-35
-36
-37
-37
-40
-42
-42
-38
-38
-39
-38
-39
-39
-39
-42
-42
-42
-41
-42
-43
-42
-39
-36
-36
-40
-44
-46
-45
-42
-42
-44
-44
-45
-42
-41
-42
-45
-46
-45
-45
-45
-46
-47
-48
-45
-44
-45
-45
-46
-48
-45
-44
-44
-46
-47
-49
-51
-50
-51
-51
-51
-51
-53
-52
-51
-52
-52
-51
-52
-51
-52
-52
-51
-49
-48
-48
-52
-54
-53
-52
-52
-53
-51
-49
-51
-52
-50
-50
-51
-54
-57
-56
-55
-56
-54
-53
-53
-54
-54
-52
-53
-52
-54
-58
-60
-61
-60
-60
-61
-61
-60
-62
-63
-62
-63
-60
-60
-60
-60
-63
-62
-62
-61
-63
-64
-64
-64
-64
-64
-64
-67
-66
-64
-62
-59
-59
-59
-60
-61
-61
-60
-60
-61
-61
-61
-59
-61
-61
-63
-63
-61
-63
-64
-65
-63
-61
-60
-62
-62
-63
-60
-61
-65
-66
-67
-66
-66
-68
-70
-68
-67
-65
-65
-68
-68
-67
-67
-68
-69
-69
-69
-70
-70
-71
-70
-68
-67
-67
-68
-69
-68
-68
-67
-66
-67
-68
-66
-65
-67
-67
-69
-71
-70
-68
-68
-69
-71
-72
-73
-72
-71
-71
-73
-73
-75
-73
-72
-73
-73
-71
-71
-71
-72
-74
-75
-74
-73
-73
-74
-76
-76
-73
-72
-71
-73
-77
-79
-75
-72
-71
-73
-73
-74
-73
-73
-72
-68
-67
-66
-67
-68
-72
-73
-72
-70
-69
-68
-69
-72
-74
-73
-73
-75
-73
-73
-73
-72
-71
-71
-71
-71
-72
-71
-71
-71
-73
-73
-73
-73
-75
-78
-78
-74
-70
-70
-72
-77
-81
-77
-74
-73
-75
-76
-77
-77
-75
-76
-76
-75
-75
-76
-76
-73
-74
-73
-74
-75
-74
-76
-74
-73
-73
-72
-73
-75
-75
-74
-75
-75
-74
-75
-76
-75
-74
-75
-76
-77
-77
-76
-75
-74
-75
-76
-77
-76
-76
-75
-75
-76
-77
-79
-79
-78
-77
-76
-77
-79
-79
-79
-76
-76
-77
-77
-76
-78
-78
-76
-76
-74
-73
-76
-78
-79
-77
-74
-74
-76
-77
-77
-78
-77
-77
-78
-76
-75
-76
-76
-76
-76
-76
-79
-81
-81
-78
-77
-78
-79
-78
-77
-77
-78
-78
-77
-77
-76
-76
-75
-76
-76
-73
-74
-75
-76
-76
-75
-77
-81
-83
-78
-73
-72
-75
-79
-81
-80
-81
-80
-79
-77
-77
-77
-78
-76
-76
-76
-76
-78
-76
-76
-75
-75
-75
-78
-79
-81
-82
-78
-77
-78
-76
-75
-76
-77
-79
-79
-78
-77
-80
-81
-80
-76
-73
-73
-77
-78
-78
-76
-77
-78
-79
-78
-78
-76
-76
-76
-77
-80
-82
-79
-77
-75
-76
-79
-80
-78
-78
-77
-76
-75
-77
-77
-79
-82
-83
-80
-79
-78
-79
-79
-78
-76
-76
-76
-77
-78
-77
-77
-80
-81
-83
-82
-80
-80
-80
-81
-78
-77
-78
-80
-81
-83
-80
-79
-78
-78
-80
-79
-79
-79
-80
-80
-81
-82
-79
-79
-78
-79
-81
-81
-79
-80
-82
-82
-82
-81
-82
-82
-82
-80
-81
-82
-85
-86
-84
-81
-80
-80
-81
-82
-83
-85
-86
-85
-86
-87
-86
-83
-83
-82
-82
-84
-84
-85
-86
-83
-83
-83
-83
-85
-85
-84
-83
-82
-80
-78
-75
-77
-80
-80
-80
-83
-83
-84
-83
-81
-79
-82
-83
-83
-81
-83
-85
-86
-86
-86
-83
-83
-83
-82
-82
-82
-81
-81
-81
-81
-82
-85
-84
-83
-84
-85
-85
-84
-84
-85
-84
-83
-82
-80
-80
-82
-85
-84
-83
-81
-80
-83
-83
-83
-83
-83
-81
-82
-80
-82
-83
-82
-81
-81
-82
-83
-82
-81
-78
-78
-79
-81
-78
-78
-80
-83
-86
-84
-82
-82
-81
-81
-78
-78
-78
-81
-82
-81
-79
-77
-76
-79
-79
-80
-82
-82
-80
-81
-80
-78
-76
-75
-75
-77
-78
-77
-77
-77
-77
-75
-75
-76
-76
-74
-74
-72
-72
-74
-75
-75
-76
-76
-74
-75
-74
-73
-73
-72
-71
-74
-74
-72
-70
-69
-70
-73
-75
-74
-76
-74
-75
-74
-72
-73
-75
-76
-73
-70
-69
-71
-72
-73
-73
-73
-73
-73
-71
-69
-70
-73
-76
-75
-73
-71
-69
-72
-77
-78
-76
-75
-73
-74
-75
-75
-75
-76
-75
-74
-75
-76
-78
-79
-75
-74
-75
-74
-75
-76
-75
-76
-79
-78
-78
-77
-77
-74
-76
-76
-78
-80
-78
-79
-77
-77
-78
-77
-79
-80
-79
-79
-79
-77
-75
-76
-76
-77
-77
-77
-78
-77
-76
-77
-76
-76
-76
-76
-76
-75
-75
-78
-82
-80
-78
-76
-74
-75
-77
-76
-75
-76
-76
-77
-78
-79
-78
-78
-77
-74
-75
-75
-76
-77
-78
-80
-80
-78
-78
-77
-76
-75
-75
-74
-74
-75
-76
-77
-78
-75
-74
-75
-76
-78
-76
-74
-75
-77
-79
-80
-79
-78
-78
-80
-82
-82
-82
-82
-80
-80
-81
-82
-85
-84
-82
-80
-82
-84
-85
-84
-82
-83
-84
-85
-85
-83
-82
-83
-83
-83
-85
-85
-84
-84
-82
-82
-80
-80
-81
-81
-81
-80
-81
-83
-83
-84
-83
-82
-83
-83
-81
-81
-82
-83
-81
-80
-80
-81
-82
-81
-81
-83
-83
-83
-82
-80
-80
-81
-81
-81
-82
-83
-80
-80
-79
-80
-82
-82
-83
-82
-82
-81
-80
-81
-80
-80
-80
-81
-80
-81
-81
-79
-78
-76
-76
-77
-80
-81
-81
-81
-79
-78
-77
-77
-78
-76
-77
-77
-79
-78
-76
-76
-77
-77
-77
-75
-73
-73
-74
-75
-75
-75
-75
-75
-75
-77
-78
-79
-80
-77
-76
-77
-75
-76
-74
-72
-71
-72
-73
-77
-77
-78
-78
-77
-76
-73
-75
-76
-77
-79
-77
-75
-74
-75
-74
-76
-78
-79
-78
-74
-73
-71
-74
-77
-74
-72
-71
-72
-72
-71
-70
-69
-73
-74
-73
-71
-69
-70
-71
-72
-73
-74
-74
-75
-71
-69
-67
-68
-67
-70
-71
-70
-72
-72
-72
-72
-71
-68
-67
-67
-65
-64
-65
-65
-64
-64
-64
-65
-63
-64
-65
-64
-64
-63
-63
-64
-64
-64
-65
-64
-65
-66
-63
-62
-62
-60
-62
-62
-62
-62
-62
-63
-65
-63
-62
-62
-61
-61
-60
-60
-64
-65
-64
-63
-62
-61
-62
-61
-59
-61
-63
-60
-59
-60
-63
-63
-61
-60
-60
-62
-62
-62
-59
-59
-60
-61
-59
-59
-58
-58
-61
-61
-61
-61
-63
-66
-65
-63
-61
-61
-62
-62
-62
-60
-59
-58
-60
-63
-63
-61
-60
-59
-61
-62
-62
-63
-65
-64
-63
-63
-63
-62
-61
-59
-58
-61
-61
-62
-61
-60
-60
-61
-60
-61
-61
-62
-62
-62
-62
-61
-60
-61
-62
-61
-60
-60
-59
-57
-58
-56
-57
-56
-55
-56
-57
-55
-56
-55
-53
-55
-54
-51
-52
-53
-54
-54
-53
-51
-49
-48
-48
-50
-51
-50
-51
-49
-48
-47
-48
-47
-47
-49
-50
-51
-51
-49
-46
-46
-45
-48
-49
-49
-48
-47
-47
-48
-48
-46
-43
-40
-42
-48
-49
-47
-43
-42
-45
-47
-48
-47
-46
-47
-46
-44
-43
-45
-46
-48
-46
-48
-49
-50
-48
-46
-47
-49
-50
-51
-48
-46
-46
-47
-46
-42
-43
-43
-43
-44
-44
-43
-46
-47
-46
-47
-45
-42
-43
-43
-43
-44
-44
-43
-44
-45
-44
-40
-38
-38
-39
-40
-40
-39
-39
-39
-38
-41
-39
-38
-38
-40
-40
-41
-41
-40
-40
-40
-41
-42
-43
-43
-38
-35
-37
-38
-41
-40
-38
-38
-37
-38
-36
-36
-35
-35
-36
-38
-35
-34
-33
-32
-31
-30
-30
-32
-32
-32
-33
-33
-32
-32
-30
-30
-30
-30
-28
-28
-29
-30
-29
-28
-27
-28
-28
-28
-30
-30
-28
-31
-29
-27
-30
-31
-32
-33
-33
-31
-30
-28
-29
-31
-31
-30
-31
-31
-33
-31
-31
-32
-31
-32
-28
-27
-29
-30
-29
-29
-30
-30
-30
-28
-28
-31
-33
-35
-33
-31
-30
-31
-33
-32
-31
-27
-26
-28
-32
-34
-33
-29
-25
-23
-23
-26
-28
-27
-26
-26
-24
-23
-24
-24
-24
-24
-21
-19
-22
-24
-25
-24
-22
-23
-22
-21
-20
-21
-20
-21
-22
-21
-22
-22
-21
-17
-17
-18
-19
-20
-21
-20
-19
-20
-20
-17
-18
-17
-17
-17
-20
-21
-21
-20
-20
-21
-18
-18
-17
-17
-16
-17
-17
-18
-20
-20
-19
-20
-18
-18
-20
-22
-21
-19
-18
-17
-17
-19
-18
-18
-18
-17
-18
-19
-21
-21
-18
-15
-16
-16
-18
-15
-14
-13
-13
-14
-14
-14
-14
-14
-14
-15
-15
-17
-16
-16
-17
-18
-18
-19
-21
-21
-23
-23
-23
-22
-20
-19
-20
-21
-21
-22
-21
-20
-23
-22
-22
-21
-20
-21
-21
-21
-20
-19
-18
-18
-20
-20
-21
-21
-23
-22
-21
-21
-20
-22
-23
-22
-20
-20
-19
-19
-20
-21
-25
-24
-24
-21
-19
-20
-19
-19
-20
-22
-23
-23
-22
-20
-21
-20
-20
-21
-21
-22
-24
-22
-21
-22
-24
-23
-23
-22
-21
-20
-20
-22
-23
-21
-20
-19
-19
-20
-20
-19
-19
-21
-22
-23
-23
-21
-20
-20
-19
-20
-23
-24
-23
-22
-23
-23
-23
-21
-21
-20
-22
-21
-20
-21
-23
-23
-23
-23
-27
-29
-27
-24
-21
-21
-25
-26
-26
-24
-23
-25
-28
-28
-27
-26
-26
-26
-26
-26
-25
-26
-28
-26
-25
-25
-25
-27
-25
-25
-26
-25
-26
-26
-25
-25
-25
-26
-29
-30
-30
-29
-28
-30
-29
-26
-25
-26
-30
-29
-30
-30
-28
-28
-27
-29
-30
-30
-29
-30
-29
-29
-29
-28
-27
-26
-26
-28
-30
-31
-31
-29
-30
-30
-30
-29
-29
-30
-31
-32
-32
-31
-30
-30
-31
-33
-30
-32
-33
-32
-30
-31
-30
-32
-34
-34
-33
-33
-34
-33
-33
-32
-33
-31
-30
-30
-30
-29
-30
-30
-30
-30
-30
-29
-30
-30
-32
-34
-35
-34
-31
-30
-31
-33
-35
-35
-33
-32
-31
-31
-34
-35
-37
-37
-35
-36
-36
-34
-34
-34
-32
-31
-32
-32
-32
-30
-32
-34
-37
-36
-36
-35
-34
-34
-32
-32
-35
-38
-38
-35
-33
-34
-33
-35
-34
-34
-35
-38
-38
-37
-34
-33
-35
-37
-36
-33
-31
-32
-33
-34
-35
-33
-34
-33
-34
-34
-36
-36
-35
-34
-32
-30
-31
-31
-31
-31
-31
-33
-33
-33
-33
-33
-33
-34
-36
-36
-38
-36
-37
-36
-36
-36
-35
-34
-34
-36
-36
-36
-34
-35
-36
-38
-38
-39
-38
-36
-36
-36
-34
-34
-33
-33
-35
-37
-37
-35
-34
-34
-35
-35
-37
-36
-35
-36
-39
-39
-37
-36
-37
-38
-38
-35
-34
-35
-37
-40
-36
-35
-35
-36
-37
-39
-38
-39
-41
-40
-37
-36
-38
-38
-37
-37
-37
-41
-42
-42
-41
-39
-41
-40
-38
-36
-37
-40
-42
-42
-41
-40
-43
-44
-43
-42
-41
-42
-41
-42
-42
-43
-43
-40
-41
-43
-44
-43
-41
-40
-40
-41
-41
-42
-45
-47
-44
-43
-42
-42
-42
-40
-41
-42
-42
-45
-43
-42
-40
-40
-40
-40
-43
-46
-47
-47
-46
-45
-42
-41
-41
-44
-46
-46
-45
-44
-43
-40
-40
-41
-43
-45
-44
-42
-44
-45
-43
-42
-42
-43
-44
-46
-47
-45
-43
-42
-43
-45
-46
-47
-46
-47
-44
-45
-47
-49
-49
-47
-46
-45
-46
-46
-49
-49
-47
-44
-42
-40
-41
-43
-41
-41
-41
-43
-44
-44
-41
-40
-38
-36
-39
-41
-41
-45
-45
-43
-42
-43
-45
-47
-47
-46
-45
-44
-43
-46
-46
-43
-42
-43
-44
-46
-44
-43
-44
-44
-46
-44
-43
-43
-46
-44
-42
-42
-41
-41
-41
-40
-42
-42
-41
-42
-40
-40
-43
-45
-41
-41
-40
-41
-43
-42
-40
-40
-40
-40
-40
-38
-38
-39
-39
-39
-37
-36
-36
-38
-36
-35
-37
-38
-38
-38
-37
-36
-35
-35
-35
-33
-34
-36
-38
-40
-39
-40
-39
-39
-39
-39
-37
-36
-35
-35
-36
-38
-38
-37
-38
-37
-37
-37
-35
-34
-34
-36
-38
-38
-38
-37
-38
-39
-37
-38
-39
-41
-41
-41
-41
-39
-37
-38
-38
-37
-38
-38
-38
-36
-37
-38
-36
-37
-37
-37
-37
-38
-41
-42
-42
-41
-37
-36
-37
-34
-34
-35
-34
-34
-34
-33
-33
-33
-35
-36
-35
-36
-36
-36
-36
-36
-36
-37
-35
-34
-34
-35
-36
-35
-34
-33
-34
-35
-37
-38
-39
-38
-36
-36
-34
-33
-34
-33
-34
-36
-39
-42
-42
-42
-38
-35
-37
-38
-37
-38
-37
-37
-39
-41
-38
-36
-33
-33
-35
-36
-38
-38
-38
-37
-35
-34
-34
-36
-38
-40
-39
-37
-35
-33
-34
-36
-38
-38
-38
-38
-38
-37
-37
-34
-35
-35
-37
-38
-37
-37
-35
-35
-38
-37
-34
-34
-34
-35
-37
-36
-34
-33
-32
-33
-36
-38
-36
-34
-32
-28
-31
-33
-36
-36
-36
-36
-35
-34
-34
-33
-31
-30
-30
-34
-35
-36
-33
-30
-30
-31
-31
-29
-28
-29
-30
-29
-28
-29
-30
-30
-31
-32
-34
-33
-32
-32
-32
-34
-30
-28
-29
-30
-31
-31
-29
-28
-29
-29
-29
-27
-26
-27
-30
-31
-32
-31
-29
-29
-30
-31
-33
-33
-31
-30
-29
-29
-30
-31
-31
-30
-28
-27
-27
-29
-31
-32
-32
-30
-29
-28
-28
-30
-32
-33
-32
-29
-29
-30
-29
-28
-30
-31
-31
-33
-30
-28
-30
-32
-34
-31
-30
-33
-32
-31
-29
-27
-28
-32
-34
-33
-34
-34
-34
-35
-33
-31
-31
-31
-33
-33
-30
-28
-29
-31
-33
-30
-28
-28
-30
-33
-34
-32
-31
-32
-32
-32
-33
-32
-30
-30
-31
-33
-36
-33
-30
-28
-27
-29
-31
-30
-30
-31
-31
-31
-31
-33
-36
-37
-35
-33
-33
-33
-33
-34
-34
-33
-33
-33
-34
-36
-35
-35
-34
-34
-36
-34
-34
-37
-37
-37
-35
-37
-40
-37
-36
-35
-35
-39
-42
-40
-37
-35
-37
-39
-40
-37
-35
-36
-37
-38
-36
-35
-36
-38
-40
-41
-38
-36
-37
-38
-39
-37
-35
-37
-42
-44
-42
-38
-36
-40
-42
-43
-41
-41
-40
-42
-40
-38
-38
-38
-37
-39
-39
-38
-38
-35
-35
-36
-38
-39
-40
-39
-39
-39
-37
-35
-33
-34
-35
-36
-35
-36
-39
-41
-41
-40
-39
-40
-40
-41
-40
-40
-39
-40
-38
-37
-38
-36
-37
-40
-40
-38
-37
-35
-35
-35
-35
-33
-37
-38
-37
-37
-36
-37
-38
-40
-40
-38
-37
-37
-38
-35
-34
-34
-33
-32
-34
-37
-39
-36
-35
-34
-36
-37
-37
-34
-34
-36
-40
-39
-36
-34
-34
-34
-34
-34
-33
-36
-39
-37
-35
-34
-34
-35
-35
-37
-38
-37
-37
-34
-33
-32
-32
-33
-35
-35
-33
-32
-32
-34
-36
-36
-35
-36
-34
-35
-35
-33
-33
-37
-38
-38
-36
-34
-36
-36
-37
-35
-32
-32
-32
-33
-33
-34
-35
-34
-34
-33
-32
-30
-32
-32
-31
-31
-30
-30
-32
-32
-29
-27
-27
-29
-31
-30
-29
-28
-29
-29
-30
-30
-31
-31
-29
-28
-26
-25
-26
-27
-26
-26
-25
-23
-21
-21
-23
-25
-26
-25
-25
-22
-21
-21
-19
-19
-20
-21
-21
-21
-20
-22
-22
-21
-21
-22
-23
-27
-24
-23
-23
-21
-22
-22
-24
-25
-25
-23
-23
-23
-24
-26
-27
-23
-20
-20
-20
-23
-24
-21
-21
-21
-23
-25
-24
-22
-22
-22
-23
-24
-23
-23
-24
-23
-22
-21
-22
-24
-21
-18
-19
-22
-27
-24
-22
-23
-26
-27
-27
-25
-28
-28
-28
-28
-25
-22
-23
-26
-27
-25
-25
-23
-24
-25
-26
-23
-22
-21
-23
-24
-21
-21
-19
-19
-19
-17
-14
-15
-16
-16
-15
-13
-13
-15
-17
-17
-16
-15
-14
-12
-11
-12
-13
-16
-14
-11
-7
-5
-7
-10
-12
-11
-10
-11
-10
-9
-8
-8
-7
-8
-8
-7
-7
-7
-8
-9
-8
-6
-6
-5
-4
-5
-2
-2
-2
-3
-7
-7
-6
-4
-3
-4
-5
-5
-6
-6
-4
-2
-3
-2
-2
-3
-4
-5
-5
-5
-4
-6
-6
-6
-5
-5
-6
-5
-5
-5
-3
-3
-3
-3
-2
-4
-4
-2
-2
-2
-2
-1
0
-1
-3
-4
-2
-1
-1
-2
-2
-1
2
2
1
0
-2
-2
-2
-1
0
1
2
2
3
1
2
3
3
3
1
0
1
1
6
8
8
5
4
5
9
7
7
8
10
11
10
11
12
14
15
18
19
19
18
16
15
18
18
19
20
19
21
22
23
24
23
22
22
22
23
24
24
21
21
25
25
27
24
24
23
23
24
23
23
23
23
20
20
20
20
20
19
19
20
21
23
20
20
20
20
22
20
22
21
21
22
20
19
20
20
20
18
19
19
20
18
15
15
18
20
19
19
18
18
17
18
19
18
18
18
20
22
23
26
25
23
20
22
23
24
25
25
26
27
28
30
30
29
31
32
32
32
32
35
36
37
38
36
37
40
43
44
44
47
49
49
48
48
48
49
51
50
51
53
55
57
57
59
59
58
57
58
57
60
59
59
59
57
57
59
58
56
56
56
56
57
53
54
52
55
53
50
49
46
47
44
45
41
44
46
47
44
40
37
33
33
34
34
34
34
32
31
26
26
24
24
25
23
23
22
21
23
21
19
16
12
14
15
15
15
15
19
17
16
16
15
16
15
15
15
16
18
18
19
22
25
27
27
27
27
29
28
29
33
38
41
41
39
38
40
44
46
50
55
55
60
59
64
65
66
70
73
79
82
83
86
89
91
97
102
102
102
104
105
106
106
107
110
113
114
114
113
111
111
111
113
112
109
106
105
105
104
100
96
93
90
91
88
83
77
73
69
64
64
58
55
48
45
38
32
31
23
20
14
9
3
-5
-9
-15
-18
-24
-27
-29
-34
-37
-44
-50
-54
-57
-60
-60
-69
-69
-75
-76
-81
-83
-85
-85
-87
-88
-86
-85
-73
-68
-56
-49
-37
-21
-10
3
14
26
42
53
64
76
82
91
98
105
111
112
114
115
116
117
116
120
125
129
130
125
122
122
122
121
120
118
120
122
121
122
119
120
115
115
114
113
116
115
119
118
121
124
121
123
121
124
129
131
132
134
136
139
138
137
133
130
128
125
122
118
115
111
103
95
89
83
78
68
57
48
40
32
23
12
1
-8
-17
-21
-30
-41
-50
-59
-64
-70
-79
-86
-96
-106
-113
-118
-120
-127
-130
-135
-138
-139
-141
-145
-142
-136
-120
-100
-84
-63
-52
-37
-18
-4
19
33
50
67
81
98
107
113
114
113
116
121
121
122
118
116
122
122
125
122
113
105
96
91
88
82
77
68
61
56
49
43
38
33
28
24
25
30
34
40
44
50
59
68
80
89
95
105
111
118
127
132
148
155
165
171
169
171
171
171
173
174
179
181
180
180
174
171
167
158
151
143
139
138
131
123
114
106
101
94
88
86
80
76
69
63
57
48
39
31
27
21
12
3
-10
-23
-28
-42
-51
-69
-73
-89
-93
-108
-116
-123
-139
-144
-159
-164
-175
-176
-180
-177
-174
-156
-141
-123
-111
-101
-85
-67
-46
-28
-10
5
24
39
57
65
70
74
77
82
83
84
90
89
98
106
109
112
108
101
94
85
84
83
78
76
70
66
63
60
53
49
43
43
42
46
50
54
65
70
82
96
104
112
117
123
129
139
153
164
176
188
200
208
212
209
209
207
206
210
209
209
211
207
204
195
187
179
166
153
139
129
124
120
116
111
102
93
82
74
63
56
46
35
28
23
14
2
-10
-25
-31
-44
-52
-67
-78
-87
-98
-107
-122
-124
-140
-147
-157
-173
-174
-190
-197
-207
-220
-218
-220
-211
-194
-175
-153
-137
-127
-113
-93
-75
-52
-31
-11
16
32
53
61
61
71
68
81
90
94
101
99
103
116
122
130
126
114
105
92
89
89
83
76
67
58
57
50
43
36
22
20
16
20
26
27
35
42
48
57
63
74
83
88
99
108
119
133
150
164
178
188
196
202
204
206
205
203
205
210
220
224
220
213
200
191
181
170
158
150
145
141
137
134
128
119
110
99
93
86
76
67
57
50
44
34
22
9
-2
-14
-26
-35
-52
-65
-78
-88
-99
-112
-124
-142
-152
-167
-177
-196
-206
-219
-235
-227
-251
-233
-242
-220
-202
-185
-166
-155
-139
-117
-100
-74
-47
-29
-2
10
39
52
57
62
61
71
82
86
96
102
107
123
126
131
129
117
107
101
92
97
85
75
69
59
57
49
38
32
18
14
7
7
13
18
23
33
37
53
60
65
77
77
90
100
115
135
149
163
180
186
203
205
211
215
217
221
224
226
234
237
234
232
223
219
211
202
192
185
180
178
171
166
159
150
140
128
118
107
97
89
79
70
58
46
32
13
0
-18
-31
-47
-67
-79
-96
-108
-118
-133
-153
-171
-190
-208
-215
-235
-244
-262
-274
-281
-285
-277
-268
-244
-220
-199
-185
-165
-148
-119
-94
-63
-35
-8
16
39
59
64
74
72
83
94
105
114
116
117
129
135
142
140
127
118
107
98
96
89
76
63
49
41
34
23
16
0
-12
-21
-23
-16
-12
-7
-1
5
18
31
42
53
57
67
78
95
118
139
157
175
187
200
210
216
223
226
231
240
248
258
264
265
265
252
242
235
225
218
208
199
198
194
193
185
173
158
143
132
126
116
103
86
72
62
49
34
13
-1
-19
-31
-50
-69
-88
-106
-114
-131
-136
-163
-175
-204
-220
-237
-256
-272
-296
-311
-320
-319
-311
-292
-281
-249
-236
-213
-193
-173
-142
-119
-86
-56
-24
-1
31
44
52
58
51
65
73
81
93
94
104
116
118
127
120
106
96
79
77
76
69
59
43
24
17
4
-6
-13
-31
-42
-53
-52
-49
-46
-41
-32
-25
-8
3
13
20
23
36
50
73
96
119
140
159
169
186
197
206
214
215
226
236
248
263
265
266
262
253
250
241
233
223
215
211
212
207
203
193
185
174
161
146
133
123
110
95
81
69
55
40
20
3
-17
-36
-53
-75
-93
-112
-130
-151
-167
-188
-208
-229
-253
-272
-297
-317
-340
-356
-366
-371
-363
-344
-317
-295
-276
-263
-244
-218
-190
-150
-120
-81
-47
-27
11
20
30
38
33
52
63
70
89
91
105
125
124
133
123
101
96
81
79
82
65
55
42
23
18
-2
-17
-26
-47
-57
-71
-74
-69
-68
-62
-56
-53
-38
-30
-23
-14
-13
-2
12
35
64
87
109
130
141
160
170
181
193
197
209
222
236
252
260
260
259
248
245
236
226
220
213
210
212
211
210
201
189
176
160
147
134
123
110
94
80
60
45
25
8
-16
-34
-53
-72
-95
-121
-140
-164
-172
-196
-215
-244
-264
-291
-312
-342
-364
-391
-404
-409
-421
-393
-387
-349
-331
-323
-292
-277
-239
-209
-179
-140
-100
-70
-34
-4
2
22
15
21
40
43
59
67
68
89
100
108
117
97
87
70
62
60
52
36
24
6
-3
-15
-36
-49
-71
-88
-105
-119
-118
-114
-111
-104
-104
-90
-77
-66
-54
-52
-43
-32
-18
9
39
67
94
111
126
145
156
173
177
185
202
216
236
252
260
262
258
250
244
236
230
224
219
221
221
220
216
209
198
184
171
158
141
121
107
88
72
56
36
19
-8
-29
-53
-76
-98
-122
-145
-165
-190
-204
-232
-253
-276
-308
-326
-365
-381
-418
-430
-453
-461
-453
-439
-403
-378
-361
-344
-324
-298
-260
-227
-189
-150
-112
-76
-34
-20
-3
2
1
23
31
44
60
60
81
98
108
119
106
89
78
65
62
60
44
31
10
-8
-17
-32
-48
-64
-95
-112
-131
-135
-130
-132
-127
-126
-115
-103
-93
-87
-79
-77
-63
-49
-27
4
31
58
78
96
119
132
146
163
171
185
201
216
239
250
255
256
242
241
235
230
225
216
213
215
215
214
208
195
184
169
157
141
120
100
80
59
43
24
6
-21
-40
-66
-91
-113
-137
-164
-184
-211
-229
-246
-274
-284
-324
-336
-375
-401
-427
-460
-466
-484
-465
-454
-411
-391
-373
-349
-341
-300
-272
-238
-195
-162
-113
-72
-35
-8
-1
6
10
26
40
53
64
71
88
109
123
130
118
104
88
79
73
70
57
37
22
0
-9
-27
-48
-69
-96
-116
-131
-135
-134
-135
-136
-133
-122
-113
-101
-97
-93
-81
-75
-59
-40
-16
14
41
68
92
112
130
146
158
170
185
203
223
243
255
262
264
258
253
249
240
236
226
225
226
227
225
218
206
198
190
177
165
142
123
101
81
68
47
24
-2
-31
-52
-78
-98
-129
-157
-177
-204
-220
-245
-268
-288
-316
-341
-373
-415
-431
-466
-467
-478
-475
-434
-420
-382
-367
-358
-323
-299
-267
-221
-193
-148
-103
-67
-20
-2
3
16
14
29
49
55
75
85
98
128
133
142
137
113
110
96
91
84
63
45
29
8
2
-20
-43
-60
-92
-110
-129
-140
-137
-141
-139
-130
-130
-112
-111
-107
-99
-98
-86
-69
-53
-23
6
32
62
80
101
123
136
153
167
181
205
222
242
256
260
261
259
258
255
245
236
229
230
236
237
238
231
224
215
207
194
175
157
134
117
98
79
58
31
12
-13
-32
-63
-94
-127
-158
-180
-210
-224
-252
-267
-306
-327
-361
-398
-424
-465
-469
-490
-478
-458
-431
-395
-387
-359
-340
-307
-271
-242
-197
-157
-113
-70
-24
-3
13
19
20
44
58
71
91
89
114
137
151
172
155
147
136
122
118
109
87
72
51
35
31
7
-12
-41
-79
-100
-124
-135
-133
-148
-147
-152
-144
-131
-124
-122
-121
-122
-115
-101
-84
-54
-34
-6
22
50
79
102
118
133
147
164
187
205
231
242
257
263
262
272
266
260
250
242
238
240
237
240
237
234
232
226
222
207
186
162
141
122
105
83
61
42
21
0
-30
-62
-97
-133
-155
-192
-203
-239
-251
-283
-308
-337
-381
-414
-447
-468
-479
-472
-465
-428
-413
-387
-365
-340
-299
-274
-239
-199
-162
-105
-76
-28
-5
8
29
30
50
61
69
87
102
119
147
158
168
164
151
141
137
120
125
101
86
70
44
38
19
-4
-25
-61
-88
-106
-129
-134
-145
-155
-155
-153
-146
-130
-134
-129
-132
-133
-120
-108
-81
-53
-29
-1
28
57
89
113
133
146
156
177
197
221
241
248
258
268
272
275
266
255
250
240
243
243
243
243
238
240
242
238
231
213
188
171
145
128
106
81
64
39
20
0
-35
-71
-107
-144
-174
-199
-229
-255
-280
-304
-331
-366
-407
-431
-465
-473
-484
-475
-442
-424
-399
-380
-356
-328
-293
-262
-225
-181
-133
-93
-46
-20
-1
16
19
37
49
58
77
87
105
135
147
167
166
148
145
134
124
131
106
94
72
47
45
26
2
-19
-57
-81
-104
-137
-143
-159
-176
-173
-175
-165
-153
-160
-151
-152
-152
-146
-145
-130
-106
-84
-50
-17
11
45
72
100
119
130
146
162
185
205
217
230
239
249
264
266
264
256
244
245
238
239
237
229
235
237
239
242
226
205
184
157
142
113
90
65
45
26
6
-21
-51
-84
-124
-152
-188
-214
-241
-277
-301
-330
-361
-391
-425
-445
-469
-478
-477
-457
-431
-405
-397
-365
-348
-305
-274
-242
-190
-155
-102
-54
-16
4
20
16
33
49
57
76
80
96
128
146
176
176
163
161
138
129
127
103
95
66
49
40
27
7
-10
-41
-61
-90
-130
-147
-170
-182
-186
-192
-185
-170
-168
-158
-156
-155
-153
-153
-139
-121
-104
-75
-48
-19
17
50
79
108
126
149
170
189
207
212
218
228
234
249
261
263
265
259
259
256
248
242
233
226
230
230
233
228
213
199
185
170
150
120
93
69
47
24
-7
-41
-73
-103
-128
-154
-186
-213
-251
-281
-322
-356
-387
-425
-443
-466
-471
-468
-446
-422
-399
-384
-366
-344
-308
-282
-239
-205
-154
-98
-59
5
17
34
47
43
73
77
82
95
96
123
155
170
192
180
171
170
153
147
136
108
93
73
51
54
26
13
-9
-41
-59
-94
-125
-138
-164
-172
-173
-176
-163
-163
-159
-143
-144
-132
-130
-124
-105
-91
-68
-42
-22
9
41
70
107
125
148
171
192
218
230
236
242
239
252
255
256
255
251
257
264
264
261
257
248
242
236
234
221
208
191
179
164
148
123
98
79
58
33
2
-35
-78
-114
-166
-197
-239
-280
-331
-385
-418
-447
-485
-498
-503
-504
-451
-425
-356
-333
-275
-231
-182
-168
-132
-86
-72
-25
3
62
82
131
135
147
124
122
116
108
106
84
116
104
129
117
130
93
80
25
-4
-27
-71
-92
-130
-138
-166
-146
-150
-124
-144
-137
-144
-152
-154
-161
-152
-159
-133
-103
-41
-26
4
31
63
81
92
107
116
135
133
176
191
214
209
230
237
236
219
212
185
161
150
129
129
92
95
98
112
114
122
124
140
144
157
172
164
176
170
183
180
172
137
124
79
75
38
15
-12
-57
-71
-120
-142
-206
-234
-310
-319
-399
-413
-488
-530
-546
-576
-539
-545
-467
-376
-229
-152
-22
27
147
180
202
244
250
299
305
350
332
352
299
321
221
153
34
-32
-98
-172
-210
-237
-224
-248
-194
-194
-148
-197
-205
-234
-229
-245
-242
-219
-194
-133
-73
29
65
101
85
113
83
67
23
1
-26
-40
-4
37
66
39
55
47
62
25
7
-12
-18
-14
34
78
120
143
176
232
249
254
238
227
199
182
168
173
151
121
119
137
154
131
107
96
96
100
110
107
117
122
150
192
215
214
189
172
144
116
70
33
-5
-35
-36
-58
-57
-110
-143
-195
-230
-292
-345
-422
-456
-506
-529
-544
-554
-522
-496
-422
-315
-147
-44
83
126
259
316
356
331
331
331
349
347
315
291
217
204
108
43
-101
-177
-272
-310
-365
-368
-366
-352
-299
-253
-180
-179
-158
-189
-144
-153
-108
-116
-75
-47
36
120
187
211
203
214
189
172
91
43
-37
-59
-76
-30
-31
-33
-45
-18
27
29
21
2
22
43
98
141
189
202
237
291
337
355
335
317
295
260
212
178
120
77
36
35
53
48
39
45
67
93
108
104
114
118
143
175
192
198
191
186
185
152
112
71
28
-9
-45
-79
-113
-154
-203
-246
-285
-345
-392
-472
-501
-562
-572
-595
-585
-546
-498
-363
-216
-34
76
200
280
394
419
412
362
341
337
333
299
243
214
173
146
32
-56
-178
-244
-325
-370
-399
-398
-389
-348
-260
-187
-115
-110
-72
-66
-29
-33
-21
-45
-34
1
79
142
169
176
190
200
167
124
34
-28
-109
-141
-149
-142
-150
-144
-112
-47
12
41
66
78
109
142
171
173
169
182
230
271
295
320
326
330
299
271
224
156
61
-1
-39
-42
-46
-49
-11
41
105
153
183
199
215
215
221
209
201
188
184
178
182
165
146
106
57
12
-51
-115
-200
-278
-349
-394
-452
-482
-537
-549
-581
-588
-602
-603
-579
-540
-435
-298
-128
9
139
261
390
463
471
445
426
415
386
319
236
173
125
84
1
-88
-176
-236
-287
-336
-374
-391
-394
-360
-310
-240
-187
-145
-98
-44
11
41
44
35
28
45
83
112
121
113
122
138
135
102
47
-14
-71
-112
-140
-173
-210
-231
-202
-148
-91
-57
-23
27
81
144
185
192
186
185
218
256
259
247
259
295
322
317
285
247
186
119
64
19
-20
-48
-46
-3
46
99
152
201
245
273
286
276
255
217
186
146
110
65
43
13
-4
-47
-68
-121
-145
-211
-261
-327
-382
-419
-466
-467
-524
-497
-569
-515
-588
-528
-562
-417
-324
-144
-36
105
261
372
464
426
468
406
460
347
314
177
198
121
101
-38
-101
-164
-206
-252
-337
-357
-403
-364
-378
-287
-295
-213
-225
-122
-84
-4
-5
12
-16
7
38
69
89
42
82
89
152
114
104
30
29
-47
-46
-107
-144
-208
-223
-198
-154
-125
-101
-48
1
99
142
197
174
186
197
240
219
207
190
242
284
303
304
291
275
231
183
132
87
18
-19
-38
-8
15
53
94
157
218
269
288
287
274
245
210
160
102
45
9
-19
-43
-74
-88
-111
-134
-181
-225
-275
-332
-388
-436
-466
-488
-510
-519
-517
-509
-490
-478
-403
-306
-181
-79
31
128
253
324
359
373
365
366
346
290
215
156
99
65
-26
-94
-155
-188
-220
-260
-305
-299
-304
-281
-259
-244
-203
-176
-137
-93
-61
-37
-6
-18
13
17
55
74
64
56
71
80
92
60
20
5
-35
-42
-84
-124
-161
-183
-181
-151
-146
-116
-86
-36
30
77
109
127
130
157
176
174
172
161
193
228
249
260
260
249
245
210
185
137
89
55
50
59
78
95
132
191
236
288
307
321
311
299
266
227
151
96
28
-15
-63
-105
-138
-174
-202
-235
-258
-301
-337
-380
-405
-447
-466
-505
-506
-524
-539
-539
-549
-513
-441
-338
-211
-96
41
173
298
367
407
392
402
380
340
250
161
106
64
5
-78
-146
-174
-180
-209
-235
-271
-271
-264
-236
-218
-201
-183
-152
-115
-77
-43
-16
8
2
17
46
86
82
64
53
84
83
62
4
-30
-55
-83
-116
-150
-180
-198
-196
-185
-169
-165
-138
-100
-50
-7
35
65
90
111
141
165
180
192
216
256
295
310
318
310
310
299
280
243
197
160
150
145
139
133
144
175
205
242
268
288
296
294
282
255
206
146
86
21
-24
-81
-126
-175
-210
-235
-255
-295
-332
-372
-385
-420
-445
-493
-500
-540
-539
-563
-553
-549
-514
-432
-321
-183
-99
48
154
320
367
423
401
433
409
398
278
211
137
112
47
-51
-121
-144
-147
-179
-218
-253
-220
-233
-195
-206
-178
-167
-136
-135
-87
-79
-33
-37
-40
-13
29
82
78
50
56
99
91
65
-25
-45
-84
-110
-158
-179
-218
-216
-235
-201
-189
-168
-135
-98
-51
-7
35
66
89
94
146
171
200
195
225
276
332
343
358
360
378
368
344
316
283
251
223
197
183
176
171
178
191
215
239
254
249
247
242
231
195
149
99
52
4
-57
-109
-164
-196
-240
-272
-302
-306
-318
-334
-369
-384
-410
-429
-464
-502
-522
-538
-547
-553
-542
-476
-384
-259
-142
-11
124
261
368
420
440
435
436
400
327
224
159
99
56
-31
-95
-136
-153
-173
-192
-223
-228
-230
-217
-193
-203
-199
-189
-167
-140
-125
-104
-66
-63
-31
-2
48
76
65
63
92
84
68
9
-34
-66
-114
-146
-183
-222
-241
-246
-227
-200
-188
-138
-90
-39
-2
43
81
111
116
151
181
207
218
241
294
345
367
388
403
421
422
397
373
336
300
261
218
175
142
125
117
107
107
128
149
166
163
176
177
174
144
115
75
43
-13
-71
-120
-164
-193
-239
-259
-291
-289
-312
-328
-374
-382
-434
-447
-518
-538
-571
-567
-574
-549
-514
-403
-296
-168
-62
60
195
313
372
402
409
418
421
344
267
187
158
112
32
-58
-87
-117
-118
-180
-211
-221
-210
-206
-198
-213
-199
-195
-188
-171
-169
-139
-116
-96
-80
-40
2
54
40
54
68
96
72
25
-29
-47
-90
-133
-188
-225
-239
-246
-228
-208
-180
-139
-89
-40
13
43
76
86
103
130
168
188
202
214
269
318
351
362
385
416
436
420
399
370
346
305
254
199
159
130
116
90
78
92
120
140
148
164
191
206
194
172
148
124
70
8
-51
-86
-125
-167
-214
-230
-245
-253
-302
-330
-371
-381
-430
-488
-541
-574
-581
-618
-626
-631
-559
-470
-342
-225
-92
53
200
321
398
424
447
445
447
389
310
229
187
134
75
-24
-80
-123
-137
-170
-202
-236
-238
-238
-216
-215
-226
-223
-219
-202
-183
-167
-139
-123
-110
-67
-15
38
48
49
72
101
91
50
-18
-63
-109
-158
-201
-244
-272
-278
-258
-225
-187
-154
-93
-44
20
61
104
119
135
149
187
201
221
235
282
335
375
403
431
453
468
467
448
414
364
319
266
204
144
93
65
48
39
55
76
104
135
176
210
227
225
224
216
196
149
95
49
8
-41
-94
-153
-192
-230
-265
-305
-353
-394
-433
-465
-506
-544
-579
-600
-626
-636
-631
-608
-558
-477
-354
-195
-38
110
251
372
486
521
534
510
499
463
392
290
216
149
86
-9
-106
-162
-204
-236
-265
-298
-305
-295
-290
-265
-266
-258
-245
-237
-214
-194
-166
-134
-123
-97
-54
3
44
53
52
69
65
47
-9
-69
-112
-158
-195
-222
-249
-255
-243
-212
-160
-116
-57
-6
50
98
143
176
196
195
216
245
267
272
272
304
348
375
383
377
379
387
375
349
302
264
234
206
165
122
93
83
82
85
96
123
151
172
192
220
243
240
220
200
187
157
108
47
-5
-49
-95
-155
-215
-264
-297
-334
-365
-399
-426
-445
-467
-480
-494
-505
-511
-516
-500
-476
-446
-405
-338
-221
-92
28
132
246
357
461
482
499
484
488
458
375
265
184
109
35
-85
-197
-253
-298
-321
-365
-389
-371
-343
-313
-273
-257
-216
-191
-172
-144
-129
-111
-99
-116
-103
-76
-34
-5
-16
2
42
58
56
16
-11
-23
-59
-92
-125
-151
-159
-161
-144
-110
-88
-36
17
83
152
211
261
298
319
352
363
352
325
297
295
285
265
247
250
264
277
277
287
292
295
291
277
260
230
193
165
145
136
133
131
138
155
177
194
195
191
190
188
172
134
94
55
12
-48
-113
-176
-217
-268
-307
-349
-363
-376
-380
-385
-377
-365
-341
-343
-323
-330
-303
-309
-303
-311
-297
-241
-182
-84
-19
96
189
303
352
392
396
411
395
358
273
188
108
36
-48
-149
-232
-290
-319
-338
-353
-355
-335
-293
-250
-203
-180
-158
-152
-138
-134
-137
-145
-154
-158
-146
-113
-77
-47
-20
21
67
100
99
90
72
61
37
5
-35
-67
-82
-78
-67
-44
-7
55
130
199
261
314
358
379
385
379
362
325
283
259
253
249
238
234
251
278
299
305
309
318
331
326
298
264
236
216
181
144
111
100
90
90
88
99
112
124
130
132
127
109
81
43
4
-37
-83
-134
-179
-206
-215
-234
-246
-256
-241
-223
-215
-214
-210
-204
-205
-237
-265
-305
-335
-368
-388
-371
-324
-247
-171
-80
28
139
234
296
326
367
369
362
298
244
175
117
33
-53
-138
-190
-233
-263
-291
-301
-296
-277
-257
-236
-216
-212
-199
-188
-179
-176
-179
-179
-174
-155
-123
-83
-49
-11
27
69
108
126
141
146
142
127
107
87
72
55
45
46
61
81
112
151
196
238
277
307
325
332
333
325
297
257
222
201
186
172
162
175
205
247
274
309
335
357
365
362
339
305
263
221
171
130
98
69
48
31
33
40
50
54
66
89
108
121
124
128
126
115
92
65
39
14
-11
-31
-58
-71
-82
-80
-91
-91
-101
-99
-123
-144
-178
-205
-243
-287
-321
-353
-365
-388
-384
-366
-303
-241
-177
-106
-20
78
154
189
230
254
283
274
235
188
148
100
40
-43
-112
-170
-217
-260
-291
-307
-301
-282
-251
-212
-179
-143
-121
-97
-79
-62
-51
-51
-62
-54
-31
-3
19
48
98
156
205
245
274
294
300
295
284
267
240
210
187
172
159
150
149
153
168
190
214
224
230
239
260
269
263
251
247
247
237
226
219
217
214
217
220
226
234
237
241
231
218
202
181
151
121
97
87
73
64
62
76
98
118
135
153
169
182
191
189
180
167
156
141
113
81
42
10
-24
-59
-91
-127
-150
-186
-206
-235
-258
-290
-317
-339
-348
-370
-375
-397
-383
-395
-364
-338
-266
-207
-135
-61
16
112
159
211
234
275
281
262
209
170
120
76
-9
-87
-144
-185
-210
-244
-255
-261
-235
-209
-175
-147
-118
-97
-83
-70
-60
-42
-32
-25
-14
21
63
105
139
185
237
280
305
320
335
329
304
275
253
229
195
164
149
145
141
142
145
158
173
186
190
184
178
182
181
177
166
162
166
170
181
195
213
228
234
250
265
273
267
257
257
248
230
208
183
162
146
127
117
104
106
113
120
129
141
162
183
192
203
215
220
214
193
176
152
121
76
31
-16
-60
-102
-147
-169
-212
-225
-259
-263
-290
-298
-320
-334
-358
-366
-385
-396
-405
-425
-394
-402
-339
-311
-225
-160
-78
-1
83
150
194
231
249
287
263
240
175
143
98
48
-28
-85
-129
-149
-172
-197
-195
-192
-154
-127
-83
-54
-24
4
36
63
88
105
104
108
111
136
153
161
173
198
230
253
263
272
275
269
268
254
243
218
195
180
164
145
121
102
102
103
110
126
135
152
177
208
237
250
258
265
276
276
270
256
246
230
223
217
210
208
201
198
203
199
201
197
190
189
182
182
181
176
176
171
173
170
165
163
157
157
154
140
128
110
86
60
24
-11
-53
-92
-135
-171
-206
-230
-264
-281
-302
-309
-317
-329
-338
-337
-345
-340
-359
-356
-364
-358
-341
-324
-272
-224
-157
-93
-16
58
135
175
227
248
281
289
274
247
211
179
136
72
14
-33
-64
-87
-118
-132
-130
-115
-89
-63
-30
2
21
47
65
83
94
92
86
90
99
116
123
132
153
177
204
221
232
249
254
258
253
240
229
208
185
165
147
136
126
117
115
123
144
160
172
188
216
240
258
264
274
288
289
287
276
262
247
234
221
215
196
193
186
189
188
184
190
189
182
175
160
152
140
127
122
112
109
104
104
108
109
112
116
112
109
93
79
51
22
-15
-48
-86
-121
-159
-187
-213
-231
-245
-253
-252
-250
-244
-248
-243
-252
-252
-263
-264
-270
-274
-279
-285
-279
-285
-268
-238
-195
-138
-93
-29
36
106
153
193
216
260
261
265
235
213
193
150
103
61
28
9
-22
-46
-52
-59
-41
-36
-18
10
30
51
71
89
114
124
126
129
130
144
147
142
151
164
182
187
186
202
216
215
217
210
220
214
194
187
176
174
162
148
147
161
174
200
209
235
261
287
310
316
322
326
321
308
294
275
262
230
206
189
169
148
117
97
92
78
65
50
43
52
61
70
80
90
115
128
133
135
138
137
121
98
84
69
44
10
-26
-45
-69
-95
-124
-142
-150
-163
-177
-191
-197
-202
-213
-218
-231
-230
-241
-248
-264
-268
-276
-275
-273
-267
-253
-243
-217
-183
-125
-72
-13
44
104
169
197
234
240
268
271
257
233
201
183
155
109
66
29
0
-23
-53
-52
-62
-50
-40
-21
8
29
49
71
95
124
142
148
151
157
166
173
169
167
168
171
173
176
183
191
194
195
204
216
224
223
220
230
232
234
230
233
247
260
269
279
283
299
308
317
317
309
303
289
271
248
225
198
169
140
113
95
73
59
48
45
43
45
49
58
71
84
94
102
112
120
128
127
126
119
114
104
90
69
46
22
1
-25
-46
-67
-86
-99
-111
-117
-128
-130
-136
-137
-142
-144
-144
-146
-153
-158
-163
-177
-182
-200
-196
-210
-204
-215
-206
-205
-181
-155
-112
-75
-28
14
66
111
140
177
190
221
218
215
197
179
166
135
105
73
45
31
15
1
3
4
25
48
74
101
114
134
146
157
165
165
153
151
139
144
137
136
137
145
158
166
180
189
204
208
217
221
230
238
243
246
258
263
278
279
285
292
295
301
299
293
291
278
269
247
225
207
183
164
141
123
108
90
83
78
74
75
73
74
72
69
65
65
66
70
69
70
70
81
88
95
99
102
98
93
79
69
54
34
8
-16
-34
-49
-61
-76
-84
-90
-92
-96
-97
-96
-94
-101
-99
-110
-108
-125
-139
-162
-180
-198
-218
-234
-243
-246
-236
-228
-210
-170
-134
-79
-55
3
38
91
117
133
155
163
171
158
148
139
137
116
104
84
91
80
81
77
80
91
96
104
112
127
129
134
125
123
117
111
106
101
107
114
122
128
140
153
171
173
181
190
200
205
203
207
217
227
232
243
250
264
267
269
272
266
262
250
233
221
203
194
177
162
154
142
133
120
111
109
105
106
104
104
108
108
106
103
102
96
88
82
74
68
58
52
46
48
51
52
51
55
59
62
59
55
51
41
30
17
5
-6
-17
-31
-39
-51
-55
-64
-73
-79
-87
-87
-103
-111
-130
-144
-163
-186
-205
-223
-240
-250
-258
-256
-256
-245
-227
-196
-159
-116
-69
-21
22
64
91
120
139
150
166
157
163
155
154
146
133
119
112
99
98
86
81
84
89
101
108
116
128
136
146
154
156
160
159
154
156
150
150
149
146
154
158
161
162
162
172
174
181
181
186
190
199
205
211
216
214
216
212
215
213
209
206
200
197
192
182
173
167
160
157
149
148
142
140
134
127
118
109
100
91
82
70
59
51
45
35
30
23
27
32
40
45
52
56
64
68
67
61
52
47
42
35
23
9
-10
-22
-39
-47
-63
-78
-95
-110
-116
-124
-129
-140
-146
-156
-160
-173
-176
-184
-183
-187
-189
-190
-188
-178
-169
-157
-144
-119
-93
-60
-33
-9
23
41
70
80
97
105
114
118
119
117
120
113
106
99
93
95
90
96
98
110
119
129
136
150
158
167
170
171
168
164
154
148
137
128
121
109
105
104
108
116
122
130
142
150
159
165
172
184
183
189
186
187
190
186
192
192
193
196
194
199
194
188
187
179
177
165
152
140
123
118
108
95
84
72
67
62
57
56
51
49
44
37
38
38
38
35
34
39
41
44
43
40
43
36
31
21
10
-4
-22
-35
-49
-63
-79
-88
-100
-104
-114
-117
-124
-125
-129
-133
-134
-133
-134
-132
-133
-127
-124
-125
-125
-129
-128
-130
-134
-131
-126
-111
-101
-84
-66
-40
-10
12
38
54
78
94
104
110
112
108
113
102
105
95
100
105
109
120
125
134
141
147
155
159
160
158
149
142
130
123
112
106
104
105
107
111
114
122
129
139
145
155
159
164
164
171
172
179
175
185
186
194
196
192
194
192
189
183
181
183
184
180
172
163
161
153
144
133
122
118
103
92
84
74
70
61
57
58
61
65
64
61
59
52
50
39
32
28
22
14
7
2
0
-2
-4
-7
-9
-16
-24
-38
-43
-57
-64
-77
-83
-89
-91
-93
-94
-94
-90
-90
-84
-83
-80
-80
-81
-85
-91
-90
-100
-105
-119
-120
-125
-117
-116
-105
-96
-78
-61
-40
-17
5
32
50
74
83
102
109
120
122
123
123
124
123
118
116
107
106
106
111
114
116
119
121
125
130
129
128
131
125
129
123
126
129
132
140
142
147
158
166
175
184
187
197
199
203
202
197
194
186
182
178
175
174
173
172
174
175
179
181
178
180
175
174
170
155
145
133
127
123
114
106
98
96
96
89
86
78
78
77
73
66
60
49
43
32
24
15
9
3
2
1
-1
-4
-6
-10
-15
-17
-24
-22
-31
-32
-39
-46
-52
-64
-74
-78
-83
-81
-87
-80
-77
-69
-59
-54
-50
-50
-56
-58
-68
-73
-81
-87
-93
-89
-89
-78
-73
-55
-37
-16
7
26
45
64
72
78
82
82
87
80
80
78
79
84
87
85
92
97
109
114
119
128
132
138
143
137
138
133
137
141
141
147
154
162
173
173
177
180
180
189
191
193
187
183
181
182
178
180
174
177
172
176
178
181
181
185
191
198
197
196
192
190
186
178
168
156
146
134
121
109
102
99
96
90
85
83
84
85
80
75
68
60
49
38
28
23
20
14
16
16
21
21
25
21
18
11
3
4
-8
-12
-28
-31
-40
-44
-52
-55
-59
-55
-58
-51
-52
-46
-40
-39
-31
-35
-34
-37
-43
-44
-49
-50
-52
-57
-55
-56
-49
-43
-36
-26
-18
-10
-3
2
10
17
22
26
31
39
43
50
56
60
66
75
80
87
92
96
102
109
119
127
134
137
141
147
154
156
156
155
157
159
159
158
159
162
163
164
165
167
169
169
169
166
169
166
165
166
167
171
172
174
180
182
184
182
180
180
176
168
156
147
143
136
128
120
114
111
110
106
101
95
90
88
87
84
78
70
64
60
56
51
44
35
30
28
25
21
18
17
15
10
4
1
-4
-7
-14
-20
-25
-29
-37
-40
-46
-46
-51
-46
-44
-37
-38
-36
-33
-29
-28
-27
-30
-32
-35
-39
-38
-46
-47
-54
-54
-55
-50
-48
-42
-41
-32
-30
-22
-17
-9
2
9
12
17
20
23
25
26
31
35
43
50
54
59
66
72
81
88
97
104
108
114
122
129
138
142
151
154
161
158
155
156
156
152
154
149
148
146
142
144
142
143
145
143
145
147
150
158
158
160
156
153
153
149
146
144
140
141
135
132
130
128
130
126
121
116
111
108
102
97
90
81
77
68
63
58
53
50
44
40
39
40
38
32
26
23
16
9
5
-1
-7
-10
-15
-17
-21
-25
-29
-36
-39
-45
-45
-49
-49
-49
-48
-47
-48
-52
-51
-50
-46
-48
-47
-42
-39
-36
-37
-34
-30
-26
-28
-31
-31
-32
-33
-37
-40
-40
-43
-44
-46
-46
-44
-36
-31
-17
-5
8
16
25
37
46
57
62
67
70
71
72
77
77
78
82
89
97
104
110
120
128
136
138
138
138
140
143
138
134
130
127
124
118
113
113
116
116
116
120
127
132
136
136
134
133
132
131
126
124
122
117
112
112
109
110
106
105
104
100
98
94
90
86
81
76
73
67
63
58
55
51
46
42
37
33
33
28
24
16
9
2
-6
-13
-19
-22
-22
-25
-31
-39
-41
-41
-43
-44
-44
-40
-41
-42
-42
-43
-43
-45
-48
-49
-44
-39
-35
-35
-35
-35
-29
-29
-27
-28
-31
-34
-39
-43
-45
-47
-48
-47
-43
-40
-35
-29
-26
-20
-17
-11
-6
0
5
9
12
18
21
25
29
33
40
49
59
67
73
79
86
94
100
102
105
103
104
105
105
104
104
102
103
104
105
104
106
112
113
119
121
126
129
130
129
127
124
122
117
117
114
110
109
106
105
107
109
111
111
111
108
103
101
98
99
97
93
88
83
78
75
70
63
58
51
46
43
39
37
33
31
28
24
19
12
5
-5
-11
-14
-15
-17
-19
-22
-24
-25
-27
-27
-30
-32
-33
-35
-37
-39
-39
-42
-41
-42
-45
-44
-44
-43
-40
-35
-36
-34
-33
-29
-25
-23
-20
-18
-17
-17
-18
-19
-16
-16
-13
-13
-9
-8
-6
-4
-3
-1
4
7
14
19
21
25
26
31
35
41
45
48
51
57
60
65
66
71
73
80
84
84
85
88
85
87
87
89
91
92
96
99
100
100
102
104
105
105
107
108
112
112
111
108
108
108
106
106
106
103
106
106
108
108
104
103
100
99
99
94
91
88
83
79
73
68
64
59
55
51
49
45
40
35
30
25
21
19
14
12
7
5
-1
-1
-5
-4
-8
-12
-13
-12
-12
-12
-16
-17
-19
-27
-30
-35
-36
-35
-37
-36
-35
-35
-31
-29
-26
-23
-20
-18
-16
-12
-10
-10
-9
-8
-5
-4
-6
-7
-9
-8
-2
1
4
6
8
11
14
17
16
17
21
24
29
28
26
27
27
29
37
44
50
51
52
53
59
64
69
69
71
74
80
83
83
83
85
87
88
87
89
95
100
105
105
107
108
109
107
104
100
98
98
100
101
101
100
101
103
105
106
104
103
105
110
109
107
104
96
92
89
82
75
70
66
65
62
59
55
49
44
42
40
35
27
22
19
21
20
19
16
15
16
14
14
11
11
9
10
7
4
2
-2
-6
-9
-12
-18
-23
-31
-34
-36
-36
-35
-32
-28
-23
-21
-18
-14
-11
-11
-9
-7
0
5
5
3
2
2
4
7
7
7
7
5
4
7
10
13
12
12
13
15
16
19
20
23
26
29
31
33
35
35
37
40
40
40
38
41
45
46
47
52
58
66
70
69
71
73
76
78
77
75
73
71
72
74
78
78
79
80
83
86
88
88
91
93
96
96
97
96
96
92
88
85
84
78
72
67
65
61
56
51
49
47
44
40
36
33
32
29
26
21
19
19
16
18
17
14
11
11
12
13
10
6
5
4
1
-1
-1
-3
0
-2
-4
-6
-6
-6
-6
-8
-10
-9
-9
-10
-13
-15
-16
-15
-13
-13
-12
-8
-5
-2
1
5
9
12
14
13
10
9
9
8
8
6
4
2
5
5
9
11
15
19
21
24
25
26
28
31
33
34
34
35
34
37
37
39
40
43
45
47
47
47
47
46
48
49
53
54
55
57
62
66
69
70
70
71
73
74
73
73
72
68
67
65
62
59
59
59
61
65
65
66
66
66
64
62
57
56
53
48
42
40
37
35
31
27
26
28
31
30
30
28
24
23
17
15
14
11
7
4
2
1
-1
-2
-2
-2
2
1
-2
-5
-6
-3
-3
-5
-5
-5
-5
-5
-9
-13
-15
-15
-14
-12
-12
-11
-11
-8
-5
-3
-3
-3
-3
0
0
-2
-4
-3
1
1
2
1
-1
-1
1
4
5
6
8
8
14
18
20
20
19
21
22
23
23
26
27
28
27
25
24
27
30
31
34
35
33
31
32
35
38
37
34
35
38
41
45
45
46
45
45
46
47
48
48
45
46
46
48
48
45
43
42
42
41
41
39
38
38
38
35
31
29
27
26
26
26
24
17
11
10
7
9
8
8
8
11
11
11
10
9
5
1
1
0
-5
-10
-14
-15
-16
-19
-22
-24
-24
-20
-20
-18
-19
-19
-17
-18
-17
-16
-16
-18
-19
-20
-21
-22
-20
-18
-17
-17
-15
-14
-13
-9
-6
-6
-6
-7
-9
-9
-12
-14
-17
-15
-14
-12
-11
-10
-10
-7
-4
0
3
3
6
8
10
14
15
13
14
12
14
14
13
13
12
12
14
16
17
20
20
18
17
14
13
15
16
20
20
21
25
29
29
29
27
25
24
23
25
24
24
21
18
14
11
14
14
12
12
13
16
16
16
14
13
14
15
16
17
17
16
14
13
9
9
10
9
7
5
7
9
6
3
-1
-2
1
2
-1
-7
-12
-12
-13
-16
-20
-23
-23
-22
-20
-19
-18
-19
-17
-16
-19
-19
-19
-18
-16
-14
-13
-12
-12
-11
-12
-12
-13
-11
-11
-11
-11
-10
-10
-9
-7
-9
-8
-7
-6
-4
-2
0
2
3
5
6
11
13
16
16
16
17
19
20
21
23
22
23
22
21
24
27
29
27
26
27
27
30
33
33
30
25
22
22
25
28
29
27
25
26
28
29
31
31
33
34
33
29
28
27
26
23
19
18
20
19
18
20
22
25
27
28
28
31
31
29
26
25
24
26
27
27
25
24
25
22
26
28
26
26
24
22
22
21
19
18
16
15
15
16
15
14
12
11
9
10
7
7
6
7
7
8
6
4
5
9
11
12
10
9
13
17
18
18
20
22
25
25
24
24
24
26
25
24
23
22
22
23
26
28
26
27
28
33
36
36
35
35
35
37
36
37
36
35
37
36
34
35
37
41
41
41
43
47
48
49
48
47
47
47
47
45
42
39
38
39
39
40
41
42
44
46
46
43
42
42
43
43
42
38
37
39
40
38
38
37
36
36
36
37
41
44
45
46
44
43
42
43
43
38
37
38
39
41
41
41
40
38
37
36
39
40
40
39
38
38
36
32
29
28
30
31
31
26
25
25
24
23
19
18
18
16
14
12
11
11
11
12
14
16
21
24
24
22
26
27
28
28
28
31
32
32
32
32
31
31
30
27
28
31
32
34
34
33
34
36
36
36
38
40
40
40
40
42
45
43
42
42
44
45
46
45
43
43
44
43
41
40
42
40
39
38
35
34
32
31
32
32
33
35
36
37
36
36
39
40
40
39
39
41
40
41
42
40
39
39
37
36
38
37
36
32
27
25
25
23
21
20
21
20
21
21
20
23
23
23
24
26
24
23
21
21
22
23
21
21
24
26
29
26
23
23
24
23
20
18
17
17
16
13
11
7
5
7
9
10
10
12
15
18
21
22
23
23
23
24
27
29
28
28
27
25
25
24
23
21
21
21
21
20
20
19
18
19
21
25
28
30
31
28
29
30
35
35
34
35
37
37
36
34
30
30
32
32
33
32
28
27
25
26
26
27
26
27
26
27
29
31
32
32
31
29
30
30
31
32
33
33
36
37
38
39
37
38
36
36
34
30
28
25
25
24
23
19
16
14
14
16
16
17
18
19
20
21
20
20
22
25
26
25
23
21
20
21
21
19
18
16
17
18
19
19
17
16
16
15
15
12
10
9
8
7
3
3
3
5
9
9
10
9
10
11
11
15
17
18
17
18
16
15
15
15
13
12
14
17
18
18
15
15
12
12
15
18
20
21
22
23
25
26
27
28
28
27
26
25
26
23
21
19
18
18
16
17
17
17
16
15
14
13
13
16
16
15
15
14
16
18
18
16
16
15
16
17
17
16
16
17
15
14
16
18
21
21
21
17
14
13
11
9
9
9
8
6
6
3
1
-1
-3
-3
-4
-2
-2
0
3
2
3
1
-1
-1
0
2
2
0
-2
-1
0
2
2
0
-1
-1
0
0
1
1
0
-1
-2
-4
-3
-5
-4
-3
-1
-3
-4
-4
-3
-3
-4
-4
-4
-5
-6
-5
-4
-4
-3
-3
-3
-3
-3
-3
-1
2
2
1
0
-2
-3
-5
-7
-9
-7
-5
-4
-2
-2
-4
-3
0
3
3
4
4
3
1
0
2
2
2
5
5
4
4
2
3
2
2
-2
-6
-5
-4
-2
-2
-3
-5
-3
-2
-2
-1
-3
-4
-3
-2
-5
-7
-8
-6
-3
0
1
-2
-3
0
2
3
-1
-6
-7
-5
-4
-6
-11
-13
-13
-12
-11
-14
-13
-14
-15
-16
-15
-10
-7
-5
-7
-8
-8
-9
-8
-9
-9
-8
-8
-9
-9
-9
-9
-8
-8
-9
-7
-5
-4
-5
-6
-9
-12
-12
-11
-13
-12
-10
-12
-11
-12
-14
-14
-12
-9
-8
-7
-6
-3
-1
-1
-3
-5
-7
-5
-4
-5
-6
-4
-2
-2
-5
-6
-5
-7
-8
-9
-7
-6
-4
-3
-5
-4
-1
1
2
4
1
1
2
3
8
6
2
-2
-4
-1
2
3
3
1
-1
1
2
1
-1
-5
-7
-7
-5
-4
-3
-5
-6
-4
-4
-5
-5
-4
-2
-1
-1
1
1
1
1
-2
-1
0
1
2
3
1
-1
-3
-4
-5
-8
-8
-8
-6
-7
-8
-7
-8
-9
-10
-9
-7
-7
-7
-7
-6
-2
-1
1
0
-1
0
-2
-3
-5
-6
-5
-3
0
0
-1
-4
-5
-5
-7
-6
-7
-9
-10
-11
-10
-8
-7
-5
-4
-5
-6
-5
-5
-5
-5
-4
-3
-4
-7
-10
-10
-8
-8
-9
-11
-12
-13
-13
-13
-11
-10
-9
-9
-8
-9
-8
-7
-9
-10
-11
-10
-9
-8
-5
-2
-1
1
0
-1
1
1
0
-2
-2
-3
-3
-3
-2
-4
-6
-8
-9
-9
-11
-11
-11
-12
-10
-8
-11
-10
-8
-6
-7
-9
-12
-12
-12
-12
-11
-11
-11
-10
-10
-11
-9
-10
-9
-9
-12
-11
-10
-9
-11
-14
-13
-15
-16
-15
-14
-11
-11
-12
-11
-9
-7
-9
-11
-10
-8
-6
-5
-7
-8
-9
-9
-8
-10
-12
-12
-12
-10
-9
-12
-15
-15
-13
-12
-10
-10
-11
-11
-10
-12
-15
-14
-11
-7
-4
-5
-7
-9
-9
-8
-8
-10
-11
-11
-11
-14
-13
-11
-10
-8
-8
-9
-10
-11
-12
-13
-11
-10
-9
-12
-15
-16
-13
-11
-11
-13
-12
-12
-10
-10
-9
-10
-9
-8
-8
-7
-8
-6
-5
-4
-3
-3
-7
-10
-9
-8
-7
-5
-6
-6
-6
-5
-7
-8
-8
-9
-10
-9
-9
-11
-11
-12
-11
-10
-7
-8
-7
-7
-7
-5
-6
-6
-5
-3
-3
-4
-5
-5
-5
-4
-2
0
0
1
-2
-2
-3
-6
-5
-5
-4
-5
-9
-12
-12
-9
-7
-7
-9
-8
-6
-5
-4
-5
-7
-10
-10
-10
-9
-8
-9
-10
-9
-8
-7
-7
-9
-10
-9
-9
-10
-11
-9
-9
-11
-11
-11
-9
-6
-5
-7
-9
-8
-9
-12
-14
-15
-13
-11
-9
-9
-10
-9
-10
-10
-10
-12
-13
-15
-16
-15
-17
-18
-20
-22
-20
-20
-22
-21
-21
-19
-15
-14
-14
-16
-17
-16
-16
-12
-13
-15
-15
-18
-19
-18
-16
-13
-13
-13
-14
-14
-12
-17
-15
-15
-17
-18
-18
-20
-19
-19
-21
-23
-21
-17
-15
-16
-17
-15
-15
-14
-14
-13
-12
-13
-14
-13
-13
-11
-11
-13
-14
-14
-12
-13
-14
-15
-15
-16
-14
-14
-14
-12
-11
-14
-16
-19
-19
-19
-19
-19
-18
-16
-15
-16
-17
-17
-17
-19
-20
-20
-19
-18
-21
-23
-23
-24
-23
-21
-21
-21
-21
-22
-22
-19
-20
-22
-22
-21
-20
-21
-23
-26
-27
-28
-28
-25
-24
-21
-23
-24
-25
-25
-23
-22
-23
-25
-27
-31
-34
-33
-33
-31
-32
-33
-36
-36
-34
-31
-31
-32
-33
-33
-32
-31
-33
-34
-34
-32
-30
-32
-31
-31
-29
-31
-33
-32
-31
-28
-28
-32
-34
-35
-35
-34
-35
-37
-37
-36
-37
-38
-40
-40
-38
-38
-36
-34
-35
-37
-37
-38
-38
-36
-36
-38
-39
-41
-41
-41
-41
-39
-38
-39
-39
-40
-39
-38
-39
-41
-41
-39
-37
-37
-40
-42
-41
-40
-41
-42
-42
-40
-39
-39
-41
-42
-43
-43
-43
-45
-44
-43
-42
-43
-45
-47
-48
-49
-50
-48
-48
-47
-49
-49
-47
-47
-46
-48
-50
-53
-53
-51
-50
-47
-46
-48
-49
-50
-52
-52
-54
-53
-51
-49
-49
-49
-50
-51
-51
-52
-55
-55
-52
-51
-51
-54
-56
-56
-57
-55
-52
-54
-55
-56
-56
-57
-56
-58
-57
-56
-55
-56
-57
-59
-55
-52
-53
-53
-54
-55
-54
-53
-53
-53
-55
-55
-56
-55
-55
-54
-52
-53
-53
-53
-51
-51
-51
-51
-51
-52
-52
-53
-55
-53
-54
-54
-52
-52
-50
-48
-50
-52
-49
-48
-48
-49
-51
-52
-53
-48
-47
-48
-50
-52
-49
-46
-43
-44
-45
-48
-50
-50
-51
-49
-47
-47
-49
-51
-51
-49
-49
-47
-47
-47
-50
-51
-51
-49
-47
-47
-51
-51
-50
-49
-49
-51
-54
-53
-52
-53
-52
-52
-51
-50
-50
-52
-53
-51
-47
-48
-51
-52
-51
-50
-51
-53
-55
-54
-52
-52
-53
-52
-51
-50
-51
-53
-54
-52
-51
-52
-53
-54
-54
-54
-57
-58
-59
-59
-57
-55
-52
-51
-52
-52
-51
-49
-49
-49
-52
-54
-54
-54
-52
-51
-51
-52
-53
-50
-47
-44
-44
-45
-49
-49
-47
-50
-52
-53
-54
-52
-51
-53
-54
-54
-50
-49
-48
-50
-52
-51
-47
-46
-49
-50
-48
-46
-46
-48
-49
-49
-48
-49
-50
-46
-45
-44
-44
-44
-43
-44
-42
-44
-45
-46
-45
-44
-44
-47
-51
-52
-51
-49
-46
-47
-49
-48
-45
-45
-46
-45
-45
-47
-49
-51
-51
-52
-51
-50
-49
-49
-50
-51
-51
-49
-49
-49
-50
-50
-49
-48
-50
-51
-50
-50
-48
-47
-49
-51
-51
-49
-48
-47
-48
-49
-49
-50
-49
-52
-55
-55
-53
-49
-49
-51
-51
-50
-49
-47
-48
-49
-47
-47
-48
-50
-50
-48
-49
-46
-46
-45
-43
-42
-43
-41
-41
-39
-40
-41
-41
-42
-43
-44
-44
-43
-40
-39
-40
-40
-43
-42
-40
-39
-40
-40
-38
-37
-36
-35
-36
-38
-36
-37
-39
-41
-41
-38
-36
-35
-35
-36
-36
-35
-37
-37
-35
-34
-32
-33
-34
-34
-37
-38
-41
-38
-38
-35
-36
-36
-36
-34
-35
-36
-36
-35
-35
-34
-35
-34
-36
-34
-35
-36
-36
-35
-34
-36
-37
-39
-39
-39
-36
-37
-40
-40
-39
-36
-35
-37
-36
-36
-36
-34
-32
-32
-32
-32
-35
-34
-31
-32
-34
-37
-38
-38
-35
-34
-33
-33
-34
-34
-35
-38
-38
-38
-38
-36
-38
-36
-34
-34
-33
-35
-39
-38
-37
-37
-36
-36
-36
-35
-35
-36
-36
-37
-36
-35
-33
-33
-33
-33
-34
-35
-36
-35
-33
-32
-34
-35
-38
-36
-33
-31
-30
-30
-29
-27
-29
-31
-32
-30
-29
-28
-29
-32
-30
-26
-24
-23
-24
-29
-29
-29
-28
-26
-25
-24
-26
-29
-30
-29
-27
-26
-26
-27
-25
-24
-28
-32
-34
-33
-30
-27
-28
-29
-28
-29
-29
-30
-34
-34
-34
-33
-31
-32
-33
-34
-33
-32
-33
-34
-35
-35
-34
-37
-37
-36
-35
-35
-35
-36
-36
-37
-38
-37
-36
-34
-33
-32
-33
-35
-38
-37
-37
-38
-39
-39
-39
-39
-41
-41
-40
-41
-41
-41
-40
-38
-37
-35
-33
-36
-37
-38
-40
-40
-38
-40
-40
-40
-39
-37
-37
-35
-32
-32
-31
-33
-37
-37
-37
-37
-36
-34
-33
-34
-33
-35
-36
-33
-32
-31
-33
-35
-36
-37
-38
-40
-39
-38
-37
-38
-40
-39
-37
-33
-33
-35
-35
-33
-34
-36
-36
-34
-31
-30
-34
-37
-38
-35
-34
-33
-33
-34
-32
-30
-32
-33
-33
-33
-32
-32
-32
-31
-31
-31
-31
-33
-34
-34
-33
-33
-36
-38
-38
-37
-38
-37
-36
-36
-39
-39
-39
-41
-41
-40
-39
-42
-41
-42
-41
-42
-42
-41
-39
-41
-43
-43
-43
-44
-45
-46
-43
-40
-38
-39
-41
-41
-43
-42
-41
-40
-41
-43
-45
-46
-44
-41
-40
-41
-41
-42
-40
-39
-37
-36
-36
-36
-36
-37
-40
-39
-38
-37
-35
-36
-37
-38
-39
-39
-37
-36
-35
-34
-33
-34
-34
-32
-30
-30
-32
-35
-35
-36
-37
-38
-36
-35
-33
-33
-33
-35
-36
-34
-33
-31
-28
-29
-31
-32
-32
-31
-33
-34
-38
-38
-39
-37
-35
-34
-36
-38
-39
-40
-39
-39
-39
-37
-37
-37
-35
-36
-37
-38
-41
-41
-42
-40
-37
-37
-38
-38
-38
-37
-37
-37
-39
-39
-39
-37
-36
-36
-36
-40
-42
-40
-38
-39
-39
-39
-38
-38
-39
-40
-40
-39
-38
-39
-40
-41
-41
-40
-39
-40
-42
-41
-38
-36
-38
-39
-40
-40
-38
-38
-41
-43
-46
-46
-44
-43
-40
-41
-43
-44
-43
-41
-40
-39
-39
-39
-40
-40
-40
-42
-42
-43
-41
-41
-43
-44
-42
-40
-41
-40
-43
-43
-43
-43
-43
-43
-45
-47
-45
-43
-42
-43
-46
-46
-45
-45
-44
-43
-44
-43
-43
-44
-43
-43
-44
-43
-43
-43
-43
-43
-42
-41
-41
-42
-44
-45
-43
-41
-38
-37
-38
-39
-41
-42
-41
-40
-40
-41
-40
-40
-42
-42
-42
-40
-39
-40
-42
-41
-40
-40
-40
-39
-41
-44
-47
-47
-43
-42
-45
-48
-45
-42
-41
-43
-47
-46
-44
-45
-48
-50
-48
-47
-47
-47
-47
-48
-46
-47
-45
-43
-43
-44
-45
-47
-45
-44
-43
-43
-43
-46
-47
-47
-48
-46
-46
-46
-45
-45
-46
-45
-43
-43
-44
-46
-49
-48
-46
-44
-44
-45
-47
-48
-46
-45
-43
-45
-44
-44
-43
-40
-42
-46
-45
-45
-44
-44
-45
-45
-45
-44
-43
-42
-42
-41
-42
-43
-43
-42
-44
-42
-41
-39
-39
-36
-38
-40
-41
-42
-40
-42
-42
-40
-39
-36
-36
-36
-41
-43
-42
-40
-37
-37
-37
-37
-37
-37
-38
-37
-37
-38
-38
-40
-38
-36
-36
-36
-37
-37
-36
-38
-38
-39
-40
-39
-39
-38
-39
-40
-41
-40
-42
-41
-40
-42
-43
-41
-40
-40
-40
-42
-41
-41
-41
-44
-43
-43
-42
-41
-42
-42
-44
-45
-41
-38
-37
-38
-42
-44
-44
-42
-42
-43
-46
-49
-47
-46
-43
-44
-44
-44
-43
-42
-44
-44
-46
-44
-41
-39
-40
-42
-40
-38
-37
-39
-44
-43
-41
-41
-40
-40
-40
-39
-39
-40
-40
-44
-45
-43
-40
-39
-41
-43
-42
-41
-39
-38
-38
-40
-42
-42
-42
-41
-40
-40
-40
-40
-42
-44
-40
-39
-39
-36
-37
-36
-37
-38
-39
-39
-38
-40
-40
-39
-36
-35
-36
-37
-38
-37
-36
-37
-38
-38
-38
-40
-39
-38
-38
-36
-37
-38
-38
-40
-40
-39
-40
-39
-43
-42
-43
-44
-44
-43
-43
-45
-46
-47
-46
-45
-45
-47
-48
-49
-48
-46
-46
-47
-50
-50
-47
-45
-46
-48
-47
-46
-43
-45
-45
-47
-46
-44
-45
-46
-46
-45
-45
-44
-43
-43
-42
-42
-43
-44
-44
-44
-41
-40
-40
-42
-44
-46
-44
-43
-43
-44
-47
-47
-46
-45
-46
-46
-47
-48
-48
-45
-44
-44
-44
-45
-45
-44
-41
-42
-44
-45
-45
-44
-44
-46
-46
-47
-46
-47
-47
-50
-51
-48
-46
-46
-46
-43
-43
-45
-47
-47
-45
-45
-47
-49
-51
-51
-51
-51
-54
-52
-49
-49
-51
-52
-50
-51
-49
-48
-48
-49
-49
-50
-54
-55
-55
-53
-51
-52
-54
-55
-53
-50
-50
-51
-51
-51
-54
-56
-56
-57
-58
-60
-61
-60
-58
-57
-56
-56
-57
-54
-54
-53
-53
-52
-55
-57
-57
-56
-53
-53
-53
-54
-55
-55
-55
-51
-50
-51
-54
-57
-57
-57
-53
-52
-54
-56
-58
-58
-59
-59
-56
-54
-53
-55
-58
-61
-59
-58
-58
-58
-58
-59
-60
-60
-57
-57
-56
-57
-58
-56
-55
-55
-55
-54
-52
-53
-54
-56
-57
-58
-58
-56
-55
-53
-54
-56
-57
-55
-55
-55
-55
-53
-51
-51
-52
-55
-56
-53
-50
-51
-54
-56
-56
-56
-56
-56
-57
-57
-57
-56
-57
-54
-53
-56
-57
-58
-58
-56
-57
-59
-58
-58
-56
-55
-56
-56
-54
-55
-55
-57
-57
-55
-53
-56
-58
-59
-58
-57
-57
-57
-56
-57
-59
-58
-58
-56
-56
-58
-58
-58
-58
-60
-57
-58
-57
-56
-57
-59
-57
-55
-54
-52
-52
-52
-54
-56
-58
-57
-56
-55
-57
-58
-57
-56
-56
-58
-60
-60
-61
-59
-57
-55
-56
-56
-59
-60
-56
-57
-59
-59
-59
-57
-57
-60
-59
-59
-61
-61
-60
-57
-57
-60
-61
-62
-61
-61
-62
-64
-63
-60
-60
-62
-62
-60
-61
-58
-56
-56
-58
-59
-60
-59
-59
-59
-63
-62
-62
-60
-58
-57
-59
-63
-62
-61
-61
-61
-62
-62
-61
-61
-59
-62
-64
-63
-63
-64
-65
-64
-65
-65
-63
-64
-65
-64
-63
-63
-60
-58
-59
-59
-63
-64
-62
-61
-62
-64
-64
-64
-64
-67
-70
-70
-70
-69
-67
-65
-66
-67
-65
-66
-65
-66
-68
-71
-71
-71
-72
-73
-73
-71
-70
-71
-72
-74
-72
-72
-70
-70
-71
-73
-74
-76
-78
-78
-76
-77
-74
-73
-74
-75
-74
-72
-71
-73
-74
-75
-75
-75
-75
-76
-76
-78
-79
-79
-79
-76
-75
-77
-77
-76
-79
-78
-80
-80
-79
-79
-78
-80
-82
-81
-80
-81
-83
-84
-84
-83
-82
-83
-85
-86
-86
-83
-84
-86
-86
-87
-85
-83
-84
-84
-85
-87
-87
-85
-82
-82
-84
-87
-88
-87
-86
-86
-89
-89
-86
-86
-87
-88
-89
-87
-88
-88
-88
-88
-87
-88
-88
-88
-89
-89
-92
-91
-87
-88
-89
-91
-93
-95
-94
-92
-92
-94
-96
-94
-94
-93
-93
-92
-91
-89
-88
-87
-89
-90
-90
-91
-90
-88
-89
-90
-90
-89
-90
-92
-93
-95
-95
-94
-93
-91
-93
-94
-95
-94
-93
-94
-95
-96
-96
-96
-97
-96
-97
-95
-97
-99
-99
-98
-97
-98
-97
-96
-96
-96
-96
-98
-99
-97
-96
-96
-97
-96
-96
-94
-95
-95
-96
-94
-94
-92
-92
-91
-91
-90
-90
-93
-94
-95
-94
-94
-93
-93
-91
-92
-93
-94
-93
-91
-90
-90
-91
-90
-92
-92
-94
-96
-94
-95
-94
-94
-95
-93
-93
-95
-95
-95
-95
-93
-91
-91
-91
-90
-91
-90
-92
-94
-94
-93
-91
-89
-88
-89
-88
-89
-90
-90
-92
-90
-88
-88
-89
-89
-90
-90
-89
-90
-88
-88
-88
-90
-90
-92
-92
-90
-90
-89
-89
-90
-91
-93
-93
-94
-93
-93
-92
-90
-89
-90
-94
-95
-95
-93
-91
-90
-92
-91
-90
-87
-87
-89
-91
-92
-92
-91
-90
-91
-90
-90
-90
-91
-92
-91
-91
-90
-90
-90
-91
-91
-89
-89
-89
-90
-89
-90
-90
-91
-90
-88
-88
-89
-90
-91
-91
-92
-91
-92
-93
-93
-93
-94
-95
-95
-96
-96
-94
-94
-95
-95
-95
-94
-94
-94
-94
-94
-93
-92
-93
-94
-94
-93
-92
-91
-92
-92
-91
-92
-90
-91
-93
-91
-91
-93
-92
-91
-89
-89
-92
-94
-93
-91
-90
-92
-92
-92
-89
-90
-92
-92
-93
-93
-92
-93
-93
-93
-92
-90
-92
-94
-93
-93
-92
-90
-89
-89
-91
-92
-92
-92
-91
-90
-87
-87
-89
-89
-89
-88
-87
-88
-90
-89
-89
-88
-89
-90
-90
-89
-89
-90
-91
-90
-87
-87
-88
-92
-93
-94
-92
-89
-90
-91
-92
-94
-93
-90
-87
-87
-89
-91
-91
-92
-92
-91
-90
-88
-89
-89
-89
-90
-89
-89
-89
-89
-89
-90
-91
-92
-93
-95
-94
-93
-91
-89
-88
-88
-89
-92
-93
-92
-90
-90
-92
-94
-97
-96
-96
-96
-95
-96
-93
-94
-97
-98
-97
-94
-90
-91
-91
-93
-93
-92
-93
-94
-94
-94
-94
-94
-94
-95
-94
-92
-92
-93
-92
-92
-92
-89
-92
-94
-97
-96
-94
-92
-93
-97
-98
-97
-96
-96
-96
-94
-93
-93
-92
-95
-94
-95
-95
-95
-94
-93
-92
-90
-94
-96
-96
-96
-94
-94
-96
-98
-99
-98
-97
-95
-95
-94
-96
-97
-99
-99
-98
-96
-96
-96
-97
-100
-99
-98
-97
-96
-94
-95
-95
-97
-99
-100
-99
-98
-99
-97
-98
-100
-100
-98
-96
-96
-95
-94
-95
-97
-98
-96
-96
-96
-98
-99
-100
-100
-98
-98
-99
-98
-97
-97
-96
-95
-94
-95
-98
-100
-101
-99
-98
-101
-103
-102
-101
-100
-100
-101
-99
-96
-96
-99
-101
-99
-96
-94
-96
-100
-100
-97
-97
-97
-98
-99
-101
-100
-99
-98
-96
-95
-95
-95
-95
-95
-95
-97
-100
-101
-99
-95
-93
-97
-97
-96
-96
-96
-98
-99
-98
-98
-96
-95
-96
-95
-97
-96
-94
-95
-98
-97
-96
-96
-94
-94
-94
-95
-95
-93
-93
-91
-92
-92
-92
-94
-93
-95
-94
-93
-90
-89
-92
-93
-94
-95
-95
-95
-94
-94
-93
-93
-94
-94
-93
-93
-94
-94
-95
-96
-96
-97
-98
-94
-92
-90
-91
-95
-97
-97
-96
-94
-96
-98
-99
-97
-95
-97
-101
-100
-97
-95
-94
-94
-96
-93
-94
-94
-96
-96
-95
-97
-96
-93
-91
-91
-92
-95
-96
-96
-94
-93
-92
-91
-88
-89
-89
-90
-92
-92
-92
-92
-91
-91
-88
-86
-87
-88
-89
-91
-90
-87
-85
-85
-87
-89
-90
-89
-87
-88
-89
-90
-92
-88
-86
-88
-89
-90
-91
-90
-91
-92
-91
-92
-91
-91
-89
-88
-89
-91
-92
-91
-88
-88
-91
-93
-91
-89
-89
-90
-91
-91
-92
-92
-93
-92
-91
-90
-92
-95
-95
-95
-94
-93
-93
-93
-93
-93
-93
-95
-95
-95
-96
-95
-92
-91
-90
-95
-97
-96
-96
-94
-93
-92
-92
-92
-93
-92
-93
-90
-89
-91
-92
-93
-94
-93
-93
-94
-91
-89
-90
-90
-91
-92
-92
-92
-93
-93
-91
-89
-90
-91
-91
-91
-89
-89
-88
-89
-90
-91
-92
-90
-89
-89
-90
-89
-87
-87
-85
-87
-88
-88
-87
-89
-91
-89
-88
-85
-84
-86
-85
-86
-86
-86
-88
-87
-86
-85
-84
-83
-83
-83
-86
-87
-87
-87
-87
-86
-86
-86
-86
-86
-84
-84
-86
-87
-88
-87
-85
-85
-87
-88
-89
-88
-88
-89
-90
-90
-88
-87
-86
-88
-90
-89
-88
-87
-89
-90
-89
-89
-86
-86
-86
-86
-85
-86
-85
-85
-84
-85
-87
-88
-88
-86
-86
-87
-89
-87
-85
-83
-84
-86
-87
-87
-85
-85
-87
-86
-84
-85
-85
-83
-83
-80
-82
-81
-80
-81
-81
-82
-83
-81
-81
-81
-80
-80
-82
-82
-82
-79
-78
-80
-80
-82
-82
-82
-81
-80
-79
-78
-77
-78
-81
-83
-83
-83
