-12
-12
-12
-12
-12
-12
-14
-14
-14
-15
-16
-18
-17
-16
-17
-17
-17
-17
-17
-17
-19
-20
-23
-24
-22
-22
-23
-24
-25
-26
-24
-25
-24
-24
-27
-28
-28
-28
-26
-26
-27
-27
-27
-27
-27
-29
-31
-31
-31
-29
-27
-26
-27
-31
-32
-33
-32
-34
-34
-35
-36
-33
-32
-31
-32
-32
-33
-32
-34
-33
-32
-32
-31
-33
-35
-35
-36
-37
-36
-33
-33
-32
-32
-31
-32
-32
-33
-32
-31
-32
-33
-31
-30
-32
-34
-34
-35
-33
-34
-36
-36
-33
-31
-32
-34
-35
-33
-32
-34
-34
-33
-31
-31
-31
-32
-33
-33
-33
-33
-35
-32
-33
-35
-37
-38
-35
-31
-30
-33
-35
-34
-31
-31
-31
-32
-32
-30
-28
-26
-28
-31
-33
-31
-29
-31
-32
-31
-28
-27
-26
-29
-29
-27
-26
-28
-28
-30
-29
-28
-29
-30
-30
-29
-24
-22
-22
-25
-28
-30
-32
-33
-31
-30
-27
-26
-26
-26
-28
-28
-29
-26
-41
-36
-40
-43
-32
-35
-34
-32
-30
-31
-33
-31
-28
-28
-24
-21
-21
-20
-21
-20
-21
-21
-22
-22
-19
-19
-23
-23
-25
-22
-23
-22
-23
-25
-23
-20
-21
-23
-25
-26
-24
-24
-24
-24
-24
-23
-26
-27
-28
-26
-25
-23
-22
-23
-23
-26
-26
-26
-26
-27
-24
-23
-24
-23
-22
-23
-24
-26
-23
-22
-19
-19
-20
-20
-19
-18
-20
-20
-21
-21
-19
-17
-16
-16
-18
-19
-18
-20
-20
-21
-19
-19
-20
-19
-18
-16
-15
-17
-18
-18
-17
-16
-16
-17
-18
-16
-16
-16
-19
-19
-17
-15
-16
-18
-19
-21
-19
-19
-19
-19
-18
-18
-16
-16
-16
-15
-16
-17
-17
-15
-14
-13
-15
-16
-15
-16
-15
-13
-12
-11
-11
-12
-13
-12
-10
-10
-11
-12
-13
-11
-10
-9
-9
-11
-11
-12
-9
-10
-11
-12
-14
-11
-12
-10
-8
-10
-12
-11
-12
-13
-13
-13
-10
-10
-12
-13
-12
-11
-12
-15
-16
-15
-15
-14
-18
-17
-18
-17
-14
-16
-17
-15
-13
-13
-13
-12
-13
-12
-12
-11
-11
-10
-10
-11
-13
-12
-10
-8
-9
-10
-7
-5
-7
-10
-10
-6
-4
-5
-9
-10
-6
-4
-2
-4
-8
-7
-4
-2
-1
-3
-6
-7
-5
-3
-1
-1
-3
-5
-6
-5
-4
-5
-3
0
-1
-2
-4
-4
-4
-3
-2
-1
0
0
-3
-4
-1
3
4
6
2
0
0
0
2
1
2
4
5
5
5
5
4
4
4
4
7
8
8
8
6
5
6
7
7
7
6
4
3
5
7
8
8
8
7
8
9
4
8
1
4
4
9
4
8
6
5
9
5
4
7
6
7
11
8
8
5
5
7
9
10
10
9
10
11
9
9
9
8
9
9
7
7
10
11
10
12
13
12
10
10
8
9
11
11
12
11
13
15
15
13
10
9
9
10
10
8
7
8
10
10
10
9
9
8
9
10
10
12
14
15
15
14
14
14
12
11
9
10
12
14
16
17
18
18
18
16
15
13
14
17
16
16
14
13
15
16
15
14
14
15
17
17
15
15
15
15
14
14
16
17
17
17
15
13
12
13
14
14
13
13
13
15
14
15
14
13
13
11
10
13
15
15
11
10
9
12
11
12
11
10
13
11
13
13
18
18
18
17
18
20
18
18
18
17
20
20
20
18
17
13
14
17
18
20
19
17
15
15
15
15
17
19
20
19
20
21
21
21
20
19
22
20
19
19
16
15
13
14
14
12
13
13
17
20
21
19
16
14
16
18
18
20
20
20
21
22
19
19
18
19
19
16
13
15
16
19
19
18
18
18
19
20
20
17
18
17
19
20
20
21
20
19
16
18
17
17
17
15
16
18
17
16
15
15
16
15
15
16
15
17
16
16
15
14
13
11
10
13
17
19
19
17
15
15
17
16
16
18
16
16
16
18
21
24
23
22
21
23
25
22
18
18
21
23
23
20
20
23
22
20
21
22
23
24
23
23
25
25
23
22
20
22
24
24
22
20
20
21
24
25
23
21
22
24
24
20
21
20
23
25
26
26
26
26
25
23
23
23
24
23
24
26
26
25
24
23
22
22
22
22
23
25
27
26
23
22
22
25
26
26
23
23
25
25
24
23
22
24
25
24
26
25
26
26
25
22
23
21
24
23
22
21
24
25
27
27
25
26
24
19
19
21
23
27
26
27
26
24
24
21
22
22
19
20
22
25
24
22
19
22
23
24
23
23
22
24
24
23
25
25
25
26
25
23
24
24
23
20
18
19
20
23
21
21
21
22
22
20
21
21
19
16
18
17
18
20
19
18
17
17
17
17
17
16
15
18
17
17
16
15
15
16
18
17
16
16
16
13
13
14
13
13
13
14
16
16
14
15
18
18
19
17
17
17
16
16
16
15
15
17
17
16
15
14
16
16
18
20
20
17
15
15
17
17
17
17
18
19
18
15
15
15
15
16
15
13
14
14
14
14
15
17
17
16
15
15
18
18
18
16
15
17
19
18
16
16
18
20
20
17
17
18
18
19
18
18
21
22
22
21
18
19
20
21
21
20
18
18
19
20
20
19
19
17
16
16
17
19
20
21
17
16
17
18
18
17
16
17
18
20
23
23
22
22
22
22
23
25
25
24
24
23
22
23
24
25
23
23
25
23
24
25
25
24
26
24
24
23
24
25
25
26
25
25
26
26
24
23
24
25
25
24
25
24
24
23
20
20
21
22
22
21
19
22
23
23
24
26
25
25
23
22
22
24
26
28
28
25
23
25
25
25
25
27
28
27
28
27
29
29
29
29
28
24
23
25
25
24
23
23
26
28
28
26
27
28
27
25
25
25
27
27
24
23
24
28
28
28
26
24
23
22
21
23
26
26
25
26
27
29
28
27
26
23
23
24
25
25
26
26
23
23
23
24
24
24
26
25
23
21
22
22
24
25
24
24
25
23
23
23
22
23
22
23
25
24
25
25
25
25
25
25
24
24
23
23
24
21
22
23
24
26
24
24
25
26
24
21
19
17
18
21
21
21
20
23
21
20
19
20
22
20
19
19
17
17
16
18
16
19
19
16
16
17
16
14
15
14
15
16
16
16
17
17
18
17
17
16
14
13
13
13
13
13
10
10
13
13
12
11
11
11
13
14
12
11
12
11
12
13
12
12
12
12
11
10
10
10
12
13
11
11
10
10
10
9
5
3
4
8
11
11
11
12
11
10
9
8
8
9
11
10
7
6
6
6
7
8
6
5
4
5
7
7
5
3
3
3
4
4
3
1
1
1
2
1
1
1
2
1
0
0
-1
0
1
1
-1
-3
-3
-2
0
1
-1
-2
-2
-3
-4
-6
-7
-6
-4
-1
-2
-6
-7
-5
-3
-1
-2
-7
-8
-3
-2
-2
-3
-4
-4
-5
-5
-6
-7
-8
-7
-5
-2
-1
-3
-5
-5
-4
-5
-5
-7
-7
-7
-5
-4
-4
-7
-8
-8
-9
-9
-9
-10
-10
-8
-8
-9
-8
-9
-11
-11
-10
-10
-9
-10
-10
-11
-11
-12
-11
-10
-11
-11
-12
-13
-13
-17
-17
-16
-15
-14
-14
-15
-15
-14
-12
-12
-15
-16
-14
-13
-12
-11
-11
-12
-12
-11
-11
-12
-14
-16
-16
-14
-13
-12
-11
-10
-10
-14
-15
-17
-14
-12
-13
-15
-14
-14
-16
-17
-14
-15
-15
-13
-13
-12
-10
-13
-15
-17
-19
-17
-14
-11
-11
-13
-16
-18
-16
-16
-17
-16
-16
-15
-17
-19
-20
-18
-16
-16
-16
-15
-17
-17
-17
-15
-13
-14
-15
-17
-15
-14
-14
-14
-12
-13
-14
-14
-17
-20
-19
-19
-16
-15
-15
-15
-16
-18
-16
-18
-19
-18
-19
-19
-21
-22
-21
-19
-17
-19
-20
-21
-22
-23
-25
-26
-25
-27
-27
-27
-26
-27
-29
-28
-28
-27
-28
-29
-27
-28
-27
-27
-27
-26
-26
-28
-29
-29
-30
-27
-27
-28
-28
-29
-29
-28
-29
-28
-28
-28
-29
-30
-31
-31
-31
-32
-32
-34
-32
-31
-31
-32
-34
-35
-33
-33
-34
-36
-35
-34
-33
-33
-36
-38
-35
-34
-37
-40
-41
-38
-36
-36
-37
-37
-34
-33
-34
-32
-32
-32
-32
-32
-34
-35
-36
-37
-37
-37
-36
-35
-36
-36
-36
-37
-37
-39
-39
-38
-39
-39
-41
-42
-42
-44
-44
-45
-44
-44
-45
-45
-43
-41
-40
-40
-44
-46
-48
-47
-47
-49
-50
-49
-48
-46
-46
-45
-46
-45
-44
-43
-43
-43
-44
-44
-46
-44
-44
-47
-50
-49
-47
-45
-46
-49
-49
-50
-51
-52
-53
-53
-50
-49
-48
-48
-49
-49
-51
-50
-52
-52
-50
-50
-50
-50
-50
-51
-51
-51
-52
-54
-54
-53
-52
-50
-50
-49
-48
-47
-46
-46
-49
-50
-52
-52
-51
-51
-49
-51
-53
-54
-53
-53
-53
-54
-53
-52
-51
-50
-51
-53
-53
-52
-52
-52
-55
-57
-56
-56
-56
-56
-58
-59
-58
-59
-57
-56
-58
-59
-60
-57
-57
-58
-61
-62
-60
-56
-57
-61
-63
-65
-63
-61
-60
-60
-59
-60
-63
-64
-64
-62
-61
-62
-64
-64
-65
-65
-67
-68
-67
-66
-65
-67
-70
-70
-68
-67
-67
-68
-70
-72
-71
-69
-68
-70
-70
-70
-69
-68
-69
-68
-67
-64
-63
-64
-68
-68
-69
-69
-69
-70
-69
-65
-64
-62
-62
-64
-65
-67
-68
-68
-67
-66
-66
-67
-67
-68
-67
-66
-67
-67
-66
-66
-66
-66
-67
-65
-66
-68
-69
-69
-68
-68
-67
-66
-68
-69
-70
-68
-67
-65
-65
-66
-65
-65
-64
-66
-68
-67
-66
-64
-63
-63
-63
-65
-65
-66
-67
-67
-66
-65
-63
-64
-66
-65
-62
-61
-62
-64
-64
-63
-61
-60
-62
-61
-61
-62
-62
-63
-63
-61
-61
-61
-62
-62
-62
-59
-60
-61
-62
-61
-60
-61
-62
-64
-63
-64
-64
-65
-63
-63
-60
-62
-62
-63
-62
-63
-65
-65
-67
-66
-65
-65
-65
-65
-64
-64
-64
-66
-65
-64
-63
-64
-64
-65
-66
-65
-67
-65
-66
-65
-64
-64
-65
-66
-66
-65
-65
-66
-66
-64
-62
-63
-63
-65
-67
-68
-66
-66
-64
-65
-68
-69
-69
-69
-69
-68
-67
-68
-68
-66
-68
-68
-67
-68
-69
-67
-67
-66
-66
-66
-65
-67
-66
-66
-65
-62
-60
-62
-66
-67
-68
-68
-67
-66
-67
-63
-61
-62
-65
-70
-71
-70
-67
-67
-64
-65
-66
-67
-65
-64
-65
-66
-67
-66
-65
-66
-67
-68
-66
-63
-64
-66
-67
-67
-67
-67
-66
-64
-66
-67
-68
-69
-66
-67
-69
-68
-69
-70
-68
-68
-69
-66
-65
-65
-68
-70
-70
-72
-71
-69
-67
-67
-65
-65
-65
-64
-65
-65
-66
-66
-65
-66
-63
-61
-60
-62
-63
-66
-67
-65
-65
-63
-62
-61
-59
-61
-60
-61
-61
-61
-62
-59
-58
-57
-56
-57
-58
-59
-60
-60
-58
-59
-59
-60
-63
-63
-63
-62
-61
-59
-58
-58
-58
-59
-59
-59
-60
-58
-56
-57
-58
-58
-61
-60
-59
-57
-57
-54
-54
-53
-55
-59
-58
-57
-57
-56
-56
-58
-55
-55
-56
-55
-54
-53
-53
-52
-53
-52
-52
-53
-52
-50
-50
-51
-50
-49
-50
-51
-52
-53
-52
-51
-51
-52
-52
-52
-52
-53
-55
-57
-57
-57
-57
-55
-55
-56
-57
-57
-56
-54
-55
-57
-56
-55
-55
-54
-54
-53
-52
-54
-55
-54
-54
-54
-55
-58
-57
-57
-54
-54
-55
-54
-52
-52
-52
-53
-53
-52
-50
-52
-51
-50
-51
-52
-54
-53
-53
-50
-50
-50
-50
-48
-47
-48
-48
-47
-47
-48
-47
-49
-48
-46
-45
-44
-45
-48
-49
-47
-45
-44
-44
-44
-42
-40
-40
-40
-42
-41
-40
-38
-38
-39
-40
-42
-41
-40
-40
-39
-38
-37
-38
-39
-38
-36
-39
-38
-41
-40
-39
-37
-35
-34
-35
-36
-37
-37
-39
-41
-41
-38
-37
-39
-40
-42
-42
-39
-40
-44
-43
-43
-41
-40
-42
-41
-39
-37
-39
-40
-42
-43
-41
-40
-39
-41
-40
-40
-40
-43
-45
-43
-43
-43
-43
-42
-41
-41
-43
-43
-41
-41
-42
-41
-43
-41
-41
-43
-43
-42
-43
-42
-41
-41
-41
-42
-43
-41
-38
-37
-36
-38
-39
-38
-37
-36
-39
-39
-38
-38
-38
-38
-38
-38
-36
-36
-36
-38
-38
-38
-39
-38
-36
-36
-36
-38
-39
-39
-41
-44
-45
-43
-43
-43
-42
-42
-41
-41
-41
-42
-42
-41
-42
-42
-41
-39
-37
-39
-40
-41
-40
-38
-37
-38
-40
-41
-39
-37
-38
-39
-37
-36
-39
-41
-43
-42
-38
-37
-39
-41
-41
-40
-38
-41
-41
-42
-40
-38
-39
-41
-41
-40
-42
-43
-42
-43
-43
-40
-39
-39
-39
-40
-39
-38
-39
-39
-39
-37
-37
-37
-38
-39
-38
-36
-35
-34
-35
-37
-36
-34
-30
-31
-32
-32
-33
-31
-30
-32
-33
-35
-36
-34
-34
-32
-32
-34
-34
-35
-34
-33
-32
-32
-31
-29
-30
-28
-27
-28
-28
-29
-32
-31
-31
-29
-29
-28
-28
-27
-30
-30
-30
-29
-27
-25
-23
-24
-24
-24
-23
-21
-22
-24
-26
-26
-26
-27
-27
-26
-22
-23
-24
-26
-28
-28
-26
-26
-26
-26
-26
-24
-23
-23
-24
-24
-24
-24
-24
-25
-24
-26
-24
-21
-20
-21
-19
-19
-20
-22
-23
-22
-22
-22
-21
-20
-21
-20
-20
-19
-17
-21
-23
-23
-23
-23
-20
-19
-17
-19
-21
-22
-23
-24
-24
-23
-22
-22
-26
-25
-25
-24
-23
-22
-22
-25
-27
-28
-26
-22
-22
-23
-23
-22
-21
-20
-21
-23
-21
-22
-22
-22
-22
-21
-21
-18
-17
-19
-19
-17
-19
-18
-21
-22
-21
-16
-16
-15
-15
-18
-19
-17
-15
-17
-18
-19
-19
-19
-17
-14
-13
-14
-14
-15
-13
-15
-15
-15
-16
-16
-17
-19
-19
-18
-17
-19
-20
-18
-17
-15
-17
-18
-17
-13
-12
-13
-14
-16
-14
-14
-14
-14
-16
-16
-14
-14
-10
-10
-10
-9
-10
-10
-8
-6
-5
-5
-7
-9
-11
-11
-10
-9
-9
-10
-10
-11
-10
-9
-8
-7
-6
-6
-5
-6
-7
-10
-9
-9
-10
-9
-9
-9
-9
-10
-12
-12
-12
-11
-11
-11
-10
-10
-9
-10
-10
-9
-8
-7
-6
-6
-7
-9
-8
-10
-10
-6
-6
-5
-4
-6
-6
-10
-11
-11
-10
-10
-9
-6
-2
-2
-4
-7
-8
-7
-5
-8
-10
-9
-9
-8
-6
-3
-2
-3
-3
-4
-4
-3
-4
-5
-4
-2
-2
-3
-4
-5
-4
-3
-3
-1
-2
-3
-4
-5
-5
-4
-5
-5
-3
-3
-4
-5
-4
-3
-3
-1
-2
-2
-2
-4
-5
-6
-5
-3
-3
-3
-3
-4
-3
-2
0
-1
-2
-1
0
0
0
-1
0
2
2
2
2
0
2
5
3
2
0
3
4
5
3
1
1
3
6
4
3
3
2
1
0
0
0
-2
-1
0
0
0
0
-1
0
1
0
-1
-1
-2
0
-1
-1
-1
0
2
3
4
2
1
1
0
3
5
5
4
5
4
3
2
2
2
2
4
7
8
4
1
2
1
2
1
0
-1
-4
-3
-1
1
1
0
0
-1
0
-1
-1
1
2
2
-2
-2
1
0
2
3
0
-2
-3
-2
0
0
0
-1
0
1
2
2
1
0
0
2
4
5
4
4
3
3
4
4
3
3
3
4
5
4
3
4
5
5
5
4
3
2
4
4
4
4
5
4
5
5
6
6
6
6
4
3
5
6
6
3
1
1
1
2
3
1
0
1
2
2
1
-1
-1
2
4
3
3
3
4
4
4
2
2
1
0
0
1
3
3
2
1
-1
1
2
1
2
4
3
2
1
1
2
2
2
2
2
4
4
3
1
0
-1
1
2
2
2
1
3
3
3
2
1
1
2
2
2
3
2
2
2
0
0
-1
-1
0
3
3
1
1
-1
-1
0
3
1
-1
-2
-1
0
-2
-2
-4
-4
-1
-2
-2
-3
-1
-1
0
-1
-3
-5
-4
-3
1
0
-1
-4
-5
-4
-2
-1
-2
-4
-7
-9
-8
-6
-7
-6
-7
-5
-5
-6
-7
-9
-9
-8
-8
-7
-8
-9
-8
-9
-8
-9
-10
-10
-9
-9
-11
-14
-14
-12
-13
-12
-13
-14
-16
-15
-15
-14
-15
-15
-15
-14
-13
-13
-13
-12
-12
-15
-16
-17
-15
-14
-16
-18
-16
-15
-17
-19
-20
-19
-16
-16
-18
-16
-13
-12
-16
-21
-22
-20
-18
-17
-19
-20
-19
-16
-14
-16
-16
-15
-16
-16
-15
-14
-15
-15
-15
-16
-17
-17
-17
-19
-18
-18
-17
-15
-14
-13
-14
-14
-15
-14
-14
-12
-13
-13
-11
-11
-12
-14
-17
-19
-17
-15
-13
-14
-16
-17
-18
-18
-17
-17
-16
-15
-15
-17
-18
-16
-12
-11
-14
-16
-18
-17
-15
-14
-15
-16
-14
-14
-14
-14
-15
-16
-14
-13
-13
-14
-14
-14
-13
-12
-13
-18
-20
-18
-19
-18
-16
-18
-17
-18
-19
-18
-18
-19
-19
-17
-17
-19
-18
-17
-17
-15
-18
-18
-19
-17
-17
-16
-15
-16
-18
-17
-18
-18
-19
-20
-20
-19
-17
-18
-18
-18
-16
-17
-18
-22
-22
-22
-22
-21
-21
-22
-22
-21
-21
-21
-22
-21
-20
-20
-20
-21
-21
-19
-18
-18
-19
-20
-22
-23
-21
-20
-19
-18
-19
-17
-15
-16
-17
-18
-15
-15
-15
-17
-18
-19
-20
-19
-19
-17
-21
-21
-22
-22
-20
-18
-17
-18
-17
-16
-16
-18
-18
-21
-21
-21
-20
-19
-21
-23
-23
-22
-20
-21
-22
-23
-22
-22
-21
-20
-22
-23
-21
-22
-21
-22
-23
-21
-21
-19
-20
-22
-21
-18
-17
-16
-17
-22
-25
-23
-21
-22
-21
-21
-21
-19
-20
-22
-23
-21
-22
-21
-21
-21
-21
-21
-22
-22
-25
-25
-25
-25
-25
-25
-24
-24
-25
-24
-24
-25
-24
-22
-24
-25
-25
-25
-25
-25
-25
-25
-24
-22
-20
-20
-21
-23
-24
-26
-25
-26
-26
-25
-24
-24
-25
-26
-27
-27
-30
-31
-31
-28
-25
-24
-25
-27
-27
-28
-30
-30
-30
-30
-30
-31
-29
-27
-28
-30
-29
-28
-28
-28
-29
-29
-27
-27
-29
-30
-27
-27
-29
-31
-30
-28
-27
-26
-27
-29
-29
-29
-27
-25
-26
-25
-24
-24
-28
-29
-30
-30
-27
-27
-27
-28
-27
-26
-25
-27
-29
-32
-31
-31
-31
-28
-28
-29
-25
-24
-23
-24
-25
-28
-29
-32
-32
-31
-30
-27
-27
-28
-31
-33
-32
-30
-26
-27
-26
-26
-27
-26
-25
-28
-29
-29
-29
-29
-27
-25
-25
-26
-26
-27
-28
-30
-31
-31
-30
-26
-27
-28
-29
-26
-25
-26
-27
-29
-27
-26
-27
-26
-24
-24
-26
-27
-27
-27
-26
-26
-28
-30
-30
-28
-28
-28
-28
-27
-26
-26
-26
-28
-29
-27
-29
-28
-28
-28
-26
-25
-23
-26
-25
-24
-25
-25
-27
-29
-29
-28
-27
-26
-24
-23
-23
-23
-23
-24
-24
-25
-24
-24
-23
-23
-24
-26
-27
-25
-23
-24
-24
-26
-27
-24
-22
-21
-22
-23
-23
-23
-23
-25
-27
-25
-23
-22
-22
-25
-27
-29
-28
-27
-26
-26
-28
-29
-27
-24
-22
-23
-24
-24
-24
-26
-27
-27
-26
-24
-24
-22
-22
-21
-19
-18
-19
-22
-22
-22
-22
-22
-24
-26
-25
-22
-21
-23
-24
-23
-21
-19
-18
-21
-21
-21
-20
-22
-20
-18
-17
-17
-18
-20
-19
-17
-17
-20
-21
-21
-20
-19
-21
-22
-21
-22
-22
-21
-22
-20
-19
-19
-20
-22
-21
-21
-19
-19
-22
-23
-24
-24
-23
-22
-22
-22
-23
-20
-19
-19
-19
-18
-20
-21
-22
-22
-19
-21
-18
-20
-20
-19
-19
-20
-22
-21
-20
-19
-17
-20
-20
-19
-19
-18
-20
-22
-22
-21
-19
-18
-18
-19
-19
-18
-18
-18
-18
-18
-18
-19
-17
-17
-16
-16
-16
-18
-18
-16
-18
-17
-17
-16
-15
-17
-19
-17
-16
-16
-16
-18
-16
-14
-16
-16
-16
-16
-16
-16
-16
-14
-13
-14
-16
-18
-19
-19
-20
-19
-17
-14
-13
-14
-16
-18
-17
-14
-14
-16
-17
-16
-16
-17
-19
-18
-14
-12
-12
-14
-18
-19
-20
-19
-16
-18
-18
-20
-19
-18
-17
-18
-19
-20
-19
-17
-15
-15
-16
-15
-16
-16
-16
-17
-20
-20
-17
-17
-17
-17
-14
-12
-12
-13
-15
-17
-14
-13
-14
-15
-16
-17
-18
-16
-15
-14
-13
-13
-17
-18
-19
-19
-15
-13
-11
-10
-11
-11
-12
-16
-17
-19
-18
-16
-16
-15
-13
-13
-15
-17
-17
-18
-19
-19
-17
-16
-16
-15
-16
-14
-15
-16
-16
-19
-20
-18
-16
-16
-17
-18
-17
-14
-15
-16
-17
-17
-16
-16
-18
-17
-15
-15
-15
-16
-18
-19
-19
-17
-17
-18
-17
-16
-16
-15
-14
-17
-17
-16
-15
-14
-14
-16
-16
-17
-15
-15
-15
-15
-18
-18
-15
-12
-13
-15
-16
-16
-15
-13
-15
-15
-14
-13
-13
-12
-14
-17
-20
-19
-16
-13
-12
-10
-12
-13
-15
-17
-15
-14
-12
-12
-14
-13
-11
-10
-9
-9
-11
-13
-14
-12
-10
-10
-11
-10
-11
-13
-12
-11
-9
-8
-6
-7
-9
-12
-13
-12
-9
-5
-4
-4
-4
-4
-7
-8
-8
-9
-9
-8
-6
-5
-6
-7
-5
-4
-2
-1
-4
-4
-3
-1
-1
-2
-2
-1
-1
-2
-2
-3
-2
-1
1
3
4
5
3
3
0
-1
1
0
1
0
-1
-3
-4
-3
-2
-1
0
0
1
1
-1
-2
-2
-3
-1
-1
-1
-1
-3
-2
-2
-2
-6
-7
-6
-6
-5
-6
-5
-2
-2
-1
-5
-7
-6
-8
-8
-7
-6
-4
-2
0
-1
-1
0
0
0
1
0
-2
-1
1
3
1
-2
-2
-1
1
2
1
-3
-2
1
2
3
2
2
3
2
0
0
-1
-1
-1
1
3
3
2
-1
0
2
2
3
3
0
-1
-1
3
2
4
4
4
5
7
6
3
3
2
2
3
3
2
4
5
5
3
2
2
3
5
6
3
4
7
9
8
7
5
5
3
4
5
7
6
4
4
6
7
5
6
7
9
7
6
2
0
3
3
2
2
2
4
4
3
3
1
1
1
1
4
7
6
4
6
6
6
3
3
4
6
6
6
6
7
8
7
6
6
6
6
9
9
10
10
9
12
12
11
11
10
8
8
7
10
10
11
12
12
11
9
11
12
13
12
10
12
14
15
15
14
15
16
17
16
17
15
16
18
19
18
18
16
15
16
17
16
14
15
18
20
20
17
18
17
18
18
14
14
15
15
15
14
14
14
16
17
17
17
17
19
18
19
19
19
18
19
19
21
22
20
19
21
23
24
24
21
23
24
25
26
24
22
22
22
21
21
21
23
22
21
19
21
21
22
22
22
24
22
21
20
20
18
20
22
20
21
21
21
22
20
20
19
22
22
23
24
24
25
23
23
23
21
22
23
25
28
27
26
24
23
23
25
27
27
27
25
25
25
25
24
22
22
22
25
27
27
27
28
27
28
26
25
24
26
25
27
26
24
23
25
28
28
26
29
30
31
32
31
30
32
32
31
30
28
28
30
32
32
34
34
32
33
33
36
36
34
33
33
32
31
33
33
34
36
35
35
33
31
32
32
33
33
34
35
36
34
33
32
33
34
33
31
31
31
33
31
32
34
36
36
34
34
36
36
34
34
34
35
35
36
38
37
34
33
32
32
33
35
36
37
34
32
30
32
34
37
39
38
35
34
35
35
34
32
31
33
35
35
35
32
31
32
33
33
32
33
33
32
32
32
32
34
35
35
34
33
33
33
32
31
31
33
32
30
30
32
34
34
31
29
28
30
31
31
32
31
34
32
28
27
27
29
32
31
29
29
32
34
33
30
30
32
31
28
27
27
27
28
26
28
28
30
29
26
25
24
27
28
27
27
28
27
28
28
30
30
28
29
29
28
28
27
26
25
24
26
28
28
28
27
26
26
25
23
26
28
29
31
30
28
26
26
27
28
28
27
30
32
32
32
29
31
32
32
29
28
29
30
31
30
29
29
28
29
29
31
32
30
29
26
25
29
30
31
31
31
32
34
33
30
28
26
27
28
28
27
27
26
26
24
23
23
25
25
27
28
28
26
26
28
31
32
29
27
30
32
35
35
33
33
34
35
33
32
32
34
36
34
35
34
37
37
36
35
36
40
37
36
36
36
39
38
40
40
40
39
38
35
36
38
37
36
35
36
37
36
34
34
35
36
36
35
35
36
35
35
35
37
38
38
35
37
39
40
41
38
37
38
40
39
38
36
35
36
39
40
40
37
36
36
37
37
34
33
32
34
34
37
37
35
32
32
32
35
35
34
34
35
35
35
33
33
33
32
31
32
35
37
37
33
31
34
36
36
35
34
35
36
37
36
35
36
36
36
37
37
33
33
33
35
36
36
35
35
37
36
36
35
36
37
38
38
38
36
36
36
36
36
35
34
36
37
37
35
33
34
34
36
36
35
32
31
33
33
35
37
36
34
32
33
33
32
34
34
34
34
35
36
36
37
35
32
30
32
36
37
36
34
32
33
35
38
38
38
37
37
38
38
36
35
37
35
34
35
37
36
35
33
33
35
37
38
36
33
33
31
32
32
31
31
31
30
31
31
32
31
32
30
29
29
29
30
30
28
26
26
28
28
26
24
24
27
27
25
23
22
21
22
25
26
27
26
23
23
25
28
28
28
25
26
28
27
28
29
27
26
27
28
28
28
29
29
30
29
29
31
32
32
33
31
30
31
31
29
28
28
28
28
27
25
26
28
30
30
27
25
26
27
28
28
27
28
29
28
28
29
28
28
29
28
30
30
30
29
28
29
29
28
28
28
29
31
29
27
28
31
32
31
30
30
31
31
29
30
31
33
34
30
27
27
27
28
29
30
30
29
26
27
28
28
25
22
21
25
27
25
20
17
19
22
22
21
21
23
26
25
24
23
21
21
23
23
24
25
24
24
24
24
26
25
24
24
23
25
26
27
29
28
28
28
29
30
29
27
26
26
25
25
25
27
28
29
29
30
28
28
28
29
29
29
28
27
28
28
28
26
27
28
29
32
31
31
30
30
31
29
28
29
31
34
33
31
30
32
32
31
29
27
28
28
29
29
29
28
26
27
27
26
23
21
22
24
27
26
26
27
27
28
26
26
25
24
24
25
21
21
20
20
21
24
25
23
22
21
22
24
23
23
22
22
23
22
22
20
17
17
17
19
21
21
21
19
19
21
23
24
23
20
19
19
21
21
19
17
17
20
22
22
23
24
25
22
21
20
21
22
24
23
23
24
23
26
25
21
19
20
21
23
23
22
22
23
22
21
17
16
17
17
17
17
20
21
21
19
21
22
22
20
17
18
19
19
19
19
18
19
20
21
23
24
24
23
23
22
20
21
22
23
20
20
19
20
21
22
21
23
22
21
22
23
21
20
21
22
24
23
22
22
22
22
19
16
15
17
16
18
17
17
20
21
22
19
17
16
16
16
17
19
16
16
17
17
19
18
18
16
13
12
11
13
13
15
14
13
14
15
17
17
16
16
15
15
16
16
19
19
20
20
19
19
19
19
19
19
17
17
16
16
20
21
20
20
21
22
21
20
21
22
22
21
23
24
25
24
23
23
23
24
22
21
22
26
28
24
24
23
25
25
25
24
24
24
27
25
22
22
22
24
25
27
27
26
26
26
24
24
24
23
23
23
23
25
27
27
24
24
24
22
23
22
23
25
24
21
19
20
22
26
26
25
24
22
21
22
22
24
24
23
25
26
23
23
23
24
23
22
22
22
21
20
20
21
22
21
18
19
19
19
19
18
21
22
23
22
20
22
23
22
22
20
19
20
21
22
21
20
22
23
22
23
22
24
23
24
23
22
23
24
24
26
26
25
25
27
25
26
27
27
28
30
32
30
28
27
26
25
26
27
29
27
27
29
31
30
28
28
30
33
33
29
30
29
32
32
30
31
30
30
29
30
30
31
31
30
28
28
28
30
32
32
32
32
34
36
35
36
38
38
36
34
31
33
35
36
34
31
30
33
36
35
35
33
34
33
32
32
31
30
32
31
33
33
34
34
32
31
30
29
28
28
30
31
29
30
29
30
30
28
28
29
31
31
29
27
27
27
27
27
28
28
28
27
26
27
28
28
28
29
30
30
30
31
30
30
29
30
30
30
29
28
26
28
29
32
33
32
31
30
30
29
29
29
27
26
25
27
27
28
29
29
29
29
29
28
29
31
31
33
32
32
32
31
29
30
30
32
32
31
30
30
29
30
30
30
31
32
31
32
32
31
30
28
28
28
30
30
31
29
28
28
27
28
27
28
27
25
23
23
24
24
24
23
24
26
28
30
30
29
29
28
29
29
29
27
26
27
26
26
27
28
29
29
28
31
32
33
31
29
29
31
30
28
26
28
28
29
27
28
29
29
30
29
28
27
28
28
30
29
29
29
30
29
27
27
26
29
30
29
32
32
29
28
30
30
33
33
32
30
29
28
29
28
29
30
29
31
33
34
33
31
30
32
33
32
30
29
31
31
30
29
28
28
27
28
28
30
30
30
29
28
25
25
27
27
28
30
30
30
31
32
33
32
30
31
31
33
33
33
31
33
34
34
33
33
33
33
32
31
32
34
35
33
33
31
33
35
35
34
33
32
32
31
33
32
31
32
29
29
29
29
29
29
30
32
32
30
29
28
27
26
28
28
28
29
28
29
29
30
28
28
28
28
29
30
32
32
30
30
29
29
30
29
30
31
30
30
29
27
27
32
33
31
30
29
29
29
28
27
27
27
27
27
28
31
32
31
29
29
30
30
28
26
25
25
27
29
28
26
23
22
21
22
24
27
29
28
26
25
26
28
31
31
29
28
31
32
29
28
28
29
30
31
32
32
33
31
27
27
27
27
29
30
31
30
29
30
29
30
30
31
32
29
27
27
27
25
24
25
25
25
24
24
23
25
24
23
23
24
26
28
28
28
28
27
27
28
30
31
30
29
29
27
28
28
26
26
27
27
27
26
24
24
23
24
25
26
24
24
24
24
23
22
20
19
21
25
27
27
26
22
23
23
24
23
24
25
24
25
24
22
21
21
23
23
23
22
24
23
24
23
22
24
25
24
21
23
23
26
27
28
28
28
26
23
25
25
24
24
23
24
26
27
29
28
26
24
25
26
28
27
27
28
27
27
28
28
28
27
28
30
30
28
26
27
27
28
28
27
24
23
23
23
23
23
25
28
29
27
25
24
25
26
27
28
28
29
27
26
24
26
27
28
26
29
31
35
37
33
31
31
33
34
33
33
35
35
36
37
38
35
35
35
36
37
38
36
37
38
38
38
38
35
35
35
36
35
37
38
38
41
38
36
36
37
38
39
38
39
39
38
40
42
41
41
41
41
43
42
42
40
40
41
43
43
41
40
39
41
45
46
44
44
44
46
46
47
46
44
45
47
50
50
46
42
43
47
48
47
46
46
50
49
48
49
49
52
51
50
50
51
53
54
52
49
50
51
51
51
50
50
51
52
54
54
52
50
51
50
51
51
49
48
49
51
51
53
53
53
53
54
53
53
52
53
51
52
52
54
55
54
53
53
53
56
53
53
55
56
56
54
53
54
54
56
56
55
52
50
51
52
53
52
50
52
53
54
52
50
49
50
53
54
52
52
51
51
53
52
50
50
51
50
53
52
54
53
54
53
53
55
55
54
53
53
56
58
57
57
57
54
58
58
57
55
53
52
53
55
54
52
51
51
51
51
51
53
53
51
50
52
53
55
56
55
53
52
51
51
52
53
53
52
51
52
51
53
52
49
50
51
54
55
53
51
50
50
51
53
51
50
49
48
48
52
54
56
56
54
54
53
54
54
54
53
53
54
56
56
55
52
50
49
51
53
54
54
54
55
53
52
52
51
52
52
53
52
51
51
51
49
48
49
50
51
48
45
44
45
48
49
50
51
49
50
51
51
51
49
49
51
53
53
53
51
52
52
53
53
52
52
53
54
53
51
50
51
52
54
54
53
53
54
56
57
54
51
51
51
52
51
49
48
49
50
51
50
50
50
50
50
50
48
48
51
53
52
54
52
51
54
56
53
53
52
56
56
53
53
55
55
56
56
58
57
58
56
56
55
56
56
55
54
54
52
52
53
53
54
56
54
54
55
55
55
56
55
57
56
55
54
54
58
57
56
54
54
55
57
58
55
53
53
55
58
59
58
57
57
56
55
53
53
52
52
54
56
56
53
50
49
52
54
55
54
52
51
48
49
49
49
48
48
48
47
48
50
50
49
48
48
47
47
49
47
47
48
49
50
51
49
47
46
47
48
48
49
50
52
51
47
46
47
47
47
46
46
47
48
51
50
47
45
44
45
45
45
46
48
48
47
45
44
45
45
47
49
49
49
47
45
46
45
44
43
41
43
43
45
44
44
43
44
44
43
42
42
42
44
46
47
45
44
42
43
44
45
42
39
41
41
42
42
41
41
42
42
44
43
42
40
38
37
37
37
39
42
39
37
37
37
39
41
40
36
36
36
36
38
39
38
36
37
36
35
35
33
33
33
35
35
35
36
35
33
31
32
35
35
35
35
37
38
38
37
35
34
33
32
31
31
29
30
34
35
35
32
31
31
32
33
32
31
30
32
32
31
29
29
29
29
29
27
26
26
26
27
26
28
30
30
24
24
26
28
31
29
28
30
31
30
25
24
25
27
26
26
25
23
23
22
24
23
23
22
21
22
23
23
21
19
20
21
21
23
23
21
20
19
19
19
17
17
18
20
20
19
19
19
19
17
16
14
15
14
13
12
14
16
17
18
16
17
16
16
15
15
16
15
17
17
16
14
14
16
17
15
15
13
13
15
15
15
14
15
15
14
13
14
13
12
11
14
15
16
15
15
14
14
13
11
12
13
13
14
17
16
18
16
16
17
17
15
13
13
14
14
15
17
19
16
15
13
13
13
12
12
12
13
15
16
16
15
15
16
16
17
18
19
19
19
19
18
19
18
18
17
17
17
17
17
18
17
19
19
18
17
18
20
22
21
19
19
17
17
18
17
17
19
20
22
21
19
18
20
19
16
16
19
21
22
21
18
17
18
18
18
15
15
19
22
22
20
20
20
21
21
21
20
19
21
22
20
20
20
21
24
24
24
23
24
26
25
22
21
20
19
21
21
19
18
18
16
17
19
18
18
18
20
19
21
23
22
22
21
21
21
20
20
21
22
23
22
22
23
23
21
21
20
20
21
22
22
21
22
23
24
25
23
22
22
21
23
23
25
23
23
21
22
21
21
21
19
17
15
15
17
19
19
19
18
18
18
18
17
17
17
17
16
15
15
15
16
17
17
19
20
19
17
15
17
21
22
20
18
18
19
19
17
16
14
16
16
16
17
19
19
18
17
16
16
16
18
16
13
12
10
12
16
20
19
19
19
18
17
17
16
15
16
17
17
15
13
13
14
15
14
11
8
9
14
18
17
15
16
17
18
18
17
15
15
16
16
16
14
15
16
14
13
13
14
16
18
16
14
14
15
17
18
17
20
20
20
21
21
23
22
21
17
16
18
20
22
20
20
22
22
22
21
22
21
22
22
20
20
22
24
23
23
22
22
24
26
25
25
23
23
23
23
23
24
24
25
26
24
25
25
25
26
26
25
26
25
27
27
28
28
26
26
26
28
29
30
30
30
30
29
29
29
27
25
27
29
30
32
30
28
29
30
29
29
27
26
27
29
30
30
29
28
28
28
28
26
25
26
28
29
27
24
24
25
27
27
27
28
29
31
32
28
29
28
29
30
27
25
26
26
27
26
24
25
27
29
28
27
27
27
27
26
26
26
24
25
24
23
25
23
23
23
24
25
26
26
25
27
27
24
23
24
27
29
29
26
24
24
23
22
22
25
26
26
26
25
25
25
23
23
24
23
24
24
26
27
27
26
27
30
31
29
27
28
31
31
30
29
31
31
32
28
27
26
26
27
28
27
25
25
27
27
29
27
26
25
26
27
26
28
28
27
29
28
28
28
28
29
31
30
29
26
23
25
26
26
24
25
25
25
24
25
26
28
27
25
25
25
27
28
24
21
21
19
20
20
19
22
23
23
22
22
22
20
19
18
17
19
20
21
20
20
20
19
18
16
17
19
20
19
16
14
14
15
17
15
14
16
18
19
19
17
17
16
17
19
20
22
22
20
18
16
15
19
18
19
20
20
21
20
19
20
21
20
19
18
22
24
23
22
21
21
21
24
22
22
21
22
21
24
26
25
25
21
22
21
19
19
20
22
22
23
23
23
25
25
23
23
23
25
27
26
24
22
22
23
24
24
24
24
24
24
24
26
25
24
24
23
24
25
24
24
22
17
16
18
21
20
20
19
17
18
18
18
17
17
15
17
22
26
25
23
21
20
22
23
22
23
23
22
23
24
23
24
25
24
23
23
22
23
24
26
27
27
24
21
20
21
23
26
29
27
24
23
25
27
26
26
22
22
24
21
22
24
23
22
20
19
22
23
26
27
25
25
25
24
23
23
24
24
22
22
24
24
24
26
26
27
23
23
25
25
26
25
25
24
23
24
22
22
21
22
21
21
23
23
22
22
22
23
22
19
19
17
18
20
18
17
16
17
19
19
16
15
15
16
14
14
15
15
14
12
12
10
9
11
10
10
9
10
10
10
10
9
11
11
11
9
8
8
9
9
9
9
6
6
8
9
9
10
10
11
11
11
9
8
8
9
11
9
7
9
12
14
15
16
16
16
17
16
19
20
20
20
20
18
21
25
24
26
25
25
27
27
28
30
31
31
30
32
34
36
36
37
37
39
40
40
39
40
39
41
43
43
43
44
43
43
43
42
42
41
39
38
37
37
38
37
36
38
37
36
33
31
28
30
31
34
33
30
29
24
23
21
21
21
19
18
18
17
17
15
12
11
9
8
6
6
6
6
6
4
0
-4
-4
-4
-3
-6
-7
-8
-8
-5
-3
-6
-9
-9
-6
-5
-6
-6
-7
-4
-3
-2
-1
3
6
8
7
8
11
13
18
20
23
23
26
29
32
36
38
41
43
44
46
48
50
52
52
53
53
57
57
56
58
59
60
60
62
61
62
61
60
60
61
60
59
59
58
58
59
59
60
59
57
55
54
52
50
50
49
47
43
37
35
35
34
30
28
25
23
19
13
10
6
2
-1
-4
-8
-12
-18
-22
-24
-25
-29
-33
-37
-39
-39
-42
-46
-51
-56
-59
-62
-63
-64
-63
-64
-65
-63
-60
-56
-53
-50
-44
-39
-29
-21
-11
-2
6
12
16
23
32
41
51
59
65
71
73
76
79
83
86
88
90
89
90
90
91
89
87
84
84
83
83
79
73
68
64
63
60
56
56
57
58
62
61
63
65
65
66
66
68
72
78
85
90
93
96
97
100
102
102
104
105
107
107
109
110
109
108
106
103
102
101
99
97
94
89
87
84
80
74
69
64
58
53
47
41
35
28
23
17
13
11
7
3
-2
-9
-15
-21
-24
-28
-29
-33
-39
-46
-52
-59
-64
-69
-74
-78
-83
-83
-83
-79
-74
-73
-65
-53
-42
-32
-24
-17
-10
2
14
23
32
41
47
55
59
59
61
63
67
70
72
75
77
80
80
79
79
80
78
76
72
69
66
61
57
48
43
40
34
32
32
32
33
29
29
31
33
35
36
38
42
46
47
51
54
58
62
67
70
73
77
80
88
97
106
112
116
121
125
128
129
131
132
132
131
132
130
124
118
109
108
108
105
101
96
95
95
96
95
94
91
90
89
87
83
78
73
69
64
60
54
47
38
27
21
13
9
3
-2
-8
-16
-23
-33
-41
-48
-55
-61
-69
-74
-83
-91
-100
-108
-113
-120
-123
-126
-128
-123
-118
-110
-99
-85
-73
-64
-56
-45
-35
-24
-11
2
16
26
33
40
46
51
56
58
62
67
73
80
85
89
91
91
90
90
89
93
93
94
92
88
85
78
71
66
64
63
58
54
54
57
62
62
62
61
63
66
68
72
79
84
89
97
101
106
110
116
120
125
131
139
144
146
147
147
149
150
149
148
143
141
138
136
130
121
116
108
102
99
90
85
81
80
81
79
76
72
68
63
57
52
46
42
37
33
26
17
8
-2
-11
-18
-26
-34
-40
-46
-54
-61
-68
-75
-82
-89
-97
-105
-114
-119
-128
-134
-138
-142
-141
-139
-133
-121
-107
-90
-79
-71
-57
-42
-25
-9
4
21
33
44
54
62
69
72
71
73
78
85
92
95
99
101
104
106
105
102
99
94
93
90
84
79
70
64
58
53
47
43
38
36
34
35
36
37
39
41
42
45
48
52
56
61
67
73
80
86
90
98
106
114
127
137
149
158
163
167
170
173
175
173
173
170
170
168
165
160
153
144
138
130
125
120
117
113
113
112
112
108
104
97
91
85
80
77
71
66
57
48
37
26
12
-2
-11
-16
-21
-29
-39
-51
-62
-72
-81
-92
-103
-110
-117
-125
-132
-140
-148
-159
-167
-171
-171
-169
-164
-158
-145
-124
-110
-98
-88
-78
-60
-42
-22
-2
13
31
42
52
60
67
68
73
77
83
93
96
102
104
106
110
112
113
111
109
107
103
102
99
92
85
78
70
64
55
48
46
44
44
46
50
52
51
52
58
62
68
73
78
86
95
105
113
124
131
136
143
153
165
177
189
195
200
202
203
208
206
206
200
195
191
187
181
174
166
158
150
141
135
129
127
126
128
125
120
114
108
102
96
87
78
73
67
59
52
40
29
16
2
-8
-15
-21
-30
-37
-50
-57
-64
-74
-87
-105
-112
-124
-131
-141
-154
-162
-175
-184
-191
-202
-198
-201
-191
-177
-158
-136
-122
-109
-97
-82
-66
-44
-23
-2
16
26
41
50
58
62
61
72
79
87
97
97
106
110
115
123
124
126
123
118
114
112
110
109
101
90
81
69
66
61
58
58
54
58
64
66
68
67
71
76
79
84
90
100
113
125
138
150
158
166
174
184
199
210
222
231
239
246
250
252
250
245
242
235
230
226
219
210
202
194
187
181
170
162
156
154
151
148
143
135
127
118
109
100
91
82
71
64
57
49
40
27
14
2
-8
-16
-26
-34
-47
-56
-63
-72
-79
-94
-105
-121
-132
-140
-150
-158
-171
-184
-196
-205
-212
-216
-212
-201
-180
-154
-140
-126
-116
-96
-76
-50
-26
-3
22
35
56
70
76
86
83
89
100
105
117
117
122
132
136
145
148
147
143
139
136
140
140
137
130
115
106
95
86
81
73
71
65
65
73
76
82
84
83
90
92
98
107
113
124
143
156
171
181
187
197
203
218
231
241
253
257
265
274
276
274
267
258
250
243
237
231
219
208
200
190
183
171
157
142
135
134
131
125
118
112
104
96
84
73
59
48
39
30
24
13
3
-8
-20
-30
-38
-47
-57
-68
-76
-83
-92
-106
-117
-130
-141
-155
-165
-180
-196
-209
-225
-233
-248
-254
-253
-244
-225
-202
-183
-167
-155
-139
-117
-89
-58
-33
-8
11
27
45
58
68
74
70
80
88
100
113
116
127
136
139
149
154
153
152
145
143
147
145
142
129
116
106
93
87
78
69
69
65
70
77
80
85
85
85
90
94
105
112
120
135
151
165
182
190
197
208
218
236
250
259
271
277
287
295
295
295
284
275
268
259
255
245
233
225
215
209
200
183
169
158
154
150
147
143
136
126
120
110
100
88
71
56
42
34
27
17
9
-3
-18
-29
-38
-47
-56
-65
-74
-79
-90
-98
-117
-127
-145
-157
-169
-188
-202
-222
-238
-249
-264
-268
-266
-252
-221
-196
-182
-176
-170
-147
-115
-80
-48
-21
6
27
46
66
77
85
84
86
99
110
125
134
138
152
162
173
182
180
174
173
171
181
188
184
174
155
142
130
117
111
101
92
87
88
99
105
108
107
107
109
116
121
129
135
145
161
174
190
201
210
224
235
249
264
274
283
292
303
317
327
328
323
311
300
292
282
272
261
248
238
228
215
204
190
178
171
163
157
152
145
138
129
121
111
98
81
62
47
37
26
16
5
-8
-14
-27
-36
-49
-64
-79
-92
-99
-112
-116
-130
-139
-153
-172
-190
-216
-235
-258
-276
-288
-296
-291
-271
-244
-207
-199
-187
-187
-168
-129
-98
-53
-26
10
35
56
77
83
91
88
83
95
104
121
131
142
154
164
176
180
182
173
171
168
172
180
176
168
154
136
123
105
93
78
64
57
56
69
79
85
88
88
88
92
95
99
107
117
130
150
167
185
194
203
216
236
258
276
293
307
319
336
348
356
357
346
335
324
314
305
296
285
277
264
252
240
225
213
201
191
185
180
176
170
162
153
139
125
111
93
74
54
37
21
7
-6
-18
-30
-43
-57
-69
-84
-96
-110
-118
-132
-143
-155
-170
-183
-206
-225
-252
-276
-298
-315
-328
-327
-328
-306
-277
-243
-226
-216
-206
-181
-148
-111
-68
-41
0
19
44
63
69
75
72
69
87
96
116
126
134
152
166
177
183
184
174
173
164
174
179
176
167
150
135
124
101
92
71
56
51
51
65
75
79
84
83
83
90
88
95
102
115
134
156
174
193
196
212
230
249
272
285
301
319
337
358
373
377
380
370
360
353
338
324
307
295
289
278
268
255
239
224
210
204
197
189
181
173
169
165
152
135
115
95
77
53
26
5
-15
-27
-39
-47
-59
-74
-92
-106
-123
-135
-149
-167
-176
-194
-208
-227
-246
-268
-291
-317
-338
-359
-362
-360
-335
-307
-268
-247
-235
-220
-208
-166
-133
-85
-55
-15
7
37
61
76
83
86
78
91
94
107
119
125
150
165
187
189
190
180
175
167
169
167
167
159
151
133
125
103
89
67
50
42
37
43
54
62
72
81
86
91
82
84
87
102
118
137
155
177
191
211
229
249
272
287
302
322
338
366
384
400
409
407
402
391
375
357
344
332
321
308
296
286
274
261
248
232
225
208
197
185
174
170
161
147
134
115
95
70
43
16
-7
-26
-39
-51
-62
-72
-87
-101
-120
-140
-161
-176
-190
-201
-211
-226
-245
-263
-291
-308
-340
-353
-375
-379
-378
-363
-323
-286
-256
-244
-235
-216
-180
-146
-100
-71
-24
1
37
55
70
77
77
73
81
87
101
115
122
143
159
177
186
190
179
178
164
169
169
166
160
152
138
129
106
91
69
50
36
28
33
44
55
67
75
79
88
87
92
93
102
115
135
157
187
207
229
250
272
296
313
322
338
351
375
401
417
431
429
424
418
403
387
366
347
334
319
310
297
285
277
263
251
238
220
207
190
177
165
150
137
121
99
79
47
17
-10
-38
-56
-72
-85
-97
-115
-126
-145
-159
-178
-196
-219
-229
-246
-253
-276
-297
-324
-346
-367
-381
-396
-401
-398
-376
-332
-295
-271
-262
-247
-221
-169
-137
-87
-54
-8
19
51
68
85
84
86
81
92
98
113
122
137
162
182
206
212
214
198
189
174
176
172
172
159
154
138
134
110
93
65
47
30
26
28
40
49
63
77
89
99
98
98
99
110
122
139
155
181
201
231
256
287
313
338
352
370
384
407
423
442
453
461
467
467
458
443
421
403
385
366
348
335
322
313
306
297
288
271
249
228
209
193
174
156
140
122
104
78
48
16
-15
-40
-59
-77
-93
-112
-130
-145
-159
-173
-187
-208
-224
-241
-254
-277
-299
-332
-349
-377
-388
-402
-397
-391
-359
-320
-279
-254
-244
-228
-201
-158
-116
-71
-37
16
46
94
106
123
120
119
111
119
113
127
131
154
181
206
228
232
226
215
204
186
182
166
166
158
154
151
150
129
115
79
67
47
37
31
30
40
61
72
93
105
116
122
124
135
150
166
180
195
215
248
277
312
342
372
392
412
425
447
461
476
481
486
491
495
492
483
462
447
424
401
380
354
331
317
305
298
290
280
267
249
230
211
191
166
140
113
93
67
39
9
-21
-45
-65
-84
-104
-128
-151
-176
-196
-214
-234
-252
-270
-284
-300
-321
-347
-374
-399
-422
-430
-434
-410
-378
-324
-276
-241
-221
-206
-182
-145
-107
-51
-12
36
79
119
158
169
169
158
149
141
128
118
119
109
127
136
162
181
182
157
148
130
114
89
71
66
62
51
52
59
68
53
30
18
16
19
4
-6
8
35
50
74
92
118
138
146
162
194
235
257
272
303
315
345
369
403
436
474
498
523
533
535
521
488
464
449
428
408
405
397
396
391
386
353
329
305
288
260
262
260
238
249
246
237
215
194
149
109
73
23
-29
-71
-104
-142
-153
-184
-196
-229
-254
-296
-344
-383
-417
-453
-482
-503
-518
-531
-548
-563
-546
-515
-468
-392
-250
-116
1
54
128
200
251
250
248
270
317
346
351
355
346
318
248
163
77
-4
-101
-177
-229
-224
-217
-190
-174
-127
-97
-78
-103
-107
-115
-106
-109
-74
-31
36
81
136
176
209
199
181
154
139
114
92
78
86
96
107
119
129
127
111
93
83
88
99
126
162
221
279
344
407
459
492
515
534
554
557
556
552
553
546
528
505
476
446
413
375
338
297
260
237
225
230
233
238
247
263
268
270
253
243
229
213
182
151
107
75
17
-20
-69
-119
-177
-213
-263
-292
-350
-399
-448
-482
-517
-536
-567
-568
-587
-570
-594
-592
-591
-553
-492
-394
-240
-38
129
249
316
394
442
438
373
327
315
336
328
294
260
232
175
62
-67
-181
-286
-390
-467
-497
-459
-400
-331
-258
-152
-63
-17
-11
2
14
28
29
67
121
203
255
302
330
344
310
255
181
113
35
-21
-64
-63
-54
-28
-7
23
34
47
51
70
78
99
125
182
256
348
446
546
618
668
695
700
680
636
582
536
497
463
428
394
366
340
303
258
210
167
134
110
108
126
160
205
261
316
355
368
362
341
315
270
216
156
108
56
10
-47
-98
-163
-217
-265
-322
-379
-449
-505
-548
-574
-591
-603
-614
-612
-598
-594
-587
-587
-545
-484
-385
-267
-56
146
334
420
496
561
597
538
430
343
326
312
254
170
122
91
29
-107
-235
-336
-412
-513
-589
-591
-511
-424
-338
-218
-59
78
125
140
159
197
176
139
118
171
220
251
264
304
324
285
193
103
23
-62
-171
-238
-248
-208
-175
-130
-67
24
92
142
169
205
250
286
322
382
469
574
659
729
776
807
788
738
650
555
459
378
306
254
225
224
226
224
205
188
164
142
126
132
152
188
227
290
353
401
416
414
400
373
303
215
119
38
-34
-111
-177
-240
-273
-315
-348
-404
-451
-516
-563
-616
-627
-660
-650
-663
-617
-599
-549
-543
-482
-430
-322
-222
-40
146
334
441
511
575
614
581
472
364
303
274
204
104
21
-14
-72
-166
-287
-361
-430
-499
-579
-580
-535
-439
-372
-239
-89
89
172
236
272
327
311
265
204
203
200
202
192
221
236
217
158
95
34
-46
-160
-254
-296
-289
-274
-240
-161
-45
77
181
265
336
397
452
478
509
536
588
651
722
769
803
805
792
733
641
516
399
295
207
140
103
96
106
116
136
157
183
195
208
227
257
284
318
357
401
431
451
455
448
407
331
232
121
19
-95
-196
-288
-344
-390
-412
-441
-452
-484
-502
-542
-545
-568
-572
-590
-583
-558
-536
-501
-468
-395
-294
-177
-15
179
362
491
540
594
623
614
496
358
246
210
153
65
-49
-89
-130
-181
-298
-380
-454
-502
-567
-592
-570
-475
-381
-246
-93
100
239
330
381
424
426
383
308
248
203
179
163
163
166
155
134
103
57
-22
-124
-217
-277
-306
-319
-295
-228
-120
9
150
291
415
499
569
609
635
628
621
629
669
701
720
722
722
698
629
525
405
290
174
72
7
-17
-14
6
47
116
194
248
286
321
367
394
402
400
411
419
426
417
412
382
331
254
163
61
-53
-172
-286
-377
-447
-491
-516
-525
-523
-524
-517
-507
-503
-502
-501
-495
-497
-496
-500
-470
-433
-349
-277
-129
53
277
423
513
552
614
610
529
345
199
104
69
-32
-136
-211
-195
-202
-238
-324
-363
-411
-447
-520
-540
-507
-414
-324
-191
-20
176
316
416
468
508
489
422
309
209
129
78
32
12
2
17
30
36
8
-47
-113
-175
-227
-268
-290
-268
-200
-82
69
236
404
553
676
759
798
796
761
713
663
628
602
594
580
568
540
509
447
354
237
127
48
-4
-53
-86
-73
-5
88
170
244
323
408
471
490
484
470
455
420
387
356
324
284
232
173
108
26
-72
-184
-283
-375
-436
-503
-538
-574
-561
-557
-517
-496
-454
-425
-393
-386
-375
-396
-400
-422
-394
-360
-261
-164
39
218
412
490
580
608
635
518
358
172
77
-7
-119
-261
-317
-300
-256
-285
-328
-344
-332
-357
-418
-471
-441
-389
-320
-227
-65
122
281
389
475
543
551
488
364
254
153
65
-26
-83
-105
-89
-63
-31
-19
-24
-40
-64
-92
-143
-187
-198
-152
-66
49
186
351
522
669
779
850
879
853
786
705
615
533
450
385
350
341
331
305
262
214
158
101
39
-18
-62
-77
-53
13
100
190
291
402
505
574
597
578
538
488
425
348
266
190
131
82
35
-27
-91
-164
-226
-287
-346
-399
-462
-499
-531
-522
-510
-479
-463
-411
-371
-323
-320
-324
-360
-380
-408
-401
-391
-342
-248
-72
116
302
391
493
544
590
487
332
144
47
-58
-183
-341
-397
-377
-322
-340
-352
-339
-290
-296
-343
-384
-352
-310
-259
-191
-52
110
250
347
442
521
552
499
405
308
217
112
7
-77
-123
-133
-117
-88
-64
-49
-37
-20
-21
-51
-90
-99
-73
-20
49
157
295
447
580
696
789
847
839
780
694
600
491
363
247
177
161
152
139
126
145
169
175
131
77
48
46
52
60
82
149
242
344
424
492
537
555
537
497
437
359
260
164
89
36
-20
-81
-136
-169
-182
-208
-255
-308
-358
-381
-428
-440
-488
-469
-482
-425
-409
-358
-355
-346
-351
-370
-397
-429
-454
-436
-379
-222
-57
130
238
366
466
549
510
390
248
156
69
-72
-237
-333
-327
-316
-336
-374
-346
-289
-273
-308
-339
-304
-256
-225
-183
-80
55
163
249
331
432
485
477
419
370
309
222
113
16
-53
-98
-116
-120
-110
-100
-82
-55
-43
-47
-58
-50
-22
17
67
139
249
366
478
575
671
740
764
745
705
654
567
442
314
218
160
109
67
50
74
107
129
132
134
135
127
113
118
140
171
208
265
339
407
454
479
495
499
472
407
323
240
167
101
39
-18
-57
-83
-103
-136
-173
-218
-250
-288
-322
-359
-379
-393
-403
-398
-384
-354
-345
-348
-354
-361
-381
-442
-491
-519
-489
-450
-360
-214
-21
168
292
403
491
561
505
398
266
192
103
-29
-173
-240
-252
-256
-305
-333
-319
-286
-295
-311
-308
-244
-204
-164
-116
4
117
202
249
327
408
464
453
419
389
356
286
189
105
52
17
-27
-64
-82
-76
-70
-73
-60
-34
-4
24
61
120
195
265
332
403
479
548
591
615
628
633
615
559
481
409
338
268
196
139
102
89
81
78
74
77
82
92
100
114
141
183
221
257
302
359
403
427
435
438
432
404
346
292
251
216
165
111
61
25
-21
-80
-148
-203
-247
-287
-328
-358
-366
-372
-375
-386
-380
-377
-369
-387
-396
-421
-435
-477
-508
-544
-532
-517
-467
-383
-226
-46
133
255
390
489
571
531
441
338
278
183
37
-129
-212
-249
-281
-358
-403
-375
-313
-287
-288
-265
-193
-125
-91
-59
13
99
158
197
254
330
391
414
414
413
411
379
314
228
141
71
10
-46
-105
-149
-149
-117
-73
-42
-3
57
131
181
224
265
319
366
391
414
448
482
492
487
487
492
483
435
373
315
272
208
139
76
47
35
28
17
27
61
112
150
185
224
269
303
325
341
357
360
356
342
340
328
312
287
264
240
210
161
102
43
-14
-76
-133
-193
-242
-286
-311
-332
-337
-344
-349
-354
-351
-353
-357
-373
-371
-386
-373
-403
-406
-449
-454
-481
-475
-462
-410
-310
-166
-2
156
290
408
502
550
519
447
350
267
151
11
-131
-209
-251
-284
-326
-327
-271
-213
-177
-180
-146
-97
-54
-43
-24
27
92
138
184
264
354
423
444
450
457
444
386
291
204
141
88
26
-25
-47
-39
-24
-3
23
51
83
113
143
175
207
235
255
276
303
338
368
394
409
433
449
454
428
390
344
298
242
177
117
85
72
65
61
72
96
125
146
162
185
207
220
224
232
255
276
282
279
282
295
297
278
244
217
197
172
135
88
49
16
-19
-67
-115
-156
-197
-245
-288
-326
-339
-365
-373
-392
-374
-374
-363
-369
-359
-346
-347
-352
-374
-379
-401
-396
-409
-373
-343
-243
-138
11
132
244
333
416
457
435
362
299
247
189
72
-26
-86
-90
-133
-189
-232
-204
-186
-195
-232
-214
-160
-114
-85
-37
64
155
216
255
320
372
390
368
351
347
332
300
265
244
227
203
178
153
121
82
47
16
-8
-33
-43
-33
-9
24
67
124
187
247
294
338
368
380
370
355
341
319
284
248
228
231
235
219
200
196
203
194
166
135
115
103
81
50
37
48
67
71
81
103
132
149
149
155
175
196
201
194
194
210
213
201
163
130
95
52
-13
-92
-173
-246
-315
-369
-417
-438
-457
-448
-443
-414
-403
-385
-379
-365
-345
-327
-317
-309
-289
-265
-233
-221
-208
-208
-164
-98
-10
53
108
171
254
320
337
308
287
269
251
159
65
-24
-67
-136
-213
-286
-285
-273
-251
-258
-211
-128
-43
1
45
116
197
225
225
234
280
311
309
294
312
343
353
331
304
289
260
202
129
64
11
-39
-94
-126
-124
-96
-55
-15
39
104
165
210
234
247
262
266
258
248
246
256
263
260
256
269
276
272
241
217
200
180
151
107
77
49
29
0
-22
-34
-31
-33
-36
-28
1
34
59
82
124
177
225
246
257
270
288
272
232
173
125
73
9
-69
-140
-207
-263
-322
-369
-394
-418
-434
-460
-448
-429
-394
-386
-363
-338
-288
-261
-234
-238
-220
-229
-227
-247
-240
-226
-191
-122
-42
70
147
238
295
368
377
361
304
261
197
108
-1
-82
-140
-181
-239
-270
-267
-229
-204
-183
-159
-82
-19
45
78
140
199
245
262
280
313
343
350
335
335
339
325
280
233
197
167
111
44
-7
-32
-51
-80
-102
-99
-73
-43
-20
10
56
106
151
180
200
226
251
265
267
262
265
261
244
214
189
177
164
136
105
89
87
78
52
22
5
-7
-28
-59
-74
-66
-42
-19
9
55
112
161
191
217
250
278
280
253
220
204
178
134
73
30
1
-25
-63
-107
-143
-169
-202
-239
-266
-281
-293
-304
-312
-298
-274
-255
-240
-229
-208
-193
-188
-180
-185
-174
-190
-187
-205
-200
-215
-216
-225
-204
-155
-103
-42
3
74
134
201
213
235
227
251
236
197
144
102
70
26
-44
-85
-107
-105
-113
-120
-101
-43
2
57
95
164
219
249
252
260
267
265
241
208
195
174
161
138
126
118
108
88
78
64
57
57
54
54
44
39
48
51
56
55
58
71
84
87
102
113
133
149
162
183
200
208
205
194
183
173
142
110
78
58
36
6
-19
-26
-26
-17
-12
-3
15
33
56
77
94
113
123
136
146
145
138
128
119
109
83
57
36
18
-4
-25
-48
-67
-87
-114
-140
-166
-184
-211
-231
-254
-262
-272
-275
-291
-293
-299
-281
-281
-272
-273
-259
-253
-248
-254
-251
-242
-224
-201
-155
-91
-17
47
111
173
239
280
294
302
302
322
291
244
176
128
78
22
-63
-108
-147
-156
-182
-186
-152
-92
-41
10
56
134
189
217
226
243
252
249
208
177
161
144
125
95
75
74
68
59
51
40
46
45
33
25
10
10
4
-14
-25
-27
-17
3
12
31
61
88
115
129
142
158
156
142
121
110
106
100
81
70
66
63
55
36
27
25
18
11
-1
4
18
27
38
56
80
104
117
126
137
144
143
129
113
102
94
80
63
48
42
38
31
23
18
15
9
-10
-30
-53
-82
-123
-166
-203
-227
-259
-279
-292
-278
-268
-255
-244
-222
-195
-174
-162
-156
-161
-165
-191
-203
-238
-245
-264
-234
-188
-111
-40
48
138
227
300
329
357
350
352
314
254
192
140
89
34
-34
-66
-77
-92
-101
-122
-99
-58
-40
-17
6
55
96
102
101
119
128
125
96
75
80
69
51
35
35
54
65
62
80
97
117
121
107
100
86
58
26
-15
-48
-72
-98
-108
-110
-103
-85
-67
-35
11
54
91
115
139
160
164
151
130
100
74
44
7
-19
-36
-45
-43
-36
-15
13
37
60
79
95
110
105
95
81
68
54
29
5
-9
-10
-4
2
10
33
58
81
97
101
102
86
56
17
-30
-79
-134
-184
-228
-258
-278
-287
-288
-274
-250
-228
-201
-196
-172
-175
-156
-179
-176
-196
-191
-202
-207
-215
-216
-206
-199
-162
-125
-54
-4
57
116
183
237
261
277
296
293
280
220
167
109
58
-19
-86
-146
-156
-194
-207
-228
-203
-170
-139
-115
-66
-18
26
36
38
55
63
51
32
17
24
29
21
22
36
56
70
70
73
86
80
71
47
29
3
-33
-70
-97
-115
-123
-135
-139
-125
-108
-82
-58
-27
15
61
93
116
123
129
126
109
82
55
31
11
-10
-29
-35
-34
-27
-16
-9
9
27
34
42
39
42
41
30
22
14
11
14
9
13
22
38
53
62
72
82
88
92
83
64
45
15
-18
-52
-81
-109
-137
-171
-194
-218
-227
-239
-240
-242
-230
-210
-200
-180
-173
-149
-150
-132
-140
-126
-129
-120
-136
-128
-140
-129
-144
-147
-148
-139
-116
-86
-58
-14
23
70
112
133
161
153
169
154
130
92
48
7
-29
-88
-116
-156
-169
-183
-185
-167
-128
-96
-57
-30
15
50
60
59
55
41
24
-5
-33
-48
-57
-59
-58
-47
-22
1
19
42
53
68
71
60
51
30
9
-11
-39
-59
-70
-74
-73
-73
-64
-41
-18
5
25
43
67
80
85
83
84
80
69
44
29
16
5
-8
-19
-18
-6
8
14
25
35
55
61
58
57
56
53
51
37
37
38
37
34
26
23
29
24
22
14
10
8
0
-10
-20
-37
-52
-75
-97
-114
-129
-144
-159
-172
-172
-170
-163
-161
-150
-132
-117
-105
-102
-95
-100
-96
-113
-126
-148
-171
-187
-211
-229
-238
-255
-245
-236
-205
-161
-116
-67
-16
27
76
101
129
138
149
144
124
102
69
41
-2
-45
-77
-106
-133
-154
-178
-172
-168
-157
-140
-119
-84
-53
-43
-26
-13
5
7
-1
-7
-5
-13
-18
-24
-23
-11
-6
2
12
24
36
44
42
45
41
37
24
9
-2
-11
-17
-23
-28
-29
-31
-32
-28
-19
-5
6
16
27
37
48
56
55
50
46
41
31
17
5
3
-3
-10
-15
-16
-9
-8
-5
2
13
23
27
30
38
46
48
47
45
43
35
23
10
-2
-21
-36
-53
-62
-68
-77
-81
-83
-78
-75
-76
-82
-90
-99
-110
-119
-139
-150
-166
-163
-168
-163
-169
-169
-169
-170
-167
-171
-164
-171
-165
-173
-179
-199
-208
-233
-229
-238
-219
-201
-166
-129
-78
-40
10
35
64
89
98
119
109
100
84
60
38
3
-47
-77
-119
-143
-174
-196
-202
-197
-190
-166
-143
-102
-71
-44
-18
5
20
27
24
16
8
-9
-25
-39
-47
-48
-44
-33
-12
6
28
50
72
89
94
94
90
78
65
44
20
3
-19
-37
-52
-57
-52
-41
-30
-13
8
29
52
67
81
90
90
84
67
50
34
12
-9
-26
-38
-41
-42
-41
-33
-22
-2
18
34
50
57
69
74
68
61
46
34
19
0
-14
-25
-37
-47
-57
-63
-61
-65
-67
-70
-68
-64
-66
-68
-75
-79
-87
-96
-114
-127
-141
-152
-158
-171
-172
-173
-174
-169
-167
-154
-149
-142
-138
-141
-140
-151
-163
-184
-204
-217
-222
-215
-194
-163
-114
-66
-10
33
75
114
136
159
151
147
130
101
67
21
-23
-55
-97
-126
-151
-164
-161
-155
-143
-111
-81
-44
-20
3
28
46
49
48
40
34
24
3
-11
-20
-23
-23
-25
-17
8
28
48
62
79
99
106
101
96
82
69
48
22
7
-6
-16
-21
-23
-13
4
20
35
51
65
79
86
88
87
83
78
60
40
26
14
-3
-15
-29
-32
-37
-38
-36
-30
-16
0
11
25
41
54
63
64
59
53
40
28
9
-14
-32
-47
-59
-68
-76
-75
-72
-70
-66
-71
-66
-71
-77
-90
-101
-115
-125
-138
-146
-158
-162
-172
-172
-177
-170
-173
-165
-166
-158
-151
-148
-138
-144
-143
-163
-177
-202
-218
-228
-219
-206
-177
-142
-96
-45
4
50
87
123
155
167
173
166
154
128
85
44
4
-33
-70
-108
-138
-144
-144
-135
-123
-98
-67
-41
-23
2
23
37
44
41
38
31
20
4
-12
-25
-31
-35
-31
-20
-3
19
43
67
92
113
136
149
153
152
145
133
116
92
68
43
23
12
6
6
7
17
28
45
56
67
72
74
72
61
44
27
10
-5
-24
-38
-51
-57
-58
-57
-51
-36
-21
1
18
33
49
59
66
67
64
61
51
37
26
7
-10
-29
-45
-54
-62
-68
-73
-78
-82
-89
-97
-107
-119
-127
-135
-133
-134
-131
-137
-133
-132
-123
-122
-120
-121
-119
-114
-111
-111
-116
-114
-113
-115
-127
-137
-150
-152
-153
-145
-126
-95
-65
-29
4
48
84
113
138
156
170
173
169
156
128
101
66
25
-13
-56
-86
-106
-119
-120
-114
-95
-65
-44
-18
13
39
57
64
66
72
66
53
35
20
12
3
-9
-8
-5
11
27
40
65
83
105
121
138
151
156
155
150
140
132
116
97
77
62
54
47
43
41
40
41
46
47
47
46
42
37
30
24
16
7
1
-3
-4
-3
-2
-4
-5
-6
1
5
11
19
28
36
43
46
48
50
47
41
33
21
11
-2
-16
-27
-36
-45
-56
-67
-74
-82
-89
-98
-109
-111
-110
-110
-108
-111
-110
-108
-103
-98
-91
-82
-76
-72
-72
-67
-62
-63
-72
-81
-95
-95
-109
-121
-132
-136
-118
-100
-82
-47
-22
13
38
63
96
113
130
135
129
129
115
94
72
39
22
-12
-42
-64
-80
-86
-79
-73
-51
-29
-1
30
56
77
94
97
99
90
77
63
45
30
17
9
6
5
7
21
36
60
78
94
109
128
142
149
147
149
152
146
138
124
107
90
73
62
50
39
33
26
26
28
33
39
37
39
43
45
47
39
30
26
21
19
7
-3
-6
-8
-5
-6
-9
-7
0
7
12
19
30
37
43
48
50
53
46
36
25
10
-7
-31
-55
-75
-88
-102
-113
-122
-124
-120
-117
-110
-104
-97
-91
-86
-82
-76
-74
-70
-72
-74
-75
-75
-73
-78
-77
-78
-81
-83
-82
-88
-82
-83
-67
-50
-29
-3
19
39
67
87
102
117
114
115
107
92
79
50
31
14
-10
-19
-35
-46
-44
-42
-25
-4
13
40
56
80
104
113
122
122
118
114
99
82
72
58
50
46
40
45
46
57
70
83
101
112
123
135
140
143
139
132
125
120
115
109
101
94
90
84
86
86
84
83
81
77
76
68
68
60
56
53
46
38
29
21
14
8
3
0
-7
-5
-1
6
13
22
33
44
56
63
73
75
78
77
69
61
49
36
20
4
-11
-21
-33
-35
-43
-44
-51
-55
-60
-64
-69
-75
-76
-77
-74
-71
-69
-65
-63
-57
-53
-52
-47
-49
-43
-44
-40
-41
-35
-37
-26
-26
-10
-2
14
25
43
55
71
78
81
86
89
95
89
86
75
68
56
48
35
29
24
25
28
37
47
64
75
95
111
127
138
144
148
150
149
146
135
125
115
103
101
96
95
95
98
105
112
121
131
140
148
152
151
152
153
153
153
149
145
140
136
136
130
126
122
121
121
119
116
117
118
119
115
110
103
92
87
78
69
64
51
44
40
35
36
39
44
52
58
63
69
70
71
74
71
69
68
65
59
53
48
44
40
40
39
38
34
26
21
12
8
-3
-9
-19
-26
-32
-41
-47
-52
-57
-55
-58
-57
-50
-45
-34
-30
-20
-14
-7
1
10
15
22
26
35
41
50
58
64
69
73
78
83
86
89
87
83
82
74
70
62
55
48
47
46
50
55
68
74
84
97
109
119
126
128
132
138
139
135
129
127
130
130
131
129
130
129
128
128
132
134
138
137
135
136
137
136
138
137
142
142
143
140
136
134
133
131
130
127
126
125
121
124
125
123
120
120
117
112
104
99
93
87
78
69
62
55
52
49
42
38
35
35
33
32
31
33
34
39
35
38
36
31
25
20
19
19
20
19
22
23
27
26
28
29
30
27
22
14
5
-8
-22
-33
-41
-44
-48
-52
-50
-47
-39
-31
-22
-14
-2
6
15
20
27
32
36
40
45
51
56
62
67
70
77
81
85
86
88
88
88
84
82
80
77
78
79
83
85
92
93
100
107
115
116
117
120
124
130
132
133
136
138
139
141
137
141
140
138
137
135
136
138
141
142
143
141
142
142
143
140
137
131
128
122
118
113
111
110
103
99
100
106
113
118
125
131
135
136
134
129
125
115
104
91
79
68
53
38
26
17
11
12
16
22
26
31
36
43
45
41
38
33
27
21
14
5
-3
-9
-12
-13
-10
-7
-1
4
9
14
20
25
25
23
16
11
3
-5
-13
-21
-24
-30
-33
-31
-27
-20
-13
-7
-2
6
17
29
38
45
49
53
55
59
59
57
58
60
63
62
66
72
78
86
87
92
98
101
110
109
109
107
105
102
99
94
92
88
88
88
91
96
100
106
113
122
129
137
141
149
152
152
149
145
141
138
134
127
124
123
122
118
118
117
115
115
107
102
99
100
99
92
88
84
82
79
74
71
70
67
64
61
60
60
62
61
62
61
62
61
56
53
50
46
43
39
33
25
19
14
11
7
6
4
0
-4
-5
-7
-7
-6
-7
-8
-10
-12
-14
-16
-18
-19
-20
-21
-21
-17
-16
-14
-11
-8
-8
-5
-6
-2
-3
0
0
0
1
0
-2
-2
-3
-2
1
3
7
9
16
22
29
35
39
45
51
55
62
64
67
72
76
76
76
74
75
75
79
80
82
80
81
82
85
84
83
82
86
87
90
87
86
83
83
83
85
83
84
82
84
87
90
95
94
94
93
95
93
92
89
86
84
80
75
72
66
62
59
54
46
38
32
28
27
24
21
21
20
20
19
18
17
13
12
15
14
16
13
8
2
1
0
-3
-6
-8
-10
-10
-11
-11
-13
-14
-13
-13
-18
-24
-27
-30
-35
-40
-43
-42
-44
-43
-43
-43
-44
-41
-40
-39
-37
-36
-34
-34
-35
-39
-42
-46
-49
-49
-49
-48
-46
-42
-38
-35
-32
-25
-15
-6
0
7
12
13
17
19
22
23
23
19
15
12
10
7
8
6
10
12
19
22
26
33
39
44
46
47
50
54
54
52
48
45
44
46
45
42
41
40
41
44
45
47
48
48
45
42
36
35
36
35
32
28
27
26
26
28
29
31
29
28
28
26
26
25
24
20
15
11
5
3
1
-3
-5
-8
-11
-12
-14
-16
-19
-23
-26
-30
-31
-35
-37
-41
-44
-44
-43
-42
-40
-40
-37
-36
-37
-37
-40
-41
-39
-39
-43
-43
-42
-39
-38
-40
-43
-40
-40
-43
-45
-49
-49
-49
-51
-53
-57
-64
-66
-67
-66
-65
-65
-65
-62
-57
-50
-44
-39
-34
-28
-18
-11
-7
-2
0
3
5
4
6
7
5
4
2
4
2
0
-4
-2
-1
1
-1
-2
1
5
10
12
16
17
22
23
25
25
26
26
24
23
22
23
21
18
15
13
13
15
11
11
8
4
5
2
-2
-5
-5
-4
-7
-7
-8
-8
-8
-9
-10
-10
-13
-15
-18
-18
-17
-19
-21
-19
-19
-18
-18
-22
-24
-26
-26
-28
-36
-43
-51
-56
-59
-61
-65
-68
-72
-76
-75
-74
-71
-71
-70
-70
-69
-69
-71
-69
-70
-69
-67
-64
-60
-54
-52
-50
-50
-48
-49
-50
-50
-51
-53
-55
-60
-61
-62
-63
-63
-63
-65
-64
-67
-68
-65
-63
-62
-60
-57
-51
-47
-45
-44
-43
-37
-34
-34
-34
-35
-31
-30
-29
-29
-27
-25
-22
-19
-16
-14
-12
-10
-10
-9
-10
-9
-8
-5
-4
-3
-3
-4
-8
-12
-12
-11
-11
-11
-14
-16
-18
-21
-22
-24
-23
-22
-21
-25
-27
-29
-32
-33
-33
-34
-33
-34
-35
-34
-32
-31
-31
-31
-35
-36
-40
-45
-47
-47
-48
-47
-48
-49
-49
-48
-51
-52
-55
-56
-58
-63
-66
-67
-67
-69
-72
-70
-69
-67
-64
-60
-60
-64
-68
-70
-72
-75
-77
-78
-79
-78
-80
-81
-78
-75
-74
-72
-69
-69
-66
-63
-60
-60
-61
-62
-62
-59
-55
-51
-49
-49
-48
-44
-44
-45
-48
-51
-51
-48
-47
-51
-49
-48
-46
-46
-47
-50
-52
-54
-57
-57
-58
-58
-57
-54
-50
-46
-46
-47
-45
-42
-38
-33
-29
-27
-26
-24
-18
-14
-12
-11
-8
-5
-5
-5
-8
-9
-11
-11
-13
-17
-24
-28
-33
-35
-38
-37
-40
-40
-39
-37
-36
-36
-38
-37
-35
-32
-30
-28
-26
-25
-25
-29
-34
-39
-44
-47
-51
-54
-52
-49
-50
-50
-51
-52
-52
-51
-55
-58
-62
-65
-69
-71
-74
-76
-75
-73
-72
-69
-68
-65
-65
-65
-66
-66
-66
-67
-64
-64
-62
-62
-61
-57
-56
-60
-63
-66
-62
-60
-62
-67
-69
-67
-66
-68
-68
-66
-63
-59
-56
-53
-51
-48
-48
-48
-47
-46
-45
-42
-38
-36
-37
-37
-37
-35
-34
-34
-35
-37
-38
-38
-39
-40
-39
-40
-41
-42
-40
-38
-36
-37
-39
-39
-39
-37
-35
-35
-35
-34
-34
-35
-34
-32
-32
-29
-27
-25
-26
-23
-23
-21
-20
-23
-26
-27
-28
-31
-34
-37
-39
-41
-45
-48
-49
-49
-49
-51
-48
-43
-41
-45
-48
-48
-46
-46
-46
-45
-44
-43
-42
-41
-43
-46
-48
-50
-53
-53
-56
-60
-65
-66
-67
-68
-69
-69
-67
-66
-65
-64
-66
-64
-61
-63
-64
-65
-65
-66
-64
-62
-59
-59
-56
-54
-55
-52
-49
-50
-51
-51
-53
-52
-52
-53
-53
-54
-53
-56
-56
-56
-56
-55
-55
-55
-53
-52
-51
-50
-49
-48
-45
-46
-46
-46
-42
-40
-37
-37
-39
-39
-38
-37
-36
-38
-38
-38
-38
-40
-43
-45
-46
-45
-42
-41
-41
-40
-42
-42
-40
-40
-41
-40
-41
-41
-39
-39
-39
-40
-41
-41
-42
-43
-43
-44
-43
-41
-40
-42
-46
-48
-48
-46
-45
-46
-47
-49
-47
-48
-50
-53
-55
-57
-59
-61
-63
-63
-61
-60
-59
-61
-62
-63
-61
-60
-59
-60
-63
-64
-65
-65
-68
-71
-72
-72
-72
-71
-71
-70
-68
-66
-64
-65
-66
-66
-66
-67
-67
-68
-69
-67
-69
-69
-68
-66
-67
-66
-64
-64
-63
-60
-60
-57
-55
-54
-51
-48
-49
-50
-50
-48
-47
-46
-46
-46
-45
-47
-45
-47
-46
-45
-44
-43
-45
-47
-48
-46
-43
-40
-37
-36
-32
-31
-32
-33
-35
-36
-36
-36
-38
-39
-39
-41
-40
-40
-41
-42
-40
-38
-38
-40
-43
-44
-43
-43
-41
-40
-39
-39
-37
-37
-37
-39
-41
-43
-46
-46
-45
-48
-49
-51
-53
-52
-52
-53
-55
-52
-50
-49
-47
-47
-46
-47
-48
-48
-48
-47
-47
-54
-53
-53
-52
-52
-52
-54
-53
-54
-57
-56
-54
-54
-53
-55
-56
-55
-56
-57
-56
-56
-58
-55
-53
-49
-48
-48
-49
-48
-46
-45
-46
-49
-50
-52
-53
-53
-53
-51
-49
-47
-45
-44
-41
-40
-38
-41
-41
-42
-39
-39
-38
-38
-38
-36
-35
-36
-36
-33
-32
-29
-27
-25
-24
-22
-20
-18
-17
-16
-19
-20
-20
-21
-20
-18
-21
-23
-25
-25
-25
-26
-26
-25
-23
-23
-20
-18
-17
-15
-17
-19
-18
-18
-18
-18
-17
-17
-17
-17
-17
-16
-18
-20
-18
-20
-20
-23
-23
-24
-23
-22
-22
-23
-25
-29
-31
-32
-32
-32
-34
-33
-34
-36
-38
-36
-33
-30
-29
-29
-29
-30
-30
-29
-29
-27
-26
-27
-28
-27
-28
-28
-26
-26
-25
-23
-23
-25
-25
-24
-23
-24
-22
-23
-23
-23
-24
-27
-26
-25
-24
-22
-20
-19
-19
-20
-20
-17
-13
-14
-15
-15
-14
-14
-14
-15
-13
-12
-12
-14
-14
-11
-9
-8
-7
-8
-8
-7
-6
-5
-7
-7
-8
-7
-4
-1
4
10
11
12
11
11
9
9
9
9
10
8
7
7
5
3
3
3
4
6
5
2
3
4
4
3
5
4
3
2
1
2
3
3
5
6
4
4
3
2
1
1
0
3
4
4
3
0
-1
2
3
4
4
4
4
2
-1
-2
-3
-5
-7
-9
-9
-7
-8
-8
-5
-3
0
2
5
6
8
9
7
4
5
6
8
9
7
7
9
9
7
8
10
10
9
8
10
13
13
10
10
11
13
15
16
14
12
11
12
16
22
22
19
17
18
21
22
20
22
23
25
28
28
26
25
26
28
27
25
23
22
24
23
26
27
25
24
26
30
32
34
38
39
39
39
37
38
38
38
37
35
37
36
33
31
30
28
27
27
25
26
26
25
27
27
28
26
22
22
23
25
26
27
30
31
29
30
31
32
31
28
25
25
26
27
27
28
29
30
31
28
27
27
27
28
25
23
23
21
19
17
16
18
21
23
24
29
33
33
30
27
29
31
30
26
22
20
22
25
26
26
25
25
28
33
35
34
33
33
33
32
33
36
37
37
36
38
39
39
40
40
42
45
43
43
42
43
44
45
42
40
39
42
46
46
46
46
48
48
47
48
48
51
50
47
47
48
48
48
48
50
51
54
55
56
56
55
56
55
55
52
53
50
47
45
42
43
44
45
46
46
45
45
44
42
41
40
40
40
42
41
38
37
37
38
40
40
40
39
39
39
38
37
36
36
35
35
35
36
36
37
40
40
44
45
47
47
44
43
42
42
41
39
36
34
34
36
37
40
40
39
38
40
39
39
40
40
41
43
42
40
38
41
44
44
45
43
42
45
44
44
44
45
46
47
49
48
49
53
55
57
55
53
54
55
56
57
57
57
55
55
55
53
51
52
55
55
57
57
54
53
53
52
51
52
51
50
50
50
50
49
50
51
52
51
51
51
50
49
50
50
50
47
46
46
45
42
42
42
44
45
46
47
46
44
42
42
42
42
41
38
37
35
34
34
31
30
27
28
30
31
30
28
25
25
23
22
22
21
22
24
28
30
29
30
30
29
31
32
31
31
29
29
30
29
24
22
23
23
23
22
19
20
22
23
21
17
17
18
20
21
21
22
23
21
19
20
21
23
23
22
21
22
23
23
23
20
18
17
21
24
25
23
21
18
15
17
16
17
18
17
17
17
18
21
22
20
18
16
17
17
17
17
15
13
12
10
10
11
12
11
10
11
11
11
11
8
6
7
8
9
9
7
7
7
4
2
2
3
4
0
-3
-4
-2
-1
0
0
0
-1
-1
0
1
-2
-3
-5
-5
-4
-4
-5
-8
-10
-10
-11
-13
-16
-17
-17
-17
-17
-17
-17
-15
-12
-11
-10
-7
-5
-6
-8
-10
-11
-12
-11
-12
-11
-11
-11
-14
-15
-15
-17
-15
-15
-16
-17
-19
-20
-21
-21
-23
-23
-22
-20
-19
-22
-23
-22
-21
-23
-26
-28
-27
-25
-24
-26
-28
-29
-27
-25
-22
-22
-21
-21
-21
-18
-20
-19
-20
-20
-18
-19
-17
-18
-17
-17
-17
-18
-18
-22
-26
-26
-26
-23
-21
-22
-22
-21
-20
-22
-24
-28
-31
-30
-31
-30
-32
-35
-35
-33
-31
-28
-25
-24
-25
-27
-29
-31
-30
-30
-31
-32
-33
-33
-33
-34
-36
-38
-41
-41
-39
-39
-40
-39
-38
-37
-37
-39
-42
-43
-39
-37
-37
-39
-40
-41
-43
-44
-43
-43
-43
-43
-46
-46
-47
-46
-46
-45
-43
-43
-44
-45
-48
-48
-46
-45
-41
-39
-41
-43
-43
-42
-40
-38
-37
-35
-37
-38
-40
-43
-45
-46
-45
-44
-41
-43
-45
-45
-47
-49
-52
-54
-55
-53
-52
-53
-52
-51
-49
-49
-51
-55
-55
-54
-53
-51
-54
-56
-53
-51
-49
-47
-46
-47
-49
-50
-50
-51
-49
-52
-52
-54
-55
-54
-54
-52
-50
-50
-50
-53
-55
-56
-55
-54
-56
-59
-61
-59
-60
-59
-58
-60
-60
-60
-59
-62
-64
-65
-65
-62
-63
-61
-58
-58
-60
-61
-62
-58
-59
-62
-64
-65
-63
-65
-67
-68
-69
-69
-68
-69
-70
-69
-67
-69
-69
-68
-68
-68
-68
-71
-70
-68
-69
-70
-69
-70
-71
-73
-73
-73
-69
-69
-71
-73
-76
-75
-73
-74
-73
-73
-73
-74
-74
-75
-74
-74
-73
-74
-73
-71
-68
-68
-68
-70
-68
-68
-69
-70
-71
-73
-71
-72
-73
-75
-76
-75
-74
-74
-74
-74
-74
-75
-76
-78
-78
-77
-77
-77
-78
-76
