-35
-33
-33
-32
-30
-29
-27
-28
-26
-25
-24
-26
-25
-25
-24
-25
-26
-24
-25
-23
-24
-27
-28
-25
-23
-23
-24
-25
-23
-25
-27
-28
-26
-24
-25
-27
-29
-26
-23
-23
-25
-27
-26
-25
-25
-26
-28
-25
-20
-19
-25
-30
-32
-31
-29
-28
-26
-27
-26
-26
-25
-26
-27
-28
-28
-29
-29
-27
-27
-26
-28
-29
-29
-30
-28
-27
-27
-27
-28
-27
-27
-27
-26
-24
-21
-23
-27
-29
-28
-29
-26
-27
-29
-32
-33
-30
-27
-25
-25
-25
-27
-27
-30
-31
-31
-30
-29
-29
-28
-27
-28
-29
-28
-29
-28
-26
-24
-23
-24
-25
-26
-26
-24
-24
-24
-25
-25
-23
-23
-25
-26
-25
-23
-23
-23
-23
-23
-22
-22
-22
-22
-23
-20
-18
-18
-18
-21
-24
-24
-23
-21
-17
-18
-21
-21
-23
-21
-19
-21
-21
-20
-18
-17
-20
-25
-26
-23
-20
-19
-18
-17
-16
-15
-14
-17
-18
-17
-15
-16
-18
-19
-19
-18
-19
-20
-18
-16
-15
-12
-12
-14
-15
-14
-14
-15
-18
-20
-17
-14
-15
-17
-17
-15
-15
-13
-13
-13
-10
-10
-13
-15
-14
-16
-17
-19
-20
-16
-13
-13
-16
-15
-16
-14
-13
-15
-15
-14
-14
-16
-16
-17
-15
-14
-14
-17
-15
-14
-11
-11
-11
-14
-14
-15
-15
-15
-15
-14
-14
-13
-13
-13
-14
-15
-18
-17
-14
-12
-12
-13
-10
-11
-15
-16
-18
-16
-13
-13
-15
-15
-12
-14
-15
-16
-16
-17
-17
-18
-18
-19
-20
-21
-21
-20
-21
-22
-23
-23
-19
-17
-17
-19
-22
-24
-22
-23
-25
-25
-21
-16
-15
-17
-22
-26
-26
-25
-23
-23
-22
-22
-19
-20
-21
-23
-23
-23
-21
-20
-21
-22
-23
-26
-29
-28
-24
-22
-23
-26
-27
-28
-28
-28
-28
-27
-27
-26
-26
-27
-26
-27
-28
-29
-28
-29
-28
-26
-25
-26
-29
-30
-31
-29
-30
-29
-27
-27
-26
-26
-27
-27
-26
-27
-25
-25
-28
-30
-28
-29
-29
-29
-32
-32
-32
-32
-30
-28
-28
-29
-32
-32
-32
-29
-29
-29
-29
-31
-30
-30
-31
-29
-30
-32
-32
-32
-32
-31
-30
-28
-30
-33
-34
-33
-31
-31
-31
-31
-33
-32
-31
-32
-32
-34
-33
-32
-33
-32
-32
-34
-31
-31
-31
-32
-35
-36
-37
-35
-35
-33
-32
-31
-31
-32
-33
-32
-32
-31
-33
-35
-34
-34
-33
-35
-36
-36
-34
-35
-36
-38
-38
-37
-38
-41
-39
-36
-36
-37
-37
-37
-37
-35
-35
-35
-33
-33
-34
-36
-37
-35
-34
-33
-35
-37
-37
-37
-38
-38
-35
-34
-31
-32
-36
-37
-35
-34
-35
-37
-36
-35
-33
-32
-32
-34
-34
-34
-35
-35
-36
-37
-35
-35
-35
-35
-34
-33
-33
-33
-35
-34
-33
-34
-34
-33
-32
-32
-34
-37
-38
-37
-35
-34
-34
-34
-36
-35
-34
-33
-32
-31
-31
-31
-30
-31
-35
-35
-34
-34
-35
-37
-38
-36
-34
-37
-40
-40
-37
-35
-35
-36
-36
-36
-36
-37
-40
-41
-42
-42
-41
-41
-44
-43
-42
-39
-38
-37
-39
-39
-38
-38
-39
-39
-38
-38
-39
-40
-41
-41
-40
-38
-38
-37
-37
-37
-37
-39
-38
-37
-37
-39
-38
-40
-41
-40
-39
-39
-39
-40
-39
-37
-37
-39
-42
-42
-44
-44
-43
-40
-41
-40
-41
-41
-41
-42
-41
-41
-41
-42
-41
-40
-39
-38
-37
-37
-38
-38
-40
-39
-38
-37
-37
-39
-43
-43
-39
-38
-39
-41
-43
-42
-40
-38
-39
-40
-38
-38
-41
-41
-41
-42
-41
-40
-39
-38
-38
-37
-36
-35
-36
-38
-38
-37
-37
-36
-36
-36
-35
-37
-36
-36
-37
-37
-37
-37
-36
-37
-36
-35
-37
-38
-42
-43
-43
-40
-40
-39
-39
-38
-38
-40
-43
-42
-40
-39
-40
-41
-43
-42
-44
-43
-42
-42
-40
-41
-43
-43
-41
-39
-39
-41
-41
-42
-41
-41
-41
-41
-39
-37
-39
-42
-43
-43
-41
-40
-42
-41
-40
-39
-40
-39
-40
-42
-42
-43
-42
-41
-41
-40
-40
-41
-42
-42
-40
-39
-41
-44
-46
-44
-40
-39
-39
-40
-39
-40
-39
-40
-42
-42
-44
-47
-47
-46
-45
-43
-42
-44
-46
-44
-43
-42
-42
-41
-39
-37
-37
-41
-45
-43
-41
-38
-39
-41
-39
-40
-39
-40
-41
-39
-39
-39
-38
-38
-35
-35
-36
-36
-40
-40
-39
-38
-38
-35
-36
-37
-39
-42
-40
-39
-38
-38
-36
-34
-33
-35
-40
-39
-38
-36
-34
-36
-38
-38
-38
-37
-36
-37
-36
-34
-35
-36
-38
-38
-38
-38
-38
-38
-35
-33
-34
-35
-36
-35
-35
-34
-34
-33
-32
-33
-34
-35
-33
-33
-33
-34
-36
-37
-34
-34
-35
-33
-34
-34
-35
-36
-37
-38
-38
-39
-41
-40
-38
-38
-38
-38
-37
-33
-33
-35
-38
-38
-34
-32
-32
-32
-31
-32
-32
-30
-31
-32
-30
-31
-32
-32
-30
-29
-28
-30
-33
-32
-29
-26
-27
-27
-29
-29
-28
-25
-25
-29
-30
-29
-28
-26
-26
-27
-26
-25
-24
-25
-27
-27
-26
-28
-29
-28
-30
-28
-27
-28
-24
-24
-25
-28
-28
-27
-28
-26
-27
-26
-26
-25
-25
-25
-22
-21
-26
-29
-28
-25
-23
-27
-30
-32
-30
-30
-28
-28
-29
-30
-32
-32
-30
-29
-28
-27
-27
-26
-26
-27
-30
-32
-31
-30
-29
-27
-26
-25
-28
-29
-30
-29
-29
-30
-32
-31
-31
-32
-34
-34
-34
-32
-33
-36
-35
-31
-31
-32
-34
-35
-33
-32
-33
-35
-36
-33
-33
-36
-37
-36
-35
-35
-37
-38
-35
-34
-36
-37
-36
-36
-34
-33
-32
-32
-34
-34
-34
-33
-31
-32
-36
-34
-35
-38
-39
-36
-40
-38
-38
-36
-35
-36
-41
-40
-37
-35
-37
-38
-38
-38
-35
-38
-40
-40
-41
-37
-36
-37
-35
-35
-34
-35
-37
-36
-35
-38
-38
-38
-39
-33
-39
-33
-35
-32
-34
-33
-37
-39
-41
-43
-41
-39
-36
-34
-36
-39
-42
-41
-40
-38
-38
-37
-39
-36
-37
-38
-38
-42
-40
-41
-43
-42
-43
-45
-45
-46
-44
-46
-43
-45
-42
-45
-37
-39
-39
-39
-44
-44
-42
-40
-42
-41
-45
-41
-42
-41
-38
-39
-39
-43
-45
-45
-45
-45
-45
-45
-44
-43
-44
-46
-47
-48
-45
-45
-43
-43
-40
-40
-41
-42
-42
-40
-39
-37
-36
-38
-38
-38
-39
-39
-41
-40
-40
-39
-38
-38
-36
-35
-35
-35
-35
-38
-38
-37
-39
-38
-37
-36
-35
-34
-34
-37
-38
-37
-40
-40
-37
-36
-36
-38
-37
-38
-39
-40
-41
-38
-36
-35
-35
-36
-34
-36
-36
-38
-40
-37
-35
-36
-34
-35
-37
-37
-37
-37
-39
-39
-41
-40
-38
-36
-33
-33
-35
-34
-37
-37
-38
-40
-39
-38
-36
-39
-42
-44
-44
-42
-39
-40
-39
-39
-40
-42
-43
-45
-45
-42
-43
-44
-44
-42
-42
-43
-44
-45
-43
-44
-44
-44
-45
-44
-43
-44
-44
-44
-43
-43
-44
-45
-46
-47
-44
-43
-42
-42
-44
-45
-46
-45
-43
-43
-46
-46
-44
-40
-38
-41
-43
-43
-42
-42
-42
-43
-42
-42
-43
-46
-47
-45
-41
-39
-41
-43
-47
-46
-45
-47
-48
-47
-47
-46
-47
-48
-46
-45
-46
-47
-47
-45
-44
-44
-46
-46
-45
-45
-46
-47
-45
-42
-41
-42
-44
-45
-45
-44
-43
-42
-42
-43
-43
-43
-44
-45
-45
-44
-42
-41
-43
-46
-48
-47
-46
-46
-44
-45
-46
-46
-46
-46
-48
-49
-48
-49
-48
-48
-48
-45
-46
-51
-51
-51
-48
-47
-48
-49
-51
-50
-46
-44
-44
-47
-48
-48
-49
-47
-48
-47
-46
-44
-43
-45
-48
-48
-47
-45
-45
-46
-48
-50
-50
-49
-48
-46
-43
-44
-43
-45
-47
-47
-47
-47
-46
-45
-46
-46
-48
-48
-49
-48
-46
-46
-48
-48
-46
-47
-47
-46
-47
-46
-46
-45
-44
-44
-45
-45
-45
-43
-43
-42
-45
-44
-44
-45
-44
-45
-45
-43
-44
-45
-44
-44
-41
-42
-44
-48
-48
-47
-45
-45
-44
-45
-45
-42
-42
-42
-41
-40
-40
-40
-40
-40
-44
-44
-43
-41
-41
-44
-47
-47
-45
-43
-43
-44
-45
-44
-43
-45
-47
-47
-46
-46
-44
-45
-47
-47
-48
-48
-47
-48
-48
-48
-47
-48
-50
-50
-48
-47
-47
-48
-49
-47
-44
-44
-45
-45
-43
-42
-44
-45
-44
-45
-46
-45
-44
-42
-42
-43
-44
-46
-47
-47
-47
-46
-46
-45
-44
-43
-44
-45
-45
-45
-46
-45
-43
-42
-42
-41
-42
-41
-40
-42
-42
-42
-40
-40
-41
-41
-42
-42
-41
-40
-41
-41
-40
-40
-38
-39
-41
-40
-42
-42
-41
-41
-40
-41
-41
-40
-37
-36
-37
-41
-43
-40
-41
-42
-41
-40
-38
-36
-37
-40
-40
-38
-36
-37
-38
-38
-38
-38
-39
-41
-41
-39
-36
-34
-35
-38
-38
-38
-35
-33
-32
-32
-35
-35
-36
-37
-36
-36
-35
-35
-35
-36
-37
-38
-41
-40
-41
-41
-42
-41
-41
-40
-42
-41
-41
-40
-39
-38
-38
-38
-41
-42
-41
-41
-40
-41
-42
-41
-40
-42
-43
-44
-43
-40
-40
-41
-40
-40
-38
-38
-39
-40
-40
-40
-41
-41
-42
-41
-40
-41
-40
-38
-38
-37
-38
-42
-41
-40
-39
-38
-39
-39
-38
-40
-42
-42
-41
-39
-39
-40
-41
-41
-42
-41
-40
-39
-38
-39
-40
-42
-43
-41
-40
-39
-36
-36
-38
-38
-39
-40
-41
-41
-39
-39
-37
-34
-34
-35
-38
-41
-40
-40
-38
-35
-37
-38
-38
-37
-37
-36
-38
-38
-38
-38
-38
-36
-36
-36
-38
-40
-40
-40
-38
-33
-32
-35
-39
-40
-38
-37
-35
-36
-37
-36
-38
-41
-43
-41
-40
-41
-39
-39
-40
-37
-37
-38
-37
-38
-39
-39
-38
-38
-37
-39
-40
-41
-38
-36
-38
-39
-40
-39
-40
-42
-44
-44
-40
-39
-38
-38
-39
-39
-39
-37
-38
-38
-38
-39
-40
-41
-42
-41
-41
-42
-42
-44
-44
-42
-42
-40
-39
-41
-42
-41
-41
-40
-40
-39
-38
-39
-40
-41
-42
-41
-39
-39
-38
-38
-39
-40
-40
-39
-40
-39
-40
-39
-38
-38
-39
-41
-42
-41
-42
-43
-44
-42
-41
-39
-39
-38
-39
-42
-42
-40
-40
-39
-39
-38
-38
-37
-39
-39
-39
-38
-37
-39
-40
-39
-36
-38
-40
-42
-41
-36
-35
-34
-37
-37
-37
-39
-43
-45
-43
-40
-38
-38
-40
-41
-41
-39
-39
-43
-44
-44
-42
-40
-40
-43
-43
-44
-45
-45
-45
-44
-43
-42
-43
-42
-41
-42
-43
-46
-47
-47
-43
-43
-44
-44
-44
-42
-41
-44
-44
-44
-40
-41
-43
-43
-44
-45
-46
-44
-45
-45
-47
-48
-49
-47
-46
-45
-45
-45
-45
-46
-45
-45
-45
-45
-46
-48
-48
-47
-45
-44
-45
-46
-43
-42
-43
-43
-45
-47
-46
-46
-46
-45
-44
-44
-44
-44
-45
-43
-42
-42
-43
-44
-43
-43
-44
-46
-46
-46
-46
-46
-46
-45
-46
-47
-46
-46
-46
-45
-45
-43
-40
-41
-41
-42
-43
-45
-44
-46
-47
-45
-45
-45
-44
-44
-46
-48
-50
-50
-49
-49
-48
-47
-46
-47
-49
-51
-51
-48
-46
-49
-53
-54
-53
-53
-51
-52
-53
-51
-51
-53
-54
-53
-51
-49
-49
-50
-49
-50
-52
-53
-54
-57
-55
-54
-54
-53
-52
-53
-53
-53
-54
-54
-53
-52
-50
-52
-54
-53
-52
-52
-54
-57
-56
-54
-55
-56
-55
-56
-58
-57
-58
-58
-58
-55
-57
-57
-58
-58
-55
-56
-57
-58
-58
-56
-53
-50
-51
-53
-55
-57
-57
-58
-57
-55
-55
-56
-58
-58
-55
-54
-55
-57
-59
-58
-56
-57
-55
-57
-58
-58
-57
-55
-55
-56
-55
-54
-53
-54
-54
-56
-56
-52
-51
-54
-57
-61
-63
-61
-58
-57
-58
-56
-56
-56
-55
-54
-54
-55
-54
-54
-54
-55
-56
-55
-55
-55
-55
-55
-55
-54
-54
-56
-56
-55
-56
-56
-56
-55
-54
-53
-57
-59
-58
-55
-51
-53
-53
-55
-55
-53
-54
-53
-52
-52
-54
-55
-55
-55
-54
-55
-56
-55
-52
-51
-51
-53
-54
-56
-54
-53
-54
-54
-53
-54
-53
-52
-53
-56
-54
-50
-51
-52
-53
-52
-50
-49
-52
-54
-53
-49
-47
-48
-49
-49
-49
-49
-49
-51
-50
-51
-50
-48
-49
-50
-49
-50
-51
-48
-47
-48
-49
-51
-52
-52
-50
-49
-51
-52
-52
-51
-52
-51
-51
-48
-46
-49
-51
-52
-50
-49
-47
-47
-47
-46
-46
-47
-49
-50
-49
-48
-47
-45
-44
-46
-49
-52
-52
-48
-45
-45
-44
-43
-43
-45
-46
-48
-48
-46
-47
-47
-45
-45
-45
-45
-46
-47
-48
-50
-51
-49
-49
-48
-50
-51
-50
-53
-53
-52
-53
-54
-51
-52
-53
-51
-52
-52
-53
-55
-54
-53
-50
-49
-49
-48
-49
-49
-51
-51
-52
-53
-52
-53
-54
-54
-53
-52
-52
-53
-54
-51
-51
-51
-52
-52
-53
-55
-56
-55
-52
-51
-51
-51
-52
-54
-56
-57
-55
-54
-52
-54
-56
-57
-55
-54
-54
-53
-51
-52
-52
-51
-53
-53
-52
-52
-52
-55
-52
-52
-53
-53
-53
-52
-52
-53
-52
-51
-51
-51
-55
-55
-52
-49
-51
-55
-57
-58
-57
-55
-53
-53
-53
-50
-49
-51
-51
-50
-51
-50
-49
-51
-51
-48
-50
-51
-52
-54
-55
-53
-51
-52
-55
-59
-57
-53
-52
-53
-55
-55
-52
-51
-51
-55
-56
-56
-52
-53
-54
-55
-56
-57
-57
-58
-58
-56
-54
-54
-53
-52
-53
-52
-54
-54
-54
-54
-55
-56
-53
-52
-53
-56
-58
-56
-54
-55
-58
-60
-57
-56
-55
-56
-59
-58
-54
-52
-52
-55
-56
-55
-56
-55
-55
-55
-57
-56
-57
-56
-56
-59
-61
-60
-57
-55
-56
-56
-57
-55
-53
-54
-56
-57
-57
-56
-55
-55
-56
-56
-57
-58
-58
-58
-56
-57
-58
-58
-56
-54
-55
-56
-55
-53
-54
-55
-58
-57
-54
-53
-54
-53
-54
-54
-53
-53
-54
-54
-53
-53
-52
-51
-52
-53
-53
-53
-53
-52
-52
-53
-54
-57
-58
-57
-56
-56
-58
-57
-56
-55
-54
-56
-57
-56
-55
-53
-54
-55
-54
-52
-52
-53
-54
-56
-57
-57
-57
-55
-56
-56
-56
-57
-54
-53
-52
-48
-50
-50
-51
-52
-53
-55
-56
-53
-46
-45
-46
-49
-52
-51
-49
-51
-53
-55
-53
-48
-47
-48
-51
-52
-51
-52
-51
-48
-49
-49
-49
-50
-51
-50
-51
-51
-51
-50
-49
-49
-50
-49
-48
-49
-49
-49
-48
-46
-45
-44
-44
-48
-48
-50
-50
-51
-50
-50
-49
-49
-48
-48
-47
-48
-48
-48
-48
-49
-47
-48
-47
-48
-49
-48
-49
-49
-50
-50
-48
-48
-46
-47
-45
-41
-43
-44
-45
-45
-44
-43
-45
-47
-47
-46
-44
-44
-47
-47
-46
-45
-44
-44
-46
-46
-45
-45
-47
-49
-51
-50
-48
-46
-48
-51
-51
-52
-49
-49
-49
-52
-53
-54
-52
-50
-49
-47
-46
-46
-47
-49
-51
-50
-50
-49
-48
-48
-49
-50
-50
-51
-50
-49
-50
-50
-53
-55
-52
-51
-50
-52
-54
-53
-50
-50
-52
-54
-54
-54
-55
-56
-56
-56
-56
-53
-53
-55
-56
-55
-56
-56
-55
-56
-54
-52
-54
-56
-59
-59
-57
-57
-56
-54
-53
-53
-52
-54
-56
-59
-58
-56
-56
-55
-55
-54
-55
-56
-55
-57
-58
-59
-58
-57
-55
-57
-58
-55
-52
-54
-56
-57
-57
-56
-55
-54
-56
-55
-56
-56
-56
-56
-56
-55
-56
-56
-55
-56
-56
-58
-57
-56
-54
-56
-58
-58
-58
-58
-58
-59
-59
-57
-57
-59
-60
-59
-59
-58
-59
-58
-57
-57
-61
-64
-63
-62
-64
-64
-64
-64
-63
-62
-62
-63
-63
-62
-59
-58
-59
-61
-60
-59
-59
-60
-62
-62
-61
-58
-58
-62
-64
-61
-58
-58
-59
-63
-64
-62
-59
-60
-61
-61
-60
-58
-59
-61
-62
-61
-58
-57
-59
-60
-59
-59
-58
-57
-59
-59
-57
-58
-61
-64
-66
-64
-62
-61
-61
-61
-60
-59
-61
-63
-64
-61
-58
-56
-58
-58
-59
-58
-58
-56
-54
-52
-53
-57
-54
-52
-52
-52
-51
-52
-51
-52
-53
-54
-55
-54
-53
-55
-54
-55
-57
-55
-55
-55
-54
-53
-51
-50
-50
-53
-53
-52
-53
-53
-54
-57
-56
-55
-55
-57
-58
-57
-56
-54
-54
-55
-55
-53
-53
-54
-55
-56
-58
-59
-57
-56
-55
-54
-54
-55
-55
-54
-53
-53
-55
-54
-55
-54
-53
-54
-54
-54
-55
-56
-56
-55
-53
-50
-50
-49
-50
-51
-52
-53
-53
-53
-56
-57
-55
-53
-51
-51
-52
-52
-53
-53
-54
-56
-56
-52
-49
-50
-52
-54
-55
-54
-53
-51
-50
-49
-49
-49
-51
-51
-50
-51
-50
-48
-46
-46
-45
-47
-47
-49
-51
-49
-47
-44
-44
-44
-44
-44
-46
-50
-50
-49
-46
-42
-41
-42
-42
-43
-43
-44
-44
-44
-45
-47
-46
-45
-45
-46
-46
-44
-43
-43
-44
-43
-42
-39
-39
-40
-43
-45
-46
-46
-46
-46
-41
-39
-40
-41
-42
-43
-42
-44
-45
-45
-43
-42
-43
-43
-44
-45
-45
-42
-43
-61
-45
-69
-62
-37
-67
-48
-45
-56
-41
-45
-49
-42
-44
-44
-40
-39
-36
-35
-38
-40
-42
-41
-39
-40
-38
-38
-44
-39
-41
-42
-40
-42
-46
-45
-47
-46
-43
-45
-47
-45
-46
-42
-44
-46
-46
-45
-45
-44
-44
-45
-44
-46
-46
-46
-44
-44
-44
-43
-43
-45
-42
-43
-46
-47
-47
-47
-46
-46
-47
-48
-45
-44
-42
-41
-41
-42
-44
-44
-44
-43
-41
-41
-41
-41
-44
-43
-43
-42
-44
-44
-43
-40
-38
-37
-39
-40
-41
-40
-39
-37
-35
-38
-37
-39
-39
-36
-35
-36
-36
-36
-38
-36
-37
-37
-37
-37
-37
-38
-38
-35
-35
-35
-37
-37
-36
-34
-34
-37
-39
-40
-38
-35
-35
-37
-35
-36
-37
-37
-38
-37
-36
-36
-38
-37
-35
-36
-35
-36
-35
-33
-32
-32
-32
-30
-30
-28
-31
-32
-32
-32
-31
-33
-33
-33
-32
-29
-29
-31
-33
-32
-31
-29
-27
-29
-29
-30
-30
-27
-26
-26
-28
-27
-26
-27
-28
-29
-29
-30
-26
-26
-27
-24
-25
-24
-24
-25
-27
-28
-28
-28
-25
-25
-23
-24
-23
-22
-20
-20
-24
-26
-25
-25
-24
-23
-23
-24
-25
-26
-27
-27
-26
-25
-26
-25
-25
-27
-28
-29
-29
-28
-27
-26
-25
-24
-27
-26
-28
-30
-30
-27
-25
-24
-23
-24
-24
-26
-26
-25
-28
-28
-27
-26
-23
-25
-26
-26
-26
-25
-24
-24
-24
-23
-21
-22
-23
-25
-26
-28
-27
-26
-23
-24
-24
-25
-28
-26
-25
-25
-25
-26
-27
-26
-27
-30
-31
-32
-33
-32
-32
-31
-29
-29
-29
-31
-30
-28
-27
-27
-30
-28
-28
-26
-25
-27
-28
-27
-27
-28
-31
-31
-28
-26
-25
-26
-28
-27
-25
-26
-26
-27
-26
-24
-23
-23
-22
-23
-24
-24
-24
-24
-24
-24
-24
-24
-21
-21
-22
-23
-21
-22
-22
-24
-23
-24
-22
-24
-23
-22
-23
-21
-23
-22
-22
-21
-19
-17
-18
-20
-20
-21
-23
-25
-22
-20
-19
-16
-15
-17
-19
-18
-17
-15
-15
-19
-19
-19
-18
-17
-20
-21
-20
-19
-18
-18
-19
-19
-18
-18
-19
-20
-21
-20
-20
-22
-23
-23
-21
-21
-21
-20
-22
-18
-16
-16
-19
-20
-19
-18
-16
-17
-18
-19
-19
-19
-18
-17
-17
-18
-20
-20
-19
-17
-19
-19
-19
-18
-19
-22
-23
-21
-18
-17
-17
-19
-19
-19
-20
-22
-23
-22
-21
-22
-21
-21
-20
-20
-21
-23
-23
-24
-23
-22
-20
-22
-21
-21
-22
-22
-20
-22
-23
-22
-23
-22
-23
-23
-23
-23
-22
-22
-21
-22
-21
-20
-20
-21
-21
-23
-22
-21
-18
-20
-21
-21
-20
-20
-21
-23
-24
-20
-19
-19
-20
-22
-22
-20
-19
-20
-19
-19
-21
-18
-18
-21
-22
-23
-22
-19
-17
-19
-20
-20
-19
-16
-16
-17
-18
-19
-19
-16
-20
-21
-20
-18
-15
-16
-19
-19
-16
-15
-14
-16
-17
-15
-17
-18
-19
-20
-18
-16
-17
-19
-18
-19
-19
-19
-22
-23
-23
-23
-22
-20
-20
-20
-20
-21
-18
-19
-21
-23
-23
-21
-19
-19
-21
-22
-21
-22
-22
-22
-20
-18
-17
-18
-18
-17
-16
-14
-14
-15
-17
-17
-18
-18
-21
-20
-20
-19
-18
-19
-19
-19
-20
-20
-17
-14
-14
-16
-19
-21
-20
-19
-20
-18
-18
-18
-18
-20
-21
-22
-22
-20
-19
-18
-17
-17
-18
-18
-19
-18
-17
-20
-20
-20
-19
-19
-22
-22
-24
-26
-25
-23
-21
-21
-22
-24
-25
-23
-24
-26
-24
-23
-23
-24
-27
-27
-25
-24
-26
-27
-28
-28
-28
-29
-29
-30
-29
-27
-26
-26
-28
-30
-31
-32
-32
-28
-27
-27
-29
-30
-30
-29
-27
-27
-26
-24
-24
-25
-24
-27
-28
-28
-28
-29
-29
-29
-27
-27
-28
-29
-30
-30
-32
-31
-30
-31
-32
-31
-29
-26
-25
-26
-29
-30
-33
-34
-33
-32
-30
-31
-32
-33
-32
-30
-31
-34
-34
-33
-31
-31
-32
-33
-32
-31
-33
-34
-35
-32
-29
-26
-27
-28
-30
-31
-32
-32
-31
-31
-30
-31
-31
-33
-35
-36
-36
-36
-35
-35
-35
-35
-34
-33
-34
-34
-35
-35
-36
-36
-34
-33
-34
-35
-36
-36
-35
-34
-34
-34
-34
-36
-35
-35
-33
-33
-33
-34
-36
-36
-34
-33
-32
-33
-36
-36
-35
-34
-31
-31
-32
-32
-35
-36
-37
-35
-32
-31
-31
-31
-32
-31
-31
-33
-34
-36
-34
-32
-31
-31
-32
-32
-33
-34
-35
-35
-36
-35
-32
-30
-30
-29
-29
-31
-33
-33
-33
-31
-31
-31
-32
-33
-33
-34
-33
-33
-34
-34
-33
-33
-31
-32
-33
-34
-32
-28
-28
-30
-31
-30
-29
-27
-28
-28
-28
-29
-31
-33
-32
-28
-25
-23
-25
-29
-25
-24
-22
-21
-26
-29
-28
-26
-25
-26
-24
-23
-22
-25
-27
-27
-25
-24
-24
-22
-23
-20
-19
-21
-24
-26
-25
-24
-24
-24
-25
-25
-25
-26
-26
-24
-26
-25
-24
-23
-23
-25
-26
-25
-25
-26
-26
-25
-23
-22
-23
-26
-27
-29
-31
-28
-25
-24
-23
-25
-26
-24
-22
-21
-24
-26
-28
-26
-26
-27
-27
-27
-27
-25
-25
-26
-26
-27
-26
-28
-28
-28
-26
-28
-29
-29
-29
-28
-27
-30
-30
-28
-29
-27
-25
-24
-23
-26
-26
-25
-22
-21
-22
-23
-22
-21
-23
-23
-22
-22
-22
-22
-23
-23
-22
-24
-26
-24
-23
-19
-20
-21
-23
-25
-23
-22
-25
-26
-27
-28
-28
-28
-28
-26
-25
-25
-24
-25
-28
-30
-29
-29
-28
-28
-29
-26
-25
-24
-23
-25
-27
-28
-29
-29
-29
-28
-26
-25
-25
-25
-24
-24
-23
-22
-22
-20
-22
-21
-21
-22
-21
-20
-20
-20
-21
-22
-22
-23
-22
-22
-21
-21
-23
-22
-24
-25
-25
-24
-24
-24
-25
-23
-21
-18
-20
-21
-23
-21
-20
-21
-20
-20
-16
-17
-17
-17
-18
-18
-16
-17
-19
-17
-16
-17
-15
-13
-16
-14
-15
-16
-15
-16
-16
-16
-18
-20
-21
-19
-17
-18
-17
-16
-16
-17
-15
-17
-18
-15
-16
-16
-15
-14
-15
-17
-18
-18
-17
-15
-15
-13
-13
-14
-13
-13
-14
-13
-13
-11
-10
-10
-12
-13
-13
-12
-11
-12
-11
-9
-9
-8
-9
-11
-12
-13
-14
-13
-12
-10
-9
-11
-12
-14
-11
-11
-11
-10
-12
-11
-12
-11
-12
-14
-13
-13
-13
-12
-12
-11
-12
-13
-14
-9
-9
-8
-8
-11
-10
-10
-12
-12
-10
-9
-9
-9
-10
-11
-12
-10
-8
-5
-3
-3
-5
-6
-7
-10
-9
-10
-9
-7
-5
-4
-6
-8
-10
-10
-9
-8
-8
-5
-3
-5
-7
-11
-10
-8
-7
-5
-7
-7
-6
-8
-8
-6
-5
-1
0
0
-2
-3
-4
-5
-6
-6
-5
-3
-3
-1
-1
-2
-2
-2
-1
0
0
-1
-1
-1
-3
-2
-1
-2
0
-1
0
0
-2
-3
-3
-3
-5
-3
-3
-3
-3
-3
-4
-6
-8
-8
-6
-3
-4
-5
-6
-7
-7
-8
-7
-9
-6
-4
-6
-7
-7
-9
-9
-9
-9
-8
-4
-7
-9
-10
-10
-8
-7
-8
-10
-11
-12
-10
-11
-11
-10
-9
-10
-9
-7
-10
-12
-13
-12
-11
-12
-10
-9
-9
-9
-8
-6
-5
-6
-8
-8
-8
-7
-10
-13
-13
-10
-10
-10
-12
-12
-11
-10
-12
-12
-13
-12
-12
-14
-14
-13
-11
-9
-9
-14
-17
-19
-17
-16
-16
-16
-17
-17
-17
-19
-18
-19
-17
-16
-15
-15
-16
-17
-18
-20
-23
-23
-20
-18
-17
-19
-18
-20
-22
-25
-22
-19
-17
-18
-20
-20
-21
-18
-17
-17
-18
-18
-19
-20
-19
-21
-20
-18
-17
-18
-19
-17
-19
-20
-20
-22
-22
-20
-21
-21
-22
-22
-21
-22
-21
-21
-19
-17
-16
-18
-19
-22
-23
-19
-17
-19
-19
-19
-18
-16
-17
-18
-19
-20
-18
-17
-17
-19
-20
-21
-23
-24
-24
-23
-21
-20
-20
-20
-19
-19
-19
-20
-20
-19
-17
-15
-12
-13
-12
-13
-15
-18
-17
-17
-16
-15
-11
-10
-12
-14
-13
-11
-11
-14
-13
-14
-13
-12
-13
-12
-12
-9
-9
-12
-12
-10
-9
-8
-11
-12
-12
-12
-13
-13
-14
-13
-12
-11
-10
-13
-10
-8
-8
-10
-11
-10
-8
-9
-9
-10
-10
-8
-7
-8
-8
-7
-9
-8
-5
-3
-3
-3
-5
-8
-7
-8
-9
-8
-8
-9
-7
-6
-7
-7
-8
-9
-8
-8
-7
-8
-10
-10
-9
-6
-5
-6
-6
-6
-4
-3
-5
-6
-6
-3
-2
-4
-5
-7
-5
-4
-2
-3
-2
0
-1
-3
-5
-5
-5
-6
-5
-4
-2
-1
-1
-2
-3
-2
-1
0
-2
-3
-3
-2
-1
0
-2
-1
-1
-4
-3
-2
-1
2
0
-2
-2
-2
-3
-2
-2
0
3
3
2
1
1
2
4
4
3
1
1
2
5
6
2
-1
0
2
2
0
-2
-3
-3
-1
1
2
3
3
3
2
3
3
2
1
2
2
3
3
1
-1
1
4
6
5
3
1
1
4
5
3
0
-1
1
3
4
4
0
-1
0
1
1
2
2
1
1
0
-1
-1
-2
-2
-1
-2
-2
0
-2
-2
-1
0
0
1
-1
-1
0
1
3
3
2
2
4
3
3
4
3
4
3
1
0
2
4
5
2
1
-1
-2
-1
1
1
2
2
2
3
3
0
-2
-1
1
3
3
3
3
0
1
0
0
2
1
0
-1
0
0
0
1
-1
-1
1
0
0
-3
-3
-3
0
1
0
-3
-2
0
1
-1
-2
0
0
2
-1
-2
-1
-1
-1
-1
-2
-3
-3
-3
-2
0
1
3
2
3
3
3
4
5
5
5
7
8
5
5
5
7
9
8
6
5
5
5
5
4
5
3
4
6
6
8
8
6
6
6
8
11
11
9
7
7
7
9
9
12
12
13
13
12
12
14
15
15
15
13
14
15
15
16
16
18
19
19
18
17
17
17
16
17
20
18
19
17
17
21
20
18
18
20
22
22
22
22
20
21
22
21
22
21
23
23
23
22
23
24
24
25
26
25
28
28
25
24
25
29
30
31
33
33
32
31
30
31
31
31
31
31
33
33
34
34
33
35
33
32
32
33
35
37
38
34
35
36
38
36
35
35
36
36
36
36
36
35
36
37
37
39
38
39
39
41
38
37
37
37
40
41
40
39
38
38
38
36
38
40
41
43
42
40
40
40
38
40
41
44
44
41
38
40
42
45
45
46
48
50
50
48
48
47
50
52
50
47
48
50
50
50
48
50
52
54
52
52
48
52
54
54
54
53
54
55
53
53
55
53
53
53
51
52
53
52
54
53
51
53
53
52
54
54
52
53
53
51
50
51
53
53
52
54
55
55
57
57
56
55
56
56
55
55
52
51
52
52
52
51
49
49
51
51
52
52
49
49
51
53
53
52
50
51
51
52
53
52
50
51
49
50
51
51
51
50
51
50
49
49
50
53
54
52
50
49
50
52
53
54
55
55
53
50
51
53
55
52
50
51
54
56
54
52
52
51
52
53
54
53
52
51
50
50
52
52
52
53
54
54
51
50
51
52
53
53
53
52
52
52
54
53
52
50
50
51
50
50
50
50
49
51
51
53
52
50
48
48
49
50
52
51
50
50
52
53
53
53
51
52
52
53
54
52
50
52
52
55
56
57
55
52
51
51
49
49
51
52
51
49
47
48
52
52
51
50
49
49
50
51
50
50
48
48
48
50
52
52
51
50
48
48
48
49
50
50
48
48
48
46
45
47
49
53
53
53
52
50
51
51
52
51
52
53
51
50
49
52
54
53
51
52
54
56
56
53
53
53
52
52
52
52
54
54
53
54
53
53
55
54
53
53
52
53
55
56
57
56
55
51
51
54
57
57
54
52
53
56
56
54
52
53
55
57
57
52
50
52
55
54
53
51
54
55
55
54
53
54
52
50
48
51
53
53
50
49
48
50
50
49
51
51
52
53
52
53
52
55
55
51
48
48
52
53
50
49
47
48
48
49
49
47
43
45
49
50
50
48
45
45
47
49
49
48
47
47
48
49
49
49
48
46
47
48
48
48
46
47
49
51
51
49
48
47
47
47
49
51
50
48
46
48
48
48
46
48
49
50
50
48
46
45
47
47
47
47
47
47
48
47
46
46
47
46
47
46
46
46
44
43
43
44
45
47
46
46
47
46
45
42
44
47
48
48
45
44
45
45
44
45
46
48
49
49
46
43
41
41
42
44
45
45
44
45
45
46
44
45
44
45
47
48
47
45
44
44
44
44
44
43
42
45
47
45
43
41
41
43
44
43
43
44
45
42
40
39
43
45
44
45
44
46
44
41
39
41
43
43
41
40
41
39
39
39
39
40
42
43
42
44
43
42
42
41
41
40
41
45
46
47
46
44
43
44
44
44
45
46
46
46
42
41
40
39
40
42
43
45
47
45
43
43
43
42
39
40
42
45
44
42
41
41
42
40
40
40
43
43
44
45
44
43
42
40
38
40
41
42
44
44
45
45
44
43
43
44
45
45
44
45
46
46
46
44
43
43
43
46
50
51
49
45
43
44
44
45
44
46
48
47
47
47
48
48
47
45
47
48
48
48
47
45
43
43
44
45
46
47
48
49
49
47
47
47
44
44
47
51
52
50
49
50
51
52
50
51
51
53
55
56
54
53
54
54
52
52
51
53
54
54
54
52
50
52
54
56
56
56
56
56
56
54
55
57
57
58
59
60
60
59
57
57
60
61
63
61
59
58
58
59
60
60
59
58
58
60
60
60
59
58
58
58
61
62
64
64
64
63
60
60
60
62
64
65
64
62
61
60
61
63
63
61
61
63
66
63
61
60
62
62
64
63
59
57
58
61
61
59
59
59
58
60
60
58
58
59
58
60
62
64
62
61
60
59
61
62
62
60
59
59
60
60
59
58
60
62
63
62
60
61
62
60
60
60
59
58
59
59
60
60
59
61
62
62
62
61
59
60
60
60
59
60
60
60
60
58
58
58
58
60
60
59
59
59
60
62
60
59
58
56
56
59
58
57
56
56
59
59
59
59
60
60
61
61
62
62
59
57
59
60
61
60
58
59
63
64
63
59
57
59
57
60
61
60
60
61
62
62
60
59
59
60
62
61
59
58
59
59
59
60
62
62
61
60
58
56
57
56
58
60
62
61
60
60
61
61
60
59
59
60
63
63
61
59
60
59
60
58
56
56
55
56
56
58
57
57
57
57
58
59
59
58
57
56
56
57
58
59
59
57
55
53
51
52
55
56
58
59
60
60
59
56
56
57
57
57
57
57
56
56
54
53
54
54
55
56
57
57
57
55
54
54
54
55
54
53
52
55
56
57
57
58
59
58
56
56
55
54
55
56
58
59
57
55
52
54
56
57
58
57
55
53
51
52
52
52
52
51
53
54
54
52
52
53
55
56
56
55
53
51
52
51
52
54
55
56
54
52
55
55
56
56
55
55
54
54
53
54
56
57
55
57
57
55
54
54
56
58
56
53
49
48
51
52
54
55
55
57
58
60
58
56
52
51
52
54
58
60
59
57
55
56
57
57
57
56
55
56
58
58
57
53
52
54
55
53
52
52
55
55
54
52
52
54
54
54
52
52
53
51
52
52
53
54
53
53
53
55
52
51
52
52
53
54
52
53
54
53
51
51
52
53
52
53
55
53
52
54
50
51
51
49
49
50
52
51
50
50
49
48
48
49
50
50
47
45
44
46
48
49
50
48
48
49
48
48
47
48
49
50
49
45
43
45
46
47
46
44
43
43
45
45
46
46
47
48
48
48
46
43
42
41
41
43
42
43
41
41
41
42
43
42
41
44
48
46
42
38
39
39
39
40
40
42
40
39
37
37
38
40
42
42
43
43
43
40
37
39
41
43
44
42
40
39
37
38
37
37
37
40
38
37
39
39
40
42
42
41
41
41
41
40
41
41
42
43
43
43
43
42
43
44
44
45
44
43
44
43
41
43
44
44
43
44
44
44
45
46
45
45
45
44
43
43
44
44
46
46
44
42
42
42
43
43
43
43
42
42
40
40
42
43
45
43
44
45
44
43
40
41
45
45
45
45
44
44
43
42
43
43
45
43
42
42
43
41
41
39
38
40
41
42
41
38
38
39
39
39
38
40
43
45
44
40
38
40
41
41
40
39
41
43
45
44
42
40
41
42
44
45
44
43
40
43
44
46
46
44
44
44
45
45
43
42
42
43
43
44
45
45
45
45
44
42
41
39
39
38
41
42
41
42
43
40
40
39
39
42
40
39
38
39
40
41
39
42
43
43
41
40
40
43
45
48
46
45
46
44
43
40
39
42
43
45
47
44
43
42
42
42
44
43
44
44
46
46
46
46
43
44
44
44
43
43
42
43
44
43
43
42
40
41
42
45
45
43
44
43
42
42
39
38
39
41
43
43
43
42
39
39
42
42
40
39
40
40
39
38
37
34
35
36
38
39
39
39
39
39
41
42
43
44
43
42
41
41
41
40
39
40
39
40
41
41
42
43
44
43
43
41
40
41
41
42
43
44
44
46
48
50
50
48
46
47
48
47
47
46
45
46
48
47
46
44
43
43
44
45
43
42
42
41
44
45
46
46
45
44
43
44
47
47
45
44
43
43
41
39
41
44
44
42
40
41
43
42
43
41
42
43
44
45
46
44
43
42
41
41
43
41
42
43
47
48
48
46
44
44
46
45
45
44
43
45
43
42
41
43
44
46
46
43
44
45
45
45
44
44
46
48
47
46
46
49
49
49
50
48
48
48
45
46
46
47
47
46
46
47
47
46
48
48
49
48
47
46
46
47
46
48
47
45
45
44
45
47
45
43
45
47
46
46
49
51
51
47
45
44
48
50
50
49
50
52
51
52
53
51
50
52
51
54
56
57
58
58
56
55
55
56
55
56
57
58
59
59
57
56
58
59
59
61
60
60
60
60
60
57
57
57
58
60
61
62
60
60
58
56
58
59
58
60
61
58
57
58
57
58
59
59
59
60
61
62
64
60
58
59
60
62
62
61
63
63
63
62
62
63
62
64
62
62
64
64
65
66
67
67
64
64
65
68
68
69
66
66
66
67
68
66
65
66
67
69
71
69
69
66
67
67
70
71
68
67
66
65
65
65
63
66
68
71
70
67
67
67
67
68
68
67
67
67
65
66
66
65
68
67
69
68
66
67
68
68
71
69
69
68
67
68
72
73
72
71
70
71
71
71
70
69
69
69
70
71
69
68
67
68
69
68
64
65
66
68
69
68
66
63
62
63
64
62
64
64
63
64
65
64
62
62
64
67
67
64
62
63
64
67
65
65
67
65
66
67
65
63
62
63
65
65
65
66
64
64
65
65
65
66
66
66
67
66
66
65
64
66
64
63
63
62
59
62
65
66
65
63
59
60
60
61
62
61
63
66
65
63
60
57
59
60
59
56
56
55
59
59
60
59
56
58
58
59
58
54
53
53
54
56
56
58
58
56
55
56
58
57
59
57
58
57
58
55
53
55
55
57
61
58
58
58
60
62
59
58
58
58
58
60
59
62
61
61
60
58
62
58
58
56
56
58
61
58
60
59
58
59
57
59
58
60
59
61
58
60
59
62
61
55
59
59
63
62
61
58
60
62
63
63
61
62
61
63
63
61
61
59
58
61
59
62
65
61
62
58
58
57
56
58
55
56
55
57
56
56
56
52
55
53
54
51
53
52
50
51
51
52
51
49
46
49
48
51
47
49
48
51
52
50
50
49
50
48
49
47
51
50
51
50
52
54
54
54
51
56
53
54
53
57
56
59
57
57
57
58
60
57
60
59
63
60
64
63
64
64
64
64
65
65
67
66
66
70
68
76
72
73
69
73
67
72
67
74
75
73
79
76
77
75
77
75
77
75
76
71
72
71
74
69
76
71
72
73
63
68
63
66
65
64
61
62
58
58
57
56
47
52
46
49
46
40
44
37
39
33
33
28
34
27
27
26
22
23
22
19
26
20
20
18
15
19
16
16
11
12
9
14
14
18
16
15
15
18
18
21
19
20
20
18
23
23
25
24
28
29
33
33
34
36
42
42
45
47
46
50
52
54
57
62
64
69
68
73
75
77
77
80
80
85
89
92
94
97
100
106
107
109
111
114
116
115
117
120
121
120
120
121
123
124
122
119
118
118
115
113
109
107
105
99
99
89
89
79
79
71
70
63
59
53
42
43
32
30
17
13
-2
-6
-19
-17
-31
-37
-45
-54
-56
-65
-68
-81
-79
-96
-94
-108
-112
-117
-121
-126
-123
-131
-133
-140
-144
-143
-147
-140
-148
-136
-141
-127
-125
-114
-107
-99
-87
-78
-60
-44
-24
-8
11
25
43
58
82
92
118
130
149
169
183
203
215
225
233
243
246
258
264
271
278
281
284
288
284
289
282
276
271
263
260
256
252
248
243
230
221
210
200
192
181
169
163
153
150
139
128
114
104
93
81
68
54
41
32
15
6
-9
-24
-37
-60
-71
-94
-98
-128
-134
-155
-165
-172
-193
-210
-232
-250
-264
-271
-286
-296
-313
-327
-337
-345
-356
-349
-353
-324
-288
-255
-224
-202
-182
-149
-124
-90
-58
-34
6
32
78
106
132
138
151
153
181
195
206
219
227
244
254
259
255
252
240
244
230
226
211
201
189
183
172
160
143
126
114
96
91
78
77
79
91
101
115
114
117
111
112
116
118
124
128
137
151
164
165
173
169
173
176
179
179
184
184
190
194
197
196
188
182
172
168
161
153
137
135
128
125
118
107
98
93
83
77
64
49
35
20
15
4
-6
-20
-29
-41
-51
-66
-88
-107
-121
-137
-150
-170
-177
-201
-203
-220
-235
-249
-277
-286
-303
-301
-308
-273
-255
-205
-187
-175
-160
-148
-124
-95
-70
-55
-12
-3
50
73
90
94
96
88
109
115
119
139
135
163
172
179
172
166
143
150
139
136
126
109
105
106
101
94
80
51
47
28
27
20
22
22
39
53
77
93
99
106
104
111
117
128
137
159
174
195
213
227
231
239
235
239
243
245
254
262
271
280
284
278
276
258
248
235
220
212
202
187
183
168
158
143
122
99
79
58
38
23
0
-11
-29
-42
-56
-71
-94
-119
-147
-166
-193
-208
-233
-256
-269
-294
-305
-325
-344
-361
-379
-404
-409
-430
-413
-380
-331
-285
-258
-248
-236
-210
-188
-146
-126
-95
-56
-32
24
57
61
79
66
76
102
114
133
144
156
178
196
194
198
188
176
184
171
166
158
135
140
135
132
126
98
77
61
50
44
39
25
30
40
52
75
84
90
99
98
105
107
113
123
139
164
179
197
207
219
226
225
227
225
227
236
247
256
263
264
262
259
245
228
212
194
188
183
176
171
159
148
133
114
97
77
56
40
28
13
0
-15
-26
-39
-49
-67
-85
-116
-137
-164
-183
-199
-220
-238
-267
-278
-304
-317
-341
-363
-391
-410
-418
-429
-412
-388
-344
-291
-267
-251
-236
-227
-189
-164
-126
-101
-53
-29
17
55
60
84
70
76
93
106
122
141
151
178
193
204
203
199
181
176
170
160
169
140
143
133
127
119
93
67
49
34
27
24
17
21
30
41
69
89
99
105
95
97
106
118
134
153
170
195
215
235
243
244
239
244
243
256
266
274
288
293
300
295
286
265
255
236
223
210
199
187
182
172
161
147
123
104
82
66
48
32
11
-2
-16
-23
-35
-52
-75
-101
-129
-158
-180
-203
-220
-237
-259
-281
-302
-337
-353
-385
-410
-432
-456
-468
-475
-459
-418
-357
-321
-299
-285
-281
-248
-220
-186
-148
-121
-74
-39
12
48
58
63
56
63
88
104
119
141
156
183
208
211
211
207
190
199
185
188
181
155
159
149
146
135
105
72
53
31
25
20
12
22
39
59
88
92
90
82
71
81
83
94
108
123
144
172
192
204
205
198
203
203
213
222
230
247
262
272
274
264
254
239
226
212
195
181
169
165
162
160
142
126
104
84
63
42
25
7
-9
-21
-34
-44
-59
-83
-103
-139
-163
-193
-228
-248
-271
-292
-309
-335
-371
-388
-427
-455
-482
-518
-533
-543
-533
-491
-436
-382
-359
-343
-338
-318
-279
-247
-205
-179
-122
-93
-27
16
29
54
38
49
72
93
114
135
151
188
210
231
226
225
208
209
198
192
194
163
172
155
153
145
116
84
56
32
20
11
0
2
15
39
68
74
67
56
38
49
49
61
71
81
107
136
158
171
177
175
181
187
194
206
218
232
252
267
274
271
264
250
238
221
206
193
182
179
176
170
161
144
122
105
85
63
37
14
-8
-16
-30
-40
-56
-78
-101
-131
-164
-202
-231
-262
-280
-308
-327
-357
-378
-406
-440
-470
-506
-532
-553
-550
-553
-497
-446
-387
-349
-346
-327
-314
-267
-237
-193
-159
-103
-74
-6
36
48
74
50
56
86
102
118
153
145
193
211
218
236
219
209
212
196
194
195
157
164
148
141
139
101
68
49
18
15
6
-10
1
12
39
70
73
70
67
50
61
63
72
86
99
127
158
180
191
198
197
201
213
219
228
242
255
274
287
295
286
288
273
263
247
224
212
199
193
187
177
162
146
122
108
84
59
33
7
-13
-24
-33
-46
-59
-86
-107
-141
-172
-204
-232
-263
-284
-307
-332
-358
-391
-418
-457
-474
-517
-531
-562
-567
-552
-507
-433
-376
-356
-347
-331
-311
-246
-219
-180
-140
-97
-61
26
40
65
79
38
78
91
111
134
139
150
202
209
231
235
211
211
208
195
206
190
163
178
153
170
151
109
84
56
37
36
21
7
14
23
56
87
85
83
70
58
71
73
84
92
112
136
168
184
196
199
202
209
218
220
228
239
249
273
280
282
275
270
252
250
223
207
192
178
179
168
156
143
125
106
94
64
40
10
-22
-40
-43
-64
-67
-94
-110
-139
-172
-200
-242
-266
-304
-323
-348
-365
-395
-421
-459
-483
-525
-549
-580
-578
-567
-502
-428
-385
-335
-358
-319
-289
-241
-191
-163
-125
-77
-30
43
76
86
91
71
90
124
144
143
169
159
208
228
221
241
217
215
217
199
202
185
151
158
141
142
127
85
51
34
5
5
-7
-28
-14
-16
16
47
53
54
45
32
44
51
61
79
91
123
148
174
190
194
201
209
210
223
225
235
254
272
287
292
287
278
270
254
243
221
209
196
191
184
171
158
145
120
109
85
54
34
-4
-19
-25
-39
-54
-71
-94
-115
-147
-183
-219
-266
-288
-319
-334
-366
-400
-436
-467
-497
-527
-551
-572
-581
-562
-494
-420
-372
-354
-345
-338
-267
-232
-179
-138
-107
-60
-5
59
81
106
78
72
98
130
150
164
157
183
213
233
242
230
222
212
216
208
216
181
168
158
149
155
123
87
56
28
15
9
-9
-17
-17
-7
23
54
62
61
45
42
53
58
71
83
104
144
168
193
208
206
221
234
238
251
253
258
281
296
310
312
304
292
287
272
259
240
215
210
198
190
179
159
142
122
107
82
49
15
-15
-37
-40
-54
-72
-91
-121
-147
-176
-212
-256
-294
-328
-348
-379
-399
-446
-471
-516
-540
-573
-589
-604
-597
-532
-475
-391
-386
-363
-360
-306
-250
-202
-158
-126
-70
-25
56
79
100
91
82
93
138
146
168
169
174
223
233
254
239
232
209
220
203
208
189
153
153
140
148
138
96
59
35
8
4
-21
-34
-35
-21
-5
25
35
33
34
17
35
33
43
54
73
102
142
166
186
205
204
221
232
236
248
255
267
291
298
312
307
305
293
283
269
246
230
205
203
187
179
162
141
129
106
87
53
17
-28
-44
-68
-76
-92
-122
-142
-178
-197
-244
-273
-323
-361
-390
-420
-443
-473
-520
-551
-584
-599
-617
-622
-620
-556
-473
-424
-374
-388
-364
-306
-248
-191
-140
-104
-46
7
82
114
129
118
96
116
143
176
173
196
196
238
262
257
261
239
229
225
206
206
186
153
154
134
144
120
80
44
22
-6
-21
-42
-72
-59
-58
-31
-1
8
18
20
6
23
15
19
39
54
96
132
164
187
214
228
245
254
258
266
277
290
311
325
337
340
335
331
314
302
279
257
237
220
216
192
180
156
134
118
90
63
17
-12
-56
-74
-99
-117
-138
-167
-186
-233
-258
-309
-352
-388
-431
-454
-486
-520
-559
-592
-631
-652
-663
-671
-630
-577
-489
-438
-404
-389
-368
-316
-261
-203
-163
-90
-48
28
106
132
151
147
115
147
169
174
199
198
226
260
286
286
297
269
264
257
226
227
190
160
161
147
148
142
88
68
38
10
-4
-43
-66
-65
-57
-31
3
8
27
32
30
43
36
34
51
60
97
141
165
205
223
245
269
280
288
296
300
319
340
346
361
360
358
357
346
333
317
294
275
259
238
218
196
169
143
124
93
59
28
-15
-43
-70
-93
-126
-147
-190
-224
-256
-306
-337
-391
-423
-464
-492
-534
-568
-615
-654
-683
-697
-705
-678
-618
-539
-447
-437
-387
-393
-328
-261
-222
-155
-111
-37
26
133
163
207
208
175
195
210
211
234
218
237
285
289
330
308
315
303
294
273
258
220
178
165
133
148
127
95
65
47
18
15
-35
-63
-78
-94
-66
-47
-34
-28
-16
-11
23
25
34
34
46
75
112
147
181
200
229
265
282
309
314
328
344
369
382
395
390
390
390
381
372
352
336
318
303
289
273
250
225
195
168
131
93
49
8
-25
-49
-73
-99
-129
-160
-204
-240
-291
-350
-394
-447
-482
-528
-552
-617
-645
-691
-729
-731
-746
-738
-699
-609
-539
-472
-459
-440
-411
-320
-281
-199
-157
-93
-9
66
175
189
236
209
215
219
245
232
230
229
245
291
319
334
335
340
320
334
278
277
212
173
153
134
134
103
70
43
43
15
7
-40
-64
-84
-83
-75
-55
-61
-47
-33
-20
21
24
39
52
78
110
148
165
191
205
241
270
298
314
331
350
372
400
404
415
410
408
407
398
375
359
336
325
306
288
270
252
227
200
174
126
79
28
-13
-48
-72
-105
-136
-171
-202
-241
-292
-348
-416
-463
-522
-567
-614
-669
-720
-757
-789
-807
-794
-778
-714
-601
-509
-438
-383
-366
-347
-294
-235
-172
-122
-64
26
101
203
268
308
316
305
317
330
314
304
280
269
279
291
313
299
310
311
312
296
268
232
182
136
97
67
30
-10
-37
-46
-57
-60
-84
-91
-94
-84
-64
-56
-47
-43
-21
-5
25
49
73
99
140
189
246
287
323
351
377
397
409
405
487
572
497
489
522
477
438
453
438
365
341
363
316
283
341
286
190
199
146
67
67
39
-39
-85
-91
-129
-171
-195
-225
-287
-349
-408
-486
-573
-638
-749
-811
-873
-961
-988
-1061
-1060
-1062
-1018
-983
-789
-584
-373
-189
-17
135
247
262
360
378
427
525
528
621
716
779
780
792
728
662
528
381
239
115
-33
-144
-249
-270
-263
-309
-259
-261
-237
-237
-289
-294
-294
-302
-289
-264
-220
-100
-32
64
154
236
282
317
301
322
311
284
272
246
279
290
337
358
398
404
422
387
351
293
283
233
195
199
230
237
267
330
340
353
378
377
338
344
329
316
316
329
332
375
374
404
389
383
364
300
238
177
62
-9
-114
-185
-258
-320
-344
-407
-400
-482
-522
-616
-692
-795
-901
-1005
-1095
-1177
-1234
-1236
-1258
-1169
-1126
-981
-822
-458
-237
95
277
447
637
735
723
733
722
734
789
788
863
841
844
737
680
514
364
68
-144
-324
-482
-581
-665
-708
-658
-601
-545
-439
-384
-293
-282
-232
-183
-108
-76
12
83
213
338
416
492
544
556
532
486
401
347
218
143
72
34
19
22
7
61
74
85
107
90
106
101
106
139
198
266
362
432
532
592
637
664
672
642
603
551
501
466
433
399
388
350
336
277
236
183
82
35
-54
-147
-215
-337
-400
-434
-488
-482
-491
-477
-465
-476
-523
-543
-632
-689
-789
-888
-916
-1042
-1023
-1122
-1035
-1049
-892
-828
-578
-259
-14
325
451
660
781
871
771
767
658
675
645
630
625
627
584
521
415
308
131
-128
-344
-510
-622
-733
-799
-823
-673
-593
-445
-340
-169
-44
49
76
153
197
236
255
277
377
434
470
501
541
535
508
391
306
189
54
-89
-190
-254
-269
-305
-249
-166
-41
55
130
216
306
354
369
400
432
494
532
588
651
727
766
795
792
776
697
603
506
411
321
212
130
75
44
7
-11
-40
-34
-58
-96
-120
-208
-261
-352
-389
-431
-424
-417
-384
-323
-263
-275
-284
-336
-417
-518
-646
-815
-919
-1039
-1135
-1147
-1173
-1059
-951
-691
-385
-42
228
489
632
796
865
776
681
604
532
542
509
470
511
517
519
463
352
205
16
-231
-399
-602
-729
-819
-868
-808
-670
-528
-331
-153
18
186
264
320
337
318
310
287
266
308
306
344
386
413
439
416
322
245
119
-11
-142
-284
-365
-412
-408
-326
-199
-48
129
274
425
548
613
646
638
615
607
577
559
568
578
616
643
644
640
609
545
468
345
216
107
-16
-86
-173
-189
-200
-142
-97
-16
0
50
18
-10
-70
-142
-217
-263
-298
-292
-256
-273
-231
-278
-257
-331
-394
-551
-682
-874
-997
-1173
-1253
-1336
-1297
-1215
-972
-661
-273
91
401
667
884
1017
967
872
720
643
539
453
322
331
334
380
353
328
257
183
-4
-185
-382
-548
-711
-858
-903
-849
-727
-571
-366
-141
137
325
470
537
598
587
546
425
341
248
203
165
161
180
210
221
212
198
153
73
-76
-218
-338
-403
-438
-420
-369
-220
-39
184
365
536
677
794
844
844
785
709
638
560
502
450
427
419
448
462
483
466
429
360
287
175
66
-54
-126
-176
-158
-147
-97
-29
45
118
146
140
108
77
1
-51
-149
-227
-284
-354
-421
-453
-537
-585
-644
-758
-823
-943
-1056
-1149
-1218
-1268
-1188
-1122
-859
-553
-203
143
460
732
1016
1122
1116
1065
946
872
701
480
325
251
173
155
54
64
70
19
-80
-167
-286
-363
-545
-670
-719
-724
-680
-605
-472
-222
7
195
388
534
689
741
697
632
547
411
283
120
39
-18
-67
-86
-61
-32
21
-4
-24
-42
-102
-156
-205
-250
-217
-188
-97
37
197
359
535
680
836
914
933
928
897
851
758
627
523
447
384
333
269
246
243
251
241
232
204
191
152
120
71
27
-1
-27
-28
-9
-8
11
5
18
33
30
-3
-53
-109
-178
-272
-385
-505
-617
-695
-794
-874
-949
-999
-1034
-1045
-1063
-1021
-944
-784
-521
-257
58
330
597
841
1028
1059
1063
999
937
830
654
486
372
270
176
57
-15
-34
-104
-177
-254
-312
-360
-458
-576
-602
-618
-602
-588
-511
-351
-166
-24
140
296
483
609
642
656
650
586
486
355
249
173
58
-23
-63
-61
-39
-59
-70
-41
-39
-56
-100
-126
-111
-100
-85
-21
77
208
326
442
593
730
816
868
890
914
899
815
706
612
517
413
295
199
165
144
136
124
137
159
172
156
152
136
123
76
44
24
24
9
-18
-24
-17
-1
-23
-41
-55
-65
-91
-171
-240
-319
-388
-491
-593
-713
-790
-887
-979
-1062
-1088
-1086
-1008
-877
-622
-334
-14
255
519
773
950
1004
971
927
860
761
565
391
263
196
73
-20
-100
-92
-125
-165
-235
-243
-282
-347
-473
-513
-541
-556
-590
-550
-435
-273
-134
8
197
404
571
647
708
738
729
621
502
371
265
112
-15
-104
-112
-122
-136
-147
-99
-60
-48
-83
-91
-101
-100
-119
-115
-64
16
132
246
411
552
701
801
911
955
967
906
838
739
630
480
346
231
160
95
62
44
64
103
141
176
214
231
241
227
219
186
159
106
76
49
33
18
6
18
14
30
0
-5
-72
-115
-234
-311
-450
-554
-704
-803
-932
-992
-1097
-1125
-1170
-1130
-1027
-798
-556
-250
11
318
618
845
924
961
966
947
859
652
473
351
260
101
-23
-107
-93
-129
-160
-194
-167
-186
-249
-372
-397
-432
-496
-577
-557
-475
-345
-272
-150
53
278
445
556
651
756
779
711
626
526
410
246
80
-9
-61
-137
-205
-239
-187
-142
-148
-160
-135
-98
-79
-116
-113
-61
-17
42
109
230
372
482
568
693
803
882
880
850
837
797
697
558
418
338
250
141
57
25
44
80
107
155
233
294
345
356
386
378
357
297
261
200
160
61
25
-24
-25
-79
-113
-177
-171
-234
-300
-410
-496
-620
-690
-878
-951
-1086
-1122
-1226
-1199
-1189
-1013
-806
-559
-258
15
351
592
823
889
996
958
970
805
679
487
414
234
150
-10
-29
-85
-97
-156
-135
-168
-170
-261
-305
-339
-376
-445
-481
-463
-398
-329
-285
-145
3
190
308
443
553
683
681
682
599
553
423
279
117
30
-91
-169
-266
-284
-270
-251
-245
-206
-167
-111
-95
-86
-59
-32
12
49
119
203
310
394
526
614
725
787
837
861
868
814
759
663
562
453
341
240
164
107
84
85
122
177
232
295
352
394
432
430
422
380
336
265
179
86
5
-74
-153
-199
-277
-291
-345
-373
-425
-487
-551
-614
-686
-783
-850
-955
-993
-1056
-1081
-1086
-1050
-919
-710
-459
-183
100
381
686
874
963
1006
1005
979
871
664
492
377
251
97
-57
-138
-154
-194
-237
-250
-224
-205
-243
-296
-283
-306
-359
-418
-427
-357
-295
-272
-190
-47
131
267
361
482
597
645
644
603
558
476
322
174
69
-26
-127
-235
-290
-277
-269
-269
-256
-211
-140
-94
-66
-4
43
104
145
205
276
345
394
480
559
644
691
715
755
790
779
739
669
606
555
470
380
291
235
201
181
163
173
190
244
279
320
348
364
357
346
310
275
201
122
35
-44
-112
-186
-264
-323
-348
-407
-412
-491
-484
-539
-540
-636
-645
-739
-738
-836
-875
-924
-925
-914
-838
-680
-472
-181
16
314
541
805
878
974
945
1003
898
778
558
474
330
193
-6
-96
-164
-200
-286
-324
-303
-261
-281
-325
-300
-270
-259
-310
-298
-257
-173
-178
-128
-53
116
196
287
350
498
561
610
574
593
554
483
342
245
147
48
-94
-207
-265
-296
-329
-361
-341
-275
-198
-154
-81
-10
96
172
251
324
412
469
538
592
652
699
724
746
775
783
771
729
687
648
596
517
433
361
303
248
192
153
141
144
162
182
219
253
268
282
276
273
237
189
115
64
-14
-84
-168
-240
-279
-345
-379
-438
-464
-487
-522
-553
-606
-629
-704
-722
-814
-833
-879
-896
-896
-828
-678
-483
-228
-14
275
527
804
901
1029
1052
1119
1036
915
693
581
422
231
10
-143
-237
-301
-390
-438
-407
-364
-327
-340
-268
-210
-174
-205
-186
-167
-102
-137
-126
-82
40
101
178
241
392
484
551
560
590
580
528
404
310
206
73
-81
-222
-300
-361
-419
-471
-441
-378
-279
-222
-106
12
167
273
382
471
579
644
697
737
771
791
775
757
749
736
693
643
582
556
514
454
370
312
265
226
176
130
104
103
107
114
135
165
197
228
243
265
270
257
223
172
121
48
-37
-145
-202
-299
-332
-430
-480
-522
-529
-564
-602
-630
-669
-683
-736
-764
-805
-790
-821
-785
-712
-528
-356
-100
97
381
647
873
979
1086
1130
1149
1068
886
702
531
367
136
-68
-223
-303
-409
-452
-493
-431
-395
-362
-348
-253
-202
-171
-198
-180
-146
-120
-148
-143
-94
0
61
116
214
332
433
494
541
573
582
520
448
361
278
138
-9
-150
-233
-318
-375
-421
-393
-327
-234
-142
-18
122
259
381
482
583
650
698
708
719
718
698
654
621
598
579
544
503
480
475
463
421
375
337
309
272
226
190
171
164
158
169
188
224
244
272
291
316
308
286
245
210
157
75
-22
-109
-178
-254
-321
-400
-451
-482
-520
-546
-573
-574
-599
-594
-618
-611
-610
-621
-615
-614
-568
-492
-349
-192
31
222
451
638
830
905
981
976
978
893
747
565
412
276
94
-85
-237
-315
-391
-439
-488
-450
-412
-357
-345
-272
-213
-161
-161
-128
-88
-49
-68
-69
-31
53
101
138
200
303
395
444
472
504
526
485
418
343
286
177
60
-58
-109
-163
-203
-252
-229
-176
-100
-49
27
119
214
284
350
419
488
542
571
605
634
647
626
610
591
588
558
522
487
469
452
424
379
355
331
318
293
275
258
255
240
236
226
231
221
224
210
217
200
190
162
148
116
79
16
-35
-91
-139
-192
-257
-307
-342
-371
-409
-422
-457
-439
-472
-456
-494
-470
-507
-492
-524
-497
-504
-453
-384
-264
-122
44
190
359
520
633
714
753
777
748
686
557
456
323
205
21
-98
-211
-276
-363
-403
-436
-390
-383
-350
-317
-243
-189
-158
-137
-98
-62
-57
-50
-44
5
36
62
87
161
221
287
311
363
406
433
427
411
388
363
293
220
150
82
16
-54
-106
-121
-121
-113
-83
-35
47
125
204
291
386
464
542
574
625
643
644
617
605
580
568
514
466
439
420
402
359
327
315
300
268
243
210
209
182
156
134
131
121
112
101
112
128
122
116
115
130
124
99
62
49
25
-7
-51
-94
-103
-144
-169
-227
-225
-266
-261
-336
-334
-381
-397
-449
-498
-521
-566
-578
-645
-613
-616
-483
-435
-265
-161
39
182
338
419
531
591
634
620
555
513
425
358
209
116
-9
-70
-186
-227
-284
-280
-304
-303
-299
-248
-241
-229
-219
-187
-153
-167
-173
-160
-117
-83
-57
-25
62
127
202
258
332
397
440
449
475
482
473
427
367
323
273
198
124
65
19
-7
-49
-54
-41
-10
26
68
119
181
223
272
334
394
449
479
498
525
533
527
508
481
456
425
381
344
303
270
234
199
171
154
136
131
132
141
156
161
166
174
182
187
184
178
173
163
153
136
120
107
83
62
29
15
-15
-30
-74
-106
-154
-192
-233
-294
-334
-402
-424
-486
-504
-552
-563
-586
-596
-606
-603
-599
-566
-508
-435
-301
-221
-68
34
178
256
360
409
493
495
486
456
414
386
299
205
125
68
-21
-65
-158
-167
-203
-237
-259
-257
-254
-228
-239
-215
-167
-162
-132
-129
-94
-41
-12
4
69
109
186
228
264
329
379
418
463
484
523
540
515
508
478
433
383
304
247
208
153
123
94
78
102
113
137
180
203
248
275
299
325
340
324
324
297
292
265
221
201
186
173
173
164
182
215
231
261
280
314
338
345
334
336
313
296
258
217
187
147
104
68
33
-2
-35
-76
-89
-113
-126
-150
-176
-192
-215
-241
-284
-316
-377
-407
-463
-496
-549
-581
-617
-634
-646
-659
-649
-653
-603
-567
-462
-384
-245
-150
16
123
272
345
444
494
541
554
515
504
440
402
293
210
97
27
-84
-138
-209
-234
-270
-293
-288
-267
-234
-227
-184
-165
-99
-90
-60
-44
1
19
53
66
120
157
193
244
296
355
392
417
449
490
494
487
456
435
397
328
254
189
127
70
15
-23
-30
-30
-18
19
62
129
183
240
301
358
393
409
410
407
398
353
319
273
239
202
171
147
160
162
187
209
242
283
309
330
349
359
352
335
299
280
241
203
155
110
78
49
17
-12
-30
-58
-74
-101
-108
-124
-139
-156
-170
-185
-196
-238
-261
-297
-311
-346
-370
-398
-412
-424
-447
-440
-460
-429
-452
-417
-444
-394
-422
-362
-360
-290
-236
-176
-85
-30
69
104
202
216
308
290
336
323
350
329
302
254
213
179
103
83
-7
-12
-83
-90
-129
-111
-137
-106
-105
-63
-25
-14
22
39
80
95
128
128
182
184
233
260
293
322
348
364
396
404
402
409
387
394
367
341
307
284
254
238
202
181
171
149
153
152
166
183
194
204
239
256
280
293
301
326
332
334
332
335
325
325
300
292
279
260
239
218
200
182
156
130
128
102
99
69
60
47
28
-1
-25
-42
-63
-79
-113
-118
-128
-135
-144
-173
-177
-192
-202
-227
-243
-271
-278
-314
-340
-359
-388
-400
-424
-446
-442
-455
-469
-469
-474
-460
-427
-412
-347
-276
-197
-87
-5
95
177
258
320
401
424
451
445
430
419
370
308
238
179
105
58
-25
-53
-97
-115
-132
-132
-129
-111
-95
-69
-20
-3
27
37
64
80
102
97
118
130
158
181
198
223
256
282
313
341
367
392
397
404
406
401
382
352
318
289
261
221
190
167
156
154
155
165
186
208
234
258
283
298
311
311
315
308
289
263
237
205
177
138
111
85
70
60
54
50
56
62
78
95
103
115
116
118
117
99
79
56
25
-6
-47
-85
-112
-139
-162
-175
-183
-195
-201
-212
-210
-210
-220
-234
-239
-249
-249
-280
-291
-319
-319
-345
-352
-362
-366
-357
-364
-343
-335
-311
-272
-217
-149
-64
-2
72
127
192
228
270
281
290
288
257
245
207
174
122
75
32
11
-23
-33
-41
-42
-30
-20
-6
15
34
51
87
100
123
132
144
165
178
180
196
201
221
236
243
258
276
282
305
318
333
347
347
343
348
334
322
298
275
269
249
227
215
204
204
209
201
210
218
229
240
241
251
256
250
241
234
217
205
176
154
131
109
84
68
51
42
31
23
25
28
36
40
49
63
76
80
78
78
69
60
36
23
-1
-7
-39
-55
-82
-94
-120
-138
-160
-173
-181
-205
-209
-228
-226
-237
-245
-257
-256
-267
-263
-270
-270
-260
-262
-250
-246
-233
-225
-209
-208
-183
-176
-149
-121
-100
-68
-48
-18
1
38
48
82
89
108
116
123
130
136
130
131
125
118
117
102
106
105
113
114
128
134
155
169
179
198
202
215
213
215
214
215
200
199
193
190
191
184
187
194
205
212
229
236
256
261
272
286
295
301
299
290
285
271
253
237
214
198
180
167
158
155
148
144
142
143
150
149
147
137
129
119
107
91
75
54
38
27
21
19
19
20
27
35
45
49
48
45
40
29
22
5
-2
-24
-41
-62
-80
-99
-120
-131
-149
-158
-177
-177
-194
-188
-197
-193
-194
-185
-188
-182
-185
-188
-186
-197
-193
-200
-205
-213
-224
-238
-240
-249
-245
-236
-224
-194
-169
-140
-106
-72
-39
3
26
62
78
92
108
115
115
125
116
119
122
115
120
119
121
129
130
135
156
160
180
191
199
217
223
222
225
214
209
204
190
186
182
177
182
181
184
195
201
216
226
229
241
247
249
253
245
240
230
215
200
182
163
150
137
122
118
108
112
111
114
117
117
115
119
114
112
109
99
90
73
62
52
42
26
17
10
10
10
9
12
13
15
18
14
11
11
5
8
1
-5
-14
-21
-39
-49
-70
-85
-98
-117
-125
-144
-160
-169
-182
-186
-187
-195
-193
-191
-192
-185
-190
-188
-181
-182
-185
-189
-201
-201
-210
-220
-218
-219
-209
-199
-185
-160
-132
-102
-68
-33
-3
33
50
78
99
109
116
118
124
127
128
115
118
114
121
121
122
130
136
143
151
161
164
175
172
180
181
184
182
184
185
186
183
183
186
191
195
202
204
203
208
206
212
213
212
209
204
199
193
186
177
165
155
150
142
141
139
135
134
138
139
143
145
148
147
147
138
129
116
107
95
83
75
62
52
42
35
27
19
13
7
3
0
-5
-8
-11
-11
-7
-8
-6
-13
-10
-18
-19
-29
-35
-50
-61
-77
-95
-107
-122
-132
-148
-152
-163
-161
-160
-156
-155
-147
-146
-142
-143
-145
-149
-155
-153
-153
-152
-156
-153
-152
-138
-131
-117
-105
-88
-67
-49
-33
-17
-4
9
23
34
50
52
58
56
64
68
75
77
84
93
110
124
133
148
157
166
175
184
192
196
192
192
190
187
188
178
174
173
173
169
170
166
170
169
171
174
169
167
163
156
152
150
147
150
150
154
159
161
167
173
175
177
179
178
176
166
160
150
138
122
105
91
81
67
56
47
41
42
37
34
30
29
24
18
14
8
-1
-8
-12
-15
-13
-10
-5
-1
1
0
3
-2
-5
-15
-27
-38
-51
-66
-83
-100
-114
-125
-137
-146
-152
-154
-150
-148
-146
-142
-139
-131
-125
-121
-116
-116
-116
-114
-114
-109
-109
-110
-106
-102
-94
-86
-75
-67
-57
-52
-42
-28
-18
-6
-2
6
12
20
25
32
36
44
53
63
78
87
100
113
125
135
147
152
161
168
172
175
174
173
170
170
162
162
153
150
147
149
150
150
150
154
159
165
170
171
177
179
183
187
188
189
186
183
177
174
166
161
157
154
148
141
134
127
121
118
110
102
98
92
85
79
73
63
56
46
36
29
21
15
11
10
11
12
8
3
-2
-4
-6
-9
-12
-17
-23
-29
-34
-45
-54
-67
-77
-85
-90
-92
-97
-97
-97
-98
-96
-91
-89
-86
-83
-84
-85
-87
-90
-89
-90
-88
-87
-81
-79
-75
-74
-69
-61
-51
-42
-34
-23
-14
-6
-8
-6
-2
2
1
1
0
-2
-1
0
3
8
9
15
22
31
44
48
59
72
85
96
108
116
129
133
135
140
139
137
132
129
133
135
132
137
138
146
152
156
161
165
170
174
178
181
186
179
178
172
169
163
154
144
140
133
128
120
112
113
107
105
106
103
99
96
93
96
94
88
78
70
65
63
52
43
35
26
20
10
6
1
-1
-6
-4
-5
-3
-7
-13
-17
-21
-24
-32
-40
-49
-56
-64
-67
-70
-73
-76
-77
-76
-68
-70
-71
-69
-66
-61
-58
-64
-64
-68
-67
-64
-69
-70
-73
-74
-74
-73
-74
-71
-74
-67
-64
-60
-55
-51
-48
-45
-38
-33
-30
-26
-21
-19
-17
-14
-11
-10
-3
1
8
11
15
18
22
30
40
45
49
53
59
63
66
67
71
75
78
83
86
91
97
103
105
111
111
112
116
119
124
121
120
121
123
122
120
112
107
101
94
88
82
76
70
67
64
66
65
65
66
72
76
78
79
78
77
76
71
66
64
58
53
44
39
36
31
25
20
16
14
11
7
-2
-4
-6
-9
-15
-20
-29
-38
-40
-45
-50
-54
-54
-52
-49
-50
-49
-45
-41
-39
-40
-38
-36
-37
-39
-39
-40
-41
-51
-55
-62
-65
-69
-72
-79
-78
-76
-73
-66
-60
-52
-49
-41
-35
-30
-27
-30
-30
-29
-29
-31
-29
-33
-27
-24
-16
-12
-8
-8
-5
-4
1
1
-1
0
1
6
9
12
14
19
21
28
32
39
44
49
52
59
66
71
79
81
87
89
93
93
93
89
87
85
82
76
71
69
68
66
67
69
72
74
79
78
80
80
78
77
73
72
69
63
57
54
48
49
48
44
43
37
36
34
29
25
23
18
17
17
17
15
9
8
4
-2
-4
-8
-16
-19
-21
-22
-22
-22
-21
-20
-16
-11
-8
-9
-10
-12
-13
-17
-25
-31
-34
-38
-44
-48
-50
-46
-43
-41
-38
-32
-31
-28
-27
-22
-19
-19
-21
-21
-20
-19
-19
-19
-19
-22
-22
-25
-23
-22
-22
-19
-18
-15
-9
-4
-1
1
1
3
5
7
5
5
5
3
2
1
2
3
7
12
20
26
33
38
46
53
59
64
66
68
69
64
64
60
58
57
55
54
54
54
53
54
52
52
54
53
55
56
53
52
48
43
40
35
28
23
19
17
15
16
19
19
18
17
21
24
25
26
29
34
34
32
26
23
22
23
18
16
14
11
8
6
3
0
-4
-6
-8
-8
-8
-8
-10
-10
-11
-11
-13
-13
-13
-13
-14
-20
-26
-30
-33
-32
-34
-33
-34
-36
-33
-30
-25
-22
-24
-20
-16
-8
-4
-4
-5
-7
-7
-5
-6
-8
-13
-15
-17
-19
-19
-19
-18
-17
-15
-10
-9
-8
-5
-3
-1
0
-2
-6
-7
-7
-6
0
3
6
8
11
18
21
23
25
27
30
35
36
36
36
39
41
37
35
33
35
39
38
34
29
27
26
24
23
22
22
21
19
19
17
17
17
15
18
20
23
22
18
18
20
22
23
21
20
21
23
25
23
20
20
20
21
19
19
18
17
18
19
20
18
15
11
8
7
5
0
-4
-9
-12
-12
-14
-18
-20
-20
-20
-19
-17
-18
-18
-16
-18
-16
-18
-18
-18
-17
-15
-14
-14
-12
-8
-2
2
6
8
10
10
10
12
12
11
8
7
5
4
4
2
-2
-3
-3
-2
-2
-1
0
1
3
2
3
8
11
11
15
15
18
19
21
20
23
26
29
31
28
26
24
23
24
23
20
21
19
18
17
14
14
15
13
12
11
12
15
18
19
20
22
25
27
27
28
27
24
23
21
20
20
20
16
14
13
13
11
13
12
12
12
13
12
12
15
16
19
19
22
24
22
19
17
16
14
11
7
6
7
5
-1
-6
-10
-10
-12
-15
-20
-22
-22
-21
-21
-23
-21
-21
-19
-14
-7
-4
-1
0
-1
-2
0
-2
-3
-5
-3
-2
-1
-1
1
-1
2
4
6
6
4
1
-1
-5
-8
-11
-14
-13
-14
-14
-16
-14
-11
-7
0
5
8
11
13
13
14
17
17
18
20
21
19
16
12
9
8
6
4
1
0
-1
-4
-9
-10
-11
-11
-12
-11
-9
-6
-4
-5
-3
-1
1
-1
-2
-1
3
4
5
7
10
11
9
6
2
2
0
-3
-7
-7
-9
-9
-9
-10
-7
-5
-5
-5
-3
0
1
-2
-1
-2
-3
-6
-7
-8
-8
-11
-12
-14
-17
-19
-22
-24
-24
-24
-28
-31
-35
-35
-35
-35
-34
-35
-35
-34
-32
-28
-28
-29
-28
-26
-23
-21
-22
-24
-22
-17
-15
-15
-15
-17
-16
-18
-17
-15
-14
-14
-16
-18
-20
-18
-17
-17
-17
-16
-12
-11
-11
-14
-16
-17
-17
-15
-15
-14
-13
-12
-11
-8
-5
-6
-8
-9
-11
-12
-11
-13
-15
-15
-15
-17
-17
-19
-18
-19
-19
-18
-19
-24
-24
-22
-19
-18
-16
-18
-19
-17
-19
-19
-20
-21
-21
-16
-17
-14
-15
-16
-13
-12
-10
-7
-7
-5
-3
-3
-6
-9
-12
-13
-13
-11
-12
-15
-18
-20
-21
-16
-16
-18
-18
-17
-17
-15
-15
-17
-21
-23
-26
-29
-33
-35
-36
-36
-37
-38
-38
-39
-37
-37
-36
-33
-30
-28
-27
-24
-23
-22
-22
-21
-20
-20
-22
-23
-21
-22
-22
-24
-27
-29
-28
-27
-25
-25
-24
-27
-24
-20
-20
-19
-20
-20
-19
-19
-20
-18
-18
-18
-19
-18
-14
-14
-14
-14
-13
-12
-11
-12
-14
-16
-16
-15
-15
-16
-15
-18
-17
-14
-13
-12
-12
-10
-12
-9
-10
-12
-11
-11
-12
-14
-16
-16
-18
-20
-20
-21
-20
-21
-21
-22
-23
-25
-25
-23
-21
-19
-21
-23
-23
-21
-19
-19
-16
-14
-10
-10
-12
-13
-13
-11
-11
-11
-11
-12
-11
-13
-16
-17
-16
-15
-15
-14
-14
-16
-17
-18
-18
-20
-20
-19
-21
-20
-21
-25
-27
-28
-29
-32
-36
-35
-33
-31
-32
-32
-30
-28
-23
-21
-22
-24
-21
-20
-18
-18
-21
-20
-22
-22
-22
-23
-24
-23
-21
-20
-17
-18
-20
-21
-20
-20
-20
-20
-20
-20
-20
-19
-19
-19
-23
-22
-22
-21
-17
-14
-15
-16
-17
-18
-15
-14
-16
-15
-18
-18
-19
-22
-25
-23
-19
-19
-18
-17
-18
-18
-21
-19
-20
-20
-17
-20
-22
-22
-23
-24
-27
-31
-33
-31
-29
-26
-26
-28
-29
-27
-25
-25
-23
-22
-21
-19
-20
-18
-17
-16
-18
-19
-19
-19
-20
-23
-27
-29
-32
-32
-32
-32
-33
-33
-30
-31
-29
-28
-27
-26
-25
-23
-25
-27
-27
-29
-31
-31
-32
-29
-29
-30
-31
-33
-31
-30
-31
-29
-32
-30
-28
-28
-28
-30
-31
-31
-28
-27
-26
-27
-30
-30
-30
-28
-28
-27
-25
-26
-25
-25
-23
-20
-18
-17
-20
-23
-22
-23
-25
-24
-23
-24
-26
-25
-24
-21
-21
-22
-21
-20
-20
-17
-15
-16
-17
-17
-19
-21
-25
-26
-24
-23
-21
-20
-20
-21
-20
-18
-17
-14
-13
-14
-15
-13
-9
-10
-12
-12
-12
-11
-12
-14
-16
-18
-17
-18
-14
-14
-15
-14
-14
-12
-10
-10
-11
-8
-8
-9
-11
-15
-16
-16
-18
-20
-22
-25
-26
-27
-26
-24
-24
-24
-21
-21
-19
-19
-17
-15
-16
-18
-16
-14
-13
-11
-11
-12
-12
-12
-14
-15
-14
-13
-12
-13
-15
-17
-20
-20
-22
-24
-23
-19
-20
-21
-20
-20
-17
-17
-19
-19
-20
-20
-20
-19
-18
-17
-17
-17
-16
-16
-15
-15
-15
-15
-17
-16
-15
-13
-13
-13
-14
-14
-10
-9
-11
-13
-13
-15
-13
-10
-9
-6
-7
-9
-10
-9
-9
-10
-10
-13
-12
-11
-11
-13
-13
-15
-14
-13
-12
-11
-10
-11
-10
-11
-11
-12
-13
-11
-10
-10
-10
-9
-10
-9
-10
-13
-13
-14
-12
-11
-10
-10
-13
-16
-19
-19
-19
-18
-20
-22
-22
-21
-21
-23
-26
-24
-21
-22
-22
-23
-22
-21
-23
-23
-23
-21
-19
-17
-15
-14
-15
-15
-15
-12
-10
-9
-11
-13
-13
-12
-11
-13
-16
-20
-23
-23
-22
-22
-22
-20
-17
-14
-13
-15
-17
-18
-16
-15
-16
-18
-18
-20
-21
-20
-19
-17
-19
-21
-20
-17
-14
-13
-13
-14
-13
-12
-11
-12
-12
-13
-14
-12
-12
-12
-12
-13
-14
-13
-14
-15
-16
-17
-15
-15
-17
-20
-21
-18
-17
-18
-19
-19
-16
-15
-16
-16
-17
-17
-15
-16
-16
-16
-16
-15
-15
-14
-13
-12
-10
-12
-11
-10
-10
-11
-13
-15
-15
-15
-16
-18
-22
-25
-27
-28
-29
-27
-26
-24
-22
-22
-21
-18
-16
-14
-12
-14
-15
-14
-15
-16
-18
-20
-21
-22
-20
-20
-22
-24
-25
-23
-22
-20
-18
-19
-19
-18
-18
-18
-18
-20
-18
-15
-14
-14
-15
-15
-14
-14
-13
-14
-14
-13
-15
-15
-16
-17
-16
-18
-20
-20
-21
-23
-25
-28
-29
-28
-29
-30
-30
-29
-28
-27
-24
-21
-16
-16
-15
-14
-13
-14
-13
-14
-14
-11
-13
-14
-15
-17
-17
-17
-20
-19
-18
-19
-18
-16
-16
-14
-13
-13
-13
-14
-13
-11
-10
-13
-14
-15
-15
-15
-14
-14
-13
-13
-15
-15
-17
-16
-15
-16
-17
-17
-18
-19
-23
-27
-31
-32
-30
-30
-29
-28
-28
-24
-21
-20
-19
-18
-14
-11
-7
-7
-8
-6
-8
-10
-9
-10
-12
-12
-12
-13
-11
-11
-13
-17
-20
-22
-22
-21
-19
-16
-15
-17
-15
-15
-16
-17
-19
-19
-17
-13
-11
-11
-14
-16
-15
-15
-13
-14
-16
-17
-15
-15
-15
-18
-21
-22
-26
-26
-26
-25
-24
-22
-22
-24
-25
-24
-22
-21
-21
-21
-21
-18
-15
-15
-17
-16
-14
-11
-11
-14
-17
-19
-22
-23
-23
-24
-22
-23
-24
-25
-27
-27
-28
-25
-23
-23
-22
-23
-23
-22
-23
-23
-21
-21
-21
-20
-21
-20
-21
-24
-25
-27
-25
-25
-27
-29
-32
-32
-30
-31
-32
-33
-33
-32
-31
-30
-29
-28
-26
-27
-26
-25
-24
-24
-24
-24
-25
-26
-26
-24
-22
-21
-20
-21
-19
-21
-23
-25
-23
-25
-26
-28
-29
-29
-28
-29
-29
-28
-29
-28
-26
-26
-26
-26
-26
-25
-24
-23
-23
-25
-28
-26
-25
-22
-20
-23
-27
-28
-30
-30
-30
-29
-30
-29
-28
-30
-32
-33
-31
-32
-29
-31
-32
-31
-33
-33
-34
-32
-31
-31
-31
-30
-30
-31
-29
-29
-28
-28
-30
-29
-30
-30
-33
-34
-35
-35
-35
-37
-36
-36
-35
-32
-32
-31
-29
-28
-26
-26
-27
-27
-28
-27
-25
-26
-27
-27
-27
-24
-22
-23
-26
-29
-30
-30
-30
-33
-36
-35
-34
-33
-30
-30
-28
-29
-28
-27
-26
-25
-22
-22
-25
-23
-22
-21
-22
-24
-27
-25
-23
-22
-24
-25
-25
-26
-28
-26
-28
-29
-29
-29
-28
-27
-27
-27
-27
-27
-29
-31
-30
-29
-26
-26
-26
-25
-26
-28
-29
-27
-27
-25
-28
-29
-28
-26
-26
-27
-29
-30
-26
-25
-27
-27
-28
-27
-25
-24
-25
-25
-25
-24
-22
-21
-23
-27
-27
-28
-25
-24
-25
-26
-27
-27
-27
-28
-31
-31
-34
-35
-36
-35
-35
-36
-36
-37
-35
-34
-30
-26
-28
-32
-31
-30
-27
-27
-29
-31
-32
-31
-29
-30
-32
-30
-29
-28
-27
-27
-26
-26
-24
-27
-29
-29
-30
-29
-31
-33
-34
-32
-32
-30
-28
-27
-27
-26
-29
-29
-29
-28
-27
-25
-25
-26
-25
-25
-25
-25
-26
-24
-21
-23
-24
-23
-21
-19
-20
-22
-23
-18
-18
-19
-19
-18
-17
-15
-16
-17
-19
-20
-21
-19
-21
-22
-23
-23
-24
-23
-23
-25
-27
-27
-25
-24
-23
-24
-25
-25
-25
-23
-20
-20
-20
-22
-24
-27
-26
-25
-24
-25
-25
-28
-28
-28
-30
-30
-27
-27
-28
-29
-30
-29
-30
-31
-29
-28
-29
-30
-32
-32
-32
-32
-33
-32
-30
-29
-29
-30
-31
-30
-32
-34
-34
-40
-39
-37
-35
-34
-35
-38
-39
-39
-38
-34
-30
-31
-32
-34
-33
-28
-26
-26
-27
-27
-26
-29
-34
-35
-35
-34
-32
-32
-32
-33
-31
-34
-34
-34
-33
-32
-32
-32
-31
-30
-30
-31
-29
-28
-28
-27
-29
-30
-31
-30
-29
-29
-28
-28
-29
-33
-35
-35
-35
-32
-31
-29
-30
-28
-29
-30
-31
-29
-28
-29
-30
-32
-33
-35
-38
-37
-37
-37
-37
-34
-30
-27
-25
-28
-31
-32
-32
-28
-30
-32
-32
-35
-36
-36
-37
-36
-35
-36
-39
-38
-36
-35
-36
-35
-34
-31
-29
-30
-30
-31
-31
-32
-33
-34
-34
-35
-35
-37
-36
-35
-34
-35
-35
-35
-33
-30
-31
-28
-30
-30
-32
-32
-33
-34
-33
-34
-32
-30
-28
-25
-24
-22
-23
-24
-23
-23
-23
-22
-24
-27
-27
-24
-24
-26
-26
-25
-26
-24
-26
-27
-29
-29
-25
-24
-23
-23
-24
-23
-22
-24
-25
-23
-21
-19
-21
-21
-21
-19
-21
-21
-23
-24
-25
-25
-25
-23
-21
-21
-21
-21
-20
-19
-20
-21
-21
-22
-21
-23
-26
-26
-24
-23
-22
-19
-19
-22
-25
-28
-28
-26
-24
-24
-25
-27
-26
-23
-24
-25
-26
-26
-24
-23
-23
-23
-26
-27
-26
-27
-27
-26
-24
-23
-23
-23
-24
-26
-25
-24
-23
-24
-24
-25
-26
-27
-27
-26
-27
-25
-26
-25
-26
-25
-26
-29
-32
-30
-30
-31
-32
-35
-34
-31
-29
-30
-33
-37
-34
-32
-29
-29
-30
-29
-29
-29
-30
-28
-27
-25
-26
-28
-27
-26
-24
-24
-24
-23
-23
-22
-25
-23
-24
-25
-27
-30
-31
-30
-27
-29
-31
-33
-32
-27
-25
-28
-30
-30
-28
-24
-26
-25
-25
-26
-27
-29
-30
-30
-29
-30
-30
-30
-29
-27
-26
-27
-28
-27
-27
-28
-30
-29
-27
-26
-27
-26
-26
-25
-25
-28
-32
-34
-31
-33
-35
-39
-39
-38
-36
-33
-34
-35
-34
-35
-35
-34
-33
-34
-37
-37
-37
-37
-39
-39
-41
-42
-40
-38
-39
-40
-38
-36
-34
-33
-36
-35
-36
-38
-38
-40
-40
-39
-40
-43
-43
-44
-41
-39
-40
-42
-44
-43
-45
-45
-45
-44
-45
-47
-45
-44
-43
-44
-44
-45
-45
-44
-42
-40
-38
-38
-37
-39
-40
-40
-38
-37
-38
-38
-39
-41
-43
-43
-41
-40
-39
-41
-42
-43
-41
-39
-37
-38
-40
-43
-47
-46
-45
-44
-46
-47
-43
-42
-42
-44
-43
-43
-41
-42
-45
-44
-45
-44
-44
-43
-43
-41
-38
-38
-39
-40
-41
-41
-39
-39
-39
-42
-44
-44
-43
-44
-45
-45
-46
-44
-42
-43
-43
-44
-43
-43
-43
-42
-40
-40
-42
-45
-48
-46
-44
-43
-46
-46
-46
-45
-44
-46
-47
-46
-45
-44
-44
-44
-44
-42
-42
-41
-41
-41
-42
-40
-37
-34
-35
-39
-42
-43
-41
-41
-44
-44
-45
-44
-45
-45
-47
-46
-46
-47
-50
-49
-48
-47
-46
-48
-49
-49
-48
-50
-48
-45
-44
-47
-50
-50
-46
-43
-42
-42
-43
-43
-44
-44
-44
-45
-44
-44
-43
-42
-41
-41
-41
-43
-42
-41
-41
-39
-42
-44
-44
-44
-42
-42
-42
-45
-45
-43
-46
-47
-47
-45
-44
-44
-45
-47
-48
-47
-46
-45
-44
-44
-46
-44
-44
-46
-45
-43
-40
-41
-41
-43
-45
-46
-44
-42
-41
-41
-42
-44
-46
-45
-46
-47
-50
-52
-52
-53
-53
-54
-54
-57
-58
-56
-54
-51
-53
-55
-57
-57
-58
-58
-57
-55
-51
-49
-48
-48
-48
-47
-46
-46
-48
-48
-48
-46
-46
-47
-49
-51
-53
-51
-50
-51
-52
-52
-51
-49
-48
-51
-54
-53
-53
-51
-52
-57
-58
-58
-57
-54
-54
-53
-52
-51
-52
-56
-58
-57
-57
-59
-56
-56
-53
-54
-53
-52
-52
-52
-51
-50
-52
-51
-51
-51
-53
-52
-54
-53
-52
-50
-50
-50
-49
-50
-50
-49
-49
-49
-49
-50
-48
-48
-49
-51
-52
-52
-52
-52
-50
-48
-46
-45
-47
-49
-47
-48
-48
-48
-47
-47
-48
-50
-50
-51
-52
-50
-51
-51
-50
-50
-51
-52
-52
-50
-49
-50
-53
-56
-55
-54
-54
-55
-55
-55
-54
-54
-54
-54
-54
-54
-55
-54
-53
-54
-53
-51
-52
-54
-54
-53
-51
-51
-51
-52
-50
-51
-53
-55
-56
-56
-54
-53
-53
-55
-55
-53
-54
-54
-54
-52
-50
-49
-50
-53
-57
-56
-53
-51
-51
-53
-54
-54
-56
-57
-57
-56
-55
-55
-54
-52
-51
-51
-52
-52
-52
-51
-51
-51
-49
-49
-49
-51
-50
-47
-47
-48
-50
-51
-48
-46
-45
-49
-49
-48
-51
-52
-50
-50
-49
-48
-50
-50
-48
-49
-48
-45
-46
-45
-44
-44
-46
-44
-42
-42
-42
-43
-40
-39
-40
-40
-41
-41
-41
-42
-44
-45
-42
-40
-41
-43
-45
-45
-44
-43
-45
-45
-43
-44
-44
-45
-46
-47
-44
-45
-46
-47
-47
-49
-49
-48
-47
-47
-50
-53
-52
-52
-50
-46
-45
-45
-47
-50
-50
-48
-49
-48
-48
-48
-47
-46
-46
-44
-41
-41
-42
-44
-45
-43
-41
-40
-40
-40
-40
-41
-44
-49
-51
-50
-49
-48
-48
-49
-50
-51
-51
-50
-48
-47
-45
-47
-47
-46
-45
-45
-44
-44
-44
-44
-43
-43
-45
-42
-41
-44
-43
-44
-43
-40
-37
-40
-40
-40
-37
-36
-37
-39
-40
-40
-41
-41
-39
-39
-39
-40
-41
-39
-38
-37
-39
-42
-43
-41
-41
-42
-44
-41
-37
-35
-37
-42
-44
-43
-39
-38
-39
-38
-37
-39
-41
-45
-44
-43
-39
-40
-39
-42
-41
-40
-40
-40
-41
-42
-43
-42
-42
-41
-42
-45
-47
-48
-49
-46
-45
-46
-46
-46
-48
-46
-44
-43
-39
-41
-43
-44
-44
-45
-47
-46
-45
-43
-43
-43
-44
-43
-42
-41
-42
-42
-40
-40
-41
-41
-42
-42
-42
-43
-45
-45
-45
-45
-45
-46
-45
-46
-44
-46
-46
-46
-44
-45
-46
-45
-45
-45
-46
-46
-47
-46
-45
-45
-44
-46
-45
-43
-44
-44
-47
-45
-42
-42
-44
-44
-41
-39
-39
-40
-44
-44
-42
-41
-41
-44
-45
-43
-41
-39
-42
-45
-46
-44
-42
-41
-44
-45
-43
-41
-40
-41
-43
-44
-45
-45
-44
-43
-42
-40
-41
-44
-47
-47
-46
