-2
-4
-5
-7
-8
-8
-9
-7
-9
-7
-8
-9
-10
-10
-11
-14
-14
-18
-20
-21
-21
-21
-21
-25
-29
-33
-33
-32
-34
-36
-38
-35
-32
-30
-28
-27
-25
-21
-18
-16
-16
-14
-13
-11
-11
-9
-12
-13
-13
-13
-13
-11
-11
-10
-10
-10
-9
-10
-13
-15
-14
-12
-8
-7
-8
-7
-6
-4
0
1
2
3
7
9
12
13
12
14
16
18
18
19
20
23
24
23
21
20
22
21
19
16
12
8
5
3
1
0
-2
-3
-2
3
4
5
6
7
8
9
11
15
16
14
10
8
8
8
7
7
6
5
6
4
2
0
1
0
1
-2
-4
-8
-10
-10
-11
-11
-10
-10
-8
-6
-3
-2
-1
-3
-6
-8
-7
-7
-10
-12
-16
-18
-21
-23
-27
-29
-30
-33
-36
-37
-39
-39
-38
-38
-35
-30
-27
-24
-19
-17
-16
-12
-9
-7
-5
-6
-6
-9
-6
-5
-3
-2
-1
-3
-6
-9
-8
-7
-6
-6
-6
-6
-5
-7
-4
0
3
4
4
3
5
7
5
6
7
10
10
11
8
5
6
5
6
7
8
6
3
1
0
2
3
6
6
7
7
5
4
2
1
-1
-1
2
3
2
5
6
10
10
11
12
11
9
9
7
4
1
1
-1
-5
-8
-11
-11
-15
-16
-16
-13
-11
-13
-14
-13
-11
-9
-11
-11
-9
-6
-5
-6
-10
-10
-12
-10
-7
-5
-3
-4
-4
-6
-6
-9
-11
-11
-11
-13
-16
-23
-27
-29
-30
-31
-31
-30
-27
-26
-24
-21
-23
-23
-20
-17
-12
-8
-11
-12
-10
-11
-9
-10
-11
-15
-15
-14
-11
-11
-13
-14
-13
-9
-6
-5
-4
-3
-3
-2
0
-1
1
3
4
5
5
5
4
5
3
4
4
4
4
2
0
1
-1
-5
-5
-4
-8
-10
-11
-10
-9
-6
-3
0
4
4
4
3
2
-2
-3
-3
0
2
2
1
1
0
0
-2
-3
-4
-5
-6
-7
-7
-7
-8
-10
-12
-13
-13
-15
-18
-20
-23
-23
-24
-24
-22
-20
-16
-15
-14
-14
-14
-11
-10
-10
-10
-12
-13
-14
-14
-15
-11
-13
-11
-13
-10
-14
-11
-17
-16
-16
-22
-15
-23
-20
-23
-28
-30
-30
-26
-24
-20
-21
-20
-18
-20
-17
-21
-15
-12
-14
-15
-14
-18
-16
-18
-20
-19
-16
-16
-13
-11
-11
-8
-10
-4
-4
-2
-1
-4
-1
0
0
0
-2
-1
-1
0
3
3
4
3
3
0
0
-3
-4
-4
-6
-7
-6
-7
-9
-7
-12
-13
-11
-11
-7
-5
-7
-6
-5
-3
-1
-1
-1
0
1
2
0
0
-1
0
2
3
3
1
-2
-2
-3
-5
-5
-6
-5
-7
-10
-14
-15
-16
-16
-16
-18
-18
-18
-19
-18
-20
-21
-21
-21
-19
-18
-17
-20
-20
-19
-15
-11
-8
-6
-5
-4
-4
-4
-6
-4
-3
-4
-4
-5
-10
-11
-11
-12
-10
-9
-10
-10
-10
-15
-14
-16
-18
-18
-19
-20
-20
-20
-20
-15
-14
-15
-15
-15
-11
-8
-10
-11
-10
-14
-14
-14
-13
-11
-9
-9
-8
-7
-6
-5
-8
-6
-7
-5
-2
-2
-1
0
2
3
5
4
4
5
5
4
6
5
1
-1
-3
-3
-4
-4
-5
-7
-8
-6
-7
-10
-11
-12
-12
-11
-10
-11
-12
-13
-11
-10
-11
-8
-8
-5
-3
-2
-2
-2
-5
-7
-8
-9
-10
-11
-14
-18
-21
-22
-22
-21
-19
-21
-21
-22
-23
-26
-27
-27
-26
-26
-27
-26
-24
-22
-21
-23
-23
-20
-16
-12
-9
-11
-12
-11
-11
-10
-11
-11
-12
-13
-16
-17
-19
-20
-19
-19
-19
-18
-17
-15
-14
-15
-17
-17
-17
-16
-14
-18
-17
-17
-17
-16
-15
-17
-18
-21
-21
-20
-19
-17
-18
-17
-14
-13
-15
-15
-16
-16
-14
-13
-12
-14
-14
-14
-15
-13
-11
-9
-7
-6
-5
-3
-3
-3
-4
-6
-7
-10
-10
-10
-12
-14
-17
-19
-19
-19
-20
-20
-20
-20
-20
-23
-25
-24
-23
-23
-23
-21
-22
-19
-18
-18
-21
-21
-18
-17
-17
-19
-22
-24
-25
-24
-26
-27
-29
-30
-30
-29
-28
-28
-28
-27
-28
-28
-29
-32
-32
-33
-36
-39
-40
-41
-39
-37
-36
-34
-30
-26
-26
-26
-26
-28
-30
-31
-32
-31
-30
-30
-30
-29
-30
-31
-31
-31
-30
-30
-29
-27
-26
-25
-25
-29
-30
-29
-29
-27
-29
-32
-32
-33
-32
-33
-35
-36
-36
-38
-38
-37
-39
-40
-42
-42
-41
-40
-38
-39
-39
-37
-34
-33
-34
-37
-37
-36
-36
-35
-35
-32
-30
-29
-28
-27
-25
-27
-32
-34
-34
-32
-32
-34
-34
-34
-34
-36
-39
-39
-37
-35
-35
-37
-38
-39
-41
-43
-46
-46
-46
-46
-46
-46
-45
-44
-45
-46
-49
-48
-49
-50
-50
-51
-52
-49
-47
-46
-45
-44
-42
-44
-45
-45
-45
-44
-44
-46
-47
-46
-48
-47
-48
-47
-46
-46
-46
-44
-40
-42
-43
-45
-46
-46
-44
-45
-44
-42
-43
-45
-44
-41
-40
-41
-42
-41
-36
-35
-35
-36
-39
-38
-39
-38
-37
-39
-37
-35
-33
-34
-35
-37
-37
-37
-39
-38
-39
-40
-44
-47
-45
-43
-43
-44
-46
-46
-44
-45
-47
-46
-45
-42
-43
-43
-46
-45
-43
-42
-41
-40
-37
-35
-34
-34
-32
-32
-34
-38
-40
-40
-38
-35
-35
-36
-34
-32
-34
-36
-37
-36
-34
-33
-36
-39
-42
-44
-45
-45
-44
-45
-47
-48
-49
-48
-48
-49
-49
-49
-47
-47
-48
-50
-47
-45
-46
-48
-49
-49
-49
-46
-45
-46
-47
-48
-47
-47
-46
-47
-47
-48
-47
-45
-46
-46
-46
-44
-45
-47
-49
-50
-50
-50
-51
-53
-52
-49
-49
-48
-47
-44
-43
-44
-44
-46
-46
-46
-48
-48
-48
-47
-47
-48
-47
-43
-37
-36
-36
-38
-36
-33
-31
-31
-34
-36
-36
-35
-33
-34
-34
-34
-34
-35
-34
-36
-37
-39
-42
-41
-42
-43
-45
-44
-45
-46
-46
-46
-45
-43
-41
-40
-39
-39
-39
-38
-34
-34
-34
-34
-32
-30
-29
-30
-32
-35
-33
-31
-29
-29
-31
-33
-35
-37
-36
-37
-39
-40
-40
-38
-38
-39
-44
-47
-47
-46
-46
-47
-46
-44
-42
-41
-41
-42
-42
-43
-43
-41
-41
-40
-43
-47
-45
-45
-44
-43
-42
-41
-40
-39
-41
-40
-39
-39
-38
-38
-38
-38
-37
-36
-35
-34
-34
-33
-31
-31
-31
-33
-36
-36
-37
-34
-36
-39
-38
-39
-39
-38
-37
-38
-36
-36
-35
-31
-31
-34
-33
-32
-30
-29
-25
-25
-23
-22
-23
-23
-25
-23
-25
-25
-24
-22
-23
-24
-26
-30
-31
-31
-31
-28
-27
-30
-31
-33
-34
-33
-32
-31
-32
-34
-37
-38
-37
-33
-31
-29
-31
-32
-31
-29
-29
-29
-29
-29
-29
-29
-30
-30
-30
-30
-30
-30
-29
-29
-30
-30
-32
-31
-32
-33
-34
-34
-34
-35
-36
-38
-42
-42
-39
-39
-37
-37
-37
-37
-35
-35
-37
-38
-38
-38
-37
-35
-34
-34
-35
-36
-34
-33
-33
-32
-32
-35
-33
-33
-33
-34
-34
-31
-28
-27
-27
-28
-27
-24
-25
-24
-26
-26
-26
-27
-29
-32
-34
-34
-30
-31
-31
-32
-33
-34
-32
-31
-32
-29
-27
-28
-28
-29
-27
-25
-25
-27
-26
-26
-26
-27
-27
-28
-27
-25
-22
-23
-24
-23
-22
-23
-24
-26
-27
-27
-27
-27
-27
-28
-28
-29
-31
-30
-30
-29
-27
-26
-27
-30
-30
-30
-28
-31
-33
-31
-30
-27
-26
-30
-31
-32
-29
-29
-31
-32
-35
-35
-34
-32
-30
-30
-31
-33
-32
-30
-30
-28
-28
-28
-29
-29
-31
-33
-33
-32
-33
-33
-33
-33
-31
-29
-31
-32
-32
-33
-31
-29
-28
-29
-30
-30
-28
-28
-29
-29
-28
-26
-25
-27
-28
-27
-26
-26
-28
-27
-25
-23
-25
-27
-26
-22
-19
-21
-21
-21
-19
-21
-22
-23
-23
-22
-23
-25
-27
-26
-24
-21
-19
-18
-21
-21
-19
-18
-18
-19
-18
-19
-17
-14
-13
-12
-14
-15
-14
-13
-12
-13
-16
-17
-13
-13
-14
-15
-19
-17
-15
-15
-19
-20
-19
-18
-16
-15
-13
-13
-14
-17
-20
-21
-24
-25
-29
-31
-31
-31
-31
-31
-29
-28
-26
-28
-30
-31
-29
-28
-25
-24
-26
-27
-29
-27
-23
-20
-21
-23
-22
-21
-18
-18
-20
-22
-23
-26
-26
-26
-26
-25
-25
-26
-27
-25
-25
-28
-30
-31
-30
-30
-32
-30
-28
-25
-24
-25
-26
-27
-28
-28
-25
-24
-23
-23
-24
-24
-24
-23
-25
-27
-25
-22
-22
-23
-24
-23
-21
-21
-20
-21
-21
-22
-19
-19
-19
-20
-23
-25
-24
-23
-22
-24
-26
-27
-28
-28
-28
-29
-29
-28
-25
-23
-25
-27
-27
-27
-27
-26
-28
-27
-27
-26
-27
-28
-26
-27
-28
-27
-26
-25
-23
-23
-23
-22
-21
-21
-22
-25
-28
-30
-31
-33
-34
-36
-36
-35
-35
-37
-37
-35
-34
-36
-37
-37
-38
-37
-36
-35
-34
-36
-38
-38
-35
-33
-33
-31
-32
-30
-33
-36
-36
-37
-35
-33
-32
-34
-36
-36
-37
-38
-38
-37
-35
-33
-32
-34
-36
-37
-37
-38
-39
-40
-42
-42
-40
-38
-40
-42
-41
-39
-41
-39
-38
-37
-38
-39
-40
-43
-41
-39
-40
-38
-38
-37
-35
-34
-33
-34
-36
-35
-35
-35
-33
-32
-33
-34
-34
-36
-35
-36
-37
-37
-36
-37
-39
-41
-40
-39
-36
-36
-38
-37
-36
-34
-34
-33
-33
-33
-35
-37
-38
-37
-36
-37
-37
-36
-35
-33
-32
-30
-31
-30
-32
-32
-32
-32
-29
-29
-29
-30
-33
-36
-36
-37
-37
-35
-34
-31
-31
-33
-36
-36
-36
-34
-36
-39
-38
-35
-34
-34
-36
-35
-34
-37
-35
-33
-31
-30
-29
-31
-32
-30
-29
-29
-33
-34
-32
-31
-31
-29
-27
-27
-28
-30
-30
-28
-26
-25
-25
-27
-26
-26
-25
-26
-25
-28
-29
-29
-27
-26
-27
-27
-27
-27
-26
-25
-24
-24
-23
-24
-26
-25
-26
-27
-27
-25
-24
-23
-21
-23
-22
-22
-20
-18
-18
-17
-17
-18
-16
-16
-19
-23
-22
-20
-18
-19
-21
-23
-21
-18
-18
-18
-18
-16
-16
-19
-20
-21
-22
-24
-23
-23
-21
-20
-21
-21
-22
-20
-19
-19
-20
-20
-21
-22
-23
-23
-24
-23
-19
-17
-19
-20
-22
-22
-22
-21
-23
-23
-23
-23
-22
-20
-21
-21
-22
-22
-21
-20
-20
-23
-24
-22
-20
-21
-22
-23
-23
-21
-19
-18
-18
-17
-19
-19
-20
-20
-19
-18
-20
-21
-21
-23
-24
-21
-20
-18
-18
-19
-19
-18
-17
-17
-17
-19
-19
-21
-19
-15
-16
-19
-20
-19
-19
-17
-18
-19
-19
-18
-14
-14
-17
-16
-17
-16
-17
-17
-19
-19
-19
-18
-16
-16
-17
-14
-15
-16
-14
-14
-12
-11
-13
-15
-15
-13
-13
-14
-13
-14
-13
-13
-13
-11
-11
-11
-13
-16
-15
-14
-15
-13
-16
-16
-14
-13
-11
-9
-10
-12
-13
-13
-12
-12
-10
-11
-10
-8
-5
-7
-10
-11
-12
-11
-9
-8
-7
-6
-5
-8
-8
-7
-7
-7
-7
-9
-8
-7
-8
-7
-6
-5
-4
-6
-5
-6
-5
-6
-6
-6
-5
-5
-4
-4
-4
-3
-2
-4
-5
-4
-2
0
1
-3
-3
-3
-2
-1
-2
-2
2
4
3
1
0
-1
0
-1
-1
0
1
1
2
2
0
-1
-2
-3
-2
0
-1
1
2
0
-1
-1
1
3
3
2
2
3
4
5
4
3
1
0
1
1
1
3
5
6
5
5
6
7
5
6
5
5
4
2
2
3
4
4
3
1
2
0
1
0
-2
-4
-2
0
2
3
2
2
1
-1
-2
-1
-2
-2
-3
-3
-2
-1
0
0
-1
0
2
3
3
0
0
-1
-1
-1
-2
-2
-3
-2
-2
-2
-2
-2
-1
-2
-4
-4
-3
-2
-3
-5
-7
-8
-10
-7
-8
-9
-9
-8
-10
-9
-8
-9
-9
-12
-12
-11
-10
-9
-7
-8
-7
-8
-5
-4
-6
-9
-9
-8
-4
-2
-3
-6
-7
-6
-5
-3
-4
-7
-9
-8
-6
-3
-6
-9
-10
-9
-7
-9
-9
-11
-10
-8
-7
-9
-13
-12
-11
-9
-9
-11
-12
-12
-11
-12
-12
-13
-15
-14
-12
-12
-12
-12
-12
-12
-11
-10
-9
-9
-10
-12
-13
-12
-11
-12
-12
-12
-11
-9
-10
-11
-12
-13
-13
-10
-8
-8
-10
-11
-13
-12
-10
-11
-12
-14
-15
-16
-15
-13
-13
-15
-14
-14
-14
-14
-13
-14
-13
-12
-11
-9
-10
-12
-13
-13
-12
-13
-13
-14
-16
-17
-15
-15
-15
-13
-14
-16
-18
-17
-16
-15
-16
-15
-17
-17
-16
-14
-13
-12
-11
-12
-15
-16
-17
-17
-16
-17
-18
-19
-19
-18
-17
-18
-18
-18
-18
-18
-19
-18
-16
-18
-21
-22
-23
-21
-21
-23
-24
-22
-20
-18
-18
-18
-16
-15
-19
-18
-17
-15
-15
-17
-21
-19
-17
-16
-16
-17
-17
-16
-16
-15
-13
-13
-15
-17
-18
-17
-15
-13
-14
-15
-17
-15
-15
-14
-13
-14
-16
-15
-16
-18
-18
-17
-13
-11
-11
-11
-13
-12
-11
-9
-11
-10
-9
-11
-12
-16
-17
-15
-14
-15
-14
-12
-9
-10
-11
-13
-12
-10
-7
-8
-10
-11
-10
-10
-11
-13
-15
-13
-12
-14
-13
-13
-13
-12
-15
-16
-17
-17
-17
-14
-13
-14
-15
-16
-16
-14
-12
-11
-10
-11
-12
-11
-11
-11
-12
-13
-13
-12
-11
-10
-10
-11
-10
-13
-11
-10
-10
-9
-8
-8
-9
-12
-16
-14
-13
-13
-12
-13
-14
-14
-13
-13
-14
-14
-17
-15
-15
-12
-9
-9
-10
-11
-13
-16
-15
-15
-15
-12
-12
-12
-11
-12
-13
-11
-10
-11
-11
-11
-12
-13
-9
-10
-11
-14
-16
-15
-13
-10
-10
-9
-9
-9
-10
-9
-9
-10
-11
-12
-11
-12
-12
-14
-13
-15
-14
-14
-14
-12
-11
-11
-14
-16
-16
-15
-13
-15
-18
-20
-18
-18
-17
-17
-17
-16
-15
-13
-14
-13
-13
-15
-16
-17
-19
-20
-20
-18
-18
-18
-19
-19
-17
-17
-16
-18
-20
-18
-18
-19
-20
-20
-17
-14
-15
-16
-18
-17
-15
-17
-18
-17
-17
-17
-16
-16
-17
-17
-18
-16
-13
-11
-12
-10
-9
-10
-11
-12
-12
-13
-15
-13
-11
-8
-6
-11
-12
-12
-12
-13
-13
-15
-16
-13
-13
-11
-10
-12
-13
-15
-15
-11
-13
-15
-14
-12
-12
-13
-15
-16
-15
-13
-14
-16
-15
-16
-15
-14
-15
-15
-14
-14
-15
-13
-14
-13
-13
-14
-13
-11
-10
-11
-11
-12
-11
-10
-8
-9
-9
-7
-7
-10
-11
-11
-10
-10
-10
-12
-14
-13
-10
-8
-9
-9
-8
-7
-5
-7
-9
-9
-9
-9
-10
-11
-11
-10
-8
-9
-7
-5
-6
-6
-7
-7
-8
-9
-10
-12
-9
-7
-6
-6
-7
-7
-6
-4
-3
-4
-5
-5
-5
-4
-5
-4
-2
-2
-3
-6
-5
-4
-3
-4
-4
-5
-5
-5
-6
-8
-7
-6
-7
-6
-5
-6
-4
-2
-2
-3
-5
-6
-4
-4
-3
-1
-4
-4
-5
-3
-2
-1
-1
-2
-1
-2
-2
-2
-2
-1
1
1
2
4
4
4
4
2
1
3
4
6
6
6
5
5
5
6
7
5
4
4
4
6
5
6
6
5
5
6
6
6
3
2
4
5
6
5
5
7
11
12
11
11
11
12
10
9
10
9
9
9
7
6
6
7
7
7
9
11
13
13
10
10
11
13
15
15
12
12
13
16
15
13
11
13
15
15
15
12
11
9
9
10
10
11
10
9
10
12
11
12
11
10
9
7
7
7
8
10
12
12
13
14
14
14
14
12
9
9
10
10
12
9
9
8
6
7
9
8
7
8
9
11
11
8
8
10
9
10
9
11
11
13
13
11
10
10
12
11
10
9
7
7
6
6
8
8
5
7
8
9
9
10
8
7
7
8
8
7
6
6
9
9
7
4
5
7
6
5
4
5
7
7
4
5
5
5
3
2
2
3
3
3
3
4
5
4
5
5
5
4
2
1
0
1
4
6
4
1
0
-1
1
0
0
2
3
2
1
1
1
3
1
-2
-2
-1
2
2
0
1
2
3
4
3
3
4
5
4
4
3
3
4
3
2
2
3
4
3
2
3
3
3
2
1
-1
1
1
0
1
1
2
0
-1
-1
1
4
5
6
4
4
4
6
7
5
4
5
7
7
6
3
3
6
8
8
8
7
8
8
9
7
8
9
11
13
10
8
6
9
12
13
11
11
13
13
12
10
8
9
11
12
11
10
11
9
10
12
12
13
12
12
10
11
13
14
14
12
11
11
14
15
14
13
13
15
16
16
17
17
17
17
17
18
19
20
20
20
18
18
19
18
18
19
19
19
19
17
17
16
17
18
17
20
20
20
19
18
19
20
23
23
23
20
17
18
21
21
20
20
17
20
21
20
21
20
20
20
20
18
18
19
21
22
19
20
19
17
18
18
16
14
15
16
16
14
14
12
13
16
17
16
14
11
10
10
10
11
12
11
10
9
11
12
9
8
10
8
9
9
8
9
10
7
7
6
8
8
9
9
9
9
10
10
9
9
10
10
10
8
8
6
7
7
8
8
7
5
7
7
8
9
6
4
3
2
4
4
6
7
7
9
8
8
7
5
5
6
7
6
5
4
5
5
6
5
5
7
8
8
8
8
9
9
9
8
8
6
6
7
8
7
7
6
4
5
6
4
3
3
2
1
2
3
3
4
4
3
3
4
5
5
2
-1
1
0
0
0
-1
1
2
3
3
0
-1
1
3
4
4
0
0
2
3
5
5
4
4
2
3
6
5
5
3
3
5
7
5
3
1
0
3
3
2
0
0
1
3
3
0
2
4
5
5
5
5
4
5
6
6
5
5
5
6
6
5
4
4
3
5
4
6
7
4
2
3
4
6
7
9
9
11
8
4
5
8
9
8
8
8
8
9
11
12
11
10
11
12
14
15
12
12
14
12
13
15
15
15
15
14
14
17
20
22
21
20
19
20
19
17
14
14
16
18
19
19
19
18
17
15
13
11
12
13
14
14
15
15
15
15
14
14
15
16
16
15
14
14
13
12
11
12
15
18
19
17
15
15
16
14
16
17
19
20
19
16
16
16
16
15
15
17
18
19
20
20
18
19
18
18
20
20
22
20
20
18
17
17
18
18
18
18
18
20
21
20
19
21
23
23
23
23
23
21
21
21
23
26
26
25
27
27
26
27
26
27
29
28
27
27
26
25
27
28
29
30
29
27
26
27
28
29
27
26
24
23
24
25
29
33
31
29
28
29
30
30
29
28
28
28
28
27
28
28
28
29
27
25
27
27
28
26
23
22
22
24
26
25
22
23
25
25
21
22
24
26
25
23
21
21
20
19
20
21
25
28
28
27
24
25
24
22
19
18
19
20
21
20
19
20
21
24
24
23
22
21
22
26
28
27
25
23
24
25
25
24
24
23
24
24
25
23
23
24
24
24
22
21
20
21
23
26
25
24
25
25
26
26
28
26
24
25
23
22
22
23
22
22
23
25
24
24
23
23
23
20
18
19
23
21
19
18
21
25
27
25
23
22
25
26
26
28
27
25
23
21
22
23
22
23
23
22
22
22
21
18
18
19
21
20
18
16
16
15
18
19
19
19
17
16
17
15
16
18
18
17
15
14
14
15
14
14
14
15
16
17
17
21
21
20
20
20
20
22
21
19
17
18
19
20
19
18
19
18
18
15
14
17
18
18
19
17
15
16
17
17
17
15
13
14
15
16
17
17
16
17
18
18
18
16
15
17
17
14
17
16
18
19
18
20
22
21
19
17
18
20
22
20
20
21
22
24
24
24
24
25
23
23
22
22
24
24
23
22
23
24
27
27
25
23
23
23
21
22
24
25
25
24
22
20
18
18
19
19
23
24
25
22
20
21
20
19
19
21
22
23
23
20
20
21
21
19
19
19
19
21
20
16
17
20
19
17
14
14
16
18
19
21
22
21
17
15
12
13
15
17
18
17
14
13
15
15
15
17
18
19
20
18
17
18
18
17
16
16
14
15
14
15
16
17
18
17
15
14
14
14
14
14
17
21
22
20
15
15
15
17
18
17
17
16
18
19
20
21
18
16
15
16
19
20
18
19
17
17
16
15
16
16
19
19
19
18
17
15
15
16
16
15
16
15
15
14
12
13
14
12
9
9
10
12
12
9
9
10
11
9
8
8
7
7
6
8
9
10
9
7
6
5
4
3
3
4
3
3
4
3
3
4
2
1
0
0
2
2
2
0
1
1
0
-2
-2
-1
0
2
2
4
3
0
-1
0
1
2
0
0
-1
-2
-2
-3
-3
-4
-3
-2
-3
-6
-7
-5
-5
-3
-3
-3
-6
-8
-8
-8
-8
-8
-7
-6
-4
-6
-8
-8
-8
-7
-5
-5
-5
-6
-7
-5
-5
-7
-6
-7
-7
-5
-6
-7
-6
-6
-5
-6
-8
-9
-8
-7
-7
-5
-6
-8
-7
-7
-8
-7
-8
-9
-8
-9
-9
-8
-7
-9
-11
-13
-10
-9
-9
-8
-10
-10
-11
-10
-10
-9
-9
-9
-8
-8
-8
-8
-8
-8
-8
-11
-13
-12
-11
-9
-7
-7
-7
-8
-9
-11
-11
-12
-12
-12
-11
-10
-10
-12
-14
-12
-10
-10
-9
-10
-7
-5
-4
-5
-7
-8
-7
-6
-7
-9
-12
-10
-6
-6
-9
-11
-9
-6
-4
-5
-5
-4
-3
-2
-3
-3
-4
-5
-4
-2
0
-1
-3
-6
-8
-6
-5
-5
-7
-9
-8
-5
-4
-6
-9
-9
-6
-3
-1
-2
-4
-2
-1
-1
-3
-3
-3
-4
-1
0
0
3
1
0
1
-1
1
3
4
4
1
0
-1
-1
-2
-3
-2
0
0
0
2
-1
-2
-2
-2
-2
-2
-2
-4
-6
-7
-4
-2
0
-2
-4
-5
-5
-3
-1
-1
0
-2
-4
-5
-6
-7
-6
-3
-3
-3
-4
-4
-5
-6
-5
-5
-4
-2
-3
-6
-7
-7
-6
-6
-7
-8
-7
-7
-8
-9
-10
-9
-9
-7
-9
-11
-12
-12
-11
-11
-9
-10
-14
-15
-14
-14
-8
-5
-5
-6
-9
-11
-11
-11
-12
-13
-12
-11
-11
-12
-12
-10
-10
-12
-14
-14
-13
-10
-9
-9
-10
-10
-9
-9
-11
-13
-12
-10
-9
-9
-9
-8
-7
-5
-6
-7
-7
-8
-8
-7
-7
-7
-6
-6
-6
-7
-6
-7
-9
-9
-9
-7
-7
-8
-8
-9
-9
-8
-7
-6
-5
-6
-7
-7
-7
-9
-8
-6
-5
-6
-7
-9
-11
-12
-15
-14
-13
-11
-12
-12
-11
-12
-12
-13
-13
-15
-14
-12
-13
-11
-10
-11
-10
-10
-8
-6
-6
-4
-6
-7
-7
-5
-7
-5
-7
-9
-11
-12
-15
-12
-11
-12
-10
-12
-12
-13
-14
-13
-14
-14
-14
-13
-13
-12
-11
-14
-15
-12
-13
-12
-11
-12
-10
-7
-10
-12
-13
-13
-10
-9
-7
-9
-8
-8
-10
-10
-11
-11
-11
-14
-13
-10
-8
-7
-8
-10
-11
-11
-8
-7
-6
-6
-6
-8
-8
-8
-9
-9
-10
-10
-9
-10
-7
-7
-6
-6
-6
-7
-6
-6
-5
-4
-5
-6
-7
-8
-7
-7
-6
-3
-3
-4
-7
-10
-8
-3
-1
-3
-5
-6
-8
-7
-6
-3
-2
-4
-6
-6
-4
-3
-1
-3
-3
-4
-4
-3
-2
-3
-3
-4
-5
-4
-4
-3
-3
-3
-2
-3
-5
-4
-2
-3
-2
0
-2
-5
-4
-2
0
-1
-3
-3
-4
-4
-3
-2
-1
0
-1
-4
-4
-5
-3
-2
0
0
0
-1
-1
0
0
-1
-2
-2
-2
0
2
3
1
3
4
4
5
6
6
6
6
5
5
6
5
4
3
4
2
3
5
8
12
11
9
7
6
6
7
6
6
5
6
7
7
4
2
3
5
6
5
5
5
4
4
5
7
6
4
2
3
4
5
6
6
6
5
5
4
5
5
5
4
3
4
4
5
6
6
5
6
7
6
5
6
5
4
4
2
2
4
4
2
2
3
6
5
4
3
4
6
7
8
8
8
6
5
6
5
3
3
3
3
2
1
1
2
0
0
-1
-2
-3
-3
-4
-5
-5
-4
-4
-3
-4
-6
-6
-6
-4
-2
-1
-2
-4
-4
-3
-5
-6
-6
-5
-2
-1
-5
-8
-5
-2
-1
-1
-2
-1
-1
-2
0
0
-1
1
1
2
2
1
1
0
1
1
2
4
5
4
3
1
1
2
2
2
3
1
0
0
1
0
-1
0
1
2
3
2
0
2
3
3
3
4
6
8
8
6
0
2
2
2
3
3
2
5
8
8
6
5
6
7
10
10
9
8
10
10
10
8
8
8
7
8
7
4
4
5
6
8
10
8
6
6
8
7
8
7
8
8
6
4
4
5
6
5
6
6
6
4
4
5
3
4
3
4
6
6
9
6
5
6
10
10
9
6
4
4
6
9
8
8
8
6
7
8
8
9
10
10
9
9
8
7
7
9
9
9
8
9
11
11
11
10
12
12
13
13
12
13
14
13
11
10
11
10
11
12
13
14
16
15
14
12
11
13
13
12
10
10
12
11
13
12
11
12
12
11
12
10
10
10
11
13
13
11
11
9
10
10
13
14
13
13
11
12
15
15
13
12
12
12
12
14
14
12
12
10
9
10
10
10
9
8
9
8
6
6
7
6
8
7
4
4
4
3
2
3
3
4
3
3
2
3
5
6
7
8
9
10
8
7
6
4
1
1
0
-1
-2
-2
-2
0
0
0
-2
-2
-1
0
0
0
0
-1
0
1
1
-1
-2
0
1
1
1
0
1
0
-1
0
0
4
2
-1
-3
-1
1
0
-2
-3
-3
-3
-3
-2
-1
2
4
4
4
2
1
1
1
1
1
2
3
2
1
1
0
1
1
-1
-2
-1
0
3
5
6
4
2
-2
-3
-4
-2
-3
-4
-4
-2
0
0
-3
-4
-3
-3
-4
-3
-3
-4
-6
-6
-7
-6
-4
-2
-1
-2
-1
-1
-1
-2
-5
-7
-7
-4
-2
-2
-4
-5
-4
-5
-4
-3
-2
0
2
0
-3
-4
-4
-3
-2
-2
-4
-4
-5
-5
-5
-6
-5
-4
-2
-2
-2
-3
-3
-3
-1
1
1
1
1
2
1
1
0
-2
0
3
4
5
3
1
-2
-3
-3
0
2
2
3
2
3
3
3
-1
0
0
1
3
4
4
3
2
1
2
2
4
2
1
2
2
1
0
1
1
5
6
5
5
2
2
4
7
10
8
4
4
6
6
6
6
5
4
6
8
8
7
6
7
7
7
6
6
6
4
3
3
5
7
7
7
8
8
9
10
9
10
9
10
10
10
10
9
9
8
9
10
10
11
9
10
8
9
9
9
9
10
11
13
12
10
13
11
12
11
14
15
15
12
10
10
10
15
19
19
19
17
16
15
16
17
17
19
19
19
19
20
20
21
19
17
17
18
20
19
20
19
20
21
21
21
22
21
19
19
19
21
22
22
22
22
22
20
22
22
24
27
27
24
24
24
23
22
23
25
27
27
27
25
23
24
24
23
21
21
24
25
24
23
22
22
21
22
23
23
24
24
22
22
23
24
25
26
24
24
23
21
21
20
19
18
19
19
20
20
22
23
23
22
22
19
20
21
20
20
21
24
23
20
20
20
19
20
21
20
20
19
18
18
21
21
19
18
20
20
23
23
23
21
18
18
17
16
14
17
19
20
19
18
18
18
17
18
18
20
22
21
19
17
19
19
19
19
19
20
21
20
20
19
18
19
19
18
20
19
19
19
20
20
19
16
16
17
20
21
19
16
16
18
18
19
16
15
16
19
19
19
17
16
17
17
19
19
19
18
17
18
16
16
16
17
18
19
16
16
17
16
18
20
20
20
19
18
18
18
19
16
15
16
18
20
21
19
20
21
22
24
21
22
22
24
23
21
20
22
23
22
22
22
21
21
22
21
20
21
20
22
23
22
23
24
23
22
20
19
20
19
21
23
22
23
22
21
21
21
21
18
18
16
17
17
16
15
14
15
18
17
16
17
17
18
17
18
18
20
17
17
19
20
20
17
13
10
11
12
11
12
10
10
11
8
8
9
10
10
13
12
12
11
11
11
10
11
10
9
9
11
13
13
11
7
6
5
6
7
8
9
10
8
9
7
7
8
9
10
10
12
11
12
10
8
7
6
8
11
10
11
8
7
8
9
9
9
8
9
10
7
6
6
8
9
10
12
13
14
11
9
9
7
8
11
11
12
14
15
13
11
6
5
7
10
10
9
9
9
11
10
7
4
6
8
8
7
6
8
11
11
13
11
8
8
8
8
8
9
8
5
5
5
5
6
5
4
6
8
11
11
6
3
1
3
8
8
8
8
8
9
10
9
7
6
8
8
10
9
7
7
7
4
3
3
4
7
8
10
8
7
7
9
10
10
12
15
16
16
14
14
13
14
13
15
18
18
17
16
16
17
17
17
16
13
15
15
16
15
16
17
16
16
17
19
20
18
18
15
17
18
16
13
15
18
18
16
15
16
17
17
17
16
16
16
17
17
19
20
22
20
17
14
16
17
18
18
16
15
17
17
16
16
15
17
17
18
18
19
16
14
12
12
14
16
17
16
14
15
16
16
16
14
13
12
14
15
15
15
12
11
9
11
13
13
12
12
14
15
14
11
10
10
11
11
13
14
16
17
15
14
15
13
14
14
14
13
13
13
12
13
12
11
12
13
13
13
12
10
10
12
11
10
10
10
10
10
10
8
9
8
8
6
4
4
4
6
6
4
2
2
3
4
4
4
3
2
3
3
5
7
7
6
2
1
2
4
7
7
6
5
7
7
6
4
2
2
3
3
2
1
1
2
2
2
1
1
-1
0
-1
-2
-2
-4
-4
-4
-2
-2
-3
-4
-2
-3
-6
-5
-4
-5
-5
-5
-5
-5
-4
-4
-5
-9
-9
-6
-5
-3
0
0
1
3
-1
-2
-3
-2
-1
1
-1
-1
-1
0
1
0
1
0
-1
-1
0
0
0
-1
0
0
-2
-4
-4
-1
0
0
0
0
0
2
2
1
0
0
0
0
0
0
2
4
4
2
2
4
3
3
2
2
5
6
5
4
0
3
3
3
3
3
3
5
3
1
1
1
2
3
1
-2
-4
-3
-2
1
4
3
2
1
-3
-5
-3
-2
-4
-3
-3
-4
-3
-6
-8
-9
-10
-7
-6
-4
-4
-3
-1
-1
-3
-5
-6
-5
-3
-3
-3
-4
-5
-3
-3
-4
-8
-7
-5
-4
-5
-6
-8
-9
-8
-6
-7
-8
-10
-9
-6
-2
-3
-5
-6
-5
-5
-7
-8
-9
-6
-4
-4
-6
-6
-6
-6
-7
-6
-5
-7
-7
-7
-6
-3
0
1
-2
-2
0
4
5
4
3
0
2
2
2
1
2
3
2
0
0
2
6
8
5
3
2
1
1
-1
2
3
3
4
1
1
1
3
4
2
3
4
4
4
5
5
6
10
10
8
6
4
5
7
7
9
10
12
13
13
13
12
10
10
10
11
14
15
15
15
17
16
14
12
10
12
14
15
15
15
13
11
10
9
9
10
10
7
8
7
9
9
8
7
4
6
7
7
7
6
5
6
7
8
8
6
5
5
4
5
7
9
10
8
7
8
8
9
9
9
11
12
13
13
14
12
13
15
15
16
15
14
13
13
13
13
12
12
14
15
17
16
15
12
15
16
16
15
12
11
12
12
12
13
14
15
16
16
18
17
19
21
23
25
25
21
18
16
18
20
22
22
20
19
21
21
21
21
22
22
23
21
19
17
15
17
18
18
16
17
17
17
19
18
17
18
15
14
16
18
19
20
20
19
18
20
18
18
18
21
21
19
19
18
20
21
22
23
24
22
21
22
23
24
26
25
27
26
27
26
24
22
21
21
22
24
25
24
23
23
24
23
23
23
24
25
24
25
25
24
26
27
24
25
26
29
29
26
25
25
26
27
26
25
24
25
25
25
25
25
24
26
26
26
23
23
24
23
22
20
22
25
26
26
24
21
19
20
22
24
22
21
19
21
22
23
23
24
23
22
23
22
22
22
22
21
22
23
22
22
22
24
24
23
23
23
22
22
23
23
23
24
22
19
19
20
20
19
19
18
18
18
19
21
21
21
20
19
18
17
17
17
17
16
14
12
12
13
14
14
11
11
13
13
15
17
15
14
12
13
14
14
14
14
14
16
13
11
11
12
12
12
12
13
14
15
16
15
14
15
15
14
14
14
16
18
18
16
17
17
16
16
14
15
16
18
16
18
17
19
20
18
17
18
16
16
18
18
18
16
17
17
16
17
17
15
15
16
16
17
17
16
15
17
19
20
18
17
16
17
19
19
17
16
15
14
16
14
14
16
15
14
14
15
17
19
20
20
18
16
16
16
16
18
20
21
20
16
14
17
17
19
20
19
21
23
23
23
21
22
23
21
19
19
17
17
20
21
23
24
22
20
19
20
18
20
19
20
19
18
19
18
18
19
19
20
20
19
19
18
17
16
16
16
15
16
20
19
18
17
16
15
17
17
15
17
18
19
18
16
15
15
16
19
19
16
12
11
14
16
17
15
15
17
17
15
14
13
14
14
14
13
15
15
16
16
13
13
15
14
14
14
13
13
14
14
12
12
13
11
9
8
8
9
8
8
11
14
13
11
7
7
8
9
11
11
9
7
9
10
12
11
10
9
8
8
9
8
6
4
5
8
10
9
8
8
6
4
3
4
6
6
6
7
6
5
6
6
5
5
6
7
9
9
9
8
6
5
3
2
2
4
5
5
6
7
5
6
5
7
8
9
9
8
7
8
7
7
6
5
4
2
2
3
4
3
7
10
11
11
7
4
5
6
8
7
7
7
7
8
6
5
6
6
6
6
6
7
8
7
5
6
7
8
6
1
1
4
6
4
1
0
2
4
6
7
4
4
3
4
5
6
7
6
5
5
5
5
5
4
6
9
10
9
8
6
7
7
5
7
8
7
6
6
8
7
4
3
5
6
7
7
8
9
10
12
10
8
7
9
9
8
7
6
9
12
12
11
8
7
8
10
13
14
14
13
12
11
12
14
14
14
15
17
17
17
16
14
14
13
12
12
12
14
14
14
13
12
12
11
12
15
14
14
16
15
13
15
15
12
12
14
15
17
16
15
15
16
15
16
15
15
15
14
14
13
15
15
14
13
13
14
13
13
13
12
11
12
11
11
11
10
11
14
17
15
14
14
13
14
15
14
16
17
19
19
20
18
16
18
18
17
16
18
19
19
18
18
20
21
22
23
21
20
21
21
21
20
19
20
19
20
19
20
21
21
21
21
21
19
17
16
15
19
19
19
19
17
17
18
20
21
21
20
20
19
20
20
22
22
20
19
19
18
17
18
17
18
19
19
19
19
18
18
18
19
18
18
19
20
19
17
17
18
20
19
20
20
21
20
20
18
20
20
19
21
21
20
17
15
16
19
19
17
17
17
18
20
20
18
19
21
19
18
18
18
17
17
17
18
20
20
19
17
18
20
21
21
20
19
19
17
17
18
20
21
21
20
17
17
18
19
19
18
18
18
19
17
15
14
14
15
17
19
22
23
21
20
19
19
18
17
17
15
13
14
16
16
19
18
17
17
19
17
16
18
19
21
20
19
19
19
21
21
21
22
20
19
18
17
19
21
24
26
24
21
21
21
23
25
25
25
23
23
24
23
23
25
24
23
21
21
22
21
20
20
20
23
25
25
22
22
21
20
22
24
24
22
22
21
23
25
26
23
23
24
25
25
27
27
27
26
25
25
26
26
25
22
21
23
26
27
27
28
27
25
25
28
28
27
25
24
23
23
26
26
27
28
28
28
28
28
28
26
27
26
28
31
32
31
31
31
32
35
35
33
32
32
32
33
33
34
35
36
34
31
32
33
33
34
35
37
38
38
38
35
31
31
34
34
37
37
38
38
35
35
34
35
36
37
37
37
37
38
40
38
37
37
38
37
37
36
38
39
39
36
34
35
36
35
37
37
37
35
35
35
35
35
33
35
34
34
32
30
30
31
31
30
31
32
33
33
32
32
33
32
29
27
27
27
29
31
32
34
34
34
32
32
31
34
34
32
32
32
34
34
33
32
33
32
32
32
31
31
34
37
38
36
34
33
31
31
33
32
32
33
33
30
31
32
33
36
36
35
31
30
30
32
33
34
35
34
34
34
33
33
33
32
34
36
35
34
35
35
35
35
36
36
36
36
34
32
33
34
36
37
35
35
34
34
34
33
33
33
33
34
32
33
33
36
34
33
29
30
33
32
32
28
29
30
30
29
27
26
28
28
28
28
29
30
29
26
25
24
27
27
26
25
23
22
21
20
21
23
24
23
22
25
28
27
23
23
21
22
23
23
24
24
23
24
25
26
25
25
26
28
28
27
26
27
26
25
25
24
24
25
26
27
29
30
30
31
31
31
29
27
28
28
29
29
29
29
29
29
31
32
32
31
31
30
31
34
36
34
31
28
28
29
29
29
28
28
31
30
29
29
28
28
29
33
33
32
29
28
29
30
29
27
26
28
30
30
28
27
27
27
29
29
28
27
26
26
27
30
30
28
26
26
28
27
28
28
29
28
27
24
24
24
25
25
24
25
25
27
29
27
24
23
24
24
24
24
23
24
26
26
24
23
22
24
23
23
23
25
24
26
25
24
22
22
25
26
26
25
25
25
25
25
26
26
27
27
30
32
33
31
31
30
30
29
28
29
28
29
31
30
29
28
29
32
32
33
32
32
32
33
32
31
31
32
34
33
34
33
33
35
35
33
33
31
29
30
32
35
35
36
35
35
35
37
37
36
37
35
35
35
36
36
38
38
38
37
34
33
35
38
38
38
37
38
38
39
39
39
39
40
40
38
36
35
37
38
38
38
38
39
39
39
39
37
37
36
35
33
35
37
38
39
39
39
39
40
38
39
38
37
38
39
38
36
38
39
40
40
40
39
40
42
41
42
41
41
39
40
42
43
44
44
42
41
43
44
44
44
44
44
44
42
42
43
44
46
48
49
48
45
45
43
44
47
50
50
48
47
46
46
46
47
46
48
47
49
49
48
48
49
51
51
51
49
48
46
46
47
50
50
49
47
48
49
49
46
43
43
45
47
45
43
43
45
45
43
43
43
47
48
47
44
44
45
46
46
46
45
43
45
47
48
47
44
44
43
46
46
46
46
46
48
49
51
49
46
42
44
48
52
52
49
50
52
54
51
52
52
52
51
52
50
52
52
50
48
50
52
54
52
52
52
51
53
53
51
51
51
50
50
50
51
52
51
50
52
53
54
53
53
52
55
54
52
52
53
56
57
56
53
52
53
55
56
54
54
53
53
56
58
59
60
59
59
60
63
62
62
61
64
66
67
66
63
63
63
64
62
63
64
67
66
64
65
65
65
64
65
64
65
65
66
67
65
64
63
63
64
66
66
68
68
68
67
66
65
65
65
66
68
69
67
65
65
64
64
65
66
67
68
67
67
69
69
67
66
67
69
68
66
65
65
67
67
69
69
68
65
63
62
64
65
68
69
67
65
64
65
66
68
70
71
72
72
72
71
70
69
67
65
65
67
69
68
67
67
67
68
67
66
68
70
69
69
69
70
70
69
68
69
68
68
68
66
66
65
66
67
68
68
68
67
65
63
63
62
63
63
63
64
65
68
67
67
65
66
67
66
65
65
63
64
64
64
63
60
59
62
65
64
62
60
60
61
63
64
61
60
61
63
64
62
61
61
62
65
64
62
61
61
61
61
63
63
61
60
60
61
64
66
64
63
63
59
61
61
62
62
62
62
60
59
59
61
60
58
58
58
61
62
60
58
58
58
58
58
57
57
57
56
56
57
60
59
57
57
57
57
58
56
55
55
54
54
54
55
56
57
56
53
53
56
57
58
57
55
55
57
58
57
56
56
56
57
59
61
61
59
57
58
59
62
60
55
55
56
58
59
59
61
61
61
60
60
58
59
61
61
62
62
62
61
60
60
62
62
63
60
57
58
60
61
61
59
58
60
63
62
61
64
64
62
59
58
59
61
63
64
65
66
65
64
63
64
64
62
61
60
60
59
60
62
66
66
64
62
59
61
63
62
60
62
62
63
61
59
60
60
59
60
63
64
66
63
62
63
63
60
57
57
61
63
64
64
64
66
67
65
61
61
62
63
65
64
65
64
62
62
62
63
62
62
60
61
63
64
63
63
60
62
62
62
60
58
57
59
61
61
62
61
60
60
59
58
59
60
61
61
60
61
62
63
63
63
61
61
60
57
59
60
62
61
59
59
59
58
58
58
57
59
61
60
60
59
58
58
59
56
54
56
59
60
60
59
58
59
59
58
58
59
58
56
54
56
57
57
56
54
54
57
57
59
58
56
57
55
55
54
55
56
54
52
52
51
52
52
51
50
52
53
51
53
52
53
51
51
51
50
48
48
48
48
50
50
47
47
45
47
51
53
53
53
52
51
48
49
50
52
51
49
48
49
52
54
55
55
53
55
55
54
55
55
55
55
55
55
56
55
54
55
56
55
54
55
55
54
55
55
55
58
57
56
55
56
57
56
57
56
55
54
54
55
55
54
52
51
52
53
55
54
55
55
56
55
56
56
54
53
51
51
53
53
50
51
53
54
56
53
50
51
51
52
51
51
52
53
53
52
53
54
52
50
50
52
51
51
53
53
53
51
47
46
47
50
51
47
48
49
50
51
50
53
52
49
49
49
50
52
51
50
49
49
49
48
49
51
52
54
51
50
49
51
52
50
47
45
45
47
48
48
46
46
47
48
47
47
48
48
47
45
44
42
41
42
41
43
45
44
42
41
42
44
45
46
45
45
46
45
46
46
45
45
46
47
49
48
46
44
44
46
46
47
47
48
48
47
45
43
43
44
46
47
45
42
43
45
47
46
44
43
43
42
41
40
38
39
40
42
43
42
39
39
38
39
41
42
41
38
38
40
43
42
41
38
37
36
37
38
38
39
40
40
38
36
37
38
37
35
33
33
34
35
35
32
30
30
31
31
31
32
34
32
31
30
30
29
27
27
26
28
30
31
30
31
31
30
28
26
27
31
34
34
31
29
29
29
29
30
27
27
29
29
28
26
25
25
27
30
29
27
24
26
27
27
25
23
23
24
26
27
29
29
30
28
29
28
26
26
26
27
27
25
26
27
27
26
26
26
26
27
26
25
25
24
24
24
23
23
25
27
27
25
25
27
29
30
28
27
26
28
28
25
26
26
28
28
27
25
23
23
24
24
24
27
27
28
27
26
25
23
24
26
25
24
27
28
28
26
26
28
30
30
30
30
28
28
27
28
31
31
30
27
26
27
26
27
28
29
31
31
30
29
30
30
30
31
31
33
29
29
28
30
30
30
31
31
31
31
30
31
34
33
32
32
33
34
35
35
36
37
38
38
37
37
37
36
36
35
38
40
39
39
39
39
41
42
41
43
41
39
38
39
40
42
43
45
44
42
41
41
41
41
40
39
40
41
42
42
42
43
43
44
43
43
43
45
44
43
43
42
44
45
44
45
44
43
44
45
44
44
43
43
43
44
45
44
42
42
44
43
42
41
40
40
41
42
44
43
41
39
41
42
44
42
40
41
41
41
40
37
36
38
38
39
39
39
37
37
38
37
37
36
38
38
38
39
38
37
34
33
33
33
33
34
34
36
36
35
34
32
36
38
40
40
39
37
37
36
35
36
36
36
36
36
35
34
31
34
33
34
34
34
36
37
35
30
33
36
37
37
35
33
33
33
31
31
32
32
31
30
29
30
33
32
33
32
31
31
31
32
30
30
29
29
29
31
31
29
29
31
32
32
33
33
33
31
31
30
31
33
32
30
28
29
30
29
29
29
31
31
32
34
34
31
29
28
29
32
33
32
31
27
28
28
28
27
28
27
28
28
29
29
28
27
27
28
27
25
25
25
27
28
28
27
26
28
28
26
26
27
27
26
26
25
25
26
25
25
28
31
31
29
29
28
29
29
29
27
29
28
27
26
26
26
27
30
27
28
28
28
29
29
29
27
27
28
29
29
28
29
28
27
26
28
28
29
28
27
28
26
27
26
27
28
31
31
28
26
26
27
30
31
31
29
29
29
30
33
33
33
32
30
30
32
34
34
33
33
32
32
33
32
33
32
30
29
29
29
28
29
31
31
32
34
34
33
34
32
30
28
29
31
33
32
30
29
30
33
34
32
30
30
29
29
29
29
31
32
32
33
33
33
30
30
29
29
28
29
29
30
30
30
29
30
30
29
28
27
28
27
28
28
28
26
25
27
28
29
28
27
27
27
26
25
24
23
21
21
22
23
22
22
22
23
21
19
18
19
20
21
21
20
20
19
19
19
20
23
24
21
20
18
19
21
20
19
19
19
20
18
16
16
19
21
20
20
17
16
16
16
16
13
15
16
15
15
16
17
15
14
13
13
15
14
12
12
12
11
10
10
8
8
9
12
12
14
12
9
9
11
12
11
9
8
6
6
7
7
7
8
9
9
9
8
6
6
6
7
7
7
8
8
5
3
2
2
3
3
4
5
4
3
3
3
3
4
4
4
4
4
1
1
1
3
2
-1
-2
-1
0
3
4
3
2
0
0
1
3
4
1
-1
-2
-3
-1
0
-1
-1
-1
-1
2
6
7
6
3
2
3
3
5
4
3
4
4
4
2
1
0
1
4
6
4
3
3
4
6
5
5
5
4
5
4
3
0
0
0
1
4
5
4
5
4
3
2
4
5
5
6
5
5
3
5
5
5
5
4
5
4
3
2
2
2
2
3
2
1
1
1
2
5
4
1
1
2
3
5
6
7
6
3
1
0
0
2
4
1
0
-1
0
1
1
1
-1
-2
0
0
0
-1
-1
-1
0
-1
-2
-4
-4
-3
1
-1
-3
-5
-5
-2
-1
-2
-3
-5
-4
-4
-5
-8
-11
-10
-8
-6
-5
-6
-4
-4
-5
-5
-7
-6
-5
-5
-3
-3
-2
-2
-3
-6
-7
-6
-6
-4
-4
-3
-2
-1
-4
-6
-4
-2
1
2
-1
-1
-2
-3
-4
-5
-5
-4
-4
-2
1
0
0
-1
-3
-5
-4
-4
-2
0
0
-1
-1
-3
-4
-3
-3
-4
-4
-3
-2
-2
-2
-4
-4
-1
-1
0
-1
-1
-1
-1
1
2
2
1
-1
0
3
5
4
1
-4
-4
0
2
6
5
3
2
4
4
2
3
2
2
4
5
4
4
5
5
5
4
5
5
6
6
6
5
6
7
9
9
9
10
10
9
8
10
11
11
10
10
9
10
11
12
11
12
12
12
12
12
13
14
15
16
15
13
15
14
14
15
15
16
16
17
18
16
15
18
19
20
20
20
19
19
18
18
19
20
20
19
18
19
20
20
18
19
22
23
21
18
17
18
18
18
18
18
18
17
17
16
17
19
19
19
17
16
16
15
15
15
15
15
16
16
17
17
15
15
14
10
11
14
15
15
14
9
8
13
14
14
14
12
15
14
14
14
12
13
13
11
10
13
13
13
11
7
6
7
9
10
10
9
10
10
12
12
12
9
8
5
6
8
10
10
9
6
6
8
10
11
11
11
9
9
6
5
6
5
7
8
9
11
10
11
10
11
11
10
12
11
10
10
9
10
9
8
10
13
13
9
7
9
10
9
9
10
12
13
12
11
10
9
8
10
11
11
10
10
11
12
12
12
12
12
12
12
10
10
10
11
11
9
9
10
11
13
14
12
11
10
8
10
11
11
9
10
11
13
14
13
12
13
13
14
13
12
11
12
13
12
12
11
11
11
11
9
9
10
13
16
14
16
15
16
17
15
15
17
18
18
17
17
20
21
20
18
17
17
18
17
18
21
21
18
18
19
21
20
19
17
18
20
20
19
21
21
21
21
18
17
18
21
23
24
24
23
24
23
21
22
23
22
22
23
22
22
20
19
19
20
21
23
23
23
23
21
21
23
25
23
21
23
23
23
23
24
25
26
23
23
21
21
22
21
20
19
20
21
24
27
27
24
23
25
27
27
26
24
24
23
24
23
22
22
21
22
25
24
24
21
20
21
21
20
20
19
19
19
20
20
19
16
15
16
16
17
16
15
17
17
17
17
14
14
15
14
15
15
15
14
14
14
14
17
15
12
10
11
12
11
7
7
7
9
9
8
7
8
8
8
10
9
10
8
5
6
7
7
9
9
10
11
9
8
7
9
9
7
5
6
7
8
6
6
4
3
3
3
3
4
5
6
5
4
2
2
1
0
1
0
-2
-1
-1
1
1
2
1
1
0
2
2
2
0
-1
0
1
1
3
3
2
2
-1
0
2
3
3
2
0
1
2
3
2
4
5
4
4
4
3
2
2
3
6
5
4
2
2
4
4
4
5
6
6
6
7
3
3
3
5
7
6
6
4
4
6
7
5
2
4
8
10
11
8
7
9
11
11
10
9
7
7
9
12
10
8
6
9
11
10
8
8
8
9
11
11
11
11
10
8
9
10
11
11
10
11
11
10
8
9
7
6
9
9
9
8
7
8
8
9
8
6
5
6
8
10
8
8
9
8
9
9
11
13
14
11
10
10
12
12
12
12
9
10
11
12
15
15
14
15
15
14
13
12
10
11
11
12
13
14
16
17
15
14
14
15
15
14
13
14
15
15
14
13
14
15
14
15
15
19
19
16
15
14
15
15
16
17
16
15
15
17
16
17
15
15
17
19
19
18
18
17
19
21
23
23
21
19
18
18
20
19
18
18
18
20
21
18
18
20
20
20
22
22
21
18
16
16
19
20
19
18
17
19
21
20
19
20
19
20
20
18
17
18
19
21
23
23
22
22
23
25
24
24
25
25
25
23
21
23
23
25
24
26
24
22
25
26
27
28
27
27
27
28
27
24
23
24
25
26
28
27
28
28
28
29
28
28
27
26
24
23
22
23
24
24
23
24
24
24
22
22
22
22
22
21
20
19
21
21
22
20
17
17
18
20
18
17
20
21
25
24
22
21
20
20
21
24
23
23
24
25
26
24
22
20
19
22
24
24
21
20
21
23
25
25
22
21
20
20
20
20
18
17
19
22
23
23
22
22
22
22
20
18
18
20
24
26
23
21
21
21
21
22
20
22
24
26
26
24
20
20
20
20
23
24
24
22
21
21
22
22
21
21
21
22
21
21
21
18
18
19
19
18
17
17
17
18
19
18
16
16
16
17
17
16
15
17
19
20
19
16
15
16
17
16
16
16
15
16
16
16
16
16
15
13
13
12
13
14
14
14
14
13
14
14
15
17
18
18
17
16
15
16
14
13
14
15
14
13
12
11
10
8
8
10
11
13
12
10
11
9
6
6
8
7
7
7
6
5
5
3
5
6
7
7
5
2
-1
-1
2
4
4
4
5
5
3
1
-2
-2
0
2
3
4
3
4
4
2
1
2
2
3
4
3
2
0
0
-1
-2
-1
2
4
4
4
2
1
0
0
-1
-1
0
1
1
1
0
0
1
1
1
1
2
2
1
0
-2
-2
-1
-2
-1
0
-1
0
1
2
3
2
-2
-3
-4
-2
0
0
0
3
1
0
-2
-3
-2
-2
-1
-1
-1
-2
-1
-2
-3
-3
-2
0
0
-1
-3
-6
-6
-8
-5
-4
-5
-4
-4
-5
-5
-5
-5
-7
-6
-5
-5
-4
-2
-1
-3
-2
-4
-5
-4
-5
-7
-8
-11
-10
-9
-8
-7
-9
-11
-13
-13
-10
-8
-8
-10
-11
-11
-10
-7
-7
-8
-10
-11
-10
-10
-10
-12
-13
-15
-16
-13
-14
-14
-14
-14
-13
-9
-8
-11
-11
-12
-10
-11
-11
-10
-13
-14
-13
-13
-13
-14
-15
-14
-11
-12
-14
-15
-14
-13
-12
-15
-16
-17
-14
-13
-17
-17
-18
-16
-15
-14
-15
-17
-18
-17
-16
-16
-16
-16
-16
-17
-17
-17
-20
-20
-19
-17
-15
-15
-18
-20
-19
-18
-20
-19
-18
-17
-16
-17
-20
-20
-18
-17
-15
-15
-19
-20
-21
-20
-20
-20
-20
-22
-22
-22
-20
-20
-19
-22
-21
-19
-17
-17
-21
-24
-21
-21
-22
-23
-23
-22
-21
-23
-27
-27
-24
-22
-21
-22
-23
-24
-23
-25
-26
-27
-25
-23
-23
-23
-23
-22
-22
-22
-22
-23
-25
-24
-24
-21
-20
-18
-18
-19
-21
-23
-23
-22
-22
-22
-23
-24
-25
-22
-23
-24
-23
-24
-24
-23
-22
-22
-25
-25
-23
-21
-21
-25
-26
-26
-24
-24
-25
-25
-27
-23
-21
-21
-21
-23
-25
-23
-22
-20
-19
-18
-20
-22
-24
-23
-20
-19
-19
-20
-19
-19
-18
-20
-20
-21
-22
-21
-21
-19
-18
-20
-23
-23
-23
-25
-24
-24
-24
-24
-25
-28
-27
-26
-24
-24
-24
-23
-23
-23
-23
-23
-24
-25
-25
-25
-21
-21
-20
-21
-24
-24
-25
-24
-22
-22
-24
-25
-24
-22
-20
-21
-21
-22
-21
-21
-20
-20
-18
-18
-17
-17
-19
-21
-22
-21
-20
-20
-20
-21
-22
-23
-24
-24
-23
-21
-21
-18
-19
-20
-19
-20
-19
-18
-18
-18
-19
-17
-16
-16
-17
-18
-19
-19
-19
-17
-18
-19
-18
-19
-18
-15
-14
-18
-22
-24
-24
-24
-24
-24
-24
-21
-21
-21
-22
-19
-20
-20
-21
-24
-24
-24
-25
-22
-24
-25
-24
-25
-24
-23
-22
-21
-20
-20
-20
-22
-23
-23
-23
-24
-24
-24
-25
-24
-24
-24
-24
-24
-24
-22
-22
-22
-21
-22
-23
-22
-20
-20
-19
-20
-21
-21
-21
-21
-20
-19
-20
-22
-22
-19
-18
-18
-17
-19
-20
-20
-18
-20
-20
-21
-20
-20
-19
-20
-24
-22
-18
-17
-18
-21
-22
-22
-20
-20
-24
-22
-20
-18
-19
-21
-25
-23
-22
-21
-23
-25
-23
-18
-17
-19
-22
-25
-24
-19
-18
-18
-21
-23
-23
-21
-19
-21
-22
-24
-24
-23
-22
-20
-23
-25
-28
-28
-27
-25
-26
-27
-29
-28
-28
-29
-31
-32
-31
-29
-27
-28
-29
-27
-26
-28
-28
-29
-25
-24
-25
-26
-28
-27
-26
-26
-26
-25
-24
-28
-30
-28
-26
-24
-26
-29
-29
-31
-29
-30
-30
-30
-29
-27
-27
-28
-27
-26
-28
-29
-30
-30
-30
-31
-31
-31
-29
-28
-27
-28
-30
-30
-29
-28
-27
-28
-28
-28
-26
-26
-28
-27
-28
-26
-25
-26
-25
-25
-25
-24
-23
-24
-25
-24
-25
-25
-26
-26
-24
-25
-26
-24
-22
-21
-24
-28
-29
-28
-25
-27
-29
-32
-31
-29
-26
-24
-26
-26
-27
-28
-30
-32
-33
-31
-25
-26
-26
-28
-31
-31
-28
-27
-27
-25
-24
-24
-25
-24
-23
-24
-27
-29
-29
-26
-23
-24
-26
-26
-26
-23
-23
-25
-26
-25
-23
-21
-21
-22
-22
-22
-21
-22
-21
-22
-20
-19
-22
-22
-19
-19
-20
-19
-20
-22
-19
-18
-18
-20
-21
-22
-24
-24
-21
-17
-17
-20
-21
-22
-19
-15
-14
-17
-23
-24
-22
-19
-20
-21
-22
-22
-18
-16
-14
-14
-15
-17
-19
-19
-17
-17
-17
-15
-14
-15
-16
-19
-18
-19
-19
-19
-18
-17
-16
-16
-19
-20
-22
-24
-21
-19
-20
-23
-25
-25
-23
-21
-25
-25
-25
-27
-27
-27
-25
-24
-24
-25
-25
-25
-25
-27
-30
-28
-27
-28
-27
-25
-27
-27
-29
-28
-28
-29
-30
-30
-31
-31
-31
-28
-30
-31
-34
-35
-34
-34
-32
-34
-35
-32
-34
-33
-33
-36
-35
-34
-32
-33
-36
-37
-37
-36
-37
-38
-36
-33
-31
-32
-34
-34
-32
-32
-32
-32
-32
-29
-26
-27
-28
-27
-26
-27
-28
-28
-27
-26
-25
-27
-29
-31
-30
-29
-26
-26
-27
-27
-27
-28
-28
-27
-28
-28
-29
-33
-34
-31
-29
-30
-30
-32
-32
-31
-31
-28
-30
-31
-29
-28
-27
-27
-30
-31
-31
-30
-30
-31
-30
-29
-29
-30
-29
-29
-29
-29
-29
-30
-31
-33
-35
-33
-31
-29
-30
-32
-32
-30
-31
-32
-33
-32
-31
-31
-30
-30
-32
-29
-31
-32
-33
-33
-34
-33
-32
-33
-32
-33
-35
-33
-35
-36
-37
-35
-31
-30
-30
-34
-33
-32
-34
-34
-34
-36
-34
-35
-36
-37
-38
-36
-35
-35
-35
-35
-35
-37
-39
-40
-39
-38
-36
-36
-35
-35
-36
-38
-38
-38
-36
-34
-34
-34
-34
-36
-36
-37
-36
-35
-35
-36
-36
-35
-32
-31
-33
-34
-34
-36
-37
-37
-36
-35
-33
-34
-36
-38
-37
-36
-35
-34
-35
-36
-35
-34
-33
-33
-34
-34
-35
-34
-34
-34
-33
-30
-30
-31
-32
-30
-29
-28
-30
-31
-31
-31
-32
-33
-32
-31
-31
-31
-31
-30
-30
-29
-29
-31
-31
-32
-32
-31
-30
-30
-30
-30
-33
-35
-37
-37
-34
-32
-32
-34
-34
-35
-34
-34
-34
-32
-32
-33
-34
-34
-34
-33
-34
-36
-35
-34
-33
-32
-33
-34
-34
-38
-39
-38
-37
-37
-35
-37
-35
-33
-35
-36
-39
-40
-40
-38
-37
-38
-36
-36
-36
-36
-35
-34
-35
-33
-33
-33
-35
-36
-35
-36
-34
-34
-34
-35
-36
-37
-38
-40
-39
-37
-37
-37
-35
-38
-39
-38
-40
-38
-40
-41
-43
-43
-41
-39
-40
-42
-45
-44
-44
-45
-44
-43
-42
-44
-45
-44
-45
-46
-47
-46
-47
-47
-50
-49
-46
-45
-43
-43
-42
-42
-43
-43
-43
-46
-46
-47
-46
-44
-43
-46
-46
-47
-47
-45
-47
-49
-49
-47
-47
-48
-51
-52
-51
-50
-47
-48
-50
-50
-49
-46
-46
-48
-50
-49
-47
-48
-48
-48
-48
-46
-47
-49
-50
-50
-49
-49
-48
-45
-45
-46
-48
-51
-51
-48
-47
-45
-43
-45
-46
-45
-46
-47
-45
-45
-47
-47
-48
-46
-45
-47
-47
-46
-44
-42
-43
-44
-46
-43
-44
-43
-44
-43
-39
-37
-38
-41
-42
-41
-36
-34
-33
-33
-34
-32
-33
-33
-33
-34
-34
-31
-33
-32
-30
-30
-32
-32
-32
-32
-30
-28
-28
-27
-26
-28
-29
-30
-29
-27
-28
-29
-28
-27
-25
-26
-28
-30
-30
-30
-27
-27
-29
-29
-28
-28
-27
-29
-31
-31
-30
-28
-27
-27
-30
-32
-32
-29
-28
-28
-28
-28
-29
-32
-32
-33
-35
-33
-35
-34
-33
-32
-30
-31
-34
-35
-35
-35
-36
-36
-34
-34
-35
-33
-32
-30
-32
-34
-34
-33
-32
-31
-31
-33
-30
-29
-26
-26
-28
-29
-30
-30
-29
-29
-29
-29
-28
-29
-30
-29
-27
-24
-24
-24
-26
-26
-24
-25
-24
-22
-24
-24
-24
-27
-24
-25
-28
-28
-28
-27
-25
-25
-27
-25
-25
-24
-26
-26
-25
-27
-28
-29
-28
-28
-27
-28
-31
-32
-30
-29
-28
-29
-30
-31
-32
-32
-32
-32
-29
-29
-30
-29
-28
-27
-26
-27
-28
-27
-25
-28
-29
-27
-24
-24
-23
-23
-22
-17
-15
-17
-16
-15
-14
-13
-11
-8
-8
-9
-11
-9
-9
-9
-9
-8
-7
-7
-7
-8
-8
-8
-8
-7
-5
-4
-7
-9
-11
-13
-14
-12
-11
-12
-14
-12
-13
-14
-14
-17
-18
-20
-19
-20
-18
-19
-20
-22
-25
-29
-29
-30
-31
-30
-29
-33
-32
-35
-37
-39
-37
-38
-41
-45
-48
-47
-48
-49
-50
-51
-50
-49
-49
-48
-50
-52
-55
-56
-55
-53
-51
-50
-48
-46
-42
-39
-39
-38
-37
-31
-29
-28
-23
-21
-17
-13
-11
-9
-5
-2
0
1
4
7
10
14
15
18
19
18
21
22
27
28
28
26
26
29
31
28
26
25
27
29
28
26
23
21
21
21
18
16
12
6
3
0
-3
-7
-9
-12
-16
-21
-28
-35
-38
-44
-48
-53
-59
-65
-71
-73
-78
-82
-89
-90
-98
-100
-104
-110
-109
-117
-118
-121
-125
-122
-128
-125
-123
-126
-121
-121
-117
-107
-105
-95
-89
-84
-72
-64
-56
-42
-36
-24
-17
-14
-3
0
4
13
15
20
25
27
33
34
35
37
36
42
44
43
42
41
45
47
45
42
39
40
42
41
38
34
37
40
39
39
37
39
38
39
39
42
44
45
43
41
41
41
41
37
33
32
30
25
20
12
4
0
-3
-9
-19
-29
-38
-46
-58
-66
-75
-84
-93
-102
-112
-121
-129
-141
-145
-156
-160
-167
-176
-178
-186
-187
-189
-191
-187
-188
-180
-172
-160
-147
-139
-129
-116
-103
-85
-71
-57
-41
-26
-11
1
9
19
29
37
42
47
51
58
61
62
62
63
63
61
55
48
44
42
39
34
26
19
13
9
2
-8
-15
-23
-30
-37
-40
-39
-40
-42
-45
-51
-52
-51
-52
-54
-54
-53
-48
-42
-38
-36
-36
-35
-29
-23
-15
-7
-1
7
12
16
21
24
28
33
36
40
41
40
43
45
43
39
35
34
35
33
30
27
29
31
31
28
24
22
16
16
13
8
4
2
-1
-4
-8
-14
-19
-21
-25
-32
-36
-44
-50
-56
-61
-68
-71
-76
-77
-84
-90
-98
-106
-116
-123
-132
-138
-144
-151
-158
-167
-175
-171
-165
-156
-151
-147
-138
-130
-120
-111
-105
-95
-83
-76
-62
-52
-45
-37
-41
-40
-34
-30
-23
-20
-19
-14
-16
-14
-12
-12
-11
-11
-11
-9
-11
-12
-10
-13
-16
-20
-25
-25
-24
-24
-22
-17
-11
-5
2
8
17
26
33
39
48
59
69
77
83
89
98
102
107
109
110
109
109
110
111
112
108
106
100
95
88
78
71
62
53
42
26
11
-7
-22
-36
-55
-74
-89
-106
-121
-137
-152
-163
-181
-192
-206
-217
-227
-235
-248
-257
-274
-276
-286
-291
-295
-306
-306
-311
-293
-279
-257
-242
-226
-209
-194
-167
-147
-124
-102
-83
-62
-42
-18
-3
10
16
16
28
30
38
41
39
43
44
46
48
45
42
38
31
28
22
15
13
2
-5
-15
-30
-34
-45
-55
-64
-70
-72
-72
-74
-79
-83
-82
-79
-83
-83
-79
-72
-62
-54
-48
-42
-34
-22
-10
3
9
18
31
45
61
68
75
80
85
92
93
92
90
86
85
87
82
80
75
69
66
56
50
47
40
38
34
29
24
16
9
1
-12
-22
-33
-47
-58
-70
-80
-93
-105
-122
-135
-147
-156
-169
-180
-193
-205
-211
-224
-233
-244
-260
-264
-283
-289
-297
-293
-286
-266
-247
-239
-224
-218
-196
-176
-154
-131
-116
-90
-78
-54
-32
-25
-10
-12
-11
-1
0
9
12
12
18
18
16
21
17
18
17
7
12
8
2
2
-13
-18
-26
-39
-47
-59
-67
-70
-76
-73
-69
-68
-61
-58
-53
-47
-43
-31
-12
7
24
34
46
60
73
90
103
115
129
136
150
160
168
173
168
172
169
167
167
156
151
145
138
134
125
113
100
84
75
61
47
35
20
8
-3
-16
-30
-45
-65
-84
-101
-117
-130
-147
-165
-178
-196
-203
-224
-232
-254
-266
-277
-298
-299
-321
-323
-337
-348
-351
-351
-343
-322
-300
-281
-259
-247
-223
-192
-173
-133
-115
-87
-58
-44
-1
11
27
39
30
44
55
60
71
70
70
83
80
88
93
84
89
77
71
77
65
63
45
28
21
3
-12
-26
-48
-56
-64
-69
-65
-73
-72
-71
-73
-69
-68
-61
-44
-31
-13
5
22
42
53
69
78
91
109
122
133
144
156
172
176
176
178
175
174
173
169
167
160
160
157
146
135
121
109
96
81
72
58
47
35
21
9
-8
-27
-47
-68
-82
-98
-113
-132
-148
-166
-179
-197
-215
-233
-259
-266
-299
-300
-324
-333
-340
-373
-369
-393
-383
-372
-359
-326
-308
-281
-260
-237
-203
-177
-137
-117
-89
-59
-38
5
24
41
53
52
55
72
73
84
91
84
103
103
108
121
105
105
98
84
94
84
72
65
39
27
12
-19
-32
-54
-70
-72
-81
-76
-75
-84
-78
-74
-66
-52
-48
-38
-21
-2
21
41
59
77
96
113
124
135
145
156
170
180
190
199
203
207
204
199
195
189
189
182
175
169
157
148
133
114
99
80
65
53
37
25
15
3
-10
-30
-52
-73
-88
-105
-118
-137
-154
-172
-188
-202
-221
-236
-263
-281
-303
-318
-332
-364
-374
-407
-412
-419
-421
-408
-398
-370
-338
-322
-293
-269
-239
-206
-174
-148
-112
-80
-55
-10
0
23
37
28
45
48
58
75
75
85
98
98
114
111
106
108
91
86
92
80
80
60
37
26
-2
-22
-42
-65
-78
-89
-94
-91
-92
-95
-95
-93
-81
-74
-64
-54
-40
-16
6
28
45
65
82
98
114
130
140
152
164
178
198
206
211
216
212
211
206
202
200
189
183
176
169
160
145
130
114
93
74
56
42
31
17
5
-10
-28
-48
-67
-85
-103
-127
-143
-166
-178
-197
-211
-230
-250
-277
-303
-323
-343
-358
-382
-406
-429
-448
-454
-457
-450
-434
-397
-371
-348
-327
-319
-273
-246
-202
-162
-136
-88
-65
-20
11
23
43
35
36
56
66
87
96
94
110
125
128
144
135
131
129
109
121
119
111
102
73
57
36
4
-17
-47
-72
-80
-93
-93
-91
-97
-90
-87
-83
-74
-75
-66
-51
-32
-3
16
39
61
74
96
105
115
127
127
142
159
176
193
195
205
210
209
204
194
185
176
168
164
161
153
141
124
109
93
71
49
31
15
9
0
-11
-26
-42
-59
-72
-92
-112
-133
-150
-167
-185
-200
-222
-235
-264
-278
-309
-329
-356
-387
-412
-444
-458
-479
-475
-476
-453
-415
-387
-369
-350
-342
-301
-267
-229
-187
-160
-109
-86
-37
-7
13
27
18
13
28
37
57
68
70
94
109
121
133
127
120
112
92
104
103
97
91
62
51
33
-4
-26
-64
-90
-103
-119
-117
-111
-113
-98
-92
-84
-76
-79
-73
-60
-44
-13
6
30
60
78
105
119
122
128
127
138
158
176
194
200
214
226
231
232
221
210
193
174
167
162
154
142
132
122
107
86
60
35
12
-2
-19
-26
-38
-51
-63
-77
-91
-112
-137
-166
-189
-205
-228
-245
-264
-292
-308
-343
-360
-396
-426
-453
-496
-510
-534
-524
-507
-474
-426
-413
-385
-381
-352
-305
-279
-230
-208
-162
-119
-74
-21
4
30
26
17
23
32
50
62
75
86
114
135
147
162
148
141
122
115
119
112
104
86
68
57
34
7
-26
-67
-95
-117
-130
-128
-129
-125
-109
-102
-87
-81
-80
-70
-60
-45
-26
-8
22
51
80
105
121
133
137
139
147
157
171
182
195
215
228
238
238
229
215
197
184
171
156
139
125
117
110
95
77
54
33
14
-10
-32
-50
-70
-79
-88
-99
-109
-130
-152
-182
-202
-229
-240
-273
-293
-319
-345
-360
-390
-414
-448
-483
-505
-530
-537
-529
-499
-449
-411
-386
-371
-345
-309
-262
-217
-184
-145
-107
-64
-5
27
56
58
36
38
49
56
71
69
78
103
118
138
154
151
149
128
115
121
110
103
85
66
57
41
10
-7
-48
-77
-102
-122
-130
-134
-136
-124
-114
-97
-78
-75
-60
-48
-34
-13
1
21
51
74
107
129
155
175
178
186
194
201
212
212
224
241
250
261
260
255
245
225
211
195
173
155
138
128
118
100
85
68
46
23
-3
-30
-50
-73
-85
-95
-108
-117
-133
-156
-181
-207
-243
-257
-299
-314
-350
-381
-405
-439
-468
-493
-520
-548
-552
-567
-528
-503
-440
-426
-389
-372
-347
-299
-244
-208
-155
-103
-67
16
43
73
81
77
53
78
53
95
88
98
127
147
171
192
181
176
162
128
138
108
104
86
74
62
62
20
17
-31
-63
-90
-127
-144
-161
-174
-164
-147
-134
-107
-97
-62
-47
-23
-6
9
21
43
67
101
128
153
186
209
235
249
258
270
266
271
274
271
279
272
274
275
263
250
241
223
187
167
132
127
89
70
50
4
16
-40
-28
-58
-105
-100
-134
-149
-166
-194
-245
-269
-316
-368
-430
-498
-494
-539
-558
-586
-594
-626
-627
-606
-614
-579
-497
-373
-277
-195
-133
-39
-3
15
38
60
82
98
152
209
274
281
255
247
235
180
89
15
-22
-42
-75
-69
-48
-31
-9
-31
-31
-48
-102
-162
-212
-234
-215
-209
-205
-167
-142
-91
-74
-73
-67
-80
-99
-120
-107
-45
2
26
73
144
228
272
302
315
329
335
341
356
370
358
355
354
362
352
312
267
231
209
185
159
136
117
105
112
129
137
132
115
104
101
112
122
97
89
99
66
66
44
-13
-63
-109
-142
-167
-212
-224
-251
-280
-289
-343
-411
-455
-534
-587
-637
-694
-721
-757
-769
-774
-726
-686
-610
-559
-346
-166
18
120
201
302
416
396
412
426
471
512
512
548
619
579
462
321
194
92
-93
-266
-373
-383
-403
-405
-423
-356
-317
-331
-354
-362
-346
-345
-360
-330
-217
-98
-19
33
88
181
210
183
149
136
112
84
54
103
151
127
90
78
106
106
22
-38
-35
9
72
121
204
297
347
374
405
404
387
328
289
310
344
361
366
368
378
367
309
253
180
110
57
30
35
46
41
46
61
73
45
-3
-59
-114
-157
-203
-227
-210
-215
-192
-204
-190
-207
-236
-311
-349
-435
-476
-569
-594
-649
-646
-688
-694
-702
-712
-682
-671
-617
-521
-301
-116
97
178
306
426
537
501
462
413
446
444
424
420
432
409
297
152
42
-55
-250
-438
-585
-568
-549
-550
-579
-480
-355
-279
-286
-276
-205
-171
-194
-208
-102
27
90
82
140
267
322
267
178
161
163
98
-7
-20
15
1
-61
-82
-9
40
-20
-79
-48
52
128
145
210
341
451
488
500
524
560
505
436
412
434
415
343
283
301
293
226
124
59
35
1
-63
-84
-73
-46
-50
-50
-17
7
-21
-69
-120
-115
-138
-161
-190
-150
-157
-152
-201
-227
-250
-317
-414
-489
-566
-628
-691
-782
-810
-834
-856
-812
-774
-680
-578
-360
-129
100
217
288
421
539
565
491
463
476
532
492
479
469
480
360
202
53
-34
-219
-436
-632
-641
-611
-589
-626
-542
-389
-251
-213
-193
-127
-76
-72
-119
-70
33
107
103
136
240
345
339
263
207
194
134
11
-96
-133
-156
-201
-244
-203
-129
-94
-106
-84
-4
85
113
148
234
355
444
500
549
624
658
634
582
540
497
429
326
248
197
158
96
47
8
10
-14
-37
-59
-44
-36
-29
-43
-23
3
18
-6
-23
-35
-17
-41
-67
-92
-108
-137
-171
-260
-301
-377
-442
-566
-624
-734
-789
-883
-954
-969
-955
-893
-850
-723
-561
-212
-36
224
269
473
559
676
546
539
444
532
484
481
423
469
406
327
153
33
-120
-330
-561
-698
-717
-686
-682
-675
-523
-340
-171
-119
-76
-13
60
33
-1
-5
68
102
97
120
251
335
358
258
223
202
149
-28
-159
-280
-287
-368
-390
-380
-282
-238
-168
-128
11
101
153
168
237
332
444
498
560
650
726
768
748
705
648
551
420
301
187
109
22
-35
-56
-33
-10
6
10
48
67
75
49
38
32
40
10
-4
-31
-5
-8
-12
-46
-68
-104
-142
-232
-341
-447
-556
-656
-753
-826
-905
-935
-1018
-1002
-975
-909
-858
-764
-630
-324
-80
156
305
462
629
762
737
679
613
588
578
501
435
403
363
266
157
5
-90
-269
-481
-648
-707
-716
-697
-729
-644
-476
-286
-159
-78
-6
107
133
125
101
116
130
110
67
123
174
217
179
138
139
128
26
-86
-225
-295
-362
-445
-471
-449
-406
-326
-248
-124
43
146
226
283
354
469
538
576
632
690
762
803
779
746
678
576
460
311
186
73
-33
-103
-128
-124
-88
-75
-38
10
56
93
109
111
118
99
67
36
5
3
-22
-51
-73
-92
-105
-139
-213
-302
-390
-511
-597
-732
-811
-944
-995
-1083
-1046
-1061
-954
-909
-742
-591
-284
-50
226
337
512
627
754
739
673
575
572
557
502
417
353
325
257
119
-37
-163
-323
-492
-675
-755
-747
-729
-734
-665
-508
-279
-131
-52
19
143
222
240
178
185
195
189
123
129
165
233
191
167
155
188
117
-1
-163
-229
-316
-388
-489
-492
-465
-370
-300
-165
-28
116
209
291
382
477
529
551
602
669
751
773
770
755
732
650
534
395
274
151
30
-71
-126
-136
-126
-111
-73
-13
54
115
162
199
228
228
218
190
162
122
89
47
34
7
6
-29
-52
-132
-190
-304
-395
-537
-666
-792
-889
-968
-1029
-1077
-1089
-1021
-926
-766
-580
-296
-39
236
377
553
651
756
687
614
508
513
469
411
312
311
313
282
150
15
-88
-208
-383
-559
-650
-662
-667
-678
-610
-431
-233
-94
-23
105
261
364
340
285
265
284
230
152
117
156
189
174
156
193
219
170
51
-54
-123
-205
-329
-446
-488
-462
-410
-355
-251
-113
53
188
303
394
492
545
588
613
652
679
690
681
679
671
639
561
469
375
293
194
90
-7
-57
-78
-73
-63
-22
40
135
216
287
332
367
371
342
280
224
160
97
15
-39
-73
-72
-119
-146
-226
-260
-375
-481
-635
-760
-899
-1046
-1148
-1217
-1182
-1151
-1028
-906
-619
-330
11
222
433
572
739
774
727
591
522
477
443
362
299
302
319
283
198
104
18
-111
-308
-477
-570
-624
-676
-735
-668
-496
-303
-178
-62
91
294
384
385
344
347
333
255
132
97
112
123
87
70
126
169
129
39
-29
-70
-145
-302
-423
-480
-485
-486
-473
-386
-227
-74
66
196
344
479
545
565
588
616
635
609
593
605
620
606
562
510
479
420
329
219
120
55
9
-33
-46
-23
32
117
202
288
360
411
440
446
413
349
260
170
70
-3
-85
-141
-198
-236
-277
-328
-387
-500
-592
-733
-824
-978
-1075
-1195
-1227
-1230
-1153
-1065
-901
-660
-324
-21
254
429
637
785
883
790
704
606
584
494
399
286
302
279
257
142
95
18
-75
-272
-395
-502
-532
-635
-706
-680
-524
-378
-258
-168
24
230
365
394
401
422
431
326
218
159
142
104
29
0
63
99
78
10
-24
-30
-92
-230
-337
-408
-424
-451
-463
-400
-279
-147
-8
121
283
419
506
554
596
633
663
650
649
667
677
668
629
598
570
506
410
316
241
187
124
68
51
70
107
146
194
269
346
404
436
453
439
395
305
210
106
7
-101
-196
-268
-307
-349
-395
-474
-528
-604
-693
-810
-921
-1016
-1094
-1152
-1179
-1143
-1054
-929
-713
-423
-97
183
409
623
820
952
914
831
742
702
605
461
328
291
278
224
125
69
32
-44
-198
-336
-424
-486
-589
-687
-692
-582
-473
-383
-280
-85
136
281
333
379
446
473
401
298
237
206
140
49
10
35
56
14
-31
-47
-40
-98
-198
-287
-326
-363
-407
-446
-415
-334
-239
-135
-10
137
276
372
450
524
589
612
606
606
640
662
656
623
613
621
608
542
457
382
334
270
190
120
87
85
104
134
184
245
311
363
400
415
408
359
284
197
108
16
-100
-196
-289
-323
-386
-440
-524
-556
-604
-643
-751
-821
-915
-967
-1055
-1099
-1107
-1061
-974
-855
-572
-299
61
249
524
701
944
958
927
798
768
669
553
368
290
244
217
110
42
-8
-37
-151
-279
-379
-410
-485
-576
-644
-579
-475
-391
-343
-225
-41
155
239
300
368
473
481
422
345
324
276
177
68
35
38
3
-75
-119
-105
-98
-158
-245
-297
-314
-341
-392
-416
-373
-298
-220
-138
-23
115
233
326
410
497
566
608
620
652
684
706
694
689
688
691
653
594
530
479
418
343
273
220
181
153
144
159
193
226
260
299
340
366
360
331
281
216
142
44
-64
-167
-250
-312
-369
-427
-481
-516
-533
-573
-618
-699
-745
-830
-878
-958
-995
-1023
-999
-928
-764
-522
-263
13
265
545
763
943
970
991
936
896
756
613
448
360
266
188
85
30
-30
-69
-153
-211
-278
-340
-430
-496
-525
-495
-473
-430
-374
-240
-90
58
157
261
345
427
433
422
380
350
281
218
149
115
56
-8
-81
-117
-143
-179
-246
-289
-316
-322
-338
-343
-326
-268
-209
-141
-66
33
144
236
319
406
507
592
668
714
772
816
857
857
851
822
789
726
646
552
456
353
263
190
136
98
76
70
86
125
171
217
252
282
303
317
308
276
211
140
57
-12
-96
-154
-237
-281
-348
-371
-441
-457
-529
-569
-643
-703
-767
-852
-928
-1011
-1014
-1025
-961
-884
-659
-418
-104
132
418
661
904
1009
1031
1013
983
908
753
573
451
366
271
131
27
-32
-82
-172
-273
-339
-361
-428
-511
-567
-528
-482
-464
-464
-388
-253
-119
-49
37
162
294
349
362
386
425
411
328
248
204
164
65
-50
-132
-162
-209
-277
-335
-333
-315
-306
-313
-278
-219
-149
-111
-53
26
130
208
281
363
473
571
649
716
797
870
905
906
901
887
838
744
627
527
422
310
201
113
64
35
21
28
58
108
163
220
274
317
341
349
340
317
277
212
133
58
-12
-72
-137
-205
-249
-300
-332
-398
-452
-526
-588
-669
-756
-826
-898
-921
-965
-948
-927
-845
-735
-547
-320
-55
196
434
669
871
1018
1053
1054
1000
938
800
633
464
343
227
110
-16
-98
-173
-240
-322
-372
-409
-442
-498
-535
-526
-477
-451
-427
-384
-281
-162
-65
12
116
233
325
371
410
444
458
412
349
292
236
137
13
-97
-165
-225
-293
-343
-345
-306
-272
-238
-189
-103
-20
50
101
174
249
309
353
405
477
551
607
650
715
790
843
850
837
823
793
724
617
508
415
323
220
140
96
94
99
112
147
196
252
293
329
353
368
362
342
301
269
220
162
84
17
-41
-89
-146
-204
-266
-313
-377
-434
-527
-565
-638
-660
-717
-734
-742
-741
-718
-717
-649
-607
-497
-404
-216
-32
203
363
560
701
873
911
920
864
829
737
592
408
278
156
45
-110
-213
-284
-316
-380
-421
-426
-391
-394
-416
-430
-377
-334
-317
-335
-293
-202
-100
-47
23
122
240
304
341
376
419
412
347
270
209
145
31
-90
-179
-213
-246
-274
-277
-223
-151
-86
-33
41
126
191
228
262
303
347
367
382
411
462
506
549
585
642
688
714
707
703
689
661
604
536
470
412
342
273
220
199
190
181
173
177
195
215
231
235
236
231
217
198
183
167
136
84
23
-33
-74
-135
-209
-282
-320
-358
-384
-431
-436
-446
-429
-440
-433
-430
-425
-444
-475
-488
-496
-507
-502
-453
-308
-140
50
200
380
555
702
759
739
708
655
566
413
259
136
50
-61
-154
-222
-235
-263
-291
-318
-295
-279
-298
-350
-356
-332
-306
-335
-350
-331
-252
-192
-140
-81
23
115
184
225
291
340
348
295
254
223
184
94
7
-43
-47
-68
-90
-91
-42
12
51
72
119
175
221
239
260
292
317
321
326
352
385
403
402
421
462
506
524
538
562
595
603
584
557
535
503
445
370
309
255
210
152
115
95
92
88
86
101
126
143
145
137
141
144
129
94
59
30
1
-44
-82
-116
-118
-147
-154
-189
-185
-209
-209
-241
-244
-283
-297
-371
-394
-465
-488
-549
-588
-601
-606
-517
-415
-251
-100
57
220
371
483
542
532
544
500
450
321
224
145
87
-5
-92
-158
-177
-222
-257
-304
-296
-302
-328
-364
-357
-318
-289
-308
-300
-261
-179
-139
-110
-63
27
92
126
149
221
281
299
272
283
306
309
252
206
188
176
124
71
54
81
84
71
70
121
179
212
229
266
322
355
352
343
348
361
350
328
327
357
382
390
399
435
478
493
486
474
476
453
407
343
299
255
207
149
111
90
76
54
46
61
89
115
132
156
186
210
219
216
210
206
185
153
115
81
46
5
-44
-82
-113
-150
-193
-235
-266
-303
-344
-391
-436
-479
-534
-592
-629
-660
-664
-683
-646
-565
-429
-281
-141
20
177
332
426
484
519
536
511
437
349
267
186
89
-13
-98
-164
-229
-288
-337
-344
-340
-344
-346
-332
-297
-261
-255
-249
-232
-194
-166
-144
-117
-62
-5
51
104
180
259
322
365
412
460
491
479
443
409
366
308
234
167
128
93
63
45
49
77
111
138
173
211
244
260
261
265
257
238
206
184
181
196
202
212
241
287
338
373
396
421
429
427
402
369
333
280
234
187
153
130
97
88
91
112
139
164
189
219
243
267
274
278
271
259
229
188
135
84
20
-38
-99
-156
-221
-270
-321
-354
-391
-423
-451
-474
-503
-530
-577
-604
-649
-675
-706
-726
-715
-675
-580
-475
-325
-189
-1
154
334
430
534
585
625
591
521
429
345
235
104
-32
-137
-219
-299
-370
-413
-411
-402
-395
-371
-317
-245
-195
-173
-142
-95
-53
-34
-20
11
63
106
139
192
266
342
395
437
490
538
551
531
504
475
424
339
251
179
120
51
-9
-47
-51
-50
-45
-30
13
55
87
107
140
175
201
208
210
221
238
242
245
249
280
298
330
343
376
403
426
445
446
448
437
413
383
339
294
248
196
166
134
124
123
125
142
159
186
205
218
226
226
212
180
130
66
7
-71
-139
-223
-273
-337
-357
-400
-397
-421
-421
-434
-435
-445
-448
-476
-499
-538
-568
-593
-635
-632
-649
-575
-506
-379
-257
-103
54
219
345
454
523
572
581
542
477
397
308
212
98
-3
-80
-157
-225
-268
-290
-266
-259
-241
-208
-148
-82
-34
-5
40
73
96
90
88
104
124
123
140
178
244
