-32
-30
-30
-29
-28
-29
-28
-29
-30
-28
-28
-27
-27
-27
-29
-26
-28
-27
-24
-23
-23
-24
-24
-26
-27
-25
-25
-24
-25
-26
-25
-26
-27
-27
-27
-24
-22
-21
-21
-23
-24
-24
-25
-25
-24
-23
-23
-24
-24
-24
-23
-23
-24
-24
-23
-23
-23
-25
-24
-23
-22
-23
-25
-25
-26
-27
-27
-26
-28
-28
-28
-27
-24
-21
-23
-25
-25
-25
-23
-24
-26
-26
-25
-24
-23
-25
-26
-27
-26
-26
-26
-24
-24
-26
-25
-25
-24
-24
-23
-24
-26
-23
-23
-24
-25
-26
-25
-24
-23
-24
-27
-27
-28
-27
-27
-26
-26
-27
-29
-28
-27
-26
-26
-25
-24
-21
-23
-26
-28
-27
-25
-25
-23
-22
-24
-25
-25
-25
-24
-25
-24
-25
-25
-24
-24
-24
-26
-29
-29
-25
-25
-26
-25
-24
-25
-27
-28
-29
-27
-27
-27
-27
-27
-25
-23
-23
-25
-27
-26
-28
-27
-29
-29
-29
-30
-32
-31
-29
-30
-30
-30
-30
-30
-31
-32
-31
-29
-29
-30
-29
-29
-29
-29
-31
-34
-35
-32
-31
-31
-31
-30
-30
-33
-31
-31
-29
-28
-28
-29
-28
-28
-29
-30
-32
-32
-33
-32
-32
-30
-30
-30
-30
-34
-33
-31
-26
-23
-26
-27
-28
-30
-30
-31
-31
-29
-28
-27
-28
-27
-28
-28
-28
-29
-30
-29
-29
-31
-30
-30
-31
-30
-30
-29
-27
-26
-26
-28
-32
-32
-31
-28
-25
-25
-29
-29
-30
-28
-28
-27
-26
-27
-27
-28
-29
-28
-28
-29
-28
-29
-30
-30
-32
-30
-29
-29
-31
-31
-34
-34
-32
-32
-33
-35
-36
-35
-34
-33
-33
-33
-34
-35
-36
-37
-37
-36
-37
-37
-37
-37
-36
-35
-35
-34
-32
-32
-32
-33
-34
-35
-34
-33
-34
-31
-28
-28
-31
-33
-32
-32
-29
-28
-29
-31
-32
-33
-34
-33
-32
-33
-34
-33
-34
-33
-31
-28
-31
-33
-35
-35
-34
-31
-30
-32
-31
-30
-30
-32
-32
-31
-31
-32
-29
-30
-27
-26
-29
-30
-32
-31
-33
-32
-31
-29
-27
-29
-28
-27
-27
-27
-28
-32
-32
-31
-29
-27
-27
-31
-32
-31
-31
-31
-33
-32
-30
-28
-28
-30
-32
-31
-29
-29
-28
-29
-28
-27
-26
-26
-28
-30
-29
-28
-27
-26
-26
-26
-26
-28
-29
-29
-26
-23
-22
-24
-26
-25
-26
-27
-29
-30
-29
-25
-23
-21
-22
-23
-26
-26
-28
-30
-27
-25
-25
-25
-28
-31
-30
-27
-27
-28
-29
-30
-29
-27
-26
-28
-29
-30
-28
-28
-28
-29
-30
-30
-29
-30
-31
-31
-31
-31
-31
-30
-32
-32
-30
-30
-31
-32
-32
-32
-31
-31
-29
-30
-28
-29
-29
-31
-36
-36
-36
-36
-35
-36
-36
-34
-35
-33
-31
-31
-31
-32
-31
-33
-33
-35
-36
-36
-35
-36
-37
-38
-37
-35
-32
-35
-37
-38
-36
-34
-33
-35
-35
-36
-34
-34
-35
-36
-36
-36
-36
-34
-32
-35
-37
-39
-40
-38
-37
-38
-39
-39
-39
-36
-37
-39
-41
-42
-41
-41
-39
-38
-38
-38
-38
-37
-40
-41
-42
-39
-40
-40
-41
-40
-37
-37
-40
-41
-41
-40
-39
-38
-37
-39
-39
-40
-41
-40
-39
-38
-39
-40
-42
-41
-42
-41
-39
-38
-40
-43
-44
-44
-43
-40
-38
-37
-39
-41
-41
-41
-42
-42
-42
-41
-41
-42
-42
-42
-44
-44
-43
-43
-43
-44
-44
-43
-42
-42
-43
-41
-41
-41
-43
-43
-42
-40
-38
-37
-37
-36
-36
-36
-38
-37
-38
-39
-39
-38
-39
-41
-42
-40
-35
-35
-36
-37
-39
-37
-35
-36
-35
-37
-37
-39
-39
-39
-40
-39
-38
-37
-34
-34
-34
-36
-37
-37
-39
-39
-38
-37
-35
-36
-35
-35
-35
-37
-37
-36
-38
-38
-37
-35
-33
-32
-31
-30
-30
-32
-34
-34
-31
-30
-31
-33
-35
-34
-32
-33
-33
-34
-30
-29
-30
-32
-33
-31
-31
-32
-34
-34
-34
-33
-33
-34
-33
-36
-36
-35
-36
-33
-31
-30
-31
-31
-33
-33
-33
-33
-35
-36
-36
-32
-28
-29
-31
-31
-30
-31
-31
-33
-33
-33
-34
-32
-33
-33
-31
-30
-31
-33
-34
-34
-34
-32
-31
-32
-33
-34
-34
-35
-36
-37
-37
-38
-37
-38
-38
-39
-40
-39
-39
-38
-36
-34
-35
-37
-38
-36
-35
-34
-34
-36
-35
-35
-37
-38
-39
-39
-38
-38
-37
-37
-38
-37
-35
-34
-37
-40
-42
-42
-40
-38
-37
-36
-35
-37
-39
-42
-44
-44
-42
-39
-37
-34
-36
-37
-39
-40
-40
-39
-41
-40
-39
-37
-38
-40
-41
-42
-40
-40
-39
-39
-39
-38
-39
-40
-40
-37
-35
-33
-33
-34
-35
-34
-38
-39
-39
-37
-35
-36
-37
-39
-39
-39
-38
-38
-39
-39
-40
-37
-37
-36
-37
-38
-38
-37
-40
-43
-45
-46
-43
-40
-41
-44
-45
-45
-44
-42
-42
-42
-42
-46
-46
-45
-44
-43
-43
-41
-43
-45
-45
-42
-39
-38
-37
-39
-41
-41
-40
-39
-39
-42
-43
-42
-39
-39
-39
-41
-41
-38
-38
-40
-40
-41
-43
-44
-42
-41
-43
-45
-45
-42
-41
-41
-42
-44
-44
-41
-40
-40
-43
-45
-43
-43
-44
-45
-43
-44
-43
-42
-42
-40
-40
-40
-39
-39
-39
-40
-43
-43
-43
-42
-41
-43
-44
-41
-40
-39
-43
-44
-44
-43
-40
-42
-43
-42
-40
-41
-43
-46
-47
-46
-45
-47
-47
-47
-48
-48
-49
-50
-51
-49
-47
-45
-47
-49
-49
-48
-47
-48
-50
-51
-53
-52
-51
-51
-50
-52
-53
-53
-53
-53
-52
-53
-54
-54
-53
-50
-49
-50
-53
-54
-53
-52
-54
-55
-57
-57
-56
-54
-53
-53
-54
-53
-54
-55
-55
-56
-56
-54
-53
-53
-53
-55
-55
-54
-53
-53
-54
-54
-52
-52
-51
-50
-49
-51
-53
-53
-56
-53
-53
-54
-56
-56
-52
-49
-48
-51
-53
-53
-50
-49
-48
-48
-46
-45
-47
-48
-49
-48
-47
-47
-46
-45
-45
-45
-46
-47
-45
-43
-43
-44
-43
-43
-44
-42
-42
-42
-44
-45
-42
-41
-41
-41
-44
-46
-43
-42
-41
-40
-40
-42
-43
-45
-44
-42
-39
-40
-43
-47
-46
-45
-46
-45
-44
-44
-43
-41
-42
-43
-43
-43
-45
-43
-43
-43
-44
-42
-42
-42
-41
-41
-42
-42
-44
-44
-45
-46
-45
-43
-41
-41
-43
-45
-46
-46
-43
-43
-43
-45
-44
-44
-42
-41
-44
-45
-45
-45
-46
-44
-41
-42
-43
-44
-46
-47
-47
-46
-45
-43
-43
-40
-40
-42
-44
-44
-43
-40
-39
-40
-41
-44
-42
-41
-40
-41
-41
-40
-38
-37
-37
-38
-38
-39
-38
-37
-38
-37
-38
-39
-40
-40
-40
-38
-38
-39
-38
-38
-38
-39
-40
-39
-37
-35
-35
-37
-38
-34
-33
-33
-34
-35
-34
-32
-35
-38
-40
-37
-35
-34
-36
-36
-36
-35
-35
-34
-35
-36
-35
-36
-37
-36
-36
-36
-35
-35
-34
-35
-38
-38
-36
-36
-37
-39
-38
-38
-38
-40
-40
-39
-38
-38
-38
-39
-39
-41
-42
-42
-41
-39
-39
-38
-39
-41
-42
-40
-40
-38
-38
-40
-41
-42
-42
-40
-37
-38
-38
-39
-39
-39
-39
-40
-40
-39
-39
-40
-40
-39
-39
-37
-37
-38
-39
-41
-41
-37
-37
-38
-40
-39
-37
-36
-36
-37
-38
-37
-36
-36
-36
-36
-34
-34
-36
-34
-33
-36
-37
-37
-37
-36
-35
-35
-33
-32
-33
-34
-36
-35
-33
-32
-35
-36
-35
-35
-33
-31
-32
-32
-32
-33
-36
-35
-34
-31
-30
-30
-31
-33
-34
-36
-36
-36
-34
-32
-33
-34
-33
-32
-32
-35
-36
-37
-37
-34
-35
-36
-36
-36
-35
-36
-38
-39
-37
-38
-39
-38
-37
-36
-36
-37
-39
-40
-40
-39
-38
-37
-38
-36
-38
-39
-39
-40
-39
-38
-40
-42
-40
-41
-42
-40
-40
-39
-38
-37
-37
-37
-35
-36
-37
-38
-36
-34
-33
-33
-35
-36
-34
-33
-33
-33
-33
-31
-31
-31
-32
-31
-32
-32
-33
-34
-33
-32
-32
-33
-34
-32
-31
-34
-34
-34
-32
-31
-31
-33
-35
-34
-32
-32
-31
-32
-31
-31
-30
-30
-30
-28
-28
-28
-29
-30
-30
-28
-29
-30
-30
-30
-30
-30
-30
-29
-29
-30
-32
-32
-31
-30
-28
-28
-29
-30
-30
-30
-31
-33
-32
-31
-30
-31
-33
-35
-34
-33
-32
-31
-33
-34
-35
-34
-33
-31
-29
-29
-33
-34
-34
-33
-33
-32
-33
-34
-36
-37
-36
-36
-37
-38
-39
-36
-36
-35
-38
-40
-38
-36
-36
-40
-42
-38
-36
-35
-38
-39
-38
-38
-38
-39
-39
-39
-38
-37
-36
-35
-36
-36
-38
-39
-38
-37
-37
-37
-38
-37
-40
-42
-41
-39
-37
-37
-38
-38
-37
-35
-32
-35
-38
-40
-38
-36
-37
-39
-41
-43
-40
-40
-40
-40
-38
-37
-39
-40
-40
-39
-39
-42
-41
-41
-36
-36
-38
-39
-40
-42
-42
-44
-43
-40
-38
-39
-41
-40
-40
-41
-42
-44
-43
-39
-38
-41
-41
-43
-43
-41
-39
-39
-41
-42
-43
-43
-42
-40
-41
-41
-43
-43
-41
-40
-39
-39
-41
-41
-41
-41
-40
-41
-42
-44
-42
-39
-39
-40
-41
-41
-40
-40
-41
-41
-41
-39
-38
-38
-39
-39
-37
-36
-39
-41
-41
-41
-40
-43
-43
-42
-42
-41
-42
-40
-40
-38
-38
-41
-44
-44
-43
-43
-42
-42
-41
-41
-40
-40
-43
-45
-44
-40
-40
-42
-43
-44
-43
-40
-39
-40
-40
-39
-39
-40
-40
-39
-37
-34
-34
-37
-37
-36
-34
-33
-34
-35
-33
-30
-32
-35
-36
-38
-35
-33
-32
-32
-33
-34
-35
-35
-35
-34
-32
-33
-35
-35
-35
-33
-31
-31
-34
-35
-34
-32
-30
-29
-31
-32
-32
-31
-30
-29
-31
-32
-34
-34
-34
-32
-31
-31
-32
-32
-32
-32
-32
-31
-31
-31
-32
-32
-33
-31
-29
-28
-27
-30
-29
-27
-25
-24
-28
-33
-33
-31
-30
-30
-30
-30
-30
-27
-26
-26
-27
-26
-26
-26
-27
-25
-24
-24
-26
-28
-29
-30
-30
-32
-31
-29
-28
-29
-31
-31
-31
-30
-31
-30
-27
-27
-28
-30
-31
-31
-28
-28
-30
-29
-28
-27
-26
-27
-27
-28
-28
-28
-29
-28
-28
-28
-29
-27
-25
-27
-29
-29
-31
-30
-28
-27
-26
-26
-26
-27
-28
-26
-26
-26
-27
-24
-23
-21
-24
-24
-22
-19
-20
-24
-25
-26
-23
-22
-23
-22
-22
-21
-22
-22
-20
-20
-18
-17
-17
-16
-20
-20
-21
-19
-19
-17
-17
-18
-18
-19
-21
-20
-19
-19
-18
-19
-20
-20
-22
-21
-21
-20
-20
-23
-24
-26
-26
-26
-25
-24
-23
-23
-26
-27
-23
-21
-19
-20
-22
-24
-23
-22
-21
-21
-23
-23
-23
-22
-22
-23
-23
-21
-20
-20
-19
-17
-16
-16
-19
-21
-19
-19
-18
-19
-20
-20
-21
-20
-18
-18
-20
-21
-22
-21
-20
-20
-19
-19
-20
-20
-20
-20
-20
-22
-20
-20
-21
-20
-19
-20
-23
-23
-24
-24
-24
-24
-25
-24
-24
-24
-23
-24
-23
-25
-26
-26
-24
-24
-23
-23
-22
-22
-23
-22
-23
-23
-25
-23
-23
-22
-21
-18
-18
-18
-21
-24
-23
-21
-20
-20
-20
-20
-19
-21
-21
-23
-25
-25
-22
-21
-21
-21
-21
-21
-20
-18
-17
-17
-20
-22
-23
-23
-20
-20
-21
-22
-23
-22
-22
-23
-23
-23
-23
-22
-22
-20
-20
-21
-22
-22
-22
-19
-19
-21
-20
-21
-22
-23
-25
-25
-24
-24
-27
-25
-23
-21
-20
-25
-26
-26
-26
-25
-23
-21
-21
-25
-29
-31
-30
-30
-30
-28
-28
-26
-26
-25
-26
-26
-24
-23
-23
-24
-25
-27
-29
-31
-30
-30
-28
-29
-29
-26
-26
-24
-25
-27
-28
-27
-25
-25
-27
-28
-26
-26
-26
-26
-26
-28
-28
-27
-28
-28
-28
-28
-28
-26
-25
-25
-26
-27
-27
-28
-26
-24
-25
-25
-25
-24
-25
-26
-25
-25
-24
-25
-27
-26
-25
-24
-23
-25
-25
-24
-25
-24
-22
-23
-22
-23
-24
-26
-27
-28
-27
-26
-26
-23
-23
-21
-22
-25
-26
-27
-28
-29
-29
-29
-28
-27
-30
-30
-31
-31
-28
-28
-29
-29
-30
-29
-30
-33
-34
-32
-32
-30
-31
-29
-32
-34
-34
-33
-33
-31
-31
-33
-32
-32
-31
-29
-31
-31
-32
-31
-31
-30
-32
-32
-31
-32
-32
-32
-33
-33
-33
-31
-28
-29
-29
-31
-32
-31
-32
-31
-31
-30
-30
-27
-26
-26
-27
-31
-30
-31
-31
-29
-29
-30
-31
-31
-31
-31
-32
-35
-34
-32
-31
-32
-32
-32
-29
-29
-28
-27
-29
-29
-31
-30
-29
-29
-30
-29
-30
-28
-26
-27
-29
-29
-29
-28
-27
-26
-27
-28
-29
-28
-29
-30
-31
-30
-26
-25
-29
-31
-32
-29
-27
-29
-29
-30
-29
-29
-29
-30
-30
-32
-32
-29
-28
-28
-28
-29
-28
-28
-26
-25
-23
-26
-27
-28
-27
-29
-30
-29
-28
-28
-26
-26
-28
-29
-31
-28
-27
-26
-25
-26
-27
-27
-28
-29
-26
-28
-28
-29
-29
-32
-31
-31
-27
-25
-25
-27
-30
-29
-26
-28
-32
-33
-33
-32
-32
-32
-34
-35
-36
-35
-34
-31
-32
-33
-35
-35
-36
-36
-32
-32
-31
-31
-33
-33
-34
-34
-33
-33
-35
-35
-36
-34
-34
-35
-37
-39
-37
-36
-35
-34
-34
-34
-36
-36
-35
-33
-31
-32
-35
-36
-34
-32
-32
-35
-38
-38
-36
-34
-34
-33
-35
-35
-34
-37
-36
-37
-38
-36
-36
-36
-36
-36
-37
-36
-35
-35
-37
-39
-39
-35
-35
-37
-39
-37
-36
-36
-38
-39
-40
-39
-37
-35
-35
-35
-38
-41
-41
-43
-39
-38
-41
-43
-41
-39
-37
-37
-41
-42
-41
-40
-42
-42
-42
-42
-42
-41
-43
-43
-44
-42
-42
-44
-42
-43
-44
-43
-42
-42
-41
-43
-43
-41
-41
-42
-42
-41
-39
-38
-40
-43
-44
-44
-45
-44
-44
-42
-40
-41
-44
-44
-44
-44
-43
-41
-39
-40
-41
-44
-45
-45
-43
-41
-42
-42
-43
-43
-44
-43
-43
-42
-42
-44
-41
-42
-42
-43
-44
-43
-43
-45
-43
-42
-44
-45
-44
-44
-40
-38
-39
-41
-43
-43
-42
-42
-42
-40
-38
-37
-37
-40
-40
-38
-37
-37
-37
-37
-39
-37
-38
-37
-38
-38
-37
-37
-35
-36
-36
-35
-33
-33
-32
-32
-32
-32
-33
-35
-37
-36
-36
-36
-36
-38
-39
-38
-38
-39
-42
-42
-39
-36
-38
-38
-39
-38
-38
-39
-39
-41
-41
-40
-38
-39
-39
-37
-37
-38
-38
-40
-42
-38
-36
-36
-38
-40
-41
-40
-42
-42
-41
-43
-44
-44
-43
-42
-40
-39
-40
-41
-40
-40
-38
-39
-41
-41
-39
-38
-38
-37
-40
-40
-40
-41
-41
-40
-40
-41
-40
-39
-39
-39
-40
-42
-43
-40
-37
-36
-36
-37
-38
-38
-37
-37
-36
-35
-34
-34
-35
-37
-36
-34
-34
-35
-36
-38
-37
-33
-32
-31
-32
-36
-38
-37
-36
-35
-34
-36
-36
-36
-36
-34
-33
-32
-32
-34
-36
-35
-33
-32
-34
-35
-35
-35
-33
-34
-33
-34
-33
-31
-32
-32
-31
-31
-31
-33
-34
-33
-32
-33
-34
-35
-34
-33
-32
-32
-30
-31
-32
-30
-31
-30
-31
-32
-35
-36
-35
-33
-34
-36
-35
-33
-32
-31
-32
-33
-34
-33
-34
-34
-34
-33
-33
-33
-34
-35
-34
-30
-31
-31
-32
-31
-31
-32
-32
-32
-32
-32
-33
-32
-31
-30
-31
-34
-35
-35
-34
-32
-30
-28
-25
-24
-25
-27
-28
-27
-27
-25
-24
-24
-24
-25
-25
-25
-24
-24
-24
-25
-26
-26
-24
-22
-22
-24
-24
-23
-22
-21
-19
-17
-19
-18
-18
-17
-19
-20
-21
-23
-22
-21
-20
-20
-19
-20
-22
-22
-20
-19
-19
-18
-16
-16
-18
-19
-19
-21
-20
-22
-22
-20
-20
-19
-18
-18
-17
-16
-17
-18
-18
-19
-17
-17
-20
-22
-22
-20
-20
-21
-22
-22
-21
-19
-17
-17
-19
-21
-23
-22
-22
-24
-23
-20
-19
-20
-21
-21
-21
-22
-22
-22
-21
-19
-20
-19
-19
-19
-19
-20
-21
-21
-19
-17
-19
-22
-22
-21
-21
-21
-21
-20
-19
-19
-21
-21
-21
-21
-20
-21
-22
-23
-23
-22
-21
-19
-19
-19
-18
-18
-17
-18
-18
-16
-17
-18
-19
-20
-18
-17
-17
-17
-18
-19
-18
-16
-15
-15
-14
-12
-11
-14
-16
-18
-20
-18
-17
-16
-15
-13
-15
-17
-17
-18
-17
-17
-18
-17
-16
-14
-14
-16
-18
-17
-17
-17
-18
-20
-20
-20
-17
-16
-17
-17
-17
-16
-16
-18
-19
-19
-20
-19
-19
-18
-19
-19
-20
-19
-19
-20
-22
-22
-21
-19
-21
-21
-20
-19
-20
-21
-24
-25
-24
-22
-23
-23
-21
-22
-21
-23
-26
-25
-24
-25
-26
-27
-26
-24
-25
-26
-26
-25
-24
-22
-24
-23
-22
-24
-25
-29
-28
-25
-22
-22
-25
-29
-30
-29
-28
-28
-29
-30
-29
-27
-27
-26
-28
-27
-27
-26
-28
-27
-26
-26
-26
-29
-28
-26
-24
-23
-25
-29
-28
-27
-27
-27
-29
-29
-27
-25
-26
-27
-27
-28
-28
-28
-29
-30
-29
-29
-27
-27
-30
-31
-32
-30
-31
-33
-35
-33
-32
-33
-33
-34
-33
-32
-33
-34
-35
-34
-35
-34
-34
-36
-37
-38
-39
-38
-40
-39
-39
-39
-38
-38
-40
-41
-41
-40
-40
-40
-38
-38
-40
-43
-45
-45
-43
-45
-45
-46
-47
-47
-46
-45
-45
-43
-43
-44
-43
-45
-46
-45
-44
-44
-43
-44
-45
-44
-44
-43
-42
-43
-45
-43
-43
-41
-41
-43
-44
-46
-44
-42
-41
-42
-45
-45
-43
-41
-42
-43
-43
-42
-41
-40
-41
-42
-42
-41
-42
-40
-38
-37
-36
-38
-39
-41
-41
-41
-40
-40
-40
-39
-40
-40
-39
-38
-37
-38
-39
-40
-39
-38
-37
-37
-37
-39
-39
-38
-35
-35
-36
-39
-39
-36
-35
-37
-38
-39
-36
-33
-35
-35
-36
-35
-34
-33
-34
-35
-36
-36
-34
-32
-33
-33
-31
-29
-28
-28
-32
-34
-33
-31
-28
-28
-33
-34
-32
-30
-28
-28
-31
-34
-36
-35
-31
-31
-33
-34
-34
-33
-32
-32
-32
-31
-29
-28
-28
-30
-30
-31
-32
-31
-28
-28
-31
-33
-34
-34
-30
-28
-29
-31
-32
-33
-34
-33
-34
-33
-30
-29
-30
-30
-30
-30
-30
-30
-31
-30
-29
-27
-25
-25
-28
-29
-30
-30
-29
-31
-31
-32
-30
-32
-32
-31
-31
-32
-31
-31
-31
-31
-33
-35
-33
-29
-29
-30
-32
-33
-32
-30
-29
-29
-28
-26
-23
-22
-24
-28
-28
-25
-24
-25
-27
-29
-28
-28
-27
-27
-27
-26
-26
-25
-26
-26
-27
-27
-25
-24
-24
-27
-27
-29
-28
-26
-28
-30
-30
-30
-28
-27
-27
-28
-28
-29
-27
-28
-30
-33
-32
-29
-28
-28
-30
-33
-32
-29
-27
-29
-32
-33
-33
-32
-31
-31
-31
-30
-29
-30
-31
-30
-27
-24
-26
-29
-31
-30
-30
-30
-30
-30
-27
-28
-32
-36
-36
-36
-35
-33
-34
-32
-32
-32
-32
-33
-31
-29
-30
-30
-31
-31
-30
-30
-31
-31
-29
-31
-32
-31
-30
-30
-29
-30
-28
-26
-26
-25
-26
-28
-30
-31
-30
-28
-26
-24
-24
-25
-25
-25
-23
-23
-25
-25
-24
-23
-22
-22
-24
-25
-23
-22
-22
-24
-26
-25
-23
-21
-24
-25
-25
-26
-26
-25
-24
-23
-24
-24
-23
-24
-25
-25
-24
-21
-22
-22
-22
-22
-23
-22
-21
-20
-19
-18
-17
-18
-20
-18
-15
-15
-14
-17
-19
-18
-16
-16
-17
-18
-19
-18
-18
-20
-22
-23
-22
-20
-19
-19
-21
-22
-22
-22
-21
-21
-20
-23
-22
-22
-21
-18
-17
-17
-18
-17
-18
-18
-20
-22
-20
-16
-16
-16
-16
-16
-17
-19
-17
-17
-16
-13
-16
-16
-15
-13
-13
-14
-15
-16
-14
-15
-15
-16
-17
-14
-15
-14
-14
-15
-17
-18
-16
-16
-16
-15
-15
-14
-15
-16
-17
-16
-15
-13
-13
-13
-13
-15
-15
-14
-12
-13
-15
-17
-18
-18
-18
-18
-17
-16
-15
-17
-17
-17
-16
-15
-15
-16
-18
-17
-17
-19
-18
-17
-19
-17
-16
-19
-21
-21
-19
-17
-18
-17
-16
-16
-16
-14
-15
-14
-16
-17
-16
-14
-16
-17
-17
-18
-18
-19
-18
-16
-16
-17
-17
-15
-15
-15
-16
-19
-19
-20
-20
-19
-20
-21
-23
-21
-20
-22
-23
-23
-22
-20
-19
-19
-19
-20
-21
-20
-22
-23
-22
-22
-21
-21
-22
-23
-21
-21
-23
-22
-22
-20
-20
-21
-21
-19
-19
-21
-20
-23
-24
-25
-23
-21
-21
-23
-25
-24
-22
-22
-22
-24
-22
-21
-22
-21
-20
-20
-19
-20
-20
-21
-23
-23
-23
-23
-24
-21
-21
-20
-21
-23
-24
-23
-19
-19
-20
-21
-19
-21
-25
-25
-24
-23
-22
-23
-24
-23
-22
-22
-23
-24
-23
-23
-22
-22
-22
-20
-21
-23
-23
-23
-20
-19
-19
-21
-22
-22
-22
-22
-21
-22
-21
-20
-18
-18
-18
-19
-19
-19
-20
-19
-22
-24
-21
-19
-18
-19
-21
-22
-22
-20
-21
-21
-19
-20
-21
-21
-19
-16
-18
-21
-21
-23
-23
-20
-20
-20
-20
-22
-22
-22
-23
-23
-23
-22
-22
-20
-19
-18
-18
-19
-17
-15
-16
-18
-18
-17
-18
-16
-17
-18
-19
-19
-17
-17
-19
-18
-16
-17
-17
-20
-20
-19
-16
-16
-16
-18
-19
-17
-15
-12
-13
-14
-15
-13
-13
-11
-10
-12
-14
-15
-14
-13
-14
-14
-13
-11
-8
-6
-8
-8
-10
-8
-7
-7
-7
-9
-8
-7
-7
-7
-9
-9
-9
-7
-6
-4
-4
-5
-6
-6
-7
-7
-5
-3
-3
-1
-4
-6
-6
-6
-3
-1
0
-3
-5
-4
-4
-3
-4
-5
-5
-3
-3
-3
-1
1
-1
-1
0
1
3
2
0
0
0
0
0
0
0
-2
-2
-2
-2
-2
-3
-3
-1
-3
-2
-2
-2
-2
-3
-5
-4
-2
-3
-4
-3
-3
-3
-2
-2
-2
0
-1
-2
-4
-3
-3
-4
-4
-5
-5
-6
-6
-8
-7
-8
-7
-7
-4
-4
-7
-7
-7
-7
-7
-6
-4
-3
-5
-6
-9
-8
-8
-8
-10
-11
-8
-8
-6
-7
-9
-10
-8
-7
-6
-5
-6
-6
-8
-6
-7
-5
-5
-7
-8
-9
-7
-4
-5
-7
-8
-7
-7
-9
-9
-9
-8
-8
-6
-8
-8
-9
-10
-11
-11
-11
-11
-12
-13
-13
-12
-11
-11
-11
-13
-13
-14
-15
-17
-18
-19
-18
-18
-17
-18
-18
-18
-20
-18
-17
-16
-18
-21
-20
-19
-18
-19
-21
-21
-22
-21
-20
-21
-19
-17
-17
-19
-20
-22
-21
-20
-16
-15
-19
-20
-19
-16
-16
-17
-19
-17
-16
-16
-17
-18
-19
-21
-21
-22
-20
-20
-19
-18
-20
-20
-19
-20
-19
-20
-23
-20
-19
-18
-19
-18
-17
-17
-18
-20
-21
-19
-20
-21
-23
-24
-21
-19
-20
-19
-20
-19
-21
-23
-23
-20
-21
-21
-22
-25
-22
-21
-23
-22
-22
-22
-22
-21
-20
-18
-16
-17
-17
-18
-22
-24
-26
-24
-21
-19
-19
-20
-20
-20
-19
-20
-20
-20
-19
-15
-15
-16
-15
-16
-17
-18
-20
-19
-19
-18
-19
-18
-17
-16
-18
-20
-21
-21
-20
-19
-18
-18
-19
-20
-20
-20
-19
-18
-17
-17
-18
-20
-22
-23
-22
-20
-20
-20
-19
-18
-17
-17
-17
-18
-18
-16
-17
-17
-19
-19
-19
-16
-16
-17
-19
-17
-17
-15
-16
-15
-15
-16
-15
-15
-17
-18
-18
-17
-17
-18
-19
-19
-19
-16
-15
-15
-14
-16
-17
-15
-14
-15
-16
-18
-17
-16
-14
-15
-18
-17
-16
-16
-14
-13
-14
-14
-13
-13
-14
-14
-12
-13
-13
-13
-15
-15
-14
-15
-15
-14
-11
-11
-11
-10
-10
-9
-9
-11
-13
-12
-10
-11
-10
-11
-10
-9
-8
-10
-13
-16
-19
-19
-15
-13
-13
-15
-16
-17
-16
-14
-14
-15
-16
-16
-15
-14
-14
-12
-13
-13
-15
-17
-17
-17
-16
-16
-17
-18
-18
-17
-14
-14
-15
-19
-19
-20
-18
-17
-17
-17
-17
-17
-15
-13
-14
-15
-16
-16
-16
-16
-17
-17
-16
-14
-14
-17
-18
-19
-19
-18
-18
-19
-17
-18
-20
-21
-19
-18
-20
-19
-17
-16
-16
-19
-18
-19
-16
-15
-17
-19
-18
-17
-16
-17
-20
-20
-22
-23
-22
-17
-17
-17
-18
-17
-18
-17
-18
-19
-18
-16
-13
-11
-12
-13
-15
-16
-16
-15
-12
-11
-11
-11
-12
-14
-16
-16
-14
-15
-15
-15
-14
-15
-14
-13
-15
-15
-15
-14
-14
-14
-13
-14
-14
-13
-14
-12
-12
-13
-15
-14
-15
-14
-12
-13
-13
-14
-15
-16
-15
-15
-14
-14
-14
-12
-12
-14
-16
-16
-15
-14
-11
-12
-12
-12
-11
-11
-12
-13
-12
-14
-15
-15
-14
-10
-11
-12
-12
-13
-12
-10
-10
-9
-10
-10
-9
-9
-9
-10
-9
-8
-9
-9
-9
-10
-12
-12
-14
-13
-11
-11
-11
-11
-10
-10
-11
-11
-10
-8
-11
-13
-13
-12
-12
-11
-12
-13
-12
-12
-12
-10
-9
-7
-9
-13
-14
-13
-13
-12
-10
-9
-11
-11
-10
-9
-6
-4
-6
-8
-7
-7
-8
-7
-6
-3
-1
-2
-4
-4
-5
-5
-5
-4
-3
-2
-3
-4
-1
-2
0
0
-1
-2
-1
-3
-4
-5
-5
-5
-5
-6
-5
-4
-4
-3
-3
-5
-4
-4
-2
-1
-2
-3
-5
-3
-2
-3
-5
-6
-7
-7
-6
-2
-2
-2
-3
-5
-5
-4
-5
-4
-3
-2
-1
1
-2
-2
-3
-2
-2
-2
-3
-4
-2
-3
-1
-3
-3
-4
-5
-6
-5
-5
-4
-4
-6
-6
-6
-6
-7
-8
-6
-3
-1
-4
-6
-7
-6
-4
-5
-7
-8
-7
-7
-9
-12
-10
-9
-6
-6
-8
-9
-8
-6
-5
-5
-3
-1
0
0
-3
-7
-8
-8
-7
-7
-7
-6
-5
-5
-4
-5
-3
-2
-3
-6
-8
-9
-8
-7
-7
-9
-8
-6
-6
-5
-6
-6
-8
-6
-5
-5
-6
-7
-7
-10
-9
-7
-6
-6
-5
-5
-7
-6
-8
-9
-9
-8
-7
-7
-8
-8
-8
-9
-9
-9
-10
-11
-9
-12
-12
-11
-11
-11
-10
-11
-13
-12
-13
-11
-14
-14
-14
-16
-16
-16
-14
-14
-15
-16
-16
-17
-18
-16
-14
-13
-14
-14
-16
-16
-19
-19
-17
-15
-14
-12
-13
-15
-14
-16
-16
-15
-16
-17
-19
-21
-20
-18
-15
-16
-19
-21
-20
-19
-18
-20
-22
-22
-21
-19
-19
-24
-27
-27
-24
-23
-22
-23
-23
-21
-23
-22
-23
-23
-22
-21
-21
-21
-23
-24
-22
-21
-23
-23
-24
-25
-24
-24
-24
-21
-22
-21
-22
-24
-24
-25
-22
-23
-23
-25
-25
-26
-26
-26
-27
-27
-27
-28
-29
-27
-26
-26
-28
-29
-28
-27
-26
-27
-30
-30
-31
-31
-32
-32
-34
-32
-30
-27
-26
-27
-29
-31
-30
-30
-31
-32
-32
-33
-32
-31
-29
-28
-28
-28
-29
-30
-30
-30
-32
-30
-29
-28
-31
-31
-31
-31
-32
-34
-35
-35
-32
-29
-29
-31
-33
-32
-35
-34
-32
-33
-33
-34
-32
-30
-30
-33
-35
-33
-31
-30
-31
-33
-34
-33
-30
-29
-29
-32
-32
-31
-31
-28
-28
-29
-28
-27
-27
-26
-25
-26
-25
-26
-28
-29
-28
-28
-29
-27
-27
-27
-29
-28
-28
-28
-27
-30
-32
-34
-31
-29
-29
-30
-30
-31
-30
-27
-27
-24
-24
-24
-27
-28
-28
-26
-26
-28
-28
-28
-28
-27
-27
-26
-27
-25
-26
-26
-25
-25
-26
-26
-25
-23
-24
-23
-23
-25
-28
-29
-30
-27
-23
-21
-22
-24
-26
-27
-28
-28
-29
-28
-28
-28
-26
-25
-25
-26
-26
-26
-26
-27
-26
-27
-25
-25
-25
-26
-28
-27
-27
-27
-26
-25
-24
-24
-27
-28
-27
-25
-27
-29
-30
-29
-27
-25
-26
-26
-23
-23
-23
-27
-27
-26
-25
-27
-28
-28
-29
-28
-28
-27
-26
-26
-26
-28
-29
-30
-31
-31
-31
-30
-29
-31
-31
-32
-33
-32
-30
-29
-30
-33
-32
-30
-28
-28
-29
-30
-28
-27
-29
-27
-29
-30
-31
-28
-29
-31
-31
-33
-33
-35
-33
-32
-30
-32
-34
-32
-32
-32
-32
-32
-31
-30
-29
-28
-30
-31
-30
-29
-29
-28
-30
-29
-28
-27
-28
-29
-27
-28
-30
-30
-30
-28
-26
-26
-25
-27
-29
-30
-30
-29
-28
-29
-30
-29
-29
-28
-30
-31
-33
-33
-33
-34
-33
-33
-33
-33
-32
-32
-29
-31
-33
-33
-32
-32
-31
-33
-33
-33
-31
-29
-29
-28
-32
-31
-30
-28
-29
-30
-30
-29
-29
-28
-29
-28
-27
-29
-28
-30
-29
-28
-29
-29
-28
-28
-26
-27
-26
-24
-24
-25
-28
-28
-27
-26
-26
-26
-28
-27
-26
-25
-27
-28
-27
-27
-25
-25
-25
-28
-30
-27
-24
-21
-20
-22
-24
-23
-22
-22
-25
-26
-26
-24
-24
-25
-23
-22
-22
-24
-25
-25
-25
-26
-29
-28
-26
-23
-21
-23
-26
-28
-26
-25
-24
-24
-25
-25
-22
-23
-24
-25
-26
-27
-26
-22
-21
-23
-24
-26
-25
-22
-20
-19
-22
-24
-26
-25
-22
-21
-22
-24
-22
-23
-21
-20
-19
-19
-21
-23
-21
-20
-19
-21
-23
-24
-22
-20
-20
-20
-20
-19
-19
-19
-21
-21
-20
-19
-19
-18
-19
-20
-22
-25
-23
-23
-22
-21
-21
-22
-21
-21
-20
-21
-20
-21
-22
-25
-24
-23
-23
-25
-28
-25
-19
-17
-20
-23
-24
-21
-18
-17
-18
-20
-19
-19
-20
-24
-26
-24
-25
-22
-21
-21
-20
-19
-20
-20
-20
-22
-23
-24
-26
-27
-25
-23
-22
-23
-25
-22
-19
-17
-18
-20
-22
-22
-23
-23
-22
-22
-19
-20
-21
-22
-25
-23
-24
-24
-22
-22
-22
-24
-26
-26
-22
-22
-25
-27
-26
-23
-19
-20
-23
-24
-25
-24
-23
-23
-23
-24
-26
-28
-26
-25
-27
-29
-32
-32
-30
-28
-30
-31
-30
-26
-25
-28
-28
-27
-27
-27
-31
-31
-28
-25
-25
-27
-27
-26
-24
-25
-26
-26
-25
-27
-30
-30
-32
-32
-32
-29
-27
-27
-27
-28
-29
-30
-33
-32
-33
-33
-35
-34
-31
-30
-29
-31
-31
-34
-32
-32
-34
-36
-35
-33
-31
-30
-32
-35
-35
-35
-34
-32
-34
-36
-36
-35
-35
-35
-33
-34
-35
-34
-35
-34
-34
-36
-38
-38
-36
-33
-32
-33
-34
-35
-38
-37
-38
-37
-36
-33
-33
-32
-33
-34
-35
-34
-34
-33
-34
-35
-33
-34
-35
-36
-36
-35
-32
-32
-32
-32
-33
-31
-30
-30
-30
-31
-33
-31
-28
-30
-31
-33
-36
-36
-33
-32
-30
-31
-32
-30
-29
-30
-31
-32
-32
-32
-32
-34
-35
-34
-32
-31
-32
-32
-32
-32
-31
-30
-32
-32
-30
-30
-29
-30
-30
-31
-30
-30
-29
-29
-28
-29
-29
-30
-31
-31
-31
-30
-31
-30
-30
-29
-29
-29
-31
-32
-32
-31
-29
-29
-31
-32
-31
-31
-31
-31
-30
-31
-33
-33
-33
-29
-25
-26
-30
-30
-30
-28
-29
-30
-32
-33
-31
-32
-31
-30
-26
-26
-27
-29
-31
-29
-27
-29
-28
-27
-25
-26
-29
-31
-32
-31
-28
-28
-29
-29
-28
-27
-28
-28
-30
-30
-29
-28
-27
-28
-27
-25
-24
-23
-21
-21
-23
-25
-27
-28
-26
-22
-21
-23
-23
-25
-25
-26
-26
-25
-24
-25
-24
-23
-23
-23
-23
-25
-25
-26
-24
-25
-26
-27
-26
-25
-26
-27
-29
-28
-26
-25
-27
-28
-29
-30
-29
-29
-28
-27
-26
-27
-28
-32
-32
-32
-31
-30
-28
-26
-26
-27
-31
-29
-29
-29
-30
-31
-32
-33
-34
-36
-36
-33
-31
-32
-33
-34
-34
-33
-35
-36
-35
-34
-33
-35
-37
-39
-37
-32
-32
-34
-37
-39
-38
-36
-35
-36
-35
-36
-35
-35
-35
-36
-36
-36
-34
-35
-37
-36
-35
-36
-34
-35
-35
-36
-37
-37
-36
-37
-34
-33
-36
-37
-37
-33
-33
-31
-33
-35
-39
-40
-39
-37
-37
-36
-36
-36
-36
-38
-38
-38
-38
-37
-36
-37
-36
-36
-38
-39
-39
-39
-38
-38
-37
-33
-32
-33
-36
-38
-39
-39
-40
-42
-42
-42
-41
-40
-41
-41
-41
-41
-41
-41
-42
-41
-44
-45
-44
-43
-43
-46
-44
-45
-45
-45
-45
-45
-48
-48
-47
-47
-46
-44
-45
-43
-42
-45
-48
-51
-52
-50
-48
-46
-45
-45
-45
-44
-46
-46
-47
-47
-47
-47
-48
-50
-49
-49
-48
-49
-49
-46
-46
-46
-44
-45
-45
-44
-45
-45
-45
-46
-46
-45
-42
-42
-41
-44
-45
-44
-43
-43
-43
-43
-43
-41
-42
-41
-41
-39
-38
-38
-40
-38
-36
-35
-37
-39
-40
-39
-40
-40
-38
-39
-38
-38
-39
-41
-41
-42
-41
-42
-43
-41
-39
-38
-36
-38
-40
-42
-43
-40
-40
-42
-43
-42
-40
-38
-38
-37
-37
-38
-40
-41
-42
-43
-43
-43
-42
-41
-41
-41
-41
-41
-41
-40
-40
-41
-42
-41
-40
-40
-42
-42
-41
-41
-41
-43
-44
-44
-42
-42
-42
-43
-43
-41
-40
-40
-40
-42
-43
-41
-39
-38
-38
-40
-42
-41
-39
-37
-37
-37
-39
-39
-40
-38
-35
-34
-34
-35
-34
-34
-34
-36
-34
-33
-33
-32
-33
-36
-37
-35
-35
-38
-39
-38
-36
-34
-35
-37
-38
-38
-35
-32
-32
-32
-34
-37
-37
-35
-32
-32
-34
-34
-34
-34
-33
-35
-36
-35
-32
-32
-31
-31
-31
-30
-30
-30
-30
-30
-31
-30
-32
-32
-31
-31
-29
-29
-30
-29
-31
-33
-34
-34
-32
-31
-29
-29
-32
-34
-35
-34
-35
-35
-35
-35
-32
-33
-35
-37
-38
-36
-32
-31
-32
-34
-34
-32
-32
-33
-34
-33
-31
-31
-32
-32
-32
-30
-30
-31
-32
-36
-36
-34
-33
-31
-29
-30
-31
-31
-31
-32
-31
-30
-32
-32
-32
-30
-29
-30
-32
-31
-31
-30
-31
-32
-33
-32
-30
-28
-27
-28
-27
-27
-27
-27
-29
-28
-28
-27
-28
-29
-29
-25
-25
-26
-27
-27
-25
-26
-27
-29
-29
-29
-28
-27
-28
-28
-30
-30
-29
-28
-27
-27
-29
-29
-28
-27
-28
-28
-29
-27
-25
-25
-24
-24
-27
-29
-28
-27
-28
-31
-32
-31
-29
-26
-25
-26
-29
-30
-29
-27
-26
-25
-26
-25
-25
-23
-24
-24
-25
-27
-27
-26
-26
-27
-27
-27
-25
-26
-27
-27
-28
-27
-27
-28
-27
-26
-27
-26
-27
-26
-28
-28
-27
-28
-28
-27
-28
-30
-30
-30
-30
-29
-30
-31
-33
-32
-31
-30
-31
-32
-32
-32
-31
-30
-31
-30
-31
-29
-26
-24
-26
-27
-28
-26
-26
-25
-23
-24
-23
-26
-28
-29
-31
-32
-28
-26
-25
-26
-29
-28
-28
-27
-27
-25
-26
-26
-27
-25
-28
-26
-26
-27
-24
-25
-24
-23
-24
-22
-20
-22
-24
-25
-26
-25
-22
-21
-22
-23
-23
-21
-23
-26
-26
-26
-24
-24
-23
-22
-20
-17
-17
-18
-18
-19
-22
-21
-23
-19
-21
-23
-24
-22
-22
-22
-21
-23
-25
-26
-24
-23
-23
-23
-24
-26
-26
-23
-23
-25
-25
-24
-23
-24
-25
-26
-25
-22
-22
-23
-25
-23
-20
-20
-21
-23
-27
-26
-25
-24
-25
-24
-24
-21
-19
-20
-21
-20
-21
-20
-21
-20
-17
-19
-20
-20
-22
-21
-21
-22
-22
-25
-23
-25
-25
-27
-28
-27
-26
-22
-23
-25
-26
-27
-26
-24
-26
-28
-26
-24
-20
-19
-22
-24
-26
-25
-21
-19
-19
-22
-23
-22
-21
-21
-22
-23
-24
-24
-23
-23
-22
-24
-24
-25
-25
-23
-21
-20
-22
-23
-25
-25
-25
-25
-26
-25
-26
-26
-25
-27
-27
-28
-29
-29
-29
-30
-30
-27
-26
-26
-27
-30
-29
-28
-30
-29
-29
-28
-27
-28
-29
-27
-27
-28
-27
-29
-28
-28
-29
-31
-32
-31
-28
-25
-24
-24
-26
-28
-26
-26
-27
-29
-31
-29
-27
-26
-27
-29
-30
-29
-28
-30
-30
-28
-29
-29
-30
-31
-29
-28
-28
-30
-30
-31
-31
-30
-29
-28
-29
-29
-30
-30
-31
-33
-31
-31
-30
-29
-27
-27
-28
-28
-29
-30
-30
-31
-30
-28
-26
-25
-26
-27
-31
-31
-30
-29
-30
-30
-29
-28
-27
-27
-28
-31
-33
-34
-32
-31
-30
-31
-30
-31
-30
-29
-32
-32
-33
-31
-31
-31
-31
-33
-31
-29
-30
-32
-35
-34
-30
-30
-31
-33
-32
-28
-26
-29
-30
-29
-27
-26
-25
-25
-26
-28
-30
-29
-29
-30
-30
-31
-31
-27
-25
-26
-27
-30
-28
-26
-25
-26
-26
-25
-25
-25
-26
-28
-27
-27
-27
-26
-27
-26
-27
-27
-26
-26
-26
-24
-23
-22
-23
-25
-25
-23
-21
-21
-23
-26
-24
-23
-22
-22
-22
-22
-22
-25
-27
-25
-24
-22
-23
-25
-25
-23
-23
-25
-24
-24
-24
-22
-24
-24
-22
-23
-24
-22
-22
-23
-23
-24
-24
-25
-24
-23
-21
-21
-22
-24
-25
-23
-21
-22
-23
-23
-24
-24
-24
-23
-22
-22
-22
-23
-26
-25
-21
-22
-22
-23
-24
-23
-22
-21
-22
-25
-26
-24
-20
-19
-22
-23
-23
-22
-22
-21
-21
-21
-21
-21
-25
-27
-26
-25
-22
-21
-22
-23
-23
-24
-24
-24
-23
-25
-24
-22
-20
-21
-23
-25
-26
-24
-25
-26
-25
-25
-25
-24
-23
-24
-24
-25
-25
-27
-28
-27
-28
-27
-26
-25
-27
-26
-25
-22
-21
-23
-24
-27
-29
-30
-29
-29
-28
-26
-25
-25
-26
-25
-26
-27
-27
-28
-28
-29
-29
-28
-27
-27
-30
-29
-29
-27
-25
-24
-27
-27
-28
-28
-28
-29
-31
-30
-28
-26
-27
-30
-31
-31
-29
-29
-26
-24
-25
-29
-29
-31
-30
-30
-28
-26
-27
-29
-30
-30
-30
-29
-29
-32
-32
-32
-35
-35
-32
-33
-33
-32
-31
-31
-32
-34
-31
-28
-27
-28
-31
-29
-27
-28
-29
-30
-33
-30
-31
-32
-31
-31
-30
-28
-27
-27
-26
-27
-27
-25
-23
-26
-28
-25
-25
-24
-26
-25
-23
-24
-25
-26
-27
-25
-26
-27
-27
-25
-23
-22
-22
-23
-22
-23
-21
-23
-24
-24
-24
-22
-22
-22
-23
-22
-21
-24
-26
-26
-25
-22
-23
-24
-25
-24
-23
-21
-22
-25
-24
-25
-25
-26
-24
-24
-25
-26
-27
-24
-23
-23
-24
-26
-28
-26
-26
-25
-23
-22
-21
-22
-24
-25
-23
-20
-19
-22
-23
-23
-22
-21
-22
-22
-22
-22
-22
-21
-20
-19
-19
-20
-21
-20
-19
-19
-19
-17
-18
-20
-19
-18
-17
-18
-17
-18
-19
-18
-19
-21
-21
-22
-22
-20
-19
-20
-20
-20
-18
-19
-20
-21
-22
-22
-21
-21
-18
-16
-15
-15
-16
-18
-17
-18
-19
-17
-17
-17
-15
-14
-13
-15
-17
-18
-19
-19
-19
-20
-18
-16
-17
-17
-17
-17
-16
-15
-14
-13
-14
-14
-15
-14
-14
-14
-15
-15
-16
-17
-15
-15
-15
-14
-13
-14
-13
-14
-15
-13
-12
-11
-10
-9
-11
-11
-13
-15
-15
-14
-14
-13
-13
-10
-9
-8
-10
-13
-14
-12
-12
-10
-11
-10
-10
-12
-13
-12
-13
-11
-10
-11
-11
-10
-8
-6
-6
-10
-12
-11
-7
-7
-8
-9
-11
-9
-8
-7
-8
-8
-8
-10
-9
-7
-7
-9
-10
-10
-9
-8
-7
-8
-7
-10
-11
-10
-9
-7
-5
-4
-5
-8
-10
-10
-10
-11
-13
-13
-11
-11
-10
-10
-10
-9
-9
-9
-10
-9
-7
-5
-7
-6
-7
-6
-6
-6
-6
-7
-6
-8
-9
-11
-10
-9
-9
-10
-9
-7
-9
-11
-10
-10
-7
-6
-5
-9
-13
-13
-12
-11
-9
-9
-11
-11
-10
-10
-10
-11
-12
-13
-12
-13
-14
-12
-12
-12
-13
-14
-15
-15
-15
-16
-15
-13
-11
-11
-11
-11
-13
-15
-15
-17
-15
-13
-16
-17
-16
-19
-18
-22
-22
-20
-15
-14
-16
-18
-19
-18
-20
-21
-22
-20
-19
-18
-18
-20
-20
-20
-20
-21
-22
-21
-21
-20
-21
-20
-20
-19
-20
-19
-17
-15
-16
-17
-19
-19
-15
-14
-16
-17
-19
-19
-18
-20
-18
-18
-19
-19
-20
-20
-19
-20
-20
-21
-23
-20
-18
-17
-16
-18
-18
-18
-18
-19
-19
-18
-19
-20
-22
-23
-22
-20
-21
-21
-20
-20
-20
-18
-18
-17
-17
-17
-18
-17
-15
-17
-16
-18
-19
-21
-20
-19
-20
-17
-17
-17
-16
-16
-16
-18
-20
-20
-19
-17
-15
-15
-14
-18
-17
-16
-17
-15
-17
-18
-15
-13
-15
-16
-19
-18
-14
-14
-13
-15
-15
-13
-13
-15
-15
-16
-17
-16
-15
-15
-16
-17
-16
-16
-13
-12
-11
-9
-11
-13
-16
-18
-17
-16
-13
-12
-14
-14
-13
-14
-15
-13
-13
-14
-15
-14
-14
-13
-11
-11
-12
-13
-14
-14
-13
-11
-11
-11
-14
-14
-15
-15
-15
-14
-14
-13
-11
-10
-9
-11
-14
-16
-17
-16
-13
-12
-13
-14
-14
-14
-11
-11
-14
-17
-16
-14
-14
-14
-13
-11
-9
-9
-10
-10
-10
-10
-11
-13
-12
-9
-8
-12
-15
-14
-12
-13
-14
-17
-17
-15
-9
-8
-11
-13
-14
-15
-16
-15
-12
-12
-15
-19
-19
-19
-17
-17
-18
-18
-15
-14
-16
-19
-18
-18
-20
-17
-15
-13
-12
-14
-17
-19
-18
-17
-15
-16
-16
-19
-19
-18
-19
-18
-18
-18
-18
-19
-20
-18
-18
-19
-20
-23
-23
-22
-21
-20
-20
-22
-21
-23
-23
-21
-22
-21
-22
-21
-21
-21
-20
-23
-22
-22
-19
-19
-19
-21
-23
-22
-20
-18
-19
-19
-21
-20
-21
-21
-22
-22
-20
-19
-18
-18
-19
-20
-18
-19
-21
-24
-25
-22
-21
-22
-23
-24
-23
-20
-20
-19
-19
-21
-22
-21
-20
-19
-17
-17
-17
-21
-20
-19
-18
-17
-19
-17
-16
-16
-17
-19
-20
-18
-18
-19
-19
-17
-17
-17
-18
-17
-18
-18
-19
-18
-20
-21
-20
-18
-16
-17
-18
-21
-19
-20
-18
-18
-16
-16
-16
-17
-16
-16
-16
-15
-17
-18
-16
-16
-16
-15
-16
-16
-14
-12
-14
-15
-18
-18
-19
-19
-17
-17
-16
-17
-18
-20
-20
-21
-19
-16
-15
-15
-17
-18
-19
-19
-17
-15
-14
-14
-16
-17
-17
-15
-16
-17
-16
-15
-14
-12
-11
-10
-9
-8
-8
-8
-10
-12
-13
-14
-12
-8
-9
-11
-13
-13
-14
-12
-9
-8
-9
-10
-10
-9
-8
-11
-13
-13
-11
-12
-13
-14
-13
-11
-11
-11
-10
-9
-9
-11
-12
-10
-10
-10
-10
-12
-11
-8
-6
-6
-7
-7
-9
-8
-8
-7
-6
-6
-6
-8
-9
-9
-9
-6
-8
-8
-7
-5
-6
-7
-7
-5
-6
-6
-7
-8
-10
-10
-10
-9
-8
-8
-8
-9
-8
-9
-10
-10
-10
-10
-11
-12
-12
-12
-11
-9
-9
-7
-3
-5
-8
-8
-6
-5
-2
-5
-7
-6
-3
-4
-7
-8
-5
-4
-7
-7
-7
-6
-4
-4
-5
-5
-2
-2
-4
-6
-6
-6
-6
-5
-6
-6
-5
-5
-5
-5
-6
-4
-1
0
1
1
1
0
-2
-3
-3
-4
-4
-4
-4
-3
-2
0
-1
-4
-5
-5
-3
-1
-3
-3
-4
-3
-1
-1
0
0
0
-2
-3
-4
-1
-1
0
1
2
1
0
0
-1
-2
-1
-1
-1
1
1
3
2
1
3
3
2
1
1
3
3
3
1
-3
-3
-3
-2
-1
0
1
2
1
1
-1
-3
-3
-3
0
0
-2
-1
-2
-3
-2
-3
-3
-2
-2
-2
-3
-3
-4
-3
-4
-4
-3
-5
-4
-3
-2
-2
-2
-4
-3
-3
-4
-6
-7
-6
-5
-3
-5
-6
-5
-4
-4
-4
-3
-2
-4
-6
-6
-6
-6
-7
-7
-6
-5
-4
-4
-6
-5
-6
-9
-12
-8
-3
1
0
-2
-3
-1
0
-1
-4
-6
-4
-2
-2
-2
0
-1
0
0
-1
-1
-2
-3
-2
0
-1
-4
-2
2
6
4
2
1
2
5
6
4
5
8
9
8
6
5
4
3
2
4
5
5
7
7
7
5
4
3
3
3
5
6
6
5
4
4
3
2
2
4
5
6
8
7
3
4
6
7
6
4
4
5
5
4
3
5
6
7
7
5
6
5
7
11
11
7
5
7
10
14
12
10
7
9
11
9
9
12
13
16
14
13
12
10
10
7
10
10
12
16
16
13
13
13
14
15
13
15
18
19
17
15
12
11
13
13
13
15
14
13
13
13
15
17
17
16
15
13
13
11
12
11
14
17
19
18
15
13
12
14
15
16
16
15
14
13
13
13
11
9
10
11
11
11
11
9
12
14
14
14
13
12
12
13
15
13
11
11
11
10
11
13
14
12
10
7
8
7
7
7
7
7
5
6
8
9
10
9
6
8
9
11
8
6
6
8
9
8
7
6
4
6
5
5
5
4
6
3
3
3
4
4
5
3
5
4
5
5
8
6
7
6
5
5
4
5
3
2
2
4
3
3
3
4
2
2
1
2
2
2
1
-1
-3
-1
-1
-3
-1
0
0
2
3
1
1
0
1
-1
0
1
3
2
1
2
3
0
0
1
1
5
6
2
0
1
2
7
6
4
2
0
3
6
6
6
4
3
3
3
2
2
3
4
5
4
4
3
5
5
5
4
4
6
6
5
1
1
3
6
7
4
3
5
7
8
6
3
4
7
9
8
7
6
8
7
5
7
8
10
9
7
5
4
4
5
7
8
9
8
7
6
4
2
3
5
7
5
5
4
4
1
2
-1
2
5
3
3
2
0
-2
-1
0
-2
0
1
0
-1
-4
-4
-4
-3
-2
-4
-8
-9
-12
-10
-9
-8
-8
-5
-5
-5
-6
-8
-8
-6
-7
-10
-11
-12
-7
-6
-5
-5
-7
-6
-2
-3
-4
-7
-6
-2
0
0
-3
-2
-2
0
1
3
5
9
10
11
11
12
10
12
9
13
11
14
15
15
16
18
18
17
16
17
21
21
23
20
20
21
20
23
20
21
21
22
24
22
21
21
20
23
23
21
18
14
15
13
14
14
14
15
15
14
12
10
12
13
9
7
4
5
6
4
1
0
-3
-3
-4
-4
-3
-2
-5
-8
-10
-11
-11
-14
-16
-18
-15
-17
-14
-16
-15
-16
-16
-16
-13
-16
-14
-15
-15
-12
-9
-9
-12
-13
-14
-9
-7
-5
-4
-2
-4
-1
1
5
5
6
7
13
16
20
20
20
24
25
28
30
31
35
38
39
39
44
47
49
52
53
59
59
62
63
64
67
70
71
72
73
75
74
76
78
77
77
75
73
71
71
70
71
70
69
66
66
66
59
55
48
42
40
37
36
34
30
24
20
11
6
0
-6
-10
-14
-18
-21
-28
-33
-40
-46
-49
-55
-60
-66
-71
-75
-78
-83
-85
-93
-96
-99
-100
-100
-101
-104
-109
-110
-109
-110
-110
-108
-111
-110
-102
-103
-96
-93
-91
-84
-77
-71
-63
-59
-46
-31
-19
-2
10
25
39
52
66
79
88
105
119
133
147
157
169
178
183
189
193
200
206
207
213
213
215
215
214
211
207
202
197
192
185
179
171
163
156
149
139
128
118
108
98
89
80
70
62
53
42
29
15
4
-7
-17
-30
-42
-53
-67
-81
-95
-108
-121
-134
-147
-157
-166
-177
-186
-198
-209
-219
-229
-240
-248
-253
-260
-267
-276
-278
-274
-268
-259
-246
-226
-199
-179
-158
-143
-121
-101
-77
-51
-27
4
25
48
69
88
101
113
120
135
148
161
168
175
177
184
183
180
180
172
170
163
160
156
146
134
123
114
106
94
83
68
59
53
54
55
56
61
66
72
80
85
89
92
95
97
104
113
123
136
141
145
150
150
154
152
151
158
157
159
163
165
163
159
151
143
133
124
117
105
98
92
82
75
61
44
25
8
-10
-27
-39
-52
-64
-74
-85
-95
-110
-128
-141
-157
-169
-185
-196
-208
-212
-222
-228
-235
-248
-254
-261
-264
-261
-258
-247
-224
-199
-161
-140
-121
-106
-92
-73
-51
-31
-11
14
32
55
78
93
101
104
98
110
114
122
127
127
132
137
138
135
130
114
107
101
94
92
83
70
65
53
49
38
26
18
10
6
5
9
15
24
36
47
58
66
71
76
85
96
112
123
134
152
165
180
190
194
198
201
202
207
208
215
220
222
225
222
213
206
195
181
173
163
157
146
135
127
115
97
79
57
36
11
-13
-33
-49
-61
-76
-84
-110
-128
-155
-174
-201
-217
-241
-257
-268
-291
-294
-311
-324
-337
-353
-362
-357
-358
-333
-316
-277
-246
-221
-198
-181
-157
-135
-101
-81
-47
-24
0
29
53
68
83
80
91
100
114
124
130
137
145
151
153
157
148
141
133
125
121
121
104
96
82
78
71
60
45
28
17
16
19
22
27
32
42
52
56
54
55
60
71
85
101
112
125
137
155
168
177
181
184
188
195
202
212
215
218
220
224
221
212
202
190
182
171
163
152
148
138
126
109
92
73
60
44
30
10
-7
-28
-52
-71
-87
-99
-113
-127
-154
-172
-198
-216
-231
-258
-273
-297
-306
-325
-337
-351
-372
-378
-395
-392
-387
-372
-338
-304
-269
-243
-230
-207
-186
-152
-127
-94
-64
-34
-4
19
53
59
80
76
78
95
103
118
124
125
142
144
150
151
139
129
124
111
110
110
91
89
74
66
59
38
22
4
-9
-7
-13
-5
3
7
20
30
32
36
35
45
58
73
92
105
122
139
153
166
176
178
189
195
205
214
217
218
222
224
230
226
218
210
195
186
175
163
156
145
138
124
105
88
67
50
32
15
-5
-23
-46
-64
-87
-102
-118
-135
-150
-172
-191
-216
-227
-257
-274
-301
-323
-344
-362
-380
-401
-411
-432
-437
-440
-430
-419
-371
-341
-294
-278
-257
-239
-209
-181
-149
-111
-87
-38
-26
23
41
52
59
62
64
93
100
116
129
132
153
158
161
156
151
136
146
129
137
124
110
106
94
85
71
44
30
15
6
10
2
15
19
24
31
41
43
54
50
58
68
80
98
112
127
150
158
172
176
176
190
191
199
205
207
214
219
219
224
215
206
197
186
174
164
148
141
131
124
113
95
82
62
45
30
12
-6
-27
-47
-65
-79
-90
-107
-129
-147
-167
-185
-203
-229
-246
-270
-292
-312
-333
-355
-376
-400
-422
-433
-453
-453
-441
-415
-371
-333
-308
-298
-275
-261
-226
-191
-166
-129
-90
-61
-18
15
29
45
39
49
71
92
104
125
120
147
160
164
180
166
164
164
163
161
167
147
144
134
130
127
105
79
61
43
39
39
34
43
46
60
71
77
81
80
79
88
94
112
122
135
148
159
174
182
186
189
194
195
200
199
202
209
213
217
218
211
208
194
183
173
159
151
142
130
125
115
102
86
66
44
26
6
-18
-42
-64
-77
-88
-99
-117
-140
-167
-188
-216
-245
-272
-301
-324
-350
-373
-400
-425
-442
-473
-482
-504
-503
-492
-459
-399
-357
-317
-307
-282
-263
-216
-178
-138
-109
-63
-32
21
66
81
96
88
93
115
148
151
176
161
193
211
217
224
212
196
202
195
189
199
161
155
141
136
130
105
66
48
22
24
24
16
19
15
31
46
59
61
63
57
70
75
92
103
117
134
155
169
187
193
198
202
199
210
210
220
229
236
245
250
243
241
225
217
205
189
180
170
159
150
135
119
106
85
70
45
17
-8
-36
-55
-68
-82
-92
-111
-131
-158
-181
-214
-244
-277
-306
-328
-360
-378
-411
-440
-461
-491
-506
-524
-528
-516
-485
-413
-365
-327
-311
-303
-268
-224
-179
-140
-105
-59
-19
34
78
93
101
95
100
120
155
162
176
178
197
223
227
230
219
201
202
196
190
193
159
150
138
134
131
103
63
39
15
14
15
8
14
20
36
58
74
74
80
72
86
95
108
122
129
151
177
195
216
221
229
232
229
237
238
245
251
257
268
271
264
259
246
231
214
194
177
163
146
138
123
106
86
62
40
9
-20
-52
-78
-97
-112
-134
-148
-172
-191
-214
-237
-273
-300
-339
-365
-394
-416
-441
-471
-494
-532
-530
-557
-545
-560
-520
-478
-392
-348
-328
-298
-294
-234
-190
-141
-97
-48
-24
52
86
136
143
137
125
148
168
194
210
189
235
234
268
266
253
232
229
207
220
204
185
167
146
143
140
123
82
59
20
26
12
13
6
10
22
50
71
90
90
86
86
85
94
97
113
131
162
182
203
213
226
228
234
231
236
238
238
244
252
259
262
258
249
243
227
208
186
161
147
131
113
98
78
60
37
11
-22
-50
-86
-104
-131
-150
-178
-197
-223
-245
-279
-309
-341
-372
-403
-440
-463
-508
-519
-563
-577
-599
-601
-590
-557
-485
-411
-356
-340
-321
-298
-237
-187
-129
-99
-33
10
83
154
183
201
192
183
197
225
223
240
226
253
284
299
300
293
259
259
240
219
217
167
151
140
129
130
107
58
46
15
10
-3
-27
-30
-28
-17
15
37
45
61
53
71
84
89
98
108
123
152
174
201
220
240
258
266
275
277
280
285
285
291
296
299
296
287
278
265
246
225
210
190
177
146
127
101
75
49
24
-14
-43
-82
-97
-120
-142
-170
-203
-232
-265
-289
-335
-371
-419
-449
-477
-508
-541
-580
-620
-622
-640
-631
-618
-573
-501
-418
-356
-339
-309
-287
-229
-248
-203
-104
-19
81
185
240
261
246
239
255
280
302
289
284
242
253
293
331
335
330
290
274
246
203
184
151
107
75
58
33
20
-8
-10
-25
-19
-45
-83
-99
-99
-84
-40
-20
-17
11
23
58
92
124
140
154
162
193
218
251
268
283
309
322
334
345
356
353
357
344
348
338
327
313
296
270
255
237
224
209
189
167
146
124
99
71
29
-14
-62
-101
-121
-143
-168
-191
-224
-247
-285
-307
-368
-406
-469
-511
-556
-598
-631
-687
-710
-754
-735
-744
-689
-629
-510
-427
-347
-328
-284
-240
-205
-129
-90
-15
45
155
203
335
339
393
384
385
380
372
334
327
296
275
294
261
292
265
277
266
266
209
199
111
75
18
-24
-41
-68
-86
-73
-73
-77
-64
-103
-85
-107
-99
-90
-72
-61
-22
-4
53
88
128
176
211
332
369
364
384
384
357
375
371
367
351
376
405
408
401
416
403
375
337
294
260
217
177
182
171
152
153
145
132
103
65
24
-29
-102
-153
-197
-230
-271
-293
-308
-332
-363
-407
-472
-537
-611
-696
-771
-857
-930
-978
-1007
-989
-926
-831
-673
-452
-262
-90
0
98
183
184
177
203
234
312
377
464
578
637
643
659
625
552
437
272
168
63
-48
-116
-180
-173
-145
-132
-84
-64
-64
-97
-151
-186
-207
-245
-265
-235
-176
-83
-10
62
150
209
234
240
213
201
164
147
170
228
287
341
399
469
534
523
490
423
352
302
256
207
196
183
218
242
287
304
298
296
306
289
275
242
220
229
241
268
289
318
344
348
352
296
239
147
43
-59
-151
-268
-320
-402
-401
-449
-447
-543
-568
-698
-773
-914
-1019
-1128
-1205
-1274
-1284
-1273
-1217
-1098
-970
-751
-408
-115
188
412
517
718
774
775
706
682
676
769
761
828
815
800
722
629
467
299
4
-232
-400
-514
-584
-661
-685
-616
-505
-408
-311
-256
-170
-139
-112
-61
-6
31
122
201
359
473
544
564
596
597
565
455
319
193
76
-7
-78
-72
-61
-9
48
114
174
194
159
140
116
125
114
148
200
301
417
513
590
662
686
711
692
643
598
510
457
405
361
342
306
277
271
214
175
91
-9
-105
-227
-341
-457
-518
-609
-582
-609
-567
-572
-532
-597
-554
-689
-707
-850
-908
-1028
-1065
-1124
-1080
-1071
-925
-805
-593
-267
58
349
588
672
835
912
870
720
624
561
626
584
540
549
568
551
442
294
168
-41
-319
-517
-637
-674
-736
-800
-729
-526
-340
-202
-114
49
192
250
245
266
295
337
330
376
468
538
544
552
566
558
449
253
91
-53
-170
-305
-377
-376
-292
-198
-75
83
201
304
330
375
424
424
418
423
482
579
637
686
754
817
867
840
775
701
590
479
339
210
119
40
-21
-23
-48
-52
-89
-135
-202
-270
-395
-480
-570
-592
-626
-609
-591
-538
-493
-481
-460
-543
-536
-696
-721
-906
-938
-1101
-1044
-1119
-935
-871
-481
-164
267
543
737
915
1049
1057
852
685
480
495
369
351
249
378
363
448
318
315
120
-56
-338
-498
-673
-764
-912
-909
-770
-541
-311
-118
115
332
526
581
609
543
516
432
396
343
347
337
402
450
506
483
417
300
160
-21
-217
-393
-498
-540
-483
-369
-172
36
248
436
606
727
777
773
738
692
662
614
581
588
617
691
736
759
744
704
627
509
322
139
-30
-170
-239
-325
-324
-334
-279
-259
-233
-277
-279
-356
-368
-444
-474
-534
-518
-551
-528
-523
-557
-535
-605
-622
-732
-787
-945
-948
-1074
-992
-999
-696
-403
46
336
644
871
1161
1223
1120
905
744
651
501
303
125
156
152
220
125
175
99
49
-187
-299
-499
-589
-836
-928
-930
-731
-586
-366
-155
205
504
709
795
838
856
805
683
514
396
284
243
203
235
246
273
242
222
135
22
-158
-311
-432
-482
-478
-421
-282
-78
171
410
641
806
955
1021
1053
1005
926
784
690
593
569
526
500
490
519
536
510
404
284
162
22
-112
-271
-382
-439
-461
-452
-429
-409
-358
-307
-254
-215
-217
-240
-252
-293
-341
-435
-540
-611
-674
-753
-844
-938
-1003
-1018
-1048
-1014
-965
-758
-427
-104
238
451
722
951
1122
1059
959
804
767
648
474
292
249
195
195
67
57
3
-65
-244
-354
-474
-539
-709
-836
-834
-714
-575
-438
-266
32
342
557
708
814
908
929
858
724
611
476
371
255
205
166
139
87
70
21
-26
-162
-302
-457
-526
-574
-531
-486
-311
-95
213
496
746
944
1127
1242
1283
1208
1079
926
788
660
544
427
356
334
343
361
325
273
200
135
40
-88
-234
-355
-411
-447
-450
-454
-432
-354
-258
-169
-88
-84
-27
-57
-62
-168
-301
-446
-606
-710
-899
-988
-1169
-1174
-1247
-1162
-1164
-1001
-801
-360
-59
329
444
779
937
1154
971
917
736
808
635
525
326
364
310
304
132
137
42
-64
-285
-402
-521
-607
-798
-890
-842
-685
-544
-421
-207
109
412
595
732
831
933
936
860
734
625
486
372
258
196
134
77
21
-9
-59
-125
-254
-385
-513
-611
-688
-711
-661
-497
-268
49
369
727
1048
1323
1495
1580
1542
1428
1235
1024
798
591
391
258
180
167
167
171
184
196
196
144
53
-69
-184
-277
-369
-424
-461
-421
-355
-259
-145
-51
66
142
174
147
74
-44
-206
-412
-618
-834
-1020
-1207
-1364
-1447
-1483
-1428
-1357
-1181
-842
-410
6
340
568
877
1125
1230
1077
950
846
881
724
560
407
440
435
393
240
227
132
0
-236
-376
-528
-650
-888
-970
-919
-744
-631
-490
-246
139
441
643
760
899
1022
1038
927
791
650
509
359
221
130
65
-1
-46
-70
-99
-162
-273
-396
-506
-608
-704
-776
-784
-664
-443
-135
197
565
950
1347
1632
1799
1795
1730
1579
1370
1066
731
430
238
94
3
-60
-47
26
121
175
187
158
111
24
-81
-205
-321
-401
-400
-369
-276
-223
-92
13
174
233
255
182
139
-45
-179
-489
-679
-996
-1174
-1451
-1554
-1688
-1656
-1592
-1402
-1133
-660
-267
240
506
873
1106
1359
1285
1191
997
979
870
704
489
426
444
474
347
280
220
161
-20
-219
-423
-571
-765
-948
-1018
-954
-816
-690
-487
-164
213
503
724
881
1057
1161
1129
994
828
657
494
312
152
27
-54
-103
-119
-132
-147
-208
-288
-381
-466
-557
-663
-752
-762
-656
-455
-182
141
510
949
1350
1691
1872
1948
1901
1773
1527
1204
822
495
218
34
-112
-174
-175
-77
28
147
195
227
199
158
61
-53
-190
-273
-314
-277
-248
-174
-91
54
205
299
350
309
276
146
-14
-291
-561
-845
-1114
-1341
-1587
-1707
-1811
-1751
-1659
-1407
-1072
-584
-150
347
677
1069
1294
1487
1389
1337
1170
1135
945
800
600
578
520
494
346
313
215
124
-96
-263
-469
-610
-832
-972
-1042
-967
-888
-735
-529
-179
152
463
684
918
1110
1222
1177
1072
920
764
567
352
156
12
-83
-149
-183
-208
-220
-249
-280
-331
-395
-497
-579
-650
-642
-586
-441
-215
95
455
869
1239
1589
1816
1939
1931
1827
1606
1299
934
605
311
88
-96
-192
-197
-112
-25
74
147
222
237
210
143
43
-47
-145
-200
-219
-219
-176
-114
18
134
236
284
314
295
208
29
-193
-450
-698
-978
-1239
-1457
-1645
-1729
-1801
-1647
-1510
-1154
-770
-259
253
691
1056
1342
1597
1620
1552
1365
1249
1099
891
659
504
449
395
277
195
150
104
-38
-201
-377
-499
-682
-863
-997
-997
-938
-834
-679
-401
-56
289
572
829
1074
1256
1302
1242
1104
955
744
501
235
32
-120
-216
-289
-314
-310
-271
-249
-252
-275
-319
-361
-417
-466
-476
-432
-284
-69
226
561
923
1277
1596
1815
1912
1906
1781
1582
1273
937
585
296
42
-139
-254
-264
-219
-129
-33
77
168
233
246
217
158
83
0
-76
-134
-154
-144
-90
-35
76
130
234
228
237
136
20
-184
-406
-701
-942
-1233
-1429
-1635
-1730
-1742
-1601
-1377
-953
-498
65
551
1007
1378
1696
1802
1742
1571
1407
1225
953
629
382
270
209
104
16
3
34
-3
-101
-224
-325
-472
-662
-833
-915
-924
-908
-823
-605
-291
59
363
663
990
1269
1426
1431
1335
1198
988
712
403
109
-111
-281
-386
-434
-424
-373
-301
-251
-198
-183
-188
-225
-288
-335
-350
-311
-223
-48
197
526
854
1192
1483
1740
1893
1916
1811
1611
1344
1028
669
311
17
-192
-310
-361
-352
-266
-132
15
141
229
313
331
304
227
153
68
-15
-102
-144
-123
-76
-1
31
130
154
215
124
31
-145
-352
-593
-900
-1140
-1417
-1553
-1694
-1656
-1523
-1194
-734
-248
310
752
1258
1594
1857
1818
1734
1535
1358
1050
705
377
187
66
-39
-129
-120
-58
-17
-43
-80
-133
-219
-394
-570
-705
-774
-835
-855
-744
-502
-191
112
421
757
1094
1340
1441
1429
1340
1193
947
653
324
36
-209
-380
-498
-534
-520
-452
-361
-262
-170
-113
-88
-103
-130
-157
-176
-188
-168
-71
116
377
648
938
1215
1499
1712
1817
1784
1661
1469
1219
895
540
203
-60
-241
-355
-406
-383
-291
-141
35
195
319
405
447
462
412
347
231
141
56
1
-11
-39
22
20
134
111
145
19
-46
-216
-389
-626
-909
-1116
-1352
-1438
-1552
-1488
-1362
-1049
-606
-145
358
710
1173
1483
1777
1714
1630
1435
1318
1037
693
348
170
60
-61
-167
-169
-94
-50
-78
-102
-111
-153
-296
-458
-565
-610
-665
-699
-631
-448
-192
54
320
612
922
1161
1285
1320
1275
1168
961
710
408
144
-111
-295
-439
-491
-488
-436
-356
-255
-137
-38
20
35
33
32
18
-19
-53
-33
69
235
430
646
890
1159
1407
1573
1634
1602
1513
1348
1109
789
464
172
-49
-229
-335
-373
-321
-209
-40
141
300
420
508
560
572
505
400
268
180
73
-3
-93
-104
-97
-55
-45
-29
-63
-88
-175
-303
-452
-656
-814
-1036
-1161
-1337
-1325
-1300
-1085
-795
-400
48
480
907
1258
1549
1663
1654
1540
1368
1137
823
505
224
41
-109
-229
-285
-250
-186
-131
-103
-63
-48
-93
-192
-303
-385
-459
-534
-553
-490
-333
-149
66
302
582
847
1054
1173
1215
1187
1083
895
659
390
134
-98
-283
-412
-472
-472
-408
-313
-189
-68
41
116
155
163
142
101
34
-14
-32
24
124
276
477
718
987
1224
1407
1507
1548
1495
1362
1143
873
582
303
63
-125
-242
-291
-262
-172
-21
139
292
421
535
595
606
552
477
379
263
136
11
-68
-131
-137
-160
-123
-117
-74
-104
-107
-200
-272
-436
-574
-769
-928
-1103
-1213
-1266
-1184
-1001
-697
-360
46
427
847
1163
1413
1477
1490
1397
1264
1020
736
458
240
70
-85
-180
-213
-178
-144
-101
-63
-17
-22
-69
-153
-230
-311
-412
-491
-513
-455
-361
-233
-67
159
412
653
835
975
1066
1096
1040
916
742
549
343
141
-44
-178
-255
-291
-292
-257
-188
-103
-29
23
58
78
81
57
19
-8
-16
14
79
192
356
540
760
950
1153
1283
1386
1388
1355
1242
1081
864
631
409
211
56
-62
-118
-122
-65
23
134
245
364
461
522
538
512
466
381
283
166
73
1
-65
-78
-119
-65
-97
-37
-113
-83
-193
-231
-399
-514
-703
-861
-1022
-1165
-1203
-1220
-1071
-872
-548
-217
150
484
854
1122
1306
1360
1371
1319
1209
982
757
533
353
169
-5
-102
-140
-159
-166
-150
-115
-66
-102
-130
-179
-217
-289
-371
-442
-420
-393
-321
-221
-75
145
369
580
780
926
1045
1105
1075
1008
863
689
502
290
102
-54
-198
-281
-336
-332
-278
-220
-158
-83
-13
66
96
89
91
88
101
126
147
246
367
527
692
862
1026
1176
1261
1306
1296
1219
1100
905
708
502
309
128
-13
-98
-91
-61
4
97
226
370
476
539
576
587
575
499
423
302
228
114
44
-22
-81
-94
-166
-148
-219
-197
-322
-350
-507
-548
-726
-813
-1014
-1084
-1194
-1186
-1165
-1005
-766
-452
-102
221
620
927
1235
1330
1450
1424
1415
1206
1008
735
561
329
135
-47
-126
-159
-192
-188
-178
-110
-113
-121
-170
-170
-225
-271
-372
-377
-374
-323
-266
-167
-14
182
371
563
742
893
1009
1037
1036
977
875
709
523
317
156
-10
-145
-257
-312
-307
-269
-233
-171
-96
-10
67
96
123
134
141
130
132
146
215
291
399
545
691
858
977
1090
1157
1201
1159
1085
955
828
670
500
334
215
141
124
118
144
221
319
434
510
573
615
629
600
527
445
331
217
77
-23
-113
-187
-244
-291
-301
-311
-337
-370
-406
-445
-488
-581
-663
-767
-841
-922
-975
-1008
-961
-836
-636
-385
-119
170
469
753
981
1117
1217
1263
1261
1157
1001
841
686
514
317
144
43
-34
-109
-160
-179
-157
-155
-177
-193
-188
-201
-225
-270
-274
-250
-235
-188
-128
-26
108
228
357
497
607
717
774
810
818
784
719
639
525
423
306
181
66
-38
-110
-159
-208
-233
-232
-214
-167
-146
-102
-51
5
45
94
142
222
295
368
473
579
705
800
894
976
1051
1068
1070
1041
1009
942
847
734
631
533
445
368
305
271
257
260
262
272
275
278
264
249
231
192
154
97
47
2
-63
-110
-185
-206
-272
-271
-352
-343
-404
-411
-452
-490
-533
-584
-631
-692
-738
-797
-793
-793
-676
-545
-341
-150
91
341
619
824
967
1100
1177
1246
1159
1057
920
795
605
400
185
68
-58
-172
-256
-292
-265
-253
-253
-228
-168
-144
-121
-161
-144
-136
-144
-149
-132
-88
10
78
182
313
436
571
656
733
797
814
778
719
604
496
347
180
32
-103
-214
-296
-368
-387
-369
-330
-255
-183
-83
23
117
191
287
343
441
490
564
633
711
775
841
900
965
1022
1026
1043
1019
996
921
816
692
583
454
341
217
137
88
59
47
56
89
140
177
203
241
250
256
225
191
139
78
-13
-93
-157
-219
-255
-342
-342
-405
-374
-460
-441
-535
-505
-599
-601
-695
-708
-756
-762
-746
-692
-535
-391
-137
24
331
515
814
904
1101
1135
1240
1170
1088
942
812
647
428
233
41
-44
-204
-259
-348
-314
-316
-273
-280
-195
-173
-127
-134
-136
-104
-113
-114
-118
-81
-31
45
83
197
288
412
495
566
616
664
642
614
547
466
369
231
97
-11
-109
-185
-249
-288
-264
-233
-180
-117
-35
62
173
248
350
421
515
577
639
688
746
773
798
810
812
828
801
777
738
708
663
612
530
477
412
363
300
245
210
194
180
173
184
198
228
229
240
245
245
220
190
144
114
53
-16
-79
-140
-172
-250
-273
-357
-350
-420
-425
-476
-493
-512
-539
-539
-572
-555
-589
-562
-570
-508
-444
-304
-172
19
160
377
545
723
821
906
956
985
947
837
745
614
497
322
168
46
-33
-147
-200
-261
-246
-241
-241
-228
-184
-156
-127
-123
-119
-81
-91
-84
-76
-50
-11
26
58
144
210
291
352
400
460
494
492
486
460
422
377
296
234
178
124
85
56
35
57
57
84
115
150
199
247
287
341
392
441
499
538
592
631
654
678
694
700
703
676
657
635
609
583
540
504
475
447
419
391
362
349
332
311
291
267
247
223
195
171
138
107
68
38
5
-25
-68
-92
-121
-133
-145
-165
-170
-188
-190
-220
-224
-278
-269
-342
-333
-400
-379
-436
-403
-455
-408
-420
-385
-336
-262
-151
-24
81
197
344
435
564
590
656
681
702
628
608
496
462
345
229
146
71
-7
-59
-127
-141
-131
-170
-147
-147
-119
-96
-96
-103
-67
-80
-68
-65
-79
-38
-36
-15
36
82
139
215
256
352
414
461
511
529
545
555
511
478
429
352
294
215
151
116
77
61
86
105
175
239
314
415
493
569
627
667
694
711
673
660
617
586
544
497
460
448
414
413
398
394
397
380
371
355
332
299
271
228
211
171
147
110
91
77
77
53
56
47
51
45
22
5
-11
-24
-42
-62
-84
-97
-128
-152
-180
-207
-236
-270
-300
-334
-353
-409
-418
-470
-466
-503
-491
-512
-426
-398
-256
-178
-50
91
225
358
444
536
577
668
605
625
537
515
427
337
218
179
82
35
-27
-75
-60
-108
-120
-131
-119
-132
-116
-167
-134
-148
-157
-148
-144
-119
-66
-52
17
96
155
251
301
369
442
481
505
534
525
544
515
483
460
427
390
368
325
319
317
307
333
350
380
420
441
469
505
507
519
507
496
488
454
418
400
374
362
343
320
325
320
316
312
303
299
301
279
270
252
242
233
221
206
207
190
181
176
168
172
146
129
104
95
69
45
12
-5
-20
-54
-73
-102
-120
-149
-202
-227
-286
-303
-377
-404
-469
-479
-526
-538
-557
-561
-547
-541
-514
-451
-370
-260
-146
-36
100
224
338
410
492
524
589
555
540
510
471
421
354
262
226
156
91
51
-6
-24
-64
-112
-120
-120
-154
-141
-170
-143
-123
-134
-108
-84
-58
-8
10
55
131
164
223
266
313
379
414
447
505
552
596
623
625
662
680
671
658
629
614
588
535
492
460
422
391
353
330
322
305
289
284
280
289
281
269
274
280
277
270
262
261
267
260
260
268
268
283
291
297
317
321
328
335
340
341
332
300
278
240
196
140
80
22
-23
-77
-122
-160
-202
-218
-263
-266
-303
-294
-334
-321
-361
-348
-377
-393
-406
-435
-431
-455
-448
-475
-455
-483
-441
-423
-344
-252
-165
-57
61
177
281
370
431
518
547
551
542
520
492
440
347
286
229
150
94
19
-14
-35
-77
-98
-101
-110
-102
-105
-115
-88
-101
-101
-89
-85
-54
-27
-12
46
97
156
231
285
369
451
506
569
619
658
710
717
734
741
722
697
667
616
589
522
459
407
349
306
267
226
211
198
179
194
195
222
235
245
263
289
298
312
306
311
319
314
310
307
303
308
310
309
325
324
324
315
306
297
272
235
187
149
87
51
-27
-54
-114
-136
-183
-202
-229
-246
-259
-279
-273
-299
-289
-324
-320
-350
-349
-383
-384
-416
-412
-427
-422
-428
-423
-414
-395
-359
-310
-228
-151
-48
43
147
232
312
363
423
442
462
437
417
368
329
260
195
124
63
13
-37
-64
-86
-84
-87
-61
-48
-6
19
55
77
103
113
133
137
144
151
154
170
176
199
233
274
325
376
421
482
531
566
596
608
617
620
592
573
535
502
472
432
400
377
347
334
326
319
328
325
328
335
339
340
336
312
305
285
274
261
246
237
235
236
247
256
266
287
301
325
334
341
332
327
308
288
250
212
165
122
81
31
-13
-59
-90
-129
-152
-191
-213
-249
-267
-285
-301
-313
-323
-337
-333
-345
-332
-342
-323
-333
-310
-319
-298
-295
-298
-281
-295
-267
-277
-227
-222
-143
-130
-44
-21
54
87
137
166
198
222
224
240
211
219
182
180
137
143
106
122
105
120
127
145
156
174
186
198
214
197
206
183
181
166
152
134
142
132
154
168
203
245
290
336
385
432
481
521
540
569
570
582
572
564
544
528
498
478
446
425
405
386
375
359
343
328
315
300
291
279
275
261
253
247
246
248
253
257
271
280
296
308
320
333
333
329
321
298
269
229
190
148
100
50
7
-24
-66
-91
-134
-149
-170
-180
-195
-199
-203
-206
-200
-221
-214
-240
-235
-250
-249
-261
-252
-266
-254
-256
-255
-243
-251
-240
-246
-240
-246
-239
-251
-229
-228
-199
-173
-145
-108
-67
-35
18
53
98
135
158
192
211
226
231
231
221
222
199
203
189
194
188
191
189
199
199
209
207
211
214
204
206
197
201
200
212
215
249
258
297
315
350
380
406
429
453
474
480
494
484
496
488
492
484
484
477
482
470
469
462
457
453
437
423
405
391
368
352
326
313
294
282
273
269
263
261
257
262
264
254
251
234
224
200
174
142
124
90
76
46
38
23
18
4
1
-7
-10
-20
-39
-49
-75
-89
-119
-144
-173
-196
-221
-233
-245
-248
-249
-243
-232
-216
-210
-194
-189
-174
-163
-159
-157
-157
-163
-160
-161
-162
-155
-156
-140
-129
-108
-88
-63
-41
-8
21
47
82
96
123
130
144
155
163
172
180
190
201
221
233
258
264
285
294
305
309
317
311
314
300
291
286
275
270
262
262
270
282
295
326
347
377
397
419
439
460
471
479
481
487
495
496
498
497
501
505
500
491
483
466
450
426
399
371
339
306
277
245
221
196
172
161
151
143
137
136
135
143
137
139
132
127
116
98
81
63
48
26
13
-4
-9
-21
-32
-43
-51
-62
-71
-83
-102
-110
-131
-144
-162
-171
-182
-182
-186
-181
-173
-169
-156
-150
-138
-128
-128
-123
-122
-114
-111
-108
-108
-93
-86
-72
-67
-64
-43
-35
-17
-4
9
24
46
57
81
90
101
114
121
133
148
156
180
195
214
231
237
247
252
250
259
253
251
250
245
252
257
257
263
266
272
290
296
309
318
328
345
362
371
390
397
410
422
425
432
433
437
437
434
428
427
417
417
414
404
400
393
385
377
370
359
345
325
309
285
264
242
217
196
179
159
142
130
121
110
109
94
98
82
86
71
66
55
38
28
10
8
-9
-11
-21
-21
-22
-23
-29
-31
-32
-35
-42
-58
-65
-78
-84
-101
-107
-119
-122
-126
-132
-134
-136
-131
-125
-121
-112
-106
-98
-90
-85
-73
-65
-55
-49
-43
-38
-23
-14
-6
7
16
33
48
62
74
89
96
106
107
112
110
105
106
109
114
122
131
145
159
171
181
192
203
214
218
225
235
239
247
249
255
265
279
287
297
305
318
331
341
351
353
360
358
358
352
350
347
351
348
348
350
355
365
376
380
383
385
384
383
372
357
340
320
297
275
249
225
199
179
156
140
123
110
97
93
83
80
67
60
54
49
44
39
35
27
26
17
20
17
18
12
19
19
25
21
17
6
0
-6
-15
-25
-38
-47
-57
-61
-71
-75
-87
-89
-98
-95
-97
-95
-93
-93
-86
-81
-72
-67
-55
-46
-39
-32
-24
-15
-5
3
10
20
31
45
54
61
67
77
81
89
91
97
101
108
111
114
120
124
128
127
132
137
147
150
161
165
180
186
196
200
209
215
227
236
243
253
264
276
285
288
292
297
304
315
318
323
324
326
324
328
329
329
323
318
319
318
319
315
312
316
316
314
314
301
292
280
267
248
229
203
179
156
133
110
94
77
80
70
75
70
73
77
78
78
71
73
65
67
56
55
43
43
41
40
42
42
42
43
41
37
32
26
14
2
-13
-30
-44
-60
-70
-84
-89
-94
-96
-95
-89
-85
-75
-71
-69
-59
-55
-43
-41
-35
-32
-22
-12
2
8
16
21
30
38
41
44
45
51
55
63
61
72
75
80
81
88
88
96
95
100
99
100
96
100
97
104
105
108
119
129
145
158
174
188
206
220
232
240
245
247
246
240
239
234
233
228
228
227
231
236
245
251
257
266
273
281
287
288
281
274
261
252
237
223
206
192
182
169
154
142
127
118
109
101
95
89
83
80
73
70
68
61
59
55
58
57
59
63
64
69
69
73
75
76
73
66
58
46
35
20
5
-8
-22
-33
-45
-51
-56
-56
-56
-58
-59
-59
-56
-57
-54
-56
-52
-52
-50
-50
-47
-44
-38
-27
-17
-5
4
16
24
35
39
43
43
44
41
38
34
28
26
20
20
17
17
20
29
39
50
62
70
86
100
110
118
121
124
126
130
132
133
139
144
152
155
164
168
178
184
189
189
192
192
188
183
180
178
174
169
171
174
182
191
197
205
209
212
210
208
203
198
186
178
172
161
153
143
134
127
120
114
111
107
103
101
101
98
96
92
87
85
83
80
76
74
76
77
80
82
80
78
71
68
63
64
60
54
49
44
44
40
35
30
26
20
18
13
7
2
-5
-11
-17
-21
-25
-28
-29
-31
-28
-24
-18
-12
-4
2
8
12
18
22
24
25
22
22
24
24
28
32
38
39
42
48
52
54
54
56
58
60
63
65
65
69
72
78
82
89
96
103
110
118
125
130
134
138
144
149
151
152
154
157
159
159
156
155
156
156
161
160
163
161
160
159
157
156
154
149
148
146
145
145
146
146
148
151
153
153
150
149
146
141
138
129
122
112
104
93
84
77
70
70
67
68
68
68
67
68
70
68
68
65
62
60
58
58
59
59
54
50
44
41
39
35
30
24
20
18
17
12
8
4
1
-2
-2
-4
-6
-7
-6
-1
1
4
4
7
13
18
25
27
33
40
45
49
48
49
50
49
49
48
47
42
40
40
40
45
48
55
58
59
63
71
78
87
91
96
100
104
107
107
108
109
109
107
104
100
100
99
101
101
102
105
107
113
118
119
123
125
129
131
131
130
131
130
129
128
129
128
125
121
119
118
116
114
110
110
108
105
101
95
92
89
86
83
76
71
64
58
51
46
46
46
44
46
47
51
56
57
58
56
56
52
48
44
41
36
28
23
21
18
17
16
15
15
16
15
14
13
11
11
12
16
17
15
14
11
11
11
11
8
8
7
8
6
7
8
11
14
16
15
17
18
18
21
21
27
32
37
41
44
46
52
56
54
57
58
61
65
70
72
79
86
88
92
93
94
95
92
84
80
76
71
68
64
59
58
58
62
71
78
88
92
99
109
116
120
125
125
126
122
117
112
105
99
93
87
82
80
78
77
76
76
77
76
74
73
68
65
67
69
68
67
63
61
61
58
52
52
51
47
43
39
35
32
31
30
31
29
26
25
22
22
23
21
20
18
17
17
18
16
18
20
24
30
32
31
30
30
25
22
17
16
12
7
2
-2
-2
-3
-3
-4
-1
5
10
13
16
18
23
30
33
36
39
41
46
48
49
52
58
61
67
72
72
71
70
70
69
66
61
57
55
54
53
53
53
55
58
62
66
66
68
65
65
66
67
66
65
67
70
71
74
78
83
87
87
91
92
95
94
89
86
83
78
73
70
67
66
66
66
64
65
64
62
58
58
57
54
49
43
36
33
29
25
21
20
20
16
15
18
20
21
17
15
13
10
7
8
8
8
9
11
13
18
16
17
19
19
19
16
11
7
3
0
-2
-4
-6
-6
-6
-5
-3
0
2
0
-3
-2
-1
-1
0
-1
-1
3
6
9
12
16
20
24
28
31
33
32
32
33
32
30
29
27
26
26
27
31
37
42
44
45
49
53
53
55
54
49
44
41
39
35
34
31
31
30
30
31
32
33
32
36
40
45
47
46
47
50
52
55
59
63
69
70
74
79
79
76
71
67
64
60
53
44
38
31
26
22
21
18
16
15
16
15
13
12
11
12
14
13
12
11
14
15
15
19
18
20
22
20
18
14
10
8
4
1
-1
-6
-9
-11
-12
-11
-10
-11
-13
-13
-11
-10
-9
-7
-4
-1
0
2
-1
-3
-3
-5
-5
-5
-4
-4
-3
-3
-3
-2
2
5
8
9
13
15
16
17
18
22
27
28
29
32
35
39
39
40
43
44
47
47
48
48
49
48
45
42
39
38
37
35
32
30
29
30
30
31
30
32
35
39
41
46
49
51
53
54
56
61
64
66
66
65
67
66
65
61
60
60
59
54
48
41
35
33
29
23
18
14
16
17
21
25
28
33
37
38
40
40
41
43
42
39
32
28
22
15
11
6
5
4
0
-1
-1
2
5
7
3
1
-4
-5
-6
-7
-9
-9
-7
-2
1
2
6
10
15
17
16
14
14
15
15
10
5
3
2
1
1
3
4
8
12
18
20
23
26
27
31
34
36
36
37
39
40
39
41
43
45
46
48
47
46
45
46
43
38
34
29
28
28
24
20
21
27
31
36
37
43
47
52
53
51
52
54
54
53
48
46
47
46
46
46
45
48
51
55
53
51
49
51
55
51
46
39
34
32
33
30
30
31
33
34
35
36
35
32
31
30
30
28
25
20
16
13
11
10
8
8
6
3
2
1
0
0
0
3
3
4
5
8
9
11
11
13
14
15
14
14
13
11
10
10
9
7
5
5
7
10
11
14
13
14
17
19
22
21
21
21
23
26
24
24
23
24
28
30
31
33
35
38
41
40
39
40
40
41
37
34
33
32
32
32
32
34
37
36
37
37
37
38
37
39
41
43
44
41
38
38
38
38
39
41
43
44
40
37
36
37
36
36
33
32
32
33
34
37
39
43
46
49
50
49
49
44
39
36
31
25
21
18
14
13
11
10
11
13
13
13
12
10
12
11
9
7
6
5
5
6
3
1
-1
0
3
5
4
4
3
6
10
7
7
6
7
6
2
-2
-1
-1
1
0
0
2
7
9
11
12
16
18
18
19
17
17
16
16
16
15
17
20
23
25
25
26
26
25
25
27
29
33
33
32
32
37
41
43
44
41
40
42
41
42
40
39
38
37
37
35
32
33
32
34
32
35
36
42
35
45
45
50
41
54
36
46
36
32
42
25
49
24
42
28
37
30
33
35
37
37
39
31
36
33
33
34
29
35
29
26
27
20
23
24
24
23
22
19
24
22
24
24
19
20
17
19
20
18
17
15
14
13
12
13
15
14
14
16
20
19
21
19
17
20
19
21
21
21
19
20
21
20
17
19
19
20
22
24
30
33
34
35
35
35
36
33
33
32
31
34
35
35
37
35
33
31
34
37
38
39
38
40
43
46
46
44
42
44
46
46
46
44
42
41
41
41
41
43
44
44
43
40
43
42
42
42
40
39
39
41
40
39
37
36
38
36
37
36
33
32
31
29
30
30
28
31
29
30
31
32
32
33
32
32
32
29
29
26
20
18
17
16
17
14
13
12
11
11
12
13
15
14
13
13
14
13
12
10
8
9
7
5
7
10
10
7
5
7
11
11
10
6
8
12
14
14
12
12
14
16
15
17
19
21
24
26
27
27
26
26
26
26
25
24
24
22
20
20
20
19
21
22
23
24
23
26
29
31
34
36
37
37
35
36
39
40
41
41
41
40
38
37
36
37
38
37
36
35
33
33
33
34
35
32
32
32
32
34
35
34
34
36
36
37
37
36
34
33
32
32
31
29
27
24
22
25
29
33
34
35
36
36
33
33
31
30
31
28
27
25
23
20
18
16
16
16
18
19
20
20
20
20
22
20
18
17
16
16
16
15
15
16
19
22
22
24
28
30
32
33
31
31
30
30
30
28
25
27
27
28
27
26
25
28
31
32
31
29
29
29
27
26
28
29
29
28
27
28
28
32
34
36
38
38
39
39
39
38
38
38
38
39
40
40
39
39
39
42
44
44
44
43
43
42
41
38
34
30
28
27
27
28
28
29
30
30
31
29
31
30
30
29
28
28
26
27
25
23
24
25
23
23
20
22
24
25
26
25
23
20
18
20
22
22
20
16
14
15
14
12
13
13
12
12
12
11
12
10
12
13
15
16
16
16
17
15
13
15
16
16
18
16
16
16
16
16
16
15
16
18
18
19
17
16
19
23
24
23
24
21
21
22
24
24
21
20
18
18
18
15
11
11
11
11
13
15
17
19
20
21
22
23
27
29
32
33
33
36
38
39
38
34
32
32
33
33
32
29
25
26
27
26
25
23
20
18
18
17
15
15
16
17
18
16
19
23
27
28
28
25
21
21
20
19
16
15
13
14
14
12
10
7
7
7
5
4
4
3
5
6
9
12
14
13
12
11
14
16
15
15
13
15
19
18
15
9
7
8
8
5
2
1
4
4
4
5
5
7
10
11
10
12
14
17
19
20
20
19
22
22
23
23
24
23
22
22
21
21
18
14
13
11
8
7
4
2
1
3
5
9
11
14
15
17
20
20
21
21
23
25
27
28
27
25
23
23
22
20
20
18
18
19
16
15
16
15
14
16
16
15
14
13
14
12
12
13
11
12
14
15
17
17
16
16
17
17
17
15
10
10
10
8
6
4
3
5
5
4
1
0
2
2
5
3
0
1
0
2
6
6
5
4
