-31
-30
-27
-27
-25
-23
-22
-21
-18
-18
-18
-17
-16
-14
-15
-13
-12
-10
-9
-9
-8
-10
-11
-12
-12
-13
-18
-21
-20
-20
-17
-17
-17
-17
-15
-15
-13
-11
-10
-12
-16
-16
-15
-11
-9
-11
-13
-15
-13
-12
-13
-11
-10
-10
-10
-10
-12
-9
-7
-7
-6
-8
-6
-4
-6
-9
-13
-14
-12
-9
-7
-8
-11
-13
-15
-18
-16
-16
-16
-16
-16
-14
-16
-16
-15
-16
-17
-16
-16
-13
-11
-9
-9
-10
-9
-8
-8
-7
-10
-10
-10
-8
-10
-12
-14
-16
-15
-15
-15
-14
-12
-13
-12
-12
-15
-16
-17
-19
-19
-19
-20
-18
-18
-17
-17
-15
-16
-12
-12
-12
-10
-10
-10
-11
-12
-12
-12
-11
-14
-15
-14
-14
-13
-11
-9
-9
-11
-12
-12
-10
-9
-11
-12
-14
-14
-16
-15
-15
-12
-10
-11
-12
-13
-12
-11
-12
-13
-13
-12
-13
-14
-15
-17
-16
-14
-11
-10
-7
-7
-4
-2
-5
-7
-6
-6
-3
-3
-3
-3
-3
-5
-5
-8
-8
-6
-5
-5
-7
-10
-12
-13
-14
-16
-18
-17
-17
-17
-17
-19
-17
-14
-12
-10
-8
-8
-8
-7
-7
-9
-10
-10
-8
-6
-6
-7
-9
-9
-8
-9
-10
-12
-12
-13
-15
-13
-13
-13
-14
-13
-13
-12
-14
-15
-15
-15
-14
-14
-13
-13
-15
-14
-14
-13
-14
-14
-13
-13
-17
-20
-19
-16
-15
-14
-14
-15
-15
-16
-18
-20
-22
-23
-22
-23
-25
-25
-24
-21
-19
-18
-17
-18
-18
-17
-16
-13
-13
-14
-15
-15
-12
-14
-15
-14
-13
-10
-9
-9
-9
-8
-9
-8
-6
-6
-6
-6
-5
-6
-8
-9
-10
-7
-8
-8
-7
-5
-3
-2
-5
-8
-11
-11
-13
-13
-13
-12
-11
-11
-14
-15
-16
-17
-15
-12
-8
-9
-13
-16
-16
-13
-10
-11
-11
-10
-9
-6
-4
-3
-4
-7
-9
-8
-8
-9
-8
-10
-10
-13
-15
-16
-19
-18
-17
-17
-20
-21
-20
-18
-16
-14
-15
-15
-15
-12
-13
-12
-9
-7
-5
-5
-5
-5
-5
-5
-7
-8
-8
-8
-6
-6
-8
-9
-8
-8
-9
-10
-10
-8
-6
-6
-6
-5
-4
-2
-1
-1
0
0
0
0
-1
-3
-4
-6
-6
-6
-7
-8
-8
-10
-11
-9
-9
-9
-9
-9
-7
-5
-6
-5
-3
-2
-2
-3
-7
-9
-9
-10
-10
-8
-5
-3
-3
-6
-7
-8
-6
-5
-7
-10
-10
-10
-11
-13
-13
-12
-10
-10
-11
-13
-10
-8
-9
-13
-12
-12
-9
-8
-12
-14
-14
-11
-10
-11
-11
-13
-15
-12
-10
-10
-13
-15
-19
-19
-18
-18
-18
-19
-18
-19
-19
-18
-19
-17
-16
-14
-14
-14
-14
-15
-16
-14
-13
-14
-16
-16
-15
-15
-14
-16
-18
-15
-16
-17
-19
-22
-22
-21
-18
-15
-14
-14
-17
-18
-20
-19
-20
-18
-18
-18
-17
-14
-11
-11
-12
-14
-12
-13
-15
-17
-18
-18
-17
-17
-15
-15
-14
-13
-12
-10
-8
-5
-3
-5
-4
-5
-5
-4
-7
-8
-7
-7
-9
-10
-11
-12
-13
-14
-16
-16
-14
-14
-15
-19
-24
-25
-24
-21
-19
-17
-19
-17
-15
-14
-13
-13
-15
-14
-14
-16
-18
-20
-21
-22
-23
-24
-23
-21
-19
-17
-14
-16
-16
-18
-16
-14
-15
-16
-17
-15
-14
-13
-16
-16
-17
-16
-14
-17
-20
-21
-19
-19
-21
-20
-19
-19
-20
-23
-24
-22
-20
-21
-25
-26
-24
-21
-20
-20
-19
-18
-15
-15
-16
-18
-19
-18
-18
-17
-17
-15
-16
-18
-18
-16
-16
-15
-15
-15
-13
-11
-12
-13
-14
-15
-14
-15
-16
-18
-19
-17
-18
-18
-19
-17
-15
-16
-17
-17
-15
-16
-18
-20
-19
-20
-19
-22
-24
-25
-23
-23
-22
-21
-25
-24
-26
-27
-27
-27
-25
-24
-21
-21
-23
-24
-23
-20
-21
-21
-19
-17
-14
-15
-15
-16
-15
-16
-17
-20
-20
-20
-19
-19
-19
-20
-19
-18
-19
-22
-24
-23
-22
-22
-25
-26
-25
-26
-25
-26
-26
-25
-26
-24
-23
-24
-22
-23
-22
-19
-19
-21
-20
-20
-19
-18
-16
-16
-17
-18
-18
-19
-20
-18
-16
-14
-13
-14
-13
-13
-12
-12
-12
-13
-14
-14
-15
-14
-18
-19
-19
-18
-18
-16
-17
-16
-14
-14
-14
-18
-19
-20
-20
-20
-18
-19
-20
-17
-16
-15
-15
-15
-14
-11
-11
-12
-12
-13
-12
-14
-13
-11
-12
-14
-16
-16
-16
-15
-14
-14
-14
-12
-9
-7
-10
-14
-15
-14
-16
-18
-21
-21
-20
-19
-18
-18
-20
-21
-20
-18
-15
-16
-18
-20
-20
-18
-16
-17
-21
-23
-24
-24
-23
-25
-25
-25
-25
-24
-24
-24
-25
-25
-25
-24
-23
-25
-28
-29
-27
-25
-24
-25
-27
-29
-29
-27
-27
-29
-31
-31
-31
-32
-32
-32
-31
-31
-32
-33
-32
-29
-27
-26
-26
-30
-32
-30
-30
-27
-26
-24
-24
-23
-22
-21
-22
-25
-26
-26
-24
-24
-25
-28
-28
-27
-28
-27
-27
-26
-24
-22
-22
-22
-22
-23
-23
-23
-23
-22
-24
-25
-26
-27
-26
-26
-27
-27
-28
-28
-27
-28
-29
-31
-29
-29
-28
-28
-28
-29
-28
-26
-26
-26
-28
-30
-31
-30
-29
-29
-29
-27
-26
-23
-21
-20
-22
-24
-24
-23
-23
-23
-25
-23
-22
-22
-23
-25
-24
-25
-24
-24
-26
-26
-25
-25
-25
-27
-26
-26
-26
-27
-27
-27
-28
-27
-26
-26
-28
-31
-31
-34
-34
-32
-30
-28
-25
-24
-23
-23
-24
-24
-24
-24
-26
-26
-27
-28
-29
-28
-28
-28
-26
-26
-23
-24
-23
-22
-23
-24
-24
-25
-27
-30
-31
-30
-29
-28
-29
-29
-30
-28
-26
-26
-26
-25
-25
-24
-23
-22
-23
-26
-28
-27
-24
-25
-24
-25
-24
-21
-23
-23
-24
-24
-24
-24
-24
-23
-21
-21
-22
-23
-24
-23
-23
-22
-24
-27
-25
-25
-26
-27
-26
-24
-25
-27
-28
-30
-32
-29
-25
-23
-26
-26
-27
-27
-27
-29
-30
-31
-31
-28
-29
-31
-33
-32
-30
-29
-27
-28
-31
-31
-30
-29
-29
-32
-32
-29
-28
-29
-29
-29
-30
-29
-29
-29
-28
-27
-27
-26
-27
-25
-23
-26
-28
-30
-29
-27
-27
-28
-30
-30
-27
-27
-28
-28
-25
-26
-26
-26
-25
-23
-23
-22
-23
-23
-24
-25
-24
-23
-22
-19
-21
-24
-24
-23
-21
-23
-27
-29
-30
-27
-25
-24
-27
-27
-25
-20
-18
-18
-19
-20
-20
-21
-23
-23
-20
-19
-21
-21
-21
-23
-24
-23
-20
-19
-17
-19
-23
-25
-25
-23
-22
-22
-23
-24
-23
-20
-19
-19
-18
-20
-21
-20
-21
-22
-21
-21
-20
-20
-20
-20
-19
-19
-18
-18
-18
-19
-18
-16
-14
-15
-19
-21
-21
-20
-20
-19
-18
-18
-20
-22
-24
-22
-21
-23
-24
-25
-27
-24
-24
-25
-25
-28
-27
-26
-26
-27
-27
-27
-29
-30
-31
-31
-28
-28
-29
-31
-30
-30
-29
-29
-31
-31
-31
-30
-29
-27
-28
-29
-30
-32
-33
-36
-36
-35
-33
-33
-32
-33
-35
-34
-33
-31
-30
-28
-28
-31
-31
-31
-31
-29
-29
-31
-30
-30
-32
-33
-35
-34
-32
-32
-32
-33
-32
-33
-32
-31
-32
-34
-36
-34
-31
-28
-30
-29
-29
-29
-25
-24
-26
-29
-29
-30
-30
-29
-29
-32
-34
-32
-30
-30
-31
-31
-30
-31
-30
-32
-31
-32
-32
-33
-35
-33
-35
-37
-39
-40
-40
-39
-38
-35
-33
-34
-36
-39
-39
-38
-37
-36
-35
-35
-35
-33
-33
-33
-36
-36
-36
-35
-34
-34
-38
-38
-37
-36
-36
-37
-36
-36
-33
-34
-34
-35
-33
-33
-33
-36
-36
-36
-34
-35
-34
-34
-32
-29
-32
-35
-38
-35
-34
-32
-33
-36
-36
-36
-37
-38
-39
-40
-36
-33
-33
-32
-34
-34
-31
-30
-32
-33
-32
-30
-28
-28
-30
-30
-32
-32
-33
-33
-32
-30
-30
-29
-31
-34
-35
-33
-30
-29
-29
-28
-28
-28
-27
-28
-27
-28
-28
-29
-30
-29
-27
-26
-27
-27
-29
-29
-29
-31
-30
-31
-32
-32
-33
-33
-32
-29
-29
-29
-27
-28
-29
-32
-33
-32
-32
-32
-31
-31
-30
-30
-33
-35
-36
-34
-33
-32
-31
-33
-35
-37
-34
-33
-33
-34
-34
-34
-33
-32
-34
-34
-34
-32
-32
-35
-34
-35
-34
-33
-34
-36
-36
-37
-38
-35
-35
-35
-36
-37
-39
-38
-35
-35
-37
-38
-36
-36
-37
-35
-35
-34
-34
-35
-35
-35
-36
-35
-35
-34
-32
-33
-32
-31
-33
-34
-36
-37
-35
-32
-31
-32
-34
-35
-35
-33
-35
-36
-36
-34
-30
-27
-29
-32
-32
-31
-31
-32
-33
-35
-33
-33
-34
-33
-30
-28
-30
-34
-36
-35
-33
-31
-32
-34
-32
-32
-34
-34
-32
-30
-31
-33
-35
-33
-32
-33
-34
-33
-32
-34
-35
-36
-35
-34
-34
-36
-36
-34
-34
-36
-37
-38
-36
-38
-38
-39
-40
-41
-39
-39
-38
-37
-37
-38
-40
-38
-38
-38
-40
-41
-40
-37
-39
-40
-39
-37
-37
-36
-34
-36
-38
-39
-40
-38
-37
-38
-38
-40
-41
-43
-41
-40
-40
-40
-41
-43
-42
-39
-37
-36
-37
-40
-41
-41
-38
-37
-35
-35
-37
-38
-36
-34
-34
-35
-36
-36
-34
-34
-34
-35
-37
-36
-35
-35
-36
-35
-33
-32
-31
-29
-28
-26
-26
-25
-25
-27
-30
-32
-31
-30
-29
-28
-27
-25
-24
-25
-25
-24
-25
-24
-24
-26
-26
-27
-27
-27
-25
-25
-22
-22
-24
-24
-25
-24
-24
-23
-24
-25
-25
-26
-25
-25
-23
-23
-24
-24
-26
-25
-25
-25
-24
-22
-21
-21
-21
-24
-24
-23
-23
-23
-23
-24
-24
-23
-22
-24
-25
-25
-22
-19
-22
-22
-22
-23
-23
-20
-20
-19
-20
-23
-22
-19
-20
-19
-19
-19
-21
-23
-24
-23
-20
-17
-17
-15
-16
-17
-17
-18
-17
-16
-15
-14
-15
-15
-15
-17
-18
-16
-15
-15
-14
-13
-14
-14
-14
-15
-14
-14
-14
-13
-12
-14
-15
-16
-16
-16
-18
-18
-17
-13
-11
-12
-11
-11
-13
-15
-14
-13
-12
-11
-13
-14
-12
-9
-9
-11
-14
-14
-13
-12
-12
-12
-13
-11
-13
-14
-15
-15
-16
-16
-14
-13
-14
-14
-14
-17
-19
-18
-17
-16
-16
-18
-17
-19
-20
-20
-20
-18
-17
-16
-16
-17
-15
-14
-16
-16
-15
-13
-13
-15
-17
-17
-14
-12
-15
-15
-15
-15
-14
-17
-20
-19
-17
-16
-17
-19
-20
-19
-19
-18
-20
-22
-24
-26
-25
-24
-22
-20
-18
-17
-19
-20
-20
-21
-22
-21
-21
-21
-21
-17
-19
-19
-22
-24
-21
-18
-17
-17
-18
-19
-22
-23
-22
-22
-20
-21
-20
-20
-19
-18
-18
-18
-18
-17
-18
-15
-17
-19
-21
-22
-22
-21
-19
-16
-17
-17
-17
-17
-18
-17
-16
-13
-12
-13
-15
-18
-19
-21
-18
-16
-15
-15
-14
-14
-16
-18
-17
-19
-17
-13
-13
-16
-19
-22
-22
-21
-19
-18
-16
-17
-14
-13
-14
-16
-15
-17
-18
-18
-17
-16
-15
-17
-21
-22
-22
-22
-23
-23
-22
-21
-19
-18
-18
-18
-18
-21
-22
-23
-21
-18
-16
-18
-19
-20
-22
-18
-16
-18
-22
-23
-20
-17
-14
-16
-17
-19
-18
-17
-17
-18
-19
-18
-17
-15
-16
-17
-18
-19
-18
-17
-17
-15
-15
-16
-16
-18
-21
-21
-19
-16
-15
-16
-17
-19
-19
-20
-21
-19
-14
-12
-15
-16
-16
-14
-13
-14
-14
-13
-10
-8
-8
-8
-12
-15
-13
-10
-10
-11
-14
-15
-13
-13
-14
-14
-13
-11
-11
-14
-12
-11
-10
-11
-12
-13
-14
-13
-14
-11
-9
-10
-12
-12
-12
-14
-12
-10
-10
-11
-12
-13
-13
-13
-15
-14
-12
-8
-9
-11
-14
-15
-13
-10
-8
-11
-13
-15
-15
-14
-15
-14
-13
-12
-13
-14
-14
-12
-12
-13
-13
-12
-8
-9
-10
-11
-12
-12
-11
-12
-13
-11
-11
-12
-14
-15
-15
-12
-13
-14
-13
-13
-13
-15
-15
-16
-16
-15
-13
-13
-12
-14
-15
-12
-13
-14
-15
-16
-15
-14
-14
-15
-15
-15
-16
-13
-13
-13
-12
-13
-15
-16
-13
-11
-9
-9
-12
-12
-12
-10
-10
-11
-9
-8
-9
-10
-12
-12
-10
-12
-14
-14
-14
-14
-14
-15
-16
-17
-17
-15
-13
-13
-15
-14
-13
-11
-9
-9
-11
-12
-14
-15
-13
-11
-11
-12
-12
-10
-10
-10
-11
-11
-9
-7
-8
-8
-10
-10
-8
-7
-7
-10
-12
-12
-10
-8
-7
-8
-9
-8
-8
-8
-8
-8
-9
-8
-8
-11
-12
-13
-12
-11
-10
-8
-9
-12
-12
-9
-7
-8
-12
-12
-13
-12
-10
-12
-11
-11
-9
-6
-5
-7
-8
-8
-7
-8
-9
-11
-11
-10
-9
-7
-6
-5
-4
-2
-2
-3
-6
-8
-10
-9
-8
-8
-7
-7
-9
-11
-13
-11
-10
-10
-12
-13
-12
-12
-11
-10
-11
-11
-12
-12
-12
-11
-13
-16
-18
-17
-17
-17
-16
-15
-13
-14
-15
-16
-15
-15
-17
-15
-15
-13
-13
-15
-16
-15
-14
-13
-12
-10
-10
-9
-10
-14
-16
-16
-13
-12
-11
-11
-9
-9
-10
-14
-17
-17
-15
-14
-12
-10
-11
-13
-13
-11
-13
-14
-15
-15
-12
-11
-9
-11
-15
-17
-18
-16
-14
-12
-10
-9
-8
-11
-15
-16
-15
-13
-14
-15
-17
-16
-14
-13
-13
-16
-16
-15
-14
-14
-16
-18
-19
-18
-19
-18
-18
-18
-17
-17
-18
-21
-20
-18
-19
-20
-19
-17
-16
-17
-19
-23
-22
-21
-20
-18
-18
-18
-19
-19
-19
-19
-20
-21
-19
-20
-20
-22
-22
-21
-20
-20
-21
-20
-20
-20
-18
-18
-20
-20
-23
-22
-20
-19
-18
-19
-18
-18
-18
-18
-19
-20
-20
-19
-20
-21
-22
-22
-19
-19
-19
-20
-22
-19
-16
-19
-20
-21
-21
-18
-19
-19
-17
-17
-16
-14
-15
-15
-17
-14
-13
-13
-14
-15
-14
-15
-15
-18
-18
-17
-17
-19
-20
-19
-18
-18
-20
-19
-16
-12
-12
-14
-14
-17
-17
-16
-15
-16
-15
-15
-17
-16
-18
-19
-17
-18
-20
-19
-20
-20
-18
-17
-16
-15
-15
-18
-18
-16
-16
-17
-17
-18
-18
-18
-17
-18
-18
-18
-18
-17
-19
-22
-23
-23
-20
-21
-20
-19
-21
-21
-23
-23
-23
-23
-22
-21
-21
-20
-24
-25
-24
-20
-19
-18
-18
-18
-18
-18
-19
-22
-22
-21
-23
-24
-22
-22
-23
-23
-22
-23
-24
-24
-23
-22
-23
-22
-23
-22
-18
-19
-19
-22
-22
-22
-19
-20
-24
-25
-26
-25
-23
-22
-23
-22
-23
-24
-24
-22
-21
-22
-20
-20
-20
-19
-20
-22
-23
-24
-22
-21
-20
-20
-19
-18
-19
-19
-20
-19
-19
-17
-17
-18
-20
-19
-18
-19
-21
-23
-24
-25
-24
-21
-20
-20
-21
-22
-22
-23
-23
-24
-25
-26
-24
-23
-23
-23
-23
-25
-25
-24
-23
-23
-23
-25
-24
-21
-19
-20
-21
-25
-25
-23
-22
-21
-23
-25
-25
-26
-26
-24
-22
-23
-22
-23
-23
-22
-19
-21
-23
-24
-24
-22
-19
-22
-24
-25
-23
-22
-22
-23
-21
-20
-20
-23
-24
-27
-26
-24
-22
-18
-18
-18
-22
-23
-24
-22
-20
-19
-20
-21
-21
-21
-20
-22
-22
-21
-19
-20
-19
-19
-19
-17
-18
-19
-19
-19
-18
-20
-21
-18
-17
-16
-17
-19
-19
-18
-19
-19
-20
-20
-19
-17
-16
-15
-17
-18
-18
-19
-18
-16
-15
-15
-17
-18
-19
-17
-17
-20
-19
-18
-15
-12
-16
-18
-18
-17
-18
-19
-18
-18
-17
-18
-18
-18
-20
-20
-19
-17
-16
-15
-16
-19
-19
-18
-17
-16
-16
-16
-16
-19
-21
-21
-21
-21
-19
-16
-16
-18
-20
-20
-20
-18
-17
-17
-14
-15
-15
-16
-16
-15
-16
-17
-17
-14
-15
-16
-16
-15
-13
-14
-15
-16
-15
-15
-15
-15
-17
-18
-16
-14
-13
-13
-14
-17
-17
-18
-17
-16
-18
-20
-20
-21
-19
-18
-20
-22
-20
-21
-20
-18
-19
-19
-17
-15
-15
-16
-19
-21
-20
-19
-18
-20
-20
-18
-17
-17
-20
-21
-20
-17
-17
-19
-20
-19
-19
-19
-21
-22
-23
-22
-21
-23
-21
-16
-16
-18
-24
-28
-28
-25
-22
-21
-23
-26
-28
-27
-26
-27
-27
-29
-27
-27
-27
-28
-30
-31
-29
-27
-27
-28
-27
-26
-24
-24
-26
-29
-29
-29
-27
-27
-26
-24
-24
-26
-32
-34
-33
-31
-30
-30
-33
-32
-31
-30
-31
-31
-30
-30
-33
-36
-34
-31
-29
-28
-29
-30
-31
-31
-29
-28
-30
-31
-31
-30
-29
-28
-32
-32
-31
-30
-30
-31
-32
-31
-30
-31
-30
-33
-35
-35
-33
-31
-29
-30
-34
-37
-38
-39
-38
-37
-36
-33
-34
-35
-37
-36
-35
-34
-33
-35
-35
-35
-34
-35
-37
-37
-35
-35
-35
-34
-32
-31
-32
-32
-33
-33
-34
-32
-30
-30
-32
-35
-37
-38
-37
-35
-33
-33
-33
-33
-32
-32
-32
-34
-35
-36
-36
-36
-35
-34
-35
-35
-34
-32
-31
-30
-29
-31
-29
-27
-27
-29
-30
-31
-29
-31
-34
-36
-36
-34
-32
-31
-29
-32
-31
-29
-27
-28
-28
-30
-30
-30
-30
-31
-32
-34
-32
-30
-28
-29
-29
-32
-33
-30
-31
-32
-32
-31
-29
-27
-27
-29
-31
-33
-35
-32
-30
-27
-29
-33
-34
-31
-24
-24
-25
-27
-28
-27
-28
-28
-32
-30
-29
-27
-28
-31
-33
-34
-30
-27
-26
-27
-28
-30
-26
-26
-27
-27
-28
-27
-26
-26
-27
-27
-28
-26
-25
-25
-24
-25
-26
-28
-31
-30
-29
-28
-27
-28
-27
-27
-25
-27
-29
-31
-31
-31
-33
-32
-32
-30
-29
-29
-30
-32
-30
-30
-29
-27
-26
-27
-29
-30
-29
-27
-26
-25
-23
-23
-27
-29
-31
-28
-24
-21
-22
-25
-25
-25
-24
-25
-26
-26
-27
-27
-26
-28
-28
-28
-29
-28
-29
-31
-31
-31
-33
-33
-32
-31
-32
-33
-35
-35
-37
-38
-37
-35
-32
-30
-31
-33
-34
-33
-31
-31
-32
-35
-35
-35
-35
-35
-35
-35
-34
-31
-30
-28
-29
-33
-34
-31
-28
-27
-28
-30
-31
-32
-33
-35
-32
-30
-32
-34
-37
-37
-33
-31
-30
-32
-31
-31
-33
-34
-35
-34
-33
-32
-34
-37
-36
-33
-31
-32
-34
-34
-35
-32
-33
-33
-30
-29
-27
-30
-32
-34
-33
-33
-32
-33
-34
-34
-35
-36
-37
-36
-35
-36
-39
-40
-38
-36
-35
-35
-35
-37
-36
-36
-37
-38
-39
-39
-39
-38
-37
-37
-36
-35
-33
-36
-38
-39
-37
-35
-32
-34
-35
-34
-35
-35
-37
-37
-36
-34
-33
-34
-38
-39
-37
-38
-37
-37
-36
-34
-33
-36
-38
-37
-38
-38
-37
-38
-39
-38
-39
-39
-40
-42
-42
-41
-40
-39
-39
-37
-37
-38
-39
-41
-40
-37
-37
-37
-40
-40
-41
-39
-39
-37
-36
-36
-36
-38
-37
-37
-36
-36
-37
-37
-37
-38
-39
-38
-39
-41
-41
-42
-39
-38
-38
-38
-38
-39
-37
-39
-41
-40
-40
-40
-41
-40
-39
-36
-36
-37
-38
-40
-41
-40
-39
-37
-36
-37
-36
-37
-37
-36
-36
-37
-37
-36
-36
-36
-35
-34
-31
-32
-32
-31
-31
-31
-33
-31
-31
-33
-34
-33
-31
-31
-31
-32
-32
-35
-33
-34
-34
-33
-31
-30
-28
-26
-24
-26
-27
-27
-26
-26
-27
-28
-28
-28
-27
-27
-27
-27
-28
-30
-32
-32
-31
-28
-25
-24
-25
-27
-28
-27
-28
-30
-31
-29
-26
-26
-26
-26
-25
-26
-28
-27
-22
-21
-23
-27
-30
-25
-23
-24
-24
-26
-24
-23
-22
-25
-28
-29
-28
-29
-29
-29
-29
-28
-26
-29
-30
-32
-32
-32
-31
-30
-28
-28
-30
-30
-29
-28
-28
-28
-27
-29
-27
-29
-27
-28
-28
-28
-26
-25
-26
-27
-25
-25
-27
-27
-28
-28
-24
-25
-26
-25
-27
-26
-25
-26
-29
-31
-31
-29
-29
-28
-25
-26
-27
-27
-28
-27
-28
-31
-33
-31
-27
-25
-26
-28
-29
-28
-28
-30
-30
-29
-28
-26
-25
-23
-24
-24
-26
-28
-29
-30
-31
-31
-29
-28
-30
-32
-34
-34
-32
-33
-34
-36
-34
-34
-34
-32
-31
-34
-37
-38
-37
-35
-36
-37
-36
-33
-34
-35
-35
-36
-35
-36
-34
-33
-30
-29
-30
-32
-33
-33
-32
-30
-31
-33
-33
-32
-33
-33
-33
-34
-33
-32
-32
-32
-32
-33
-35
-35
-32
-31
-31
-32
-34
-34
-33
-32
-31
-32
-31
-31
-33
-32
-32
-30
-28
-27
-29
-29
-28
-30
-31
-32
-32
-31
-29
-27
-25
-25
-23
-23
-23
-23
-24
-24
-24
-26
-27
-27
-26
-26
-25
-24
-26
-26
-26
-28
-29
-30
-29
-27
-25
-24
-24
-24
-26
-27
-29
-30
-27
-28
-25
-24
-24
-24
-24
-24
-24
-26
-27
-25
-23
-23
-23
-23
-22
-20
-23
-25
-27
-26
-27
-26
-27
-24
-23
-22
-22
-25
-24
-25
-24
-23
-24
-26
-26
-26
-24
-24
-25
-26
-27
-27
-25
-23
-24
-23
-21
-21
-20
-20
-21
-23
-23
-21
-22
-22
-20
-19
-20
-20
-20
-19
-17
-17
-17
-18
-21
-22
-19
-19
-21
-22
-20
-17
-17
-19
-20
-22
-21
-19
-19
-22
-23
-21
-20
-20
-20
-21
-21
-20
-20
-21
-21
-19
-19
-20
-21
-18
-18
-18
-21
-22
-21
-20
-20
-20
-21
-21
-18
-18
-19
-20
-21
-21
-20
-18
-18
-18
-20
-19
-17
-17
-17
-18
-18
-19
-20
-18
-18
-19
-17
-17
-18
-16
-17
-18
-20
-22
-21
-20
-18
-16
-14
-13
-12
-14
-17
-16
-15
-15
-18
-18
-19
-18
-19
-22
-21
-20
-19
-19
-21
-20
-20
-19
-23
-23
-24
-23
-21
-22
-21
-22
-23
-23
-24
-26
-24
-24
-24
-23
-23
-21
-19
-19
-19
-21
-24
-25
-27
-27
-25
-23
-20
-21
-23
-23
-23
-21
-17
-18
-18
-18
-18
-21
-22
-24
-23
-22
-22
-22
-23
-21
-20
-19
-21
-22
-22
-20
-20
-20
-19
-18
-17
-19
-19
-18
-15
-15
-14
-13
-16
-14
-15
-15
-15
-13
-13
-12
-11
-10
-11
-12
-15
-14
-14
-13
-13
-16
-16
-16
-15
-15
-17
-17
-16
-15
-18
-19
-19
-18
-15
-16
-17
-18
-19
-17
-17
-19
-20
-22
-21
-18
-17
-15
-16
-18
-19
-18
-16
-15
-13
-15
-16
-14
-15
-16
-17
-16
-15
-15
-16
-17
-17
-17
-17
-16
-18
-19
-20
-21
-22
-21
-19
-19
-19
-19
-17
-16
-15
-19
-20
-19
-17
-18
-18
-22
-22
-23
-22
-21
-20
-17
-17
-16
-15
-15
-18
-20
-19
-21
-20
-20
-20
-19
-18
-18
-20
-22
-26
-27
-25
-22
-19
-19
-21
-23
-23
-20
-21
-22
-23
-23
-22
-21
-20
-21
-21
-22
-23
-23
-22
-22
-22
-22
-19
-19
-21
-23
-23
-21
-19
-20
-22
-24
-24
-24
-23
-21
-19
-17
-17
-18
-17
-18
-19
-20
-19
-18
-17
-18
-20
-20
-19
-17
-18
-19
-18
-17
-17
-19
-20
-22
-20
-20
-19
-19
-19
-19
-17
-16
-17
-21
-24
-22
-19
-18
-18
-19
-18
-20
-21
-21
-21
-21
-21
-23
-24
-24
-23
-24
-25
-26
-23
-22
-21
-22
-23
-21
-22
-21
-23
-25
-26
-22
-20
-20
-23
-26
-25
-22
-20
-21
-20
-20
-19
-18
-20
-22
-21
-20
-18
-17
-20
-22
-20
-21
-20
-21
-21
-22
-23
-24
-24
-25
-25
-24
-23
-22
-20
-18
-19
-21
-22
-21
-22
-22
-22
-22
-19
-18
-18
-19
-20
-21
-22
-22
-24
-25
-23
-19
-17
-17
-16
-17
-17
-19
-20
-19
-19
-20
-19
-20
-20
-20
-21
-23
-25
-27
-25
-24
-22
-22
-21
-22
-23
-23
-23
-23
-22
-22
-22
-20
-21
-21
-22
-22
-24
-24
-23
-24
-22
-23
-24
-23
-24
-23
-21
-20
-22
-24
-24
-21
-18
-19
-23
-28
-25
-24
-23
-23
-27
-30
-30
-27
-26
-27
-29
-29
-28
-28
-30
-29
-28
-27
-27
-28
-28
-28
-28
-29
-28
-26
-28
-28
-28
-28
-29
-28
-29
-28
-26
-26
-27
-27
-25
-24
-23
-23
-22
-22
-24
-27
-27
-24
-22
-27
-30
-30
-27
-23
-21
-24
-25
-26
-25
-24
-24
-24
-25
-25
-25
-24
-25
-25
-26
-26
-25
-24
-24
-23
-25
-27
-26
-25
-24
-22
-24
-28
-28
-28
-27
-24
-24
-25
-25
-26
-26
-26
-27
-28
-29
-30
-29
-30
-27
-26
-25
-26
-28
-28
-27
-26
-26
-25
-24
-26
-28
-33
-33
-32
-30
-26
-26
-30
-30
-28
-25
-26
-27
-29
-29
-29
-28
-26
-25
-23
-23
-25
-26
-25
-25
-26
-28
-29
-28
-27
-29
-29
-27
-25
-25
-24
-24
-27
-26
-24
-25
-24
-26
-26
-25
-24
-24
-24
-24
-23
-21
-21
-20
-20
-24
-26
-26
-25
-24
-22
-23
-24
-24
-23
-22
-24
-23
-22
-23
-21
-23
-23
-22
-21
-20
-21
-21
-19
-18
-17
-19
-20
-18
-20
-19
-19
-21
-22
-21
-20
-20
-20
-20
-20
-20
-20
-21
-19
-17
-17
-17
-18
-19
-18
-18
-19
-19
-19
-18
-17
-16
-17
-18
-17
-16
-17
-15
-16
-15
-15
-17
-17
-17
-17
-17
-16
-17
-17
-17
-19
-18
-19
-18
-18
-18
-18
-16
-14
-14
-14
-15
-16
-15
-15
-13
-13
-15
-16
-20
-21
-20
-20
-19
-17
-15
-17
-18
-20
-20
-20
-20
-20
-21
-21
-21
-23
-23
-24
-23
-22
-22
-21
-23
-24
-23
-23
-24
-25
-27
-24
-23
-24
-26
-27
-29
-26
-25
-26
-26
-26
-25
-24
-24
-25
-28
-27
-25
-24
-24
-22
-23
-26
-25
-24
-22
-25
-27
-25
-25
-25
-25
-28
-29
-27
-23
-24
-26
-29
-28
-27
-26
-27
-28
-26
-27
-27
-29
-29
-33
-33
-34
-31
-30
-29
-30
-33
-34
-34
-33
-34
-35
-35
-35
-33
-34
-35
-36
-35
-33
-31
-30
-32
-32
-35
-38
-38
-37
-36
-36
-36
-37
-37
-38
-37
-35
-35
-35
-34
-38
-39
-37
-37
-38
-36
-37
-37
-36
-37
-37
-39
-39
-37
-34
-34
-33
-34
-36
-36
-38
-38
-37
-38
-37
-40
-40
-39
-36
-37
-38
-37
-36
-36
-39
-40
-42
-42
-40
-38
-40
-40
-41
-41
-42
-42
-42
-40
-40
-39
-38
-38
-38
-37
-36
-36
-39
-40
-41
-41
-40
-40
-40
-40
-38
-34
-33
-34
-35
-35
-37
-36
-36
-37
-37
-38
-37
-37
-37
-37
-37
-37
-38
-36
-34
-33
-33
-33
-34
-35
-36
-38
-37
-36
-34
-36
-37
-38
-38
-37
-37
-37
-37
-39
-39
-38
-37
-36
-35
-34
-35
-38
-38
-37
-36
-35
-34
-35
-34
-33
-33
-32
-33
-34
-36
-35
-33
-34
-34
-36
-37
-37
-36
-35
-35
-37
-36
-36
-34
-34
-35
-35
-35
-38
-38
-37
-39
-40
-42
-45
-42
-41
-43
-42
-41
-38
-38
-41
-43
-44
-40
-38
-38
-39
-40
-41
-40
-38
-37
-38
-40
-40
-37
-36
-35
-36
-37
-38
-39
-37
-35
-35
-34
-34
-34
-35
-36
-36
-37
-38
-37
-38
-35
-33
-34
-34
-36
-36
-36
-37
-39
-40
-39
-38
-37
-37
-38
-38
-37
-36
-35
-36
-37
-38
-38
-37
-35
-34
-33
-34
-37
-38
-40
-39
-38
-39
-39
-38
-36
-37
-41
-42
-40
-37
-35
-35
-35
-35
-38
-38
-40
-38
-37
-38
-38
-38
-36
-34
-34
-37
-37
-38
-38
-36
-37
-38
-38
-34
-35
-33
-35
-37
-37
-37
-34
-32
-32
-34
-37
-37
-37
-38
-36
-35
-36
-34
-34
-35
-36
-37
-36
-35
-35
-35
-36
-38
-39
-38
-37
-35
-37
-39
-40
-40
-38
-36
-37
-38
-39
-38
-38
-38
-40
-40
-39
-37
-36
-37
-39
-40
-39
-38
-38
-40
-38
-38
-39
-37
-37
-36
-34
-35
-35
-37
-39
-41
-41
-41
-41
-41
-39
-36
-36
-37
-37
-38
-41
-41
-42
-42
-39
-40
-41
-40
-38
-38
-40
-41
-40
-40
-40
-40
-41
-40
-39
-39
-42
-44
-43
-43
-42
-42
-41
-41
-41
-42
-43
-42
-40
-39
-38
-38
-37
-38
-39
-41
-43
-42
-41
-40
-40
-39
-39
-39
-39
-40
-41
-40
-41
-42
-42
-42
-42
-42
-43
-43
-44
-45
-46
-48
-46
-43
-41
-42
-45
-48
-47
-46
-44
-43
-43
-45
-44
-42
-42
-43
-45
-48
-48
-46
-46
-44
-43
-44
-45
-46
-47
-48
-47
-45
-41
-42
-43
-43
-43
-43
-44
-47
-46
-46
-43
-41
-40
-41
-43
-45
-46
-46
-45
-43
-44
-42
-42
-41
-42
-44
-44
-43
-43
-43
-43
-43
-44
-44
-45
-47
-45
-42
-43
-45
-45
-43
-42
-42
-44
-46
-45
-42
-40
-44
-46
-46
-45
-44
-43
-41
-41
-41
-40
-41
-42
-41
-40
-38
-38
-40
-42
-42
-42
-39
-39
-39
-38
-38
-40
-39
-38
-38
-37
-37
-39
-40
-40
-38
-35
-34
-37
-37
-36
-38
-39
-41
-41
-38
-35
-35
-37
-38
-38
-37
-36
-32
-34
-35
-37
-38
-38
-36
-35
-35
-36
-38
-39
-37
-36
-35
-37
-38
-37
-35
-34
-36
-40
-40
-39
-38
-38
-39
-39
-38
-37
-37
-39
-39
-37
-35
-34
-32
-32
-32
-33
-35
-36
-37
-37
-37
-36
-36
-33
-32
-33
-35
-37
-36
-35
-34
-32
-32
-32
-32
-31
-30
-32
-33
-33
-33
-28
-29
-32
-34
-35
-33
-31
-32
-34
-32
-30
-29
-31
-33
-35
-33
-32
-33
-35
-36
-35
-34
-32
-35
-39
-38
-36
-34
-32
-32
-33
-33
-35
-34
-34
-35
-35
-36
-36
-35
-34
-35
-36
-36
-36
-37
-38
-36
-35
-33
-33
-33
-35
-37
-38
-38
-39
-39
-39
-39
-38
-36
-38
-38
-39
-37
-36
-35
-35
-39
-41
-41
-40
-40
-39
-41
-42
-41
-40
-40
-38
-41
-43
-41
-40
-40
-40
-41
-42
-40
-39
-38
-37
-38
-38
-38
-38
-38
-36
-38
-40
-39
-39
-38
-37
-39
-38
-37
-38
-39
-40
-41
-40
-40
-39
-38
-38
-41
-44
-45
-41
-40
-42
-45
-45
-43
-44
-46
-47
-45
-45
-45
-43
-44
-45
-44
-44
-45
-42
-43
-43
-44
-44
-44
-42
-41
-42
-42
-40
-39
-38
-38
-40
-42
-40
-38
-37
-37
-37
-37
-37
-36
-36
-36
-34
-35
-35
-34
-36
-36
-38
-38
-37
-34
-35
-39
-42
-41
-38
-35
-33
-34
-35
-33
-33
-34
-36
-37
-37
-36
-35
-35
-35
-35
-37
-37
-36
-37
-40
-40
-39
-36
-35
-34
-34
-36
-35
-36
-35
-35
-34
-35
-36
-35
-35
-34
-36
-38
-37
-35
-31
-32
-33
-32
-31
-32
-35
-36
-34
-34
-35
-37
-38
-38
-37
-36
-35
-34
-32
-31
-34
-37
-35
-30
-29
-29
-31
-32
-32
-33
-33
-34
-31
-28
-28
-29
-29
-31
-31
-28
-27
-26
-27
-28
-29
-28
-29
-30
-28
-28
-32
-32
-30
-30
-27
-28
-29
-32
-34
-32
-32
-31
-32
-31
-32
-32
-30
-28
-27
-29
-32
-35
-34
-29
-26
-26
-29
-30
-31
-29
-27
-29
-28
-27
-27
-28
-28
-24
-24
-25
-25
-25
-22
-23
-24
-25
-25
-22
-21
-22
-24
-24
-23
-21
-20
-23
-22
-21
-21
-20
-22
-25
-25
-23
-20
-20
-20
-21
-22
-22
-22
-23
-24
-24
-23
-23
-23
-23
-22
-24
-26
-28
-27
-26
-25
-26
-27
-25
-26
-27
-28
-29
-26
-23
-22
-23
-26
-27
-27
-24
-23
-25
-26
-25
-31
-29
-28
-26
-35
-35
-30
-28
-19
-22
-17
-20
-17
-19
-16
-19
-13
-16
-13
-12
-13
-15
-17
-19
-21
-21
-25
-28
-32
-33
-31
-33
-37
-40
-42
-40
-35
-33
-34
-35
-34
-31
-28
-29
-30
-26
-23
-21
-21
-19
-18
-19
-18
-15
-16
-17
-19
-22
-25
-23
-22
-22
-23
-25
-28
-32
-33
-33
-32
-32
-31
-32
-32
-33
-34
-33
-31
-31
-31
-32
-29
-31
-28
-29
-31
-33
-35
-35
-34
-35
-35
-36
-37
-37
-36
-36
-35
-36
-36
-34
-33
-31
-31
-30
-31
-30
-28
-26
-25
-27
-29
-29
-27
-27
-27
-27
-29
-28
-28
-30
-31
-35
-35
-35
-34
-31
-30
-30
-28
-26
-27
-26
-27
-28
-26
-25
-27
-28
-30
-29
-28
-27
-25
-27
-27
-27
-29
-31
-31
-29
-30
-31
-32
-31
-29
-29
-29
-27
-27
-28
-26
-27
-26
-26
-27
-29
-27
-24
-26
-26
-25
-24
-22
-23
-23
-22
-19
-20
-22
-26
-27
-25
-23
-21
-22
-23
-22
-20
-20
-24
-24
-20
-16
-16
-17
-17
-18
-18
-20
-19
-20
-20
-21
-20
-19
-19
-21
-23
-22
-20
-18
-17
-16
-18
-17
-16
-15
-17
-19
-21
-21
-17
-14
-14
-16
-18
-17
-17
-18
-17
-18
-18
-19
-18
-16
-15
-16
-19
-20
-18
-17
-15
-16
-19
-19
-19
-18
-19
-19
-18
-17
-17
-17
-17
-18
-17
-17
-16
-17
-18
-16
-15
-14
-14
-13
-16
-18
-17
-15
-13
-14
-15
-15
-15
-14
-14
-18
-20
-19
-15
-13
-12
-17
-19
-19
-16
-14
-15
-16
-18
-18
-14
-13
-14
-17
-18
-17
-16
-17
-17
-19
-19
-20
-21
-21
-22
-20
-19
-17
-20
-21
-19
-17
-17
-17
-19
-21
-21
-21
-20
-21
-21
-24
-26
-25
-21
-20
-19
-20
-21
-20
-17
-16
-17
-18
-21
-21
-18
-17
-17
-19
-20
-18
-18
-20
-22
-21
-19
-19
-19
-20
-22
-23
-24
-24
-24
-22
-21
-23
-25
-26
-27
-26
-25
-23
-23
-24
-24
-24
-23
-22
-21
-22
-23
-23
-23
-21
-21
-22
-25
-25
-25
-24
-24
-23
-23
-23
-22
-22
-23
-22
-25
-26
-26
-23
-22
-23
-24
-27
-29
-28
-27
-24
-24
-23
-23
-24
-23
-24
-27
-28
-29
-26
-24
-24
-25
-26
-26
-24
-22
-20
-21
-22
-22
-23
-23
-24
-24
-25
-24
-24
-25
-24
-24
-21
-19
-18
-19
-22
-21
-19
-18
-20
-23
-24
-24
-21
-20
-20
-22
-22
-22
-25
-26
-26
-25
-24
-23
-25
-25
-24
-25
-26
-25
-24
-24
-23
-25
-26
-27
-28
-27
-26
-28
-27
-26
-26
-24
-24
-25
-26
-26
-24
-23
-21
-22
-25
-26
-26
-24
-26
-29
-29
-26
-23
-22
-21
-23
-24
-25
-25
-25
-24
-23
-24
-25
-27
-26
-24
-25
-25
-28
-29
-30
-28
-26
-26
-25
-25
-27
-28
-28
-26
-24
-24
-26
-27
-26
-24
-25
-26
-26
-24
-23
-24
-25
-24
-22
-19
-20
-21
-21
-21
-22
-24
-23
-22
-23
-25
-25
-25
-22
-21
-21
-22
-22
-23
-23
-23
-24
-24
-24
-23
-22
-21
-21
-22
-23
-23
-25
-26
-26
-26
-27
-26
-23
-23
-22
-24
-27
-27
-25
-24
-22
-21
-20
-20
-19
-20
-20
-19
-18
-18
-17
-17
-19
-16
-15
-15
-15
-15
-15
-15
-14
-15
-13
-14
-14
-15
-17
-18
-19
-19
-17
-18
-18
-18
-18
-21
-19
-18
-17
-19
-20
-21
-16
-22
-17
-13
-19
-16
-16
-17
-22
-20
-20
-20
-17
-18
-20
-19
-19
-16
-19
-22
-20
-19
-18
-18
-17
-17
-18
-19
-18
-20
-17
-14
-16
-18
-14
-13
-11
-11
-15
-16
-15
-12
-14
-18
-19
-20
-17
-13
-14
-16
-20
-19
-19
-20
-19
-20
-20
-18
-16
-17
-18
-18
-17
-17
-16
-18
-21
-21
-21
-19
-18
-19
-20
-20
-21
-20
-21
-21
-20
-21
-22
-20
-19
-17
-15
-18
-19
-20
-20
-18
-18
-19
-18
-18
-16
-16
-18
-21
-21
-21
-20
-19
-17
-19
-20
-20
-21
-20
-20
-22
-20
-18
-18
-18
-20
-23
-22
-20
-19
-21
-22
-22
-21
-21
-19
-20
-22
-19
-18
-18
-19
-21
-21
-18
-18
-18
-20
-23
-22
-21
-20
-18
-19
-20
-21
-21
-22
-19
-20
-19
-19
-20
-21
-21
-21
-22
-20
-20
-21
-20
-20
-21
-21
-21
-21
-21
-21
-20
-19
-17
-18
-18
-20
-19
-19
-19
-21
-22
-23
-23
-22
-22
-20
-18
-20
-20
-21
-21
-22
-23
-23
-21
-18
-17
-18
-20
-23
-22
-21
-22
-22
-23
-22
-21
-20
-18
-18
-19
-18
-17
-19
-19
-23
-22
-21
-20
-20
-21
-22
-21
-21
-21
-22
-22
-23
-24
-22
-21
-20
-19
-21
-21
-24
-25
-23
-23
-22
-20
-19
-21
-21
-21
-22
-22
-23
-22
-19
-15
-13
-18
-22
-22
-21
-21
-21
-19
-18
-16
-18
-22
-25
-25
-23
-22
-23
-26
-25
-23
-20
-20
-20
-18
-18
-19
-21
-26
-27
-26
-24
-22
-21
-20
-19
-20
-21
-23
-23
-21
-19
-19
-18
-18
-18
-19
-18
-18
-20
-20
-19
-17
-15
-14
-15
-18
-20
-20
-19
-17
-16
-18
-19
-18
-16
-15
-16
-14
-13
-13
-13
-14
-14
-14
-13
-13
-15
-18
-18
-16
-13
-15
-17
-19
-20
-18
-18
-17
-17
-15
-14
-14
-15
-14
-13
-13
-15
-15
-15
-15
-16
-16
-15
-15
-12
-14
-16
-16
-14
-11
-12
-13
-13
-13
-13
-13
-11
-11
-9
-10
-9
-8
-9
-7
-8
-9
-10
-11
-11
-10
-9
-9
-9
-11
-11
-13
-15
-14
-14
-13
-12
-11
-12
-12
-11
-14
-15
-15
-15
-15
-15
-13
-13
-12
-11
-12
-14
-15
-14
-12
-12
-13
-14
-15
-14
-12
-10
-11
-12
-12
-13
-14
-14
-14
-14
-15
-15
-13
-11
-13
-15
-16
-15
-14
-15
-18
-17
-19
-21
-22
-21
-22
-22
-19
-18
-17
-19
-21
-21
-21
-21
-21
-23
-23
-22
-21
-23
-22
-24
-23
-23
-22
-20
-20
-21
-22
-22
-23
-23
-24
-24
-21
-19
-17
-19
-22
-23
-21
-22
-21
-22
-23
-22
-21
-20
-21
-23
-25
-24
-21
-18
-20
-23
-26
-26
-23
-20
-19
-20
-20
-20
-19
-20
-22
-24
-25
-23
-22
-22
-24
-26
-27
-24
-22
-21
-21
-23
-22
-23
-23
-26
-28
-26
-25
-23
-24
-26
-24
-23
-22
-21
-21
-21
-23
-23
-22
-21
-22
-24
-25
-24
-23
-26
-28
-31
-31
-28
-25
-24
-24
-27
-28
-25
-23
-24
-23
-23
-25
-25
-25
-24
-22
-23
-24
-25
-22
-21
-20
-21
-24
-25
-24
-23
-26
-27
-26
-24
-23
-22
-21
-24
-26
-27
-26
-22
-21
-21
-24
-25
-24
-23
-24
-26
-26
-24
-22
-21
-21
-22
-22
-23
-23
-22
-22
-24
-25
-25
-24
-23
-23
-25
-26
-24
-24
-24
-22
-22
-22
-21
-19
-19
-18
-20
-18
-17
-18
-20
-21
-22
-20
-19
-19
-19
-20
-20
-20
-18
-17
-18
-20
-20
-19
-18
-18
-20
-23
-21
-19
-17
-18
-19
-20
-19
-18
-18
-18
-18
-19
-20
-18
-17
-19
-19
-22
-23
-25
-24
-22
-23
-24
-24
-21
-19
-18
-21
-23
-20
-20
-18
-21
-23
-21
-20
-20
-22
-25
-27
-24
-23
-20
-18
-17
-19
-18
-19
-20
-20
-20
-20
-22
-20
-20
-21
-20
-20
-20
-19
-21
-25
-26
-22
-18
-17
-19
-22
-23
-21
-19
-19
-21
-20
-20
-21
-20
-19
-18
-22
-22
-22
-20
-18
-20
-21
-21
-20
-21
-22
-21
-21
-19
-19
-18
-19
-18
-19
-21
-20
-20
-21
-21
-21
-20
-21
-22
-21
-20
-20
-20
-22
-23
-24
-21
-18
-17
-20
-23
-25
-24
-24
-24
-25
-26
-25
-22
-20
-20
-23
-24
-24
-22
-23
-23
-24
-26
-23
-22
-19
-19
-21
-23
-23
-23
-22
-22
-21
-21
-21
-21
-22
-22
-25
-26
-24
-25
-22
-20
-19
-22
-21
-23
-24
-26
-26
-25
-23
-22
-23
-27
-29
-28
-25
-21
-24
-24
-24
-25
-26
-27
-27
-26
-25
-27
-28
-28
-29
-29
-27
-25
-23
-23
-24
-24
-22
-20
-23
-24
-25
-24
-23
-23
-23
-23
-22
-23
-24
-24
-20
-20
-19
-20
-22
-22
-23
-24
-22
-21
-22
-22
-23
-24
-24
-23
-25
-25
-23
-23
-23
-25
-27
-26
-23
-21
-19
-20
-22
-23
-22
-22
-23
-26
-26
-26
-23
-24
-22
-21
-21
-22
-24
-24
-24
-22
-20
-20
-21
-21
-22
-19
-19
-21
-22
-24
-23
-20
-18
-17
-20
-21
-22
-20
-20
-20
-21
-19
-19
-17
-19
-21
-19
-20
-20
-20
-21
-19
-19
-18
-19
-19
-19
-19
-18
-18
-18
-20
-20
-19
-17
-20
-21
-20
-16
-14
-14
-15
-17
-18
-18
-16
-16
-16
-16
-17
-19
-20
-21
-18
-17
-16
-18
-21
-22
-22
-23
-22
-20
-20
-20
-19
-19
-18
-18
-21
-21
-22
-19
-19
-20
-21
-24
-24
-20
-20
-21
-23
-21
-20
-21
-22
-23
-21
-18
-17
-16
-17
-17
-17
-18
-16
-18
-19
-20
-19
-18
-17
-19
-21
-23
-22
-20
-19
-19
-23
-21
-21
-19
-20
-22
-23
-23
-20
-19
-22
-23
-23
-21
-20
-20
-21
-22
-21
-19
-17
-18
-19
-19
-20
-18
-19
-19
-16
-18
-19
-20
-18
-15
-14
-15
-15
-17
-17
-16
-16
-15
-16
-17
-20
-23
-23
-24
-23
-22
-21
-22
-19
-19
-18
-16
-19
-23
-22
-22
-22
-21
-23
-23
-23
-22
-23
-22
-21
-20
-22
-20
-19
-18
-18
-19
-19
-19
-20
-21
-23
-24
-22
-21
-21
-22
-21
-20
-19
-20
-20
-22
-24
-24
-22
-21
-20
-20
-21
-21
-21
-23
-26
-28
-28
-25
-24
-23
-23
-23
-23
-24
-25
-25
-26
-26
-24
-24
-25
-24
-23
-24
-24
-24
-24
-24
-24
-25
-24
-23
-23
-23
-23
-23
-22
-23
-25
-26
-24
-23
-21
-21
-21
-23
-25
-26
-26
-23
-21
-23
-25
-25
-21
-19
-19
-22
-24
-24
-23
-21
-19
-19
-19
-20
-20
-19
-19
-21
-22
-20
-20
-19
-19
-21
-24
-24
-22
-21
-21
-22
-21
-19
-20
-19
-19
-20
-22
-23
-23
-22
-23
-23
-25
-27
-27
-25
-24
-21
-22
-22
-26
-25
-23
-21
-20
-21
-22
-21
-21
-22
-23
-23
-22
-22
-20
-19
-20
-21
-23
-24
-23
-22
-20
-20
-21
-21
-21
-21
-22
-22
-22
-22
-20
-20
-20
-20
-19
-21
-23
-23
-22
-19
-18
-21
-22
-20
-17
-16
-17
-19
-20
-21
-20
-19
-18
-17
-17
-20
-18
-15
-15
-14
-16
-17
-16
-16
-16
-16
-15
-16
-16
-17
-18
-17
-15
-14
-13
-13
-12
-12
-11
-11
-12
-12
-13
-11
-9
-8
-8
-10
-11
-10
-9
-7
-8
-10
-11
-10
-10
-8
-7
-7
-6
-8
-9
-9
-7
-7
-6
-8
-8
-6
-7
-8
-9
-10
-10
-9
-10
-10
-11
-11
-12
-11
-10
-10
-8
-8
-7
-8
-8
-10
-9
-8
-8
-8
-9
-8
-8
-6
-6
-8
-7
-6
-4
-3
-6
-7
-9
-9
-7
-8
-7
-8
-7
-8
-6
-9
-11
-9
-6
-5
-4
-4
-5
-6
-6
-6
-6
-6
-6
-6
-5
-4
-4
-4
-3
-3
-3
-3
-4
-5
-6
-7
-4
-1
1
-1
-1
-4
-3
-4
-5
-5
-5
-5
-5
-3
-2
-1
-4
-8
-8
-8
-7
-6
-5
-5
-5
-6
-8
-8
-8
-6
-6
-6
-6
-7
-6
-6
-7
-6
-5
-3
-2
-3
-1
-2
-4
-1
0
-1
0
-3
-7
-6
-5
-3
-1
-1
-1
-2
-2
-2
-3
-3
-1
-4
-4
-6
-5
-4
-6
-7
-5
-2
0
1
1
-1
-3
-4
-4
-2
-1
1
-2
-2
-4
-6
-5
-4
-5
-2
-4
-2
-1
2
-4
-2
5
-17
12
-7
-5
1
-5
-4
0
-6
-4
-4
-1
-5
-5
-3
-6
-7
-6
-5
-4
0
-1
-5
-8
-9
-10
-4
-3
-6
-3
-5
-8
-7
-7
-8
-7
-6
-4
-3
-2
-5
-7
-7
-8
-8
-5
-6
-5
-5
-7
-4
-6
-4
-5
-7
-5
-4
-5
-5
-7
-9
-7
-7
-8
-10
-9
-11
-10
-11
-10
-10
-8
-8
-8
-7
-12
-12
-11
-12
-11
-12
-12
-12
-9
-11
-14
-14
-12
-10
-10
-11
-11
-11
-13
-14
-14
-13
-11
-10
-11
-13
-18
-19
-18
-16
-15
-16
-16
-16
-17
-18
-17
-17
-17
-17
-17
-18
-19
-20
-19
-22
-24
-25
-24
-22
-22
-21
-22
-22
-22
-22
-20
-19
-21
-21
-21
-23
-23
-23
-24
-24
-23
-23
-22
-25
-27
-27
-25
-23
-24
-24
-25
-25
-25
-25
-26
-24
-25
-26
-27
-25
-25
-25
-25
-26
-26
-26
-25
-25
-26
-25
-24
-24
-25
-27
-29
-27
-24
-23
-21
-23
-21
-22
-23
-27
-26
-23
-23
-19
-22
-23
-22
-20
-21
-23
-24
-23
-19
-16
-18
-18
-18
-17
-17
-17
-15
-14
-14
-14
-17
-17
-16
-14
-15
-16
-15
-14
-12
-12
-13
-14
-15
-16
-16
-15
-16
-16
-17
-18
-17
-18
-18
-15
-16
-15
-15
-16
-17
-17
-17
-17
-17
-18
-17
-18
-20
-21
-21
-20
-18
-18
-18
-17
-15
-17
-18
-22
-20
-17
-16
-14
-15
-16
-19
-16
-14
-15
-16
-16
-13
-11
-14
-14
-15
-15
-14
-14
-16
-15
-15
-14
-14
-15
-14
-13
-14
-15
-15
-12
-11
-13
-15
-14
-15
-14
-13
-12
-12
-16
-16
-16
-14
-11
-10
-12
-13
-15
-14
-13
-14
-12
-13
-14
-14
-14
-16
-16
-15
-14
-14
-12
-12
-11
-13
-15
-15
-16
-17
-17
-17
-16
-13
-10
-9
-10
-13
-15
-16
-16
-15
-16
-15
-15
-17
-16
-16
-14
-15
-15
-16
-15
-15
-16
-15
-16
-14
-15
-16
-18
-21
-20
-17
-16
-16
-16
-16
-16
-15
-16
-19
-20
-21
-19
-17
-14
-17
-18
-20
-21
-20
-19
-20
-19
-18
-17
-17
-18
-19
-21
-20
-20
-22
-24
-23
-20
-20
-21
-23
-23
-22
-20
-20
-22
-21
-22
-21
-18
-19
-21
-22
-21
-20
-21
-23
-21
-21
-20
-22
-23
-23
-23
-24
-23
-20
-19
-19
-20
-22
-22
-19
-19
-21
-22
-22
-22
-19
-19
-20
-20
-22
-24
-23
-20
-19
-19
-20
-22
-20
-19
-19
-18
-19
-18
-19
-20
-19
-19
-18
-19
-17
-16
-15
-18
-18
-18
-16
-14
-12
-19
-29
-25
-28
-19
-18
-16
-15
-16
-12
-12
-12
-11
-13
-12
-12
-9
-5
-4
-5
-8
-11
-13
-13
-11
-9
-10
-7
-11
-13
-14
-15
-14
-15
-18
-18
-16
-16
-14
-13
-15
-15
-17
-17
-13
-10
-10
-10
-10
-11
-10
-10
-13
-12
-10
-8
-7
-7
-6
-6
-8
-9
-8
-10
-11
-10
-12
-11
-11
-9
-8
-7
-8
-10
-10
-11
-11
-11
-10
-9
-11
-10
-9
-9
-6
-6
-7
-10
-11
-11
-10
-9
-9
-8
-9
-7
-6
-3
0
-1
-3
-4
-4
-6
-6
-6
-6
-7
-6
-1
-1
-2
-4
-5
-7
-7
-9
-9
-4
-2
-3
-4
-7
-6
-5
-3
-4
-5
-7
-7
-5
-4
-5
-5
-2
-1
-1
-2
-3
-3
-3
-5
-2
-1
-1
2
2
2
2
0
-1
-2
-1
0
1
-1
-3
-2
-3
-3
1
0
0
-3
-6
-6
-2
2
0
-2
-4
-3
-2
-2
-3
-4
-3
-1
-2
-3
-4
-3
0
2
1
-2
-2
-2
0
2
1
-1
-1
-1
-3
-3
-1
0
1
-2
-4
-2
-3
0
1
2
1
-1
-1
-1
-1
0
-1
-1
-2
-3
-2
-2
-2
-1
0
-2
-2
-1
-1
-1
-1
0
1
0
0
-3
-6
-4
-2
-2
-4
-5
-5
-2
1
3
1
0
-1
-5
-3
0
2
2
2
1
-1
-1
-2
0
0
0
0
-1
0
0
1
1
0
3
0
0
-1
0
2
3
2
1
1
1
1
2
2
0
-1
-2
-5
-5
-3
-3
-1
-2
-4
-3
-3
-3
-3
-3
-1
0
-1
-2
-2
-1
0
-1
-1
-1
-2
-5
-5
-6
-4
-1
0
0
-1
-1
-2
-1
0
1
0
-1
-3
-5
-5
-6
-6
-5
-4
-4
-6
-8
-9
-8
-6
-5
-4
-3
-2
-3
-4
-6
-7
-8
-8
-8
-7
-3
-1
-1
-3
-2
-2
-2
-5
-6
-4
-2
-1
-1
-5
-5
-3
-2
-3
-4
-5
-3
0
0
1
-1
-4
-3
-4
-3
-1
-1
-2
-1
-2
-1
-1
-3
-4
-5
-2
-1
-2
-5
-8
-8
-5
-3
-2
-3
-5
-6
-6
-5
-4
-3
-4
-4
-3
-7
-8
-6
-6
-4
-1
-1
-1
-1
-3
-5
-5
-4
-3
-2
-2
-4
-5
-5
-6
-7
-8
-6
-7
-7
-7
-7
-8
-8
-10
-10
-7
-5
-7
-9
-11
-11
-10
-9
-10
-11
-7
-7
-7
-9
-10
-10
-9
-9
-10
-8
-9
-9
-8
-8
-8
-8
-7
-8
-8
-8
-8
-7
-7
-6
-6
-8
-10
-10
-9
-9
-8
-9
-10
-10
-8
-9
-10
-11
-12
-10
-10
-9
-7
-5
-6
-8
-11
-14
-14
-11
-11
-11
-12
-14
-10
-9
-8
-8
-7
-8
-8
-8
-7
-9
-7
-7
-6
-4
-5
-6
-6
-7
-9
-9
-9
-8
-6
-6
-7
-9
-9
-8
-8
-8
-8
-7
-6
-5
-8
-11
-15
-14
-12
-10
-11
-10
-9
-10
-10
-12
-13
-13
-15
-15
-13
-11
-10
-13
-12
-14
-11
-10
-10
-12
-12
-11
-10
-10
-11
-10
-10
-11
-10
-9
-10
-8
-6
-6
-6
-7
-10
-11
-11
-9
-8
-9
-11
-12
-10
-10
-10
-11
-11
-12
-14
-11
-11
-12
-13
-15
-14
-12
-13
-16
-16
-16
-13
-11
-13
-12
-10
-11
-12
-16
-16
-15
-16
-18
-19
-19
-19
-16
-15
-14
-16
-18
-18
-19
-19
-18
-16
-14
-15
-19
-20
-19
-17
-17
-20
-22
-22
-19
-17
-20
-22
-21
-21
-21
-21
-22
-23
-24
-25
-23
-22
-21
-24
-25
-23
-23
-24
-22
-22
-23
-23
-24
-26
-25
-24
-22
-21
-20
-22
-21
-22
-21
-21
-21
-21
-21
-22
-21
-21
-24
-25
-26
-23
-22
-22
-24
-26
-27
-26
-24
-23
-23
-24
-22
-21
-21
-24
-28
-30
-27
-26
-25
-26
-26
-25
-26
-26
-26
-24
-24
-25
-24
-23
-23
-23
-25
-28
-28
-25
-24
-25
-27
-28
-28
-28
-28
-25
-26
-27
-29
-28
-28
-25
-25
-25
-26
-26
-25
-25
-24
-22
-25
-24
-25
-27
-27
-25
-26
-26
-25
-25
-27
-27
-27
-27
-26
-24
-25
-25
-25
-25
-24
-24
-25
-26
-26
-26
-26
-24
-22
-21
-20
-23
-25
-24
-23
-22
-20
-18
-16
-17
-17
-19
-19
-19
-19
-16
-15
-13
-13
-14
-14
-15
-13
-13
-11
-12
-13
-12
-12
-11
-13
-13
-10
-10
-8
-9
-11
-7
-4
-4
-6
-7
-8
-6
-6
-8
-9
-9
-9
-6
-4
-3
-5
-8
-8
-6
-3
-2
-3
-6
-3
-1
-2
-3
-5
-7
-5
-6
-6
-5
-4
-3
-1
-2
-2
-2
-3
-4
-4
-4
-3
-2
-3
-6
-8
-5
-3
-3
-5
-7
-4
-4
-3
-2
-4
-6
-5
-4
-5
-6
-6
-2
-2
-3
-4
-6
-5
-4
-4
-5
-4
-2
0
0
0
0
-1
1
-2
-1
-2
1
1
1
2
4
3
4
3
2
2
3
1
1
0
-2
-2
-2
-1
-2
-4
-3
-2
0
1
1
-1
-2
0
1
0
1
-2
-3
-2
-1
0
0
0
-1
-1
1
2
3
1
-1
1
2
3
3
2
3
2
1
2
2
3
2
1
0
2
3
2
1
-2
-2
-4
-2
0
0
1
-1
-4
-3
-2
-2
-4
-8
-9
-6
-3
-2
-4
-7
-8
-8
-7
-8
-8
-8
-6
-7
-8
-8
-8
-8
-11
-14
-12
-12
-10
-9
-9
-9
-9
-10
-10
-10
-9
-11
-13
-14
-12
-10
-10
-13
-15
-12
-10
-10
-12
-11
-11
-11
-13
-14
-11
-11
-12
-13
-14
-15
-14
-13
-14
-14
-16
-15
-14
-12
-12
-14
-14
-15
-15
-14
-17
-17
-16
-16
-15
-16
-17
-15
-13
-12
-13
-14
-12
-14
-12
-15
-14
-13
-12
-12
-14
-14
-15
-15
-15
-15
-14
-13
-12
-13
-13
-14
-14
-14
-16
-19
-19
-18
-19
-17
-17
-18
-18
-19
-19
-18
-16
-17
-18
-20
-20
-19
-17
-16
-17
-19
-20
-19
-16
-15
-16
-19
-20
-16
-15
-15
-16
-17
-19
-18
-16
-13
-14
-14
-12
-12
-13
-12
-12
-14
-12
-11
-10
-10
-12
-12
-11
-10
-12
-14
-15
-12
-12
-13
-16
-14
-11
-10
-11
-12
-13
-13
-12
-13
-14
-15
-15
-15
-15
-13
-11
-10
-10
-10
-11
-10
-12
-12
-11
-9
-8
-10
-12
-12
-12
-10
-10
-10
-9
-11
-10
-9
-11
-13
-12
-13
-13
-14
-14
-11
-10
-10
-11
-12
-12
-11
-11
-10
-9
-12
-11
-10
-10
-11
-12
-12
-11
-11
-12
-12
-10
-10
-8
-7
-7
-8
-9
-8
-8
-8
-9
-9
-8
-7
-6
-5
-6
-8
-10
-11
-8
-6
-4
-4
-4
-4
-4
-4
-5
-8
-10
-11
-11
-9
-8
-9
-9
-7
-8
-7
-7
-7
-7
-6
-5
-7
-9
-12
-12
-11
-8
-9
-10
-11
-12
-12
-12
-11
-11
-13
-12
-10
-9
-6
-8
-11
-12
-13
-14
-13
-12
-11
-11
-10
-13
-13
-13
-12
-12
-12
-13
-15
-13
-12
-10
-8
-11
-13
-14
-13
-12
-11
-12
-13
-14
-16
-16
-17
-15
-15
-15
-16
-17
-17
-19
-19
-20
-19
-19
-20
-20
-22
-22
-22
-21
-20
-21
-21
-21
-21
-20
-23
-26
-25
-23
-22
-22
-22
-21
-20
-21
-20
-21
-22
-21
-21
-24
-25
-24
-21
-19
-20
-22
-25
-25
-25
-22
-19
-21
-23
-26
-23
-21
-20
-22
-23
-23
-23
-23
-21
-23
-25
-26
-26
-24
-21
-21
-25
-28
-29
-28
-23
-21
-22
-27
-29
-28
-27
-28
-27
-26
-26
-26
-25
-25
-27
-28
-27
-26
-27
-29
-28
-27
-23
-23
-25
-27
-29
-29
-28
-28
-28
-28
-26
-26
-25
-26
-28
-30
-30
-26
-26
-26
-28
-28
-27
-26
-24
-23
-25
-28
-30
-28
-24
-23
-25
-27
-27
-27
-27
-26
-24
-23
-25
-28
-29
-28
-28
-29
-30
-29
-28
-25
-25
-27
-28
-29
-28
-27
-27
-29
-25
-21
-21
-23
-25
-25
-21
-18
-17
-19
-19
-19
-19
-20
-20
-20
-20
-18
-19
-20
-22
-22
-22
-21
-21
-20
-19
-20
-21
-19
-18
-18
-18
-19
-20
-19
-18
-17
-18
-20
-22
-20
-20
-17
-16
-17
-17
-18
-20
-19
-16
-16
-15
-15
-15
-14
-12
-11
-10
-10
-12
-13
-14
-14
-13
-14
-13
-14
-16
-16
-20
-21
-20
-18
-16
-17
-16
-16
-14
-13
-14
-15
-15
-14
-15
-15
-18
-18
-17
-16
-18
-20
-20
-20
-19
-18
-18
-17
-16
-16
-15
-16
-14
-15
-16
-16
-18
-18
-17
-17
-17
-18
-17
-16
-17
-18
-20
-21
-17
-16
-17
-17
-17
-18
-19
-19
-20
-20
-19
-18
-20
-20
-19
-18
-16
-15
-13
-13
-15
-16
-16
-13
-13
-13
-13
-14
-13
-11
-11
-12
-14
-11
-10
-9
-10
-10
-8
-9
-10
-11
-12
-14
-14
-13
-15
-14
-12
-11
-10
-13
-16
-17
-16
-13
-13
-17
-17
-16
-14
-13
-15
-17
-15
-14
-13
-13
-13
-12
-13
-13
-13
-14
-14
-14
-16
-14
-11
-9
-10
-11
-13
-11
-9
-10
-13
-15
-16
-12
-10
-10
-12
-11
-8
-10
-10
-12
-12
-12
-12
-13
-13
-10
-8
-9
-11
-14
-14
-14
-14
-15
-14
-13
-11
-10
-13
-15
-16
-13
-13
-12
-11
-12
-13
-15
-16
-16
-16
-15
-15
-12
-12
-13
-12
-12
-12
-12
-12
-13
-13
-11
-9
-11
-14
-14
-12
-10
-8
-9
-11
-10
-11
-10
-9
-8
-7
-7
-7
-6
-5
-5
-6
-8
-10
-7
-5
-5
-4
-5
-7
-6
-6
-7
-8
-7
-11
-11
-13
-12
-14
-14
-13
-11
-7
-8
-8
-8
-9
-11
-12
-11
-12
-10
-10
-10
-8
-8
-9
-11
-11
-8
-6
-7
-8
-8
-8
-7
-6
-8
-9
-7
-4
-3
-5
-7
-9
-9
-9
-9
-9
-11
-11
-10
-12
-12
-14
-15
-15
-14
-14
-13
-15
-18
-17
-15
-14
-15
-18
-19
-18
-16
-14
-16
-17
-14
-14
-12
-11
-12
-11
-9
-9
-7
-10
-11
-12
-10
-10
-11
-11
-12
-12
-14
-13
-11
-9
-11
-13
-14
-13
-10
-13
-13
-15
-12
-10
-12
-12
-14
-15
-15
-14
-12
-10
-11
-9
-11
-13
-14
-14
-14
-10
-10
-10
-10
-9
-10
-10
-10
-10
-10
-9
-8
-6
-5
-6
-7
-8
-7
-5
-5
-5
-5
-5
-5
-4
-4
-4
-5
-6
-5
-5
-5
-6
-6
-4
-4
-4
-5
-6
-5
-5
-7
-9
-9
-8
-5
-4
-6
-6
-8
-6
-4
-3
-3
-3
-4
-5
-6
-8
-6
-4
-2
-1
-1
-2
-1
-1
-2
-4
-5
-5
-7
-7
-5
-4
-6
-6
-5
-4
-6
-6
-6
-7
-6
-6
-9
-10
-8
-7
-7
-6
-7
-7
-8
-8
-8
-8
-8
-8
-7
-6
-6
-6
-5
-6
-6
-4
-3
-2
-3
-3
-4
-3
-2
-3
-5
-5
-3
-2
-4
-5
-6
-7
-7
-8
-6
-7
-6
-7
-6
-6
-8
-6
-6
-5
-7
-8
-9
-9
-8
-8
-9
-8
-7
-7
-8
-10
-11
-10
-10
-10
-9
-7
-8
-6
-7
-9
-10
-11
-12
-13
-12
-12
-10
-10
-10
-10
-9
-8
-11
-12
-14
-11
-12
-12
-13
-16
-16
-17
-18
-21
-21
-19
-17
-17
-18
-18
-18
-19
-19
-21
-22
-21
-21
-20
-18
-17
-17
-19
-20
-21
-22
-22
-22
-23
-22
-20
-20
-21
-24
-27
-27
-25
-23
-24
-26
-27
-28
-26
-26
-28
-29
-28
-25
-25
-27
-29
-29
-28
-25
-23
-22
-22
-22
-21
-21
-20
-21
-23
-23
-23
-24
-24
-22
-21
-19
-18
-16
-19
-19
-20
-23
-23
-23
-23
-19
-18
-18
-20
-20
-19
-16
-16
-15
-17
-16
-15
-16
-18
-15
-14
-13
-12
-11
-11
-12
-13
-13
-11
-12
-13
-15
-13
-10
-10
-9
-10
-9
-9
-11
-13
-13
-11
-9
-7
-9
-10
-10
-11
-13
-12
-11
-12
-12
-13
-15
-14
-12
-10
-10
-10
-12
-13
-14
-10
-10
-11
-11
-11
-10
-11
-11
-11
-11
-12
-10
-9
-8
-8
-9
-8
-7
-8
-8
-9
-10
-11
-11
-11
-11
-10
-8
-6
-5
-6
-8
-8
-8
-7
-6
-5
-5
-4
-8
-8
-7
-7
-7
-6
-7
-6
-6
-7
-7
-7
-7
-5
-3
-4
-3
-3
-3
-4
-1
-3
-5
-6
-4
-3
-2
-3
-5
-6
-3
-2
0
0
-4
-4
-4
-4
-3
-2
-3
-1
0
0
2
2
0
4
4
4
1
-1
0
-1
0
-2
-3
-2
-4
-5
-2
-1
-1
1
1
0
0
-1
0
0
0
-2
-2
-2
0
0
0
-1
-1
0
-2
-4
-5
-4
-4
-3
-5
-6
-6
-7
-3
-3
-4
-6
-5
-4
-3
-4
-5
-6
-5
-6
-6
-6
-6
-4
-4
-4
-6
-7
-8
-8
-8
-5
-7
-9
-10
-10
-9
-8
-10
-12
-12
-10
-8
-8
-11
-12
-12
-10
-8
-10
-12
-13
-11
-9
-10
-12
-15
-16
-14
-13
-10
-11
-14
-15
-14
-12
-9
-11
-14
-14
-15
-13
-12
-12
-11
-13
-12
-11
-9
-8
-10
-12
-11
-14
-16
-13
-12
-10
-8
-11
-13
-15
-18
-17
-17
-16
-14
-14
-13
-14
-16
-17
-19
-20
-18
-14
-14
-16
-17
-16
-16
-16
-17
-18
-16
-14
-14
-16
-17
-17
-18
-19
-21
-19
-18
-17
-18
-19
-20
-19
-20
-20
-21
-20
-18
-18
-18
-18
-18
-17
-19
-20
-23
-22
-20
-17
-16
-19
-21
-19
-17
-18
-19
-22
-21
-20
-19
-19
-20
-19
-16
-15
-17
-17
-17
-17
-17
-20
-20
-18
-17
-16
-16
-16
-16
-18
-19
-19
-17
-17
-16
-17
-18
-19
-17
-16
-16
-18
-20
-20
-19
-18
-18
-18
-18
-17
-15
-15
-15
-16
-19
-20
-20
-19
-16
-13
-13
-14
-16
-16
-18
-16
-16
-14
-14
-14
-15
-18
-17
-16
-16
-14
-14
-15
-13
-13
-13
-13
-15
-15
-13
-12
-10
-8
-8
-6
-8
-10
-10
-8
-6
-5
-8
-8
-8
-6
-6
-7
-8
-9
-10
-9
-8
-7
-8
-8
-8
-10
-10
-10
-9
-8
-6
-8
-7
-8
-8
-10
-10
-12
-12
-10
-8
-9
-12
-13
-13
-10
-7
-8
-10
-10
-12
-12
-12
-11
-11
-14
-14
-15
-14
-13
-14
-14
-13
-11
-11
-13
-15
-14
-15
-15
-10
-9
-10
-11
-13
-13
-11
-11
-13
-14
-15
-14
-13
-11
-9
-9
-10
-11
-14
-13
-13
-12
-10
-11
-11
-13
-15
-16
-13
-12
-13
-14
-14
-13
-12
-13
-12
-11
-10
-11
-11
-11
-11
-14
-15
-15
-13
-11
-11
-15
-13
-14
-13
-12
-15
-17
-18
-15
-13
-10
-10
-14
-17
-16
-11
-9
-10
-13
-16
-15
-12
-11
-13
-12
-12
-11
-10
-14
-15
-13
-10
-6
-8
-11
-14
-13
-12
-11
-10
-12
-12
-14
-15
-13
-13
-12
-11
-11
-12
-13
-13
-12
-9
-9
-11
-13
-14
-13
-13
-13
-12
-12
-14
-13
-14
-14
-11
-11
-13
-15
-15
-14
-13
-12
-11
-13
-14
-13
-12
-12
-12
-14
-14
-14
-12
-14
-14
-14
-12
-11
-10
-9
-11
-10
-10
-9
-10
-11
-9
-9
-8
-9
-11
-11
-10
-10
-10
-7
-7
-11
-10
-11
-8
-6
-9
-11
-13
-12
-11
-9
-10
-10
-9
-10
-12
-14
-13
-13
-13
-9
-10
-10
-11
-13
-14
-13
-10
-10
-11
-12
-14
-12
-11
-10
-11
-10
-10
-7
-6
-9
-9
-10
-9
-8
-8
-6
-5
-9
-11
-12
-9
-9
-7
-7
-8
-8
-10
-12
-12
-13
-11
-12
-12
-11
-11
-12
-13
-15
-14
-12
-11
-14
-16
-16
-14
-15
-17
-16
-13
-13
-13
-13
-14
-13
-11
-13
-13
-10
-10
-11
-13
-13
-13
-10
-10
-11
-12
-10
-11
-12
-15
-15
-15
-13
-11
-10
-9
-12
-13
-14
-12
-13
-15
-16
-17
-15
-15
-14
-16
-18
-18
-16
-16
-16
-15
-16
-16
-16
-17
-17
-15
-14
-14
-14
-15
-16
-14
-15
-15
-15
-14
-15
-16
-16
-13
-11
-10
-10
-11
-12
-13
-12
-12
-12
-14
-13
-11
-10
-10
-11
-10
-10
-12
-11
-9
-10
-10
-11
-10
-10
-11
-13
-14
-14
-11
-10
-13
-15
-13
-11
-8
-9
-10
-13
-14
-15
-16
-14
-12
-12
-11
-12
-13
-15
-16
-16
-16
-16
-16
-15
-14
-15
-13
-14
-14
-17
-17
-17
-15
-16
-15
-15
-15
-14
-15
-15
-14
-11
-11
-12
-12
-10
-9
-10
-11
-12
-13
-13
-11
-9
-8
-8
-9
-9
-10
-10
-11
-11
-12
-13
-12
-11
-11
-10
-7
-7
-8
-9
-12
-15
-14
-11
-11
-11
-11
-13
-15
-15
-16
-14
-14
-14
-12
-11
-12
-14
-14
-14
-12
-9
-11
-11
-13
-12
-13
-14
-15
-14
-14
-12
-12
-11
-12
-13
-15
-13
-12
-12
-11
-12
-13
-13
-14
-13
-14
-11
-11
-10
-10
-14
-14
-13
-13
-12
-11
-11
-13
-14
-14
-15
-13
-11
-11
-12
-11
-10
-13
-12
-11
-11
-13
-14
-15
-16
-17
-15
-14
-14
-13
-13
-13
-13
-12
-12
-11
-11
-9
-10
-9
-9
-12
-13
-15
-16
-12
-8
-8
-9
-9
-9
-7
-9
-13
-14
-14
-10
-6
-7
-9
-8
-9
-8
-8
-8
-10
-10
-9
-7
-6
-7
-7
-7
-7
-5
-3
-3
-5
-6
-9
-9
-8
-7
-9
-10
-9
-8
-8
-10
-10
-9
-7
-6
-7
-7
-8
-8
-8
-10
-11
-10
-9
-8
-8
-8
-9
-10
-8
-7
-7
-8
-10
-10
-8
-6
-5
-5
-7
-7
-7
-6
-7
-6
-3
-4
-4
-6
-8
-7
-6
-7
-5
-4
-5
-7
-8
-10
-8
-8
-10
-9
-10
-8
-9
-9
-8
-7
-6
-6
-8
-10
-9
-8
-7
-7
-7
-6
-7
-6
-8
-9
-7
-5
-6
-5
-6
-5
-4
-3
-3
-3
-1
-2
-1
-1
-3
-2
-3
-5
-4
-4
-3
-1
-3
-3
-6
-4
-2
-4
-5
-6
-6
-6
-6
-5
-5
-7
-9
-12
-9
-7
-5
-5
-6
-6
-5
-6
-9
-10
-9
-8
-10
-10
-9
-9
-9
-10
-9
-10
-10
-8
-9
-10
-10
-9
-8
-7
-9
-10
-12
-13
-12
-11
-10
-9
-12
-12
-15
-16
-16
-15
-13
-13
-12
-10
-9
-11
-13
-15
-15
-15
-14
-12
-12
-12
-13
-14
-15
-17
-16
-16
-16
-15
-13
-12
-13
-13
-15
-13
-12
-12
-13
-15
-17
-16
-16
-15
-12
-13
-14
-13
-14
-13
-11
-12
-12
-14
-15
-14
-12
-9
-8
-10
-12
-13
-12
-13
-12
-13
-14
-13
-10
-9
-9
-9
-11
-12
-12
-12
-10
-9
-9
-9
-10
-11
-13
-14
-13
-15
-15
-14
-12
-10
-12
-12
-13
-14
-14
-14
-15
-16
-16
-15
-15
-16
-17
-16
-15
-14
-17
-15
-16
-17
-18
-20
-20
-18
-14
-15
-21
-23
-24
-20
-19
-19
-17
-18
-16
-16
-17
-18
-20
-21
-19
-18
-18
-16
-16
-18
-20
-19
-19
-18
-18
-19
-19
-18
-18
-19
-22
-21
-18
-16
-16
-17
-18
-17
-17
-15
-16
-19
-21
-21
-19
-17
-15
-16
-18
-17
-16
-17
-16
-16
-16
-17
-18
-17
-18
-17
-16
-15
-17
-21
-22
-20
-18
-17
-18
-18
-17
-15
-14
-15
-17
-19
-19
-14
-12
-13
-14
-17
-17
-15
-14
-12
-13
-14
-12
-13
-15
-17
-20
-17
-15
-13
-12
-15
-13
-13
-15
-17
-18
-16
-14
-12
-14
-14
-13
-14
-16
-16
-17
-16
-16
-17
-18
-18
-15
-13
-13
-15
-13
-13
-17
-16
-15
-14
-12
-13
-15
-17
-16
-16
-15
-15
-14
-14
-14
-13
-13
-15
-16
-17
-17
-16
-15
-15
-16
-16
-16
-17
-14
-13
-14
-12
-14
-18
-20
-19
-16
-15
-17
-17
-18
-17
-19
-17
-16
-14
-13
-12
-13
-13
-13
-11
-10
-9
-11
-12
-10
-9
-10
-12
-10
-9
-8
-10
-14
-11
-7
-6
-7
-11
-11
-11
-10
-8
-10
-10
-9
-9
-9
-9
-7
-7
-5
-5
-6
-7
-7
-8
-6
-6
-6
-7
-7
-6
-3
-5
-7
-6
-6
-3
-1
-1
-4
-5
-7
-7
-5
-6
-5
-5
-5
-5
-6
-8
-11
-11
-13
-13
-11
-8
-9
-11
-11
-11
-11
-12
-11
-10
-7
-7
-9
-11
-10
-9
-8
-8
-7
-6
-6
-7
-8
-9
-8
-8
-8
-10
-11
-10
-10
-10
-9
-9
-10
-11
-9
-8
-7
-7
-9
-8
-7
-7
-6
-5
-7
-6
-8
-10
-9
-9
-10
-12
-12
-12
-12
-13
-13
-13
-13
-12
-12
-11
-13
-15
-14
-16
-17
-15
-15
-14
-15
-14
-14
-14
-15
-14
-16
-14
-13
-16
-18
-18
-16
-15
-15
-15
-14
-13
-13
-14
-13
-12
-14
-16
-18
-17
-14
-14
-16
-19
-19
-17
-17
-17
-17
-15
-13
-13
-16
-20
-20
-19
-18
-18
-18
-19
-17
-17
-18
-17
-17
-20
-22
-23
-20
-18
-17
-19
-19
-20
-21
-22
-22
-21
-19
-19
-21
-23
-24
-22
-19
-17
-16
-16
-17
-18
-21
-22
-23
-23
-23
-23
-21
-17
-15
-17
-18
-20
-19
-19
-18
-17
-16
-16
-14
-14
-15
-16
-16
-17
-16
-16
-16
-15
-16
-14
-15
-14
-16
-17
-16
-17
-15
-14
-13
-13
-14
-15
-16
-17
-18
-19
-20
-18
-16
-14
-14
-12
-13
-14
-15
-17
-18
-15
-14
-13
-12
-14
-15
-12
-12
-12
-11
-14
-14
-15
-16
-16
-14
-13
-12
-15
-18
-19
-17
-18
-19
-18
-17
-15
-15
-16
-17
-19
-20
-20
-19
-18
-16
-16
-18
-21
-21
-20
-19
-17
-15
-16
-18
-18
-19
-19
-18
-17
-17
-15
-17
-20
-19
-19
-19
-18
-17
-17
-15
-16
-19
-20
-19
-16
-17
-19
-19
-20
-20
-18
-16
-19
-21
-22
-21
-21
-20
-22
-24
-24
-21
-23
-23
-23
-24
-25
-22
-22
-22
-22
-20
-20
-19
-21
-23
-24
-24
-22
-22
-22
-19
-18
-17
-17
-17
-18
-19
-22
-25
-21
-17
-16
-18
-21
-20
-16
-16
-17
-18
-21
-20
-16
-15
-16
-17
-18
-18
-20
-20
-20
-18
-17
-18
-20
-22
-23
-21
-20
-19
-21
-22
-22
-22
-22
-21
-19
-20
-20
-20
-19
-18
-18
-18
-19
-20
-19
-18
-17
-17
-17
-16
-15
-17
-17
-18
-21
-22
-21
-20
-19
-20
-21
-21
-20
-18
-19
-18
-20
-19
-19
-20
-21
-22
-23
-23
-21
-20
-19
-20
-22
-24
-23
-22
-21
-21
-20
-18
-17
-16
-16
-19
-22
-20
-20
-19
-19
-19
-19
-19
-18
-17
-16
-18
-20
-22
-22
-20
-20
-19
-19
-19
-21
-23
-24
-22
-19
-20
-21
-21
-20
-19
-18
-20
-21
-23
-24
-22
-20
-20
-18
-20
-24
-26
-25
-21
-19
-20
-22
-26
-24
-21
-21
-24
-23
-22
-21
-22
-22
-22
-22
-21
-20
-20
-20
-20
-20
-22
-21
-21
-22
-22
-23
-23
-20
-19
-21
-24
-24
-23
-20
-19
-21
-23
-22
-21
-22
-23
-25
-24
-22
-22
-22
-23
-24
-24
-24
-26
-27
-24
-24
-23
-24
-24
-23
-21
-22
-23
-21
-20
-20
-22
-25
-24
-24
-24
-24
-23
-23
-21
-20
-22
-23
-22
-22
-19
-19
-21
-21
-22
-20
-20
-19
-20
-19
-17
-17
-18
-19
-20
-19
-18
-20
-23
-23
-21
-21
-21
-21
-19
-19
-19
-19
-21
-21
-20
-20
-21
-23
-23
-21
-22
-21
-21
-20
-21
-21
-22
-21
-20
-19
-19
-18
-17
-18
-19
-20
-21
-21
-20
-20
-18
-17
-21
-24
-24
-23
-19
-17
-18
-18
-20
-22
-21
-21
-22
-22
-22
-23
-22
-22
-21
-22
-24
-25
-25
-23
-23
-23
-23
-22
-25
-25
-23
-21
-22
-24
-25
-21
-17
-17
-20
-22
-22
-24
-23
-23
-21
-19
-17
-18
-19
-18
-18
-19
-21
-22
-22
-19
-17
-16
-16
-18
-20
-19
-19
-20
-20
-20
-20
-19
-17
-16
-15
-16
-18
-19
-18
-16
-14
-15
-16
-16
-17
-18
-18
-19
-18
-19
-16
-14
-14
-15
-15
-18
-18
-17
-16
-14
-15
-14
-13
-14
-16
-18
-19
-17
-15
-14
-14
-14
-14
-16
-15
-15
-16
-16
-15
-16
-17
-19
-20
-20
-19
-17
-16
-16
-16
-15
-17
-15
-13
-13
-14
-16
-13
-12
-12
-13
-16
-17
-19
-18
-20
-18
-19
-18
-17
-17
-16
-16
-19
-18
-18
-14
-14
-16
-17
-19
-17
-15
-15
-14
-14
-14
-12
-14
-15
-16
-19
-17
-16
-14
-15
-19
-17
-16
-16
-16
-14
-12
-12
-14
-16
-15
-14
-13
-13
-15
-15
-15
-14
-15
-14
-11
-11
-12
-10
-11
-11
-12
-11
-11
-11
-11
-11
-10
-11
-10
-11
-10
-10
-9
-9
-13
-15
-15
-14
-13
-12
-12
-15
-16
-15
-13
-16
-17
-17
-18
-17
-18
-20
-20
-19
-21
-22
-22
-22
-19
-19
-20
-21
-19
-21
-23
-24
-25
-24
-22
-22
-21
-24
-24
-23
-24
-22
-25
-23
-22
-21
-22
-22
-22
-21
-23
-23
-23
-24
-25
-25
-26
-30
-32
-30
-29
-26
-24
-27
-27
-29
-27
-23
-22
-23
-24
-26
-27
-27
-27
-26
-25
-27
-28
-25
-24
-23
-23
-25
-25
-22
-20
-21
-21
-21
-19
-19
-20
-21
-17
-18
-16
-18
-18
-18
-17
-14
-15
-16
-17
-16
-14
-17
-17
-17
-16
-16
-17
-18
-17
-17
-16
-17
-18
-17
-18
-18
-20
-22
-23
-23
-23
-23
-22
-22
-24
-25
-25
-25
-27
-28
-26
-27
-26
-28
-29
-32
-35
-36
-38
-37
-36
-32
-33
-34
-36
-36
-36
-38
-38
-39
-41
-39
-40
-40
-41
-43
-41
-41
-41
-44
-43
-42
-38
-39
-38
-41
-39
-39
-40
-39
-39
-36
-34
-32
-30
-31
-29
-29
-27
-24
-20
-19
-19
-20
-19
-16
-14
-14
-11
-6
-2
2
2
4
4
4
6
7
12
14
18
16
16
18
18
21
21
20
20
21
22
22
21
18
17
16
15
16
14
13
13
10
9
5
1
-4
-6
-6
-8
-12
-18
-20
-23
-21
-25
-30
-37
-41
-45
-49
-53
-58
-63
-67
-73
-80
-84
-86
-88
-92
-100
-105
-111
-114
-121
-124
-126
-128
-130
-130
-132
-133
-132
-131
-128
-126
-122
-116
-107
-101
-91
-82
-71
-57
-43
-27
-13
2
17
34
48
63
75
87
101
115
129
137
141
149
159
168
175
178
180
180
183
184
186
180
177
171
167
162
153
143
129
120
110
102
91
80
68
57
47
34
19
5
-7
-18
-29
-39
-52
-64
-78
-91
-103
-116
-130
-147
-158
-171
-176
-194
-207
-222
-233
-238
-253
-262
-279
-289
-298
-306
-319
-320
-315
-292
-268
-244
-231
-216
-202
-181
-156
-132
-103
-83
-57
-33
-8
15
34
51
62
76
89
106
119
133
142
154
160
168
171
173
169
164
156
151
145
136
130
116
102
80
58
42
29
21
18
15
15
13
11
8
7
8
14
18
26
34
43
54
58
66
70
76
79
83
89
98
108
117
121
122
124
124
125
120
112
106
103
101
96
85
74
64
51
40
21
2
-18
-36
-55
-70
-82
-96
-112
-132
-158
-185
-206
-228
-242
-262
-277
-289
-300
-312
-325
-335
-344
-352
-349
-334
-300
-262
-230
-207
-189
-168
-138
-108
-71
-48
-19
10
39
68
87
103
114
124
136
146
152
162
171
184
192
192
189
181
171
157
147
131
117
101
85
69
50
26
0
-25
-44
-61
-69
-75
-74
-74
-76
-74
-74
-73
-67
-55
-39
-20
-9
9
24
43
60
73
87
94
108
123
142
157
166
176
182
185
192
194
196
193
192
190
188
188
178
170
160
146
128
109
87
62
37
18
-1
-19
-37
-61
-92
-124
-156
-188
-218
-242
-267
-290
-311
-335
-352
-374
-393
-407
-412
-402
-374
-340
-307
-286
-266
-249
-217
-184
-148
-114
-89
-57
-28
13
37
63
79
90
105
120
135
151
163
175
191
195
197
190
187
175
167
155
144
126
107
93
71
49
16
-10
-32
-53
-70
-78
-82
-81
-83
-83
-79
-78
-72
-61
-46
-30
-17
-2
15
33
53
71
87
97
111
129
146
164
183
196
206
216
225
236
239
237
236
236
237
234
229
225
214
204
188
171
151
127
105
82
60
34
10
-14
-34
-61
-94
-133
-170
-206
-237
-268
-296
-326
-354
-379
-406
-423
-447
-459
-476
-480
-464
-431
-380
-350
-327
-305
-282
-239
-201
-163
-125
-87
-50
-9
33
56
83
102
116
136
149
168
184
199
213
226
231
233
225
221
206
189
175
160
140
120
98
72
39
5
-29
-55
-76
-98
-102
-105
-104
-107
-103
-95
-90
-85
-78
-68
-54
-39
-15
9
34
57
67
80
86
102
122
143
166
189
208
223
232
238
246
249
251
252
256
256
251
243
233
221
207
186
167
137
108
80
52
30
5
-15
-40
-72
-115
-156
-201
-236
-277
-306
-342
-371
-409
-446
-472
-501
-510
-532
-530
-529
-490
-443
-397
-364
-344
-314
-280
-229
-181
-136
-92
-52
-11
41
66
99
118
136
162
175
199
218
237
250
273
275
283
278
272
260
245
228
207
178
151
125
96
70
24
-12
-47
-78
-96
-106
-110
-105
-108
-97
-93
-91
-87
-83
-70
-50
-35
-12
13
35
61
75
99
107
117
140
163
193
220
238
255
267
277
289
287
285
280
280
283
278
269
257
240
220
197
169
134
95
60
34
16
-9
-40
-77
-123
-173
-221
-267
-315
-361
-402
-445
-475
-518
-548
-575
-596
-602
-603
-581
-545
-496
-460
-421
-387
-347
-291
-241
-183
-133
-82
-36
27
69
106
144
164
191
214
229
258
284
306
334
344
355
356
354
342
319
293
279
258
229
195
153
121
75
22
-25
-63
-94
-120
-137
-142
-145
-148
-143
-146
-139
-144
-133
-122
-104
-88
-56
-32
-2
26
44
71
77
98
123
151
185
217
241
270
286
307
322
322
324
317
322
324
323
313
304
281
263
230
202
163
122
91
61
38
6
-30
-83
-126
-193
-239
-311
-356
-423
-466
-525
-567
-612
-642
-662
-683
-683
-676
-630
-590
-546
-519
-485
-445
-379
-319
-257
-197
-146
-90
-32
37
70
129
140
188
205
233
259
299
325
363
386
399
410
397
396
373
353
329
308
269
246
199
171
115
55
3
-44
-78
-114
-140
-155
-160
-163
-148
-139
-115
-142
-141
-135
-136
-120
-81
-55
-17
29
52
83
94
118
143
174
199
228
260
288
320
357
373
379
375
359
352
345
340
332
322
307
288
257
227
187
140
100
64
25
-17
-60
-109
-164
-223
-287
-356
-423
-490
-548
-608
-653
-701
-726
-747
-745
-736
-702
-648
-608
-577
-545
-513
-453
-395
-318
-256
-196
-114
-58
35
85
133
177
186
225
245
264
300
340
375
421
439
463
467
462
442
411
373
340
301
261
232
192
162
106
48
-7
-65
-107
-143
-180
-193
-211
-211
-195
-186
-165
-162
-157
-139
-131
-107
-85
-58
-23
19
62
105
140
173
210
234
267
287
310
332
355
380
400
406
412
408
409
398
379
363
337
314
282
252
218
176
137
101
57
12
-38
-92
-161
-234
-302
-385
-445
-528
-586
-653
-702
-749
-778
-791
-802
-743
-728
-657
-618
-584
-537
-521
-454
-398
-315
-240
-148
-77
6
90
151
182
200
207
243
267
291
339
344
409
439
477
491
491
479
445
413
367
326
273
238
195
168
127
75
16
-42
-92
-130
-183
-228
-258
-288
-277
-276
-254
-229
-213
-194
-177
-148
-115
-85
-56
-19
19
63
112
163
223
267
312
349
370
396
404
416
429
433
445
446
448
448
444
437
425
395
364
331
296
241
201
152
113
68
31
-5
-72
-127
-223
-286
-385
-462
-556
-643
-711
-778
-836
-883
-951
-963
-755
-683
-613
-559
-527
-458
-470
-430
-385
-279
-169
-41
31
150
283
358
396
378
361
335
291
263
294
326
412
427
472
474
503
469
356
252
171
87
-1
-56
-75
-64
-82
-82
-95
-95
-121
-185
-241
-255
-290
-330
-324
-293
-202
-118
-39
49
119
174
257
280
294
298
317
315
372
393
434
478
498
514
511
470
357
330
238
225
176
198
177
242
238
258
242
201
118
59
-40
-83
-157
-189
-210
-224
-231
-312
-375
-475
-576
-715
-874
-980
-1065
-1059
-970
-909
-779
-500
-229
-21
99
82
193
262
196
151
163
239
392
439
558
616
671
587
441
240
134
-68
-207
-377
-404
-305
-227
-191
-157
-103
-43
-93
-215
-265
-292
-257
-253
-168
14
201
275
351
366
436
362
241
137
85
67
62
33
103
147
147
124
67
45
-24
-111
-161
-122
-76
18
56
168
274
378
393
401
372
393
332
310
274
317
339
366
365
395
403
378
323
268
244
177
134
76
39
-6
-19
-73
-80
-150
-196
-276
-382
-501
-614
-765
-871
-999
-1056
-1100
-1033
-974
-831
-691
-475
-174
77
249
314
377
490
546
457
438
407
496
538
551
530
541
440
340
109
-32
-218
-375
-523
-607
-595
-495
-438
-377
-292
-187
-70
-72
-71
-44
8
82
128
217
383
466
545
543
567
550
464
308
212
93
9
-116
-191
-213
-227
-247
-269
-310
-251
-203
-143
-87
-35
62
178
272
361
443
532
606
640
683
666
636
577
518
459
405
340
301
258
255
223
190
135
56
-12
-79
-175
-216
-290
-309
-336
-336
-378
-398
-472
-567
-691
-846
-956
-1060
-1066
-1068
-879
-746
-504
-200
204
454
659
596
696
705
627
434
300
234
324
325
342
347
366
340
184
-23
-222
-433
-620
-817
-903
-801
-666
-524
-397
-196
43
201
211
215
193
252
211
197
252
390
485
567
591
686
670
557
361
186
13
-161
-376
-475
-516
-464
-422
-350
-241
-115
-14
43
58
119
162
203
250
331
474
619
697
766
803
786
697
566
447
322
195
72
13
20
46
67
76
59
35
-35
-128
-225
-308
-392
-427
-481
-438
-437
-444
-487
-527
-600
-669
-830
-910
-953
-867
-762
-616
-323
92
462
710
795
902
991
873
620
344
170
147
69
5
5
107
206
190
49
-81
-253
-426
-684
-894
-937
-871
-764
-611
-388
-52
239
394
473
514
552
498
337
240
219
263
289
305
392
509
548
500
357
204
9
-243
-474
-634
-703
-691
-621
-449
-222
18
213
349
465
554
561
518
456
463
513
554
575
601
633
638
581
473
349
213
73
-67
-144
-194
-176
-173
-146
-126
-79
-84
-69
-148
-175
-251
-290
-382
-438
-548
-576
-679
-695
-795
-796
-827
-723
-658
-502
-347
6
305
596
693
785
902
945
801
571
353
274
244
87
-16
-71
35
54
-15
-178
-222
-317
-403
-652
-735
-754
-656
-643
-524
-337
25
224
380
420
598
685
658
460
390
347
374
241
168
184
306
319
261
131
101
-10
-168
-400
-519
-575
-576
-600
-503
-302
-7
187
358
528
742
843
822
727
708
694
643
511
411
381
386
334
246
170
143
76
-3
-95
-131
-152
-189
-247
-242
-238
-189
-204
-211
-201
-194
-220
-284
-387
-467
-562
-699
-811
-928
-943
-872
-748
-600
-305
60
493
773
908
996
1108
1089
886
562
311
224
155
11
-117
-87
51
127
38
-60
-110
-154
-334
-593
-751
-738
-711
-702
-649
-404
-60
223
368
504
703
852
795
622
471
421
340
149
6
15
125
194
155
127
162
144
10
-206
-367
-437
-527
-611
-607
-452
-209
-2
187
435
696
865
869
826
823
819
697
496
339
315
313
241
116
74
100
110
28
-56
-92
-84
-132
-209
-258
-242
-220
-230
-248
-209
-175
-179
-237
-322
-378
-472
-618
-784
-899
-962
-935
-861
-728
-491
-96
309
695
913
1060
1186
1240
1095
839
513
340
214
54
-113
-171
-101
30
5
-54
-95
-104
-178
-380
-594
-661
-680
-690
-691
-578
-302
-4
211
380
578
807
897
818
688
598
530
354
109
-41
-61
-27
-58
-127
-104
-35
-15
-114
-257
-339
-381
-469
-523
-510
-377
-220
-53
162
451
707
863
931
1017
1089
1055
860
630
478
389
248
52
-85
-69
-6
16
-15
-6
60
97
27
-85
-170
-210
-252
-353
-396
-399
-355
-360
-381
-421
-445
-560
-687
-835
-936
-994
-993
-932
-750
-449
-12
406
754
990
1220
1388
1410
1185
892
617
476
269
34
-181
-189
-110
-35
-102
-130
-122
-81
-174
-347
-490
-518
-544
-576
-584
-448
-212
13
175
368
616
841
891
833
785
771
668
418
139
-5
-52
-127
-269
-360
-319
-220
-200
-260
-302
-272
-256
-306
-368
-351
-261
-155
-51
116
349
587
753
886
1031
1141
1124
979
808
669
522
295
51
-95
-121
-112
-126
-116
-36
93
169
167
116
73
-4
-90
-227
-315
-401
-440
-493
-479
-516
-521
-636
-674
-784
-799
-919
-898
-905
-716
-554
-158
147
550
774
1068
1241
1391
1257
1088
812
679
472
228
-57
-178
-182
-119
-201
-247
-232
-140
-116
-215
-336
-333
-320
-334
-388
-374
-214
-37
113
239
440
676
824
842
847
839
803
607
345
139
21
-113
-303
-479
-493
-421
-358
-395
-419
-369
-261
-226
-260
-299
-234
-123
-14
70
198
376
573
734
866
955
1014
1002
932
822
675
508
311
132
8
-65
-106
-125
-101
-8
98
165
187
158
142
87
-1
-140
-256
-379
-436
-528
-570
-659
-681
-740
-766
-837
-870
-896
-832
-776
-660
-431
-94
260
536
760
990
1230
1317
1220
1005
839
713
531
223
-54
-169
-143
-170
-281
-341
-249
-136
-117
-226
-273
-235
-197
-268
-336
-305
-144
-4
91
197
414
651
769
771
783
823
797
593
328
148
51
-92
-323
-510
-535
-472
-452
-501
-512
-401
-264
-205
-225
-211
-107
5
65
106
208
376
538
658
770
893
980
990
911
824
722
574
364
173
59
9
-68
-130
-117
9
125
179
173
201
225
188
57
-93
-214
-296
-409
-526
-600
-625
-637
-680
-742
-756
-769
-783
-807
-764
-666
-497
-300
-15
272
576
782
968
1112
1193
1109
943
726
590
406
165
-91
-208
-218
-218
-305
-320
-262
-141
-103
-150
-189
-144
-130
-158
-230
-208
-95
41
133
230
398
619
739
775
777
796
755
584
347
171
37
-117
-328
-485
-535
-510
-511
-537
-526
-423
-320
-256
-243
-192
-94
2
61
117
224
391
538
645
753
871
969
975
909
829
757
646
474
301
187
117
61
16
18
76
144
193
212
223
207
148
34
-84
-216
-306
-417
-502
-558
-559
-549
-554
-584
-604
-594
-606
-656
-709
-693
-633
-538
-385
-147
149
424
630
838
1030
1142
1061
892
716
613
430
169
-108
-185
-170
-156
-245
-253
-162
-2
19
-49
-110
-57
-33
-83
-182
-177
-87
36
81
160
302
508
606
636
646
705
690
556
341
200
99
-50
-290
-480
-553
-537
-561
-606
-600
-468
-322
-237
-218
-165
-60
56
113
137
192
326
477
599
678
778
876
944
938
896
837
756
621
480
361
282
195
112
60
74
103
115
85
70
68
54
-15
-119
-205
-253
-281
-327
-371
-389
-352
-332
-359
-417
-472
-507
-573
-682
-766
-771
-726
-658
-523
-269
46
311
501
675
875
1001
945
779
624
551
448
240
13
-59
-5
40
-43
-107
-58
65
90
-13
-111
-87
-45
-77
-177
-206
-115
3
46
68
171
355
476
507
517
582
623
537
346
192
99
-8
-205
-418
-523
-521
-506
-549
-588
-523
-380
-276
-263
-266
-180
-45
70
129
205
350
524
652
751
847
937
983
960
911
855
781
656
505
391
304
204
86
-10
-46
-34
-38
-66
-84
-43
20
47
18
-17
-2
23
20
-41
-97
-128
-139
-206
-321
-433
-535
-598
-728
-829
-929
-919
-916
-832
-724
-463
-214
69
266
508
727
914
917
883
800
787
692
522
299
199
162
144
11
-57
-56
32
34
-27
-111
-96
-100
-145
-262
-315
-293
-226
-185
-124
-5
181
324
424
490
570
610
554
424
302
192
63
-130
-322
-436
-485
-521
-583
-621
-559
-452
-354
-304
-242
-131
-10
76
134
179
268
364
473
561
667
770
896
963
1009
984
941
844
712
553
381
206
48
-86
-165
-199
-191
-148
-77
32
157
256
324
358
358
329
251
153
29
-85
-194
-277
-368
-440
-502
-538
-590
-649
-733
-805
-871
-930
-968
-953
-836
-616
-349
-84
189
497
822
1063
1144
1147
1126
1110
990
751
491
338
253
137
-55
-186
-187
-130
-152
-237
-286
-231
-172
-194
-271
-285
-221
-153
-138
-118
-22
130
236
290
351
456
530
507
422
350
294
187
3
-190
-308
-367
-427
-515
-559
-510
-394
-300
-246
-187
-69
55
134
148
163
211
273
320
374
478
597
714
792
873
930
967
910
815
714
629
509
343
183
113
104
92
38
19
94
211
270
252
217
239
252
194
46
-77
-145
-177
-282
-393
-482
-481
-493
-518
-588
-602
-605
-614
-655
-695
-687
-695
-673
-595
-375
-137
108
275
542
837
1106
1142
1101
1031
1059
950
703
363
185
101
14
-199
-336
-353
-234
-205
-231
-264
-161
-67
-38
-117
-139
-113
-76
-135
-184
-161
-59
3
36
94
245
373
419
388
385
409
381
238
52
-92
-166
-252
-399
-529
-552
-474
-380
-334
-281
-158
11
157
222
259
311
380
429
445
474
536
619
699
787
862
937
951
927
868
797
681
511
305
148
45
-15
-96
-163
-154
-68
34
88
102
134
185
206
139
14
-82
-144
-208
-306
-411
-438
-420
-393
-397
-369
-339
-284
-316
-357
-423
-454
-507
-590
-639
-553
-382
-179
-35
161
452
791
972
1014
987
1039
1040
893
580
323
195
119
-76
-288
-395
-333
-258
-277
-333
-303
-192
-121
-168
-246
-254
-192
-172
-216
-226
-127
10
99
148
247
399
493
485
427
408
395
296
112
-72
-179
-234
-319
-449
-518
-474
-336
-239
-200
-130
42
238
359
373
407
484
563
562
517
503
548
594
646
669
722
761
782
756
719
634
510
347
189
68
-53
-168
-273
-292
-245
-174
-124
-62
33
174
267
308
300
312
309
259
160
66
-2
-51
-134
-192
-235
-249
-282
-335
-389
-425
-465
-534
-593
-646
-652
-681
-620
-502
-287
-86
118
329
599
832
942
946
916
918
847
666
412
225
116
16
-167
-319
-370
-308
-281
-307
-322
-243
-141
-100
-146
-157
-118
-64
-99
-149
-155
-83
-31
-5
23
128
240
321
338
367
414
454
411
320
219
164
99
-8
-141
-196
-170
