16
17
16
16
14
14
15
19
19
18
16
17
19
21
21
18
17
17
18
19
19
20
21
21
20
19
19
20
21
21
20
21
23
23
21
19
18
18
21
22
21
22
20
19
22
24
25
25
22
21
21
22
24
25
24
23
21
20
21
21
23
23
24
24
26
27
26
23
22
23
24
26
25
26
23
24
25
25
25
21
20
22
23
23
23
22
24
26
26
23
23
25
27
27
27
27
26
28
28
28
26
25
27
28
28
29
30
30
27
27
27
30
31
29
28
28
29
29
26
28
28
29
29
30
31
28
29
29
31
32
31
28
27
28
29
27
25
25
27
29
29
28
28
29
31
29
29
29
32
31
32
33
35
35
33
31
31
32
32
31
30
31
34
36
36
35
34
35
35
35
35
35
34
34
35
36
37
37
36
35
34
33
34
34
35
36
38
39
40
36
35
35
35
37
37
38
38
38
40
41
38
36
33
33
35
38
39
39
39
39
39
40
42
41
41
41
40
37
39
38
40
39
42
41
40
38
39
39
39
42
42
41
42
41
41
43
42
42
40
40
38
39
37
37
39
40
41
41
42
41
41
39
37
37
40
41
41
40
40
42
41
41
42
45
45
43
42
44
46
46
45
44
45
45
47
46
47
48
50
50
50
49
48
48
48
46
47
49
48
50
51
51
47
43
44
46
48
51
48
47
49
48
47
45
47
50
49
48
44
43
43
42
41
41
45
49
48
45
41
41
42
44
42
41
42
43
47
44
44
43
44
43
44
44
46
47
46
45
43
43
41
43
43
43
43
46
47
45
45
45
46
45
45
45
46
45
46
44
45
44
45
46
45
46
47
49
49
50
50
47
46
44
45
47
47
49
48
47
48
48
47
47
49
49
48
48
47
48
49
47
47
49
50
51
50
52
54
53
52
52
52
51
53
51
52
52
51
50
50
51
53
52
53
52
54
51
50
49
50
52
50
50
47
49
50
51
50
49
50
50
48
48
46
45
45
46
45
46
47
48
46
43
42
40
40
39
42
39
39
36
39
38
37
39
41
42
42
45
43
42
42
42
45
45
42
38
38
41
43
41
42
41
42
41
42
43
45
46
46
44
43
46
48
48
48
48
49
51
53
52
50
50
50
51
53
55
57
57
60
62
63
63
63
64
63
67
66
65
65
67
68
68
70
72
74
76
74
75
76
73
75
74
77
76
77
76
77
77
76
74
72
71
72
74
71
71
71
71
70
68
67
64
63
59
59
57
56
55
52
50
50
49
47
42
40
39
37
35
34
32
28
29
28
28
25
24
19
18
16
17
14
9
6
0
2
-3
-6
-8
-9
-7
-12
-13
-19
-21
-22
-21
-19
-21
-23
-25
-30
-27
-33
-30
-32
-31
-31
-32
-24
-17
-7
1
8
21
34
48
61
72
86
96
111
125
137
151
160
169
173
178
182
182
186
191
193
193
193
195
193
195
192
188
187
181
180
176
174
169
162
158
150
143
136
128
122
114
110
103
96
92
90
87
80
73
66
62
57
53
49
45
40
32
26
19
10
1
-10
-20
-28
-34
-39
-49
-57
-69
-80
-91
-104
-115
-128
-134
-145
-152
-162
-173
-180
-188
-191
-195
-195
-188
-174
-150
-129
-111
-94
-77
-50
-28
-7
17
40
70
91
116
129
143
150
155
159
160
169
176
179
182
183
187
184
181
180
174
172
167
162
153
142
134
121
109
97
83
72
62
52
43
37
34
30
28
24
22
22
22
25
24
26
29
33
45
59
71
82
87
99
107
123
126
132
136
145
157
167
175
178
181
180
179
174
168
158
153
148
148
145
147
143
143
141
137
136
134
136
139
139
141
137
135
130
127
125
115
106
95
90
84
77
67
59
49
43
34
23
12
-3
-17
-34
-46
-61
-72
-90
-105
-122
-133
-142
-152
-166
-180
-189
-194
-195
-194
-183
-165
-140
-120
-110
-92
-80
-56
-41
-22
-7
13
34
51
71
84
99
103
106
111
119
127
136
134
142
146
153
155
154
151
142
140
135
131
124
114
107
104
105
99
89
80
72
65
60
61
64
66
70
74
81
91
102
110
114
123
139
156
177
187
197
204
214
226
236
246
248
252
254
256
254
250
245
241
236
232
223
214
203
195
185
178
169
158
152
143
137
131
126
118
112
104
98
88
82
76
71
64
54
43
29
20
9
-4
-15
-25
-37
-48
-63
-68
-86
-92
-112
-124
-140
-156
-167
-184
-193
-211
-214
-232
-230
-240
-227
-221
-190
-174
-145
-139
-117
-99
-68
-37
-10
20
41
71
92
122
135
150
144
152
159
177
186
191
190
197
201
208
209
210
210
201
193
186
181
174
160
144
130
121
109
94
76
63
51
41
37
33
35
32
28
33
41
48
51
50
55
64
77
92
110
130
148
159
171
187
204
218
229
243
256
268
275
283
289
291
285
276
265
256
249
245
238
233
224
220
215
210
203
193
187
181
178
175
167
161
153
145
134
119
107
93
81
66
56
41
26
10
-1
-11
-20
-33
-51
-70
-88
-104
-119
-137
-155
-175
-191
-212
-225
-246
-261
-275
-287
-295
-299
-294
-280
-254
-226
-195
-183
-155
-141
-100
-78
-39
-13
19
44
69
100
120
137
134
141
148
166
175
183
184
197
203
215
217
218
222
216
210
200
198
190
176
160
144
136
122
104
86
69
56
47
45
44
44
38
35
39
47
55
59
59
68
81
100
120
139
151
164
176
197
215
237
249
262
276
287
297
301
306
304
301
296
290
285
279
268
260
250
246
236
228
219
214
210
202
194
183
175
169
160
149
137
126
118
106
93
75
59
42
26
12
-3
-18
-33
-44
-60
-70
-89
-98
-117
-134
-154
-174
-188
-203
-219
-239
-261
-282
-300
-314
-328
-340
-333
-328
-298
-278
-238
-218
-196
-172
-150
-106
-83
-41
-24
16
39
76
100
121
128
124
128
139
156
167
177
179
195
200
216
214
220
216
203
195
187
187
174
157
139
123
114
96
77
59
45
35
26
29
34
37
36
36
42
51
56
62
66
81
98
117
137
158
175
187
203
225
246
265
277
289
300
313
319
321
322
323
321
315
307
298
289
275
263
253
246
238
231
223
218
211
202
190
179
168
161
152
144
134
124
111
98
84
66
47
30
15
-1
-13
-28
-39
-51
-61
-74
-92
-107
-131
-146
-174
-187
-215
-224
-252
-269
-299
-317
-341
-357
-376
-388
-381
-375
-339
-313
-273
-257
-233
-211
-174
-130
-101
-61
-40
5
34
75
101
123
127
128
135
151
171
176
182
188
208
222
234
232
233
227
217
210
203
198
183
166
150
140
127
104
83
65
55
43
33
30
34
35
37
43
57
69
76
79
88
107
126
148
165
185
205
224
248
268
291
305
317
331
346
360
368
375
378
381
376
367
356
345
331
314
297
290
278
266
257
246
238
226
211
194
179
167
154
139
123
106
95
82
70
51
29
4
-14
-30
-41
-56
-70
-83
-98
-107
-123
-130
-158
-166
-195
-206
-229
-248
-268
-291
-309
-334
-352
-379
-395
-412
-417
-411
-391
-359
-317
-284
-260
-231
-199
-156
-122
-91
-55
-21
21
52
93
110
132
127
135
146
166
180
180
188
205
226
243
252
249
250
237
230
219
215
205
184
163
147
143
130
107
79
62
51
43
36
37
40
42
43
52
66
77
85
83
95
114
136
157
174
194
211
235
257
282
306
323
333
345
359
372
380
386
389
392
390
381
371
354
337
320
306
298
284
270
255
246
238
229
215
199
182
169
157
142
127
112
96
80
65
46
26
3
-14
-31
-46
-61
-80
-94
-107
-114
-129
-141
-165
-184
-213
-235
-260
-283
-309
-336
-359
-383
-403
-427
-447
-465
-469
-456
-428
-391
-351
-330
-302
-277
-238
-189
-154
-115
-86
-43
-2
40
70
92
106
107
118
129
149
162
168
180
201
221
241
245
248
244
236
230
220
216
200
181
162
155
147
130
106
81
64
52
44
41
43
47
51
55
70
82
92
96
99
115
130
153
170
192
212
236
257
280
302
318
335
344
363
374
385
388
395
394
393
386
377
362
345
322
299
287
270
259
238
227
218
209
196
180
163
146
128
113
99
87
71
56
41
24
6
-14
-34
-52
-67
-82
-102
-110
-124
-135
-146
-160
-178
-196
-214
-234
-255
-281
-304
-337
-360
-391
-405
-436
-450
-468
-472
-466
-454
-405
-378
-331
-322
-289
-260
-213
-166
-131
-81
-52
-1
29
79
101
127
121
129
135
161
177
187
203
214
241
250
269
272
279
265
251
240
234
224
203
183
170
168
154
130
99
76
62
49
40
35
34
37
45
58
75
80
83
83
89
108
125
143
163
181
208
234
267
295
317
330
343
361
379
391
398
404
408
418
418
408
395
381
364
346
326
309
290
273
261
252
243
234
219
206
188
173
155
136
116
98
82
62
44
21
-3
-23
-38
-55
-78
-91
-115
-127
-152
-154
-179
-184
-206
-220
-241
-271
-293
-328
-352
-386
-410
-440
-460
-487
-498
-517
-501
-478
-427
-393
-366
-342
-329
-280
-234
-180
-144
-90
-52
-9
45
87
103
113
106
116
139
158
177
179
193
218
249
272
281
290
282
270
259
251
241
218
195
180
171
170
151
120
97
77
58
44
34
26
23
22
35
57
77
81
78
78
89
105
116
130
145
167
193
222
255
283
316
333
352
366
382
396
404
416
427
434
435
433
424
411
389
372
349
333
314
292
276
262
254
244
234
226
214
200
183
162
143
122
98
71
48
27
5
-11
-33
-55
-77
-94
-116
-127
-151
-164
-189
-198
-221
-233
-257
-276
-295
-325
-350
-393
-422
-472
-486
-519
-521
-537
-523
-489
-444
-399
-382
-363
-336
-297
-239
-196
-141
-105
-54
-9
44
90
114
119
111
117
138
159
168
181
191
226
250
276
289
291
290
274
264
259
247
226
200
183
180
166
152
123
99
81
58
42
30
26
21
20
29
52
70
78
75
78
92
106
117
123
137
149
168
193
229
269
303
330
354
374
395
409
421
434
449
457
458
463
462
455
439
421
403
381
359
337
316
299
283
273
267
258
250
235
220
203
181
160
134
109
84
57
32
5
-21
-47
-69
-86
-103
-125
-147
-171
-197
-204
-232
-236
-269
-274
-310
-323
-353
-380
-415
-459
-491
-534
-544
-562
-544
-531
-476
-451
-404
-399
-356
-333
-279
-240
-192
-133
-87
-18
23
80
101
123
118
128
136
156
166
175
190
214
249
270
290
298
308
301
287
272
259
245
225
203
193
185
167
145
114
98
78
61
42
31
27
24
30
42
60
72
79
84
99
114
128
134
140
153
168
187
213
244
275
303
333
363
393
414
424
437
449
458
462
460
461
459
452
440
426
412
388
361
331
310
291
273
257
247
238
230
219
204
190
172
148
118
88
56
25
-8
-37
-59
-81
-100
-123
-146
-161
-193
-202
-236
-255
-284
-310
-328
-362
-377
-417
-446
-486
-518
-546
-561
-577
-588
-588
-555
-510
-452
-445
-407
-392
-332
-282
-230
-168
-127
-59
-9
58
104
134
132
131
134
162
175
185
189
207
244
272
297
307
318
319
304
286
277
256
229
194
183
176
162
141
108
93
83
65
39
14
4
-3
-7
-1
16
33
45
46
63
86
109
121
122
132
146
162
175
202
230
265
298
338
376
412
445
459
476
482
491
489
488
490
483
476
469
461
450
430
405
377
352
328
302
280
261
245
230
219
210
201
181
158
132
103
73
36
-4
-41
-73
-94
-121
-137
-157
-176
-198
-224
-241
-276
-293
-332
-348
-388
-408
-452
-478
-507
-541
-560
-595
-596
-603
-583
-544
-503
-453
-447
-413
-387
-341
-276
-246
-166
-137
-54
8
81
130
164
172
174
182
192
208
203
213
217
250
280
311
328
345
356
348
338
316
293
260
222
200
180
158
139
108
101
91
79
69
45
34
15
1
7
8
14
21
28
48
72
103
132
145
164
178
198
215
229
251
273
298
323
353
392
436
474
507
534
561
576
575
560
538
552
588
565
510
501
477
433
403
407
382
329
298
287
260
201
157
101
61
35
9
-20
-41
-45
-59
-103
-124
-143
-183
-222
-255
-278
-319
-365
-387
-415
-432
-464
-522
-568
-623
-681
-723
-788
-779
-787
-747
-699
-562
-396
-239
-143
-38
80
185
208
187
224
254
329
318
371
413
455
460
426
398
347
237
92
-13
-82
-122
-199
-240
-223
-152
-73
-30
-15
3
9
-4
-32
-64
-68
-70
-61
-30
52
149
214
246
288
331
346
296
219
164
137
114
87
87
111
141
176
214
257
279
262
231
210
217
221
228
243
279
338
408
488
554
609
652
683
699
687
641
591
545
513
486
458
441
424
410
390
366
327
271
205
153
122
105
90
82
93
117
142
141
126
92
67
16
-39
-116
-168
-214
-242
-267
-290
-316
-340
-380
-408
-444
-492
-546
-632
-681
-737
-776
-823
-852
-865
-808
-770
-664
-569
-360
-127
57
171
230
358
440
446
382
361
395
464
449
451
441
445
397
268
155
29
-112
-294
-428
-476
-452
-447
-445
-388
-250
-88
10
23
34
84
127
125
85
113
169
222
255
307
404
466
453
411
386
370
288
151
41
9
11
-19
-53
-35
41
118
156
170
203
231
240
232
240
277
330
369
402
477
558
631
669
673
711
739
731
675
600
555
515
452
382
326
302
281
248
226
221
205
171
129
116
126
126
115
114
146
187
204
197
181
169
142
84
5
-64
-127
-168
-231
-280
-327
-358
-406
-441
-492
-520
-579
-637
-701
-751
-794
-839
-891
-910
-899
-831
-742
-641
-464
-209
76
323
425
524
607
668
647
527
430
410
423
419
381
335
326
267
168
33
-120
-278
-447
-589
-641
-621
-586
-530
-453
-272
-56
109
187
205
269
337
343
289
233
245
279
294
317
362
435
459
429
397
368
298
156
-3
-103
-139
-173
-218
-231
-150
-10
118
193
266
349
427
456
441
434
446
470
469
488
547
630
689
714
736
782
775
704
592
498
441
349
235
143
124
142
149
131
146
182
204
191
161
145
144
125
100
96
128
177
192
198
195
206
171
95
-8
-89
-179
-259
-365
-433
-470
-486
-508
-547
-559
-568
-572
-634
-690
-763
-816
-882
-936
-937
-902
-798
-676
-459
-148
160
430
567
696
795
810
726
561
431
383
347
290
238
208
209
191
103
0
-125
-298
-452
-610
-675
-671
-686
-630
-532
-319
-60
113
238
336
457
541
528
455
389
346
313
263
235
249
289
322
338
360
370
322
216
92
-12
-91
-188
-281
-307
-246
-115
17
135
278
434
582
674
695
688
667
632
586
525
495
492
499
525
567
619
646
618
567
511
445
348
206
77
14
0
3
2
31
108
203
272
304
309
299
275
239
199
168
142
132
137
162
188
198
166
115
58
-11
-102
-228
-343
-444
-494
-558
-597
-645
-659
-638
-644
-650
-698
-738
-782
-824
-862
-860
-817
-714
-547
-282
22
314
498
676
817
906
891
731
586
462
377
274
127
27
-9
-13
-44
-112
-194
-270
-356
-443
-507
-544
-561
-554
-517
-374
-169
21
160
286
463
637
716
694
631
588
546
444
317
216
183
172
158
162
184
210
190
137
87
34
-36
-140
-229
-237
-179
-103
-26
84
252
451
608
701
758
796
810
764
679
588
506
438
374
333
322
328
336
344
364
391
380
322
243
181
136
87
34
11
42
111
188
254
315
371
409
414
393
354
307
255
202
159
124
93
62
26
0
-36
-73
-146
-219
-290
-344
-407
-478
-557
-608
-643
-662
-686
-721
-737
-779
-791
-824
-831
-812
-785
-684
-558
-300
-49
224
394
567
738
838
845
722
613
543
474
357
206
91
48
12
-60
-150
-227
-297
-362
-437
-495
-508
-522
-506
-479
-374
-207
-51
79
200
360
541
645
662
646
639
630
550
420
323
280
255
215
184
184
198
179
131
87
51
4
-76
-147
-165
-134
-85
-44
26
152
314
448
536
601
666
718
709
651
577
516
449
359
278
226
208
189
173
178
202
217
199
180
174
177
163
124
104
115
152
178
191
219
267
321
351
361
366
376
378
348
299
253
209
148
71
-1
-59
-113
-186
-254
-292
-322
-352
-426
-477
-523
-546
-609
-681
-752
-792
-831
-897
-934
-956
-908
-850
-758
-629
-393
-110
171
376
527
701
823
862
764
649
564
504
399
258
138
66
28
-44
-128
-204
-272
-334
-408
-472
-483
-487
-476
-462
-407
-253
-80
65
181
312
494
649
711
707
685
685
647
544
423
343
300
255
201
159
141
118
70
8
-31
-54
-94
-165
-214
-204
-150
-100
-73
-12
119
280
399
472
542
631
683
669
617
563
512
436
329
246
204
160
103
52
57
102
121
121
131
178
235
240
211
198
220
245
238
221
235
282
330
352
366
396
425
412
369
326
289
231
133
39
-36
-87
-164
-248
-314
-332
-338
-373
-426
-460
-477
-504
-565
-640
-684
-726
-763
-825
-866
-887
-875
-846
-792
-684
-549
-321
-86
169
379
525
697
792
849
789
697
618
544
440
294
166
76
18
-70
-168
-237
-295
-340
-392
-443
-438
-435
-419
-389
-332
-195
-68
45
148
271
437
566
616
634
646
685
677
597
516
454
420
348
245
149
82
23
-43
-109
-150
-164
-192
-221
-215
-166
-106
-76
-52
13
121
231
303
350
422
512
583
594
568
551
532
487
407
323
257
179
105
36
10
14
12
6
18
73
138
174
175
187
221
260
272
267
279
314
360
391
410
425
441
439
415
372
314
245
155
60
-23
-104
-183
-272
-338
-366
-380
-390
-421
-427
-432
-428
-455
-493
-534
-574
-609
-658
-689
-728
-732
-744
-713
-662
-589
-496
-340
-123
120
313
447
605
736
835
800
706
622
563
475
313
149
24
-37
-104
-201
-279
-327
-335
-350
-377
-366
-335
-294
-272
-243
-141
-25
68
121
184
326
472
564
593
625
704
760
727
639
559
500
420
289
156
49
-39
-123
-205
-247
-251
-246
-248
-233
-174
-86
-32
-12
30
123
229
285
302
343
430
505
516
490
478
491
464
398
328
284
239
160
68
15
-10
-48
-107
-131
-96
-30
14
37
95
188
285
329
339
367
419
457
447
424
420
432
412
353
304
275
245
178
89
28
-21
-78
-174
-250
-284
-299
-328
-379
-389
-366
-340
-355
-380
-388
-380
-390
-442
-485
-510
-519
-554
-612
-644
-648
-616
-592
-548
-423
-228
-9
153
293
465
631
739
719
676
633
601
502
338
201
107
41
-55
-157
-206
-228
-244
-268
-283
-246
-209
-184
-173
-148
-66
17
73
104
167
297
418
478
504
553
632
658
607
530
478
429
332
199
88
15
-58
-146
-228
-263
-257
-249
-252
-237
-174
-86
-21
19
65
147
232
280
289
314
367
408
398
372
368
383
365
310
261
229
188
107
26
-25
-53
-98
-151
-174
-148
-92
-47
7
83
195
296
367
402
447
492
506
479
431
407
386
344
279
222
196
169
129
77
38
19
-21
-83
-146
-181
-205
-238
-282
-291
-285
-251
-256
-255
-259
-246
-248
-279
-322
-368
-398
-441
-492
-557
-597
-620
-627
-625
-595
-524
-380
-219
-37
110
279
438
578
644
652
647
634
613
510
408
314
239
165
48
-44
-106
-154
-185
-234
-247
-230
-200
-166
-149
-103
-31
40
88
117
176
264
333
359
366
405
449
448
402
353
348
337
282
203
143
119
84
15
-60
-105
-127
-151
-188
-212
-191
-146
-111
-87
-43
40
125
175
201
243
298
324
302
269
261
257
230
170
128
113
104
74
40
36
51
61
52
55
87
129
157
164
184
229
272
296
290
297
312
327
313
276
260
253
248
221
190
180
174
170
146
125
110
86
48
1
-40
-72
-120
-169
-203
-215
-218
-237
-255
-271
-265
-274
-301
-348
-373
-399
-413
-459
-497
-539
-568
-581
-609
-598
-576
-506
-370
-215
-27
128
294
460
618
722
757
778
774
770
685
570
450
340
242
111
-26
-132
-217
-270
-324
-355
-341
-312
-272
-234
-173
-88
-16
25
43
83
146
191
200
204
247
308
342
349
355
384
413
398
363
314
263
191
93
-9
-95
-166
-233
-294
-327
-314
-278
-239
-201
-136
-40
51
117
163
224
285
313
305
293
295
288
258
214
187
177
158
130
112
118
136
136
124
123
132
144
135
110
97
99
108
102
91
102
137
174
194
216
249
281
304
301
309
303
286
255
217
195
161
117
53
4
-31
-71
-125
-186
-231
-255
-275
-307
-332
-341
-330
-319
-326
-331
-333
-326
-335
-357
-374
-404
-416
-453
-465
-469
-457
-430
-374
-252
-97
68
195
344
500
649
718
728
726
707
669
548
421
293
181
74
-61
-169
-253
-314
-354
-397
-408
-387
-354
-329
-302
-239
-143
-62
-18
8
75
158
216
222
223
262
312
332
323
316
328
338
319
286
239
194
127
42
-48
-124
-182
-241
-296
-329
-314
-274
-233
-197
-130
-30
69
141
191
248
303
341
341
327
314
294
264
223
191
158
124
87
68
63
67
65
56
54
72
96
101
92
89
107
131
139
134
142
164
192
207
218
235
258
275
276
269
264
254
234
200
157
122
71
18
-35
-76
-104
-130
-158
-174
-179
-169
-158
-156
-150
-142
-121
-120
-126
-150
-160
-178
-191
-226
-253
-272
-293
-315
-349
-369
-365
-365
-338
-289
-198
-69
29
134
235
361
479
513
536
522
544
510
418
315
203
140
42
-76
-172
-254
-287
-317
-348
-346
-319
-264
-221
-190
-130
-62
0
18
28
70
124
161
155
163
203
243
259
253
258
285
290
271
238
206
180
130
64
-2
-54
-97
-142
-186
-203
-192
-165
-139
-105
-41
37
106
153
198
249
291
300
282
265
244
213
170
128
100
78
56
38
34
43
56
63
69
79
102
120
125
120
120
131
137
134
124
132
151
170
167
178
191
204
205
189
183
172
157
130
98
74
57
39
19
5
8
14
17
9
17
24
39
29
21
9
4
-16
-45
-73
-113
-131
-183
-218
-276
-308
-352
-383
-416
-445
-460
-483
-474
-477
-436
-394
-301
-201
-73
29
146
259
373
453
488
523
538
555
501
435
348
273
187
58
-57
-159
-232
-286
-346
-374
-363
-329
-284
-246
-198
-118
-55
-8
10
45
94
129
136
138
167
200
217
215
232
265
293
293
287
280
272
250
198
139
83
40
-14
-74
-126
-146
-145
-147
-144
-117
-59
-1
47
84
135
187
222
236
236
236
232
219
188
157
132
114
96
79
64
66
74
82
84
93
113
130
135
133
141
149
150
135
131
133
137
136
128
130
138
148
148
145
140
139
143
136
129
128
134
138
140
144
156
159
152
138
121
107
79
42
-6
-43
-82
-119
-156
-191
-203
-222
-225
-246
-249
-268
-277
-299
-326
-355
-388
-417
-438
-444
-420
-377
-304
-206
-77
49
165
285
383
491
525
560
535
538
488
406
311
200
131
34
-65
-142
-201
-220
-246
-267
-253
-226
-188
-167
-146
-97
-47
-12
-4
7
44
90
115
120
140
185
228
252
265
280
311
322
317
300
279
258
213
154
98
61
23
-24
-65
-84
-80
-76
-73
-70
-39
5
48
79
108
147
180
209
217
218
217
216
204
186
160
134
111
82
48
21
8
1
1
8
31
64
94
118
141
170
193
208
200
193
179
179
162
138
119
106
111
105
99
102
115
130
134
128
133
141
145
134
122
110
112
102
83
66
55
49
29
7
-10
-12
-16
-35
-43
-62
-53
-84
-106
-153
-185
-220
-270
-306
-363
-383
-421
-433
-448
-437
-409
-371
-303
-223
-101
-4
91
189
278
386
409
441
426
456
434
383
317
244
211
143
64
-10
-76
-117
-160
-203
-220
-221
-208
-199
-184
-140
-84
-43
-29
-9
38
89
111
110
126
158
193
204
213
226
261
280
290
293
293
292
275
248
205
164
118
66
8
-36
-62
-80
-91
-96
-69
-33
5
37
68
106
142
167
173
174
167
158
139
110
75
43
18
-6
-24
-28
-23
-8
10
44
86
126
154
171
192
208
214
196
177
155
139
123
89
61
44
35
36
29
29
36
52
68
79
94
110
124
133
143
156
160
158
150
148
145
139
127
100
84
64
48
14
-21
-49
-77
-96
-139
-165
-198
-228
-257
-301
-321
-355
-373
-392
-410
-405
-402
-377
-361
-321
-252
-163
-57
26
121
209
310
379
415
429
423
441
391
341
264
197
150
64
-14
-81
-129
-153
-189
-210
-209
-187
-164
-150
-125
-82
-35
-8
-4
14
45
80
90
88
105
138
166
190
204
236
269
289
297
291
288
275
247
206
155
115
79
32
-17
-52
-68
-72
-86
-92
-76
-46
-15
3
26
54
80
99
103
101
100
99
89
69
51
43
38
23
14
16
34
57
79
103
133
168
190
205
209
211
210
192
169
134
104
80
45
16
-12
-23
-23
-25
-12
11
47
82
113
150
182
215
231
237
234
227
210
187
157
129
99
80
52
26
8
-8
-15
-34
-45
-61
-73
-91
-123
-153
-188
-217
-253
-290
-323
-345
-361
-367
-368
-360
-342
-321
-290
-261
-202
-143
-61
-2
63
132
188
255
261
288
289
314
303
274
245
208
192
144
88
39
-1
-29
-62
-98
-114
-120
-127
-133
-128
-101
-74
-54
-40
-18
20
52
71
82
106
138
162
175
189
204
220
226
225
223
216
207
188
163
131
103
71
31
-6
-30
-47
-64
-78
-87
-74
-50
-25
-7
14
42
72
99
111
116
124
129
123
107
92
78
62
45
35
43
55
70
87
109
137
157
171
174
178
173
168
146
116
92
68
57
38
27
26
33
49
67
89
111
135
156
178
190
196
199
193
189
183
170
153
135
121
108
101
84
66
49
35
22
2
-17
-38
-46
-69
-80
-108
-119
-143
-162
-186
-211
-220
-246
-250
-271
-269
-272
-268
-264
-256
-245
-232
-227
-220
-189
-141
-80
-42
2
60
137
196
221
238
261
302
291
271
233
222
210
163
110
65
39
4
-38
-74
-79
-76
-87
-103
-95
-56
-17
-8
-5
22
65
104
104
106
117
137
138
124
111
108
116
108
106
100
110
114
116
114
113
120
115
97
80
72
64
51
33
23
29
38
40
46
54
72
90
95
98
99
107
98
95
76
73
68
67
71
69
84
87
104
103
123
130
139
143
134
139
133
124
107
92
82
80
66
54
45
46
58
64
67
73
89
103
118
124
132
134
139
138
140
136
129
116
101
84
78
66
52
29
14
8
-2
-16
-35
-43
-53
-62
-81
-93
-109
-122
-147
-170
-198
-206
-219
-228
-237
-238
-231
-224
-224
-221
-216
-211
-218
-225
-238
-218
-194
-158
-127
-98
-29
25
95
117
157
197
232
251
233
229
213
205
166
126
87
51
10
-32
-62
-80
-85
-95
-98
-91
-62
-33
-9
8
27
55
79
82
78
81
84
91
78
73
78
98
119
127
138
156
180
192
192
186
182
169
144
112
86
69
48
28
12
14
19
28
28
41
65
94
111
115
124
142
158
148
130
116
113
102
74
46
23
12
-1
-13
-29
-32
-31
-27
-24
-18
-4
9
16
19
30
46
58
64
67
77
90
96
103
107
117
130
134
134
130
134
130
125
112
101
89
80
66
54
41
30
17
0
-12
-26
-32
-43
-54
-67
-75
-80
-88
-94
-94
-95
-91
-95
-95
-92
-94
-87
-100
-93
-103
-104
-106
-112
-110
-121
-125
-144
-145
-167
-167
-183
-174
-163
-151
-132
-122
-85
-73
-43
-36
-11
18
35
48
50
63
76
77
73
67
61
66
63
66
65
71
82
92
101
112
121
125
128
127
129
117
116
99
95
89
81
74
63
63
67
75
77
82
90
99
105
110
109
112
114
109
109
103
102
101
94
98
96
100
98
97
103
102
107
93
83
71
56
45
19
4
-12
-17
-29
-33
-36
-29
-17
-8
3
13
26
29
37
42
46
50
45
47
44
45
52
52
60
69
82
98
105
109
109
110
107
94
83
67
54
41
24
13
5
-2
-4
-8
-9
-8
-9
-11
-20
-23
-30
-40
-54
-70
-82
-92
-105
-116
-118
-120
-111
-113
-103
-94
-78
-66
-61
-52
-55
-50
-64
-77
-101
-123
-143
-168
-194
-220
-240
-250
-256
-246
-236
-216
-190
-162
-125
-95
-62
-29
-2
28
46
67
82
91
95
96
96
91
81
71
67
58
54
40
43
38
42
38
31
40
43
55
54
59
60
69
73
76
76
76
88
94
100
101
112
117
124
124
127
127
128
129
120
117
105
97
86
79
67
61
48
45
39
39
38
30
32
19
22
14
9
6
-10
-8
-16
-14
-13
-15
-9
-6
1
6
19
31
43
54
63
65
68
68
67
69
64
64
58
57
52
46
39
30
23
17
11
6
-1
-4
-5
-5
-3
-4
-5
-6
-6
-5
-3
-7
-6
-8
-5
-3
-6
-10
-17
-16
-29
-33
-43
-45
-50
-55
-58
-60
-58
-56
-55
-53
-51
-50
-48
-51
-53
-65
-73
-81
-87
-100
-110
-119
-125
-126
-132
-127
-129
-123
-119
-117
-115
-110
-105
-100
-92
-83
-71
-61
-52
-46
-28
-19
-5
3
9
22
30
38
42
45
45
44
42
39
31
32
28
30
28
30
36
43
56
66
81
92
109
115
127
129
134
136
130
125
112
107
93
82
67
64
61
57
53
50
51
53
50
45
39
29
23
13
7
1
-12
-19
-22
-24
-19
-18
-10
-1
6
15
27
38
50
61
65
64
66
67
67
62
56
49
39
33
25
18
11
10
9
8
11
10
7
7
5
7
8
7
6
3
-1
-5
-12
-17
-20
-19
-24
-24
-24
-24
-21
-20
-16
-19
-19
-20
-19
-25
-32
-46
-54
-60
-66
-70
-76
-77
-78
-77
-77
-72
-74
-74
-74
-75
-65
-64
-65
-69
-73
-74
-75
-81
-83
-85
-84
-80
-84
-78
-80
-73
-69
-61
-54
-47
-33
-28
-18
-15
-11
-3
-2
5
3
5
8
4
12
8
14
11
8
9
5
16
12
12
15
16
25
27
29
35
44
54
60
65
76
87
99
101
104
107
113
111
106
100
101
97
90
79
72
69
59
50
37
32
29
21
16
7
0
2
-7
-10
-10
-6
1
2
4
10
20
21
26
28
34
39
43
37
32
30
29
31
23
24
25
29
25
18
17
16
19
16
16
18
17
14
8
5
2
-2
-7
-17
-21
-28
-31
-38
-42
-42
-43
-43
-42
-40
-39
-42
-51
-59
-69
-75
-86
-94
-107
-114
-119
-126
-131
-130
-126
-117
-111
-103
-94
-81
-71
-64
-56
-57
-51
-51
-56
-58
-61
-60
-64
-70
-74
-77
-71
-68
-64
-60
-47
-39
-31
-32
-29
-27
-30
-27
-34
-32
-30
-23
-15
-12
-6
1
15
22
33
34
35
40
34
37
31
31
27
23
18
15
17
20
26
30
39
48
59
69
79
86
91
97
103
110
109
111
109
108
101
90
81
68
60
48
33
22
14
7
-1
-6
-12
-12
-7
-4
-3
-1
1
5
11
12
16
19
18
17
13
12
10
7
6
8
11
12
15
15
18
19
23
22
17
13
8
3
-4
-14
-24
-30
-35
-39
-39
-37
-36
-36
-36
-31
-27
-28
-33
-34
-38
-39
-50
-57
-68
-73
-79
-83
-84
-89
-88
-87
-89
-89
-83
-79
-78
-79
-83
-83
-80
-77
-78
-77
-77
-75
-74
-72
-70
-70
-67
-65
-65
-64
-61
-58
-52
-47
-42
-33
-29
-17
-18
-11
-13
-13
-10
-10
-2
-1
3
1
5
8
13
17
20
27
30
37
43
45
47
48
49
50
51
53
53
51
51
50
53
50
49
49
49
53
56
59
63
68
77
76
81
82
82
80
70
66
63
60
52
43
38
35
37
31
30
26
27
30
24
21
13
13
10
3
-4
-9
-8
-6
-8
-8
-11
-11
-10
-13
-13
-15
-15
-21
-28
-33
-37
-37
-40
-42
-47
-48
-48
-48
-47
-43
-39
-36
-37
-40
-44
-45
-50
-54
-61
-67
-71
-77
-80
-86
-88
-94
-92
-89
-88
-83
-79
-77
-69
-67
-58
-54
-54
-48
-44
-43
-43
-46
-44
-43
-43
-46
-48
-45
-48
-46
-50
-45
-41
-37
-35
-36
-28
-20
-9
-5
4
11
20
24
27
27
26
26
20
16
11
12
14
11
12
11
19
25
33
41
47
55
61
64
62
62
63
64
62
62
61
61
65
68
70
73
71
72
70
70
75
76
79
76
80
77
71
66
62
56
54
51
50
50
50
49
44
40
38
34
26
18
9
2
-4
-9
-15
-26
-29
-34
-37
-42
-43
-42
-41
-40
-40
-39
-39
-37
-39
-37
-38
-38
-41
-47
-50
-56
-58
-65
-73
-78
-88
-94
-100
-104
-104
-107
-105
-105
-101
-94
-89
-83
-79
-72
-66
-59
-57
-55
-51
-49
-46
-48
-42
-40
-37
-34
-35
-28
-25
-15
-14
-9
-6
-4
-5
-10
-10
-13
-14
-13
-14
-11
-6
-2
3
10
17
29
40
49
59
65
71
76
79
84
83
86
83
78
73
68
64
58
52
49
48
48
51
51
52
50
53
50
48
43
40
38
35
33
31
33
35
34
37
41
43
50
55
61
65
69
71
71
72
67
64
60
54
47
39
33
23
14
6
-3
-7
-10
-10
-11
-16
-18
-21
-26
-29
-36
-41
-45
-50
-52
-57
-62
-67
-70
-70
-75
-76
-77
-74
-72
-70
-68
-65
-64
-64
-64
-63
-63
-64
-64
-62
-58
-60
-62
-65
-66
-66
-63
-61
-55
-47
-38
-29
-23
-17
-9
-6
-1
5
10
16
19
17
18
21
23
24
22
24
26
28
30
33
39
45
42
38
38
37
39
35
37
37
42
47
49
56
56
61
61
66
73
78
85
88
92
93
95
93
91
92
96
96
93
86
82
83
83
80
75
70
68
69
72
71
70
66
59
56
52
47
43
37
31
24
17
12
10
7
2
-6
-8
-7
-5
-6
-7
-8
-10
-8
-7
-8
-7
-7
-9
-9
-10
-10
-10
-10
-14
-18
-19
-19
-18
-21
-23
-27
-30
-32
-36
-38
-44
-48
-55
-61
-61
-64
-66
-66
-62
-58
-49
-41
-34
-24
-14
-2
7
16
25
31
32
34
32
33
33
28
29
27
27
24
23
23
23
24
23
23
28
35
42
45
48
56
63
70
77
80
83
84
88
91
94
96
97
99
101
102
106
105
106
106
102
100
94
90
84
78
74
71
68
66
65
66
67
67
64
61
59
57
53
49
44
43
41
36
35
34
36
35
35
32
28
25
21
20
13
13
7
5
0
-1
-3
-8
-11
-17
-21
-25
-25
-29
-31
-36
-37
-38
-36
-35
-35
-33
-31
-28
-27
-26
-25
-22
-22
-21
-19
-14
-11
-8
-4
-3
2
6
11
12
13
13
12
13
13
14
15
20
22
27
26
30
31
34
38
39
45
50
56
59
63
63
65
67
70
71
70
71
71
71
73
75
75
78
77
77
80
80
78
76
75
75
78
81
82
84
87
85
84
84
82
83
80
80
80
80
81
81
82
78
77
79
78
78
76
71
71
68
69
66
63
59
56
54
51
48
43
39
33
28
23
22
23
23
19
11
7
8
6
6
1
-3
-2
-3
2
3
2
3
5
5
8
8
9
12
10
10
8
8
10
14
13
13
15
18
21
23
24
26
27
28
28
30
31
31
32
35
36
39
42
45
49
51
53
56
59
63
67
68
70
71
71
71
71
72
72
74
73
76
76
77
76
73
71
71
71
70
67
63
63
65
66
65
67
67
68
68
67
69
73
71
69
69
69
70
68
65
61
61
56
53
49
46
46
42
38
35
33
31
29
26
22
20
20
19
17
13
12
14
15
17
21
23
25
27
27
29
30
28
27
27
23
23
22
23
22
22
24
24
24
23
23
20
20
20
18
20
22
23
23
23
26
30
32
34
37
37
40
44
46
53
56
57
57
58
58
57
56
53
53
52
51
52
51
50
49
48
47
47
46
44
41
42
41
42
38
35
34
34
37
36
34
34
38
42
45
47
48
47
45
46
49
54
56
55
55
56
58
57
55
53
51
49
46
47
46
46
43
37
34
33
33
29
27
23
26
28
30
32
32
32
34
36
40
40
42
41
42
43
46
44
42
41
40
40
37
36
35
35
32
29
26
26
29
30
31
33
35
36
38
39
41
42
44
44
43
44
48
52
54
54
54
55
55
55
54
54
51
48
43
40
38
37
36
31
30
31
31
28
26
29
32
39
44
47
50
54
55
55
55
56
57
57
54
51
52
52
51
49
45
44
44
43
41
38
33
31
29
29
28
26
25
24
25
25
25
25
25
28
30
31
31
32
33
34
31
29
29
30
31
33
33
37
40
42
44
43
44
44
44
41
38
37
39
37
39
41
43
47
45
47
48
50
53
51
49
49
49
52
55
55
55
55
54
51
50
51
54
54
54
55
57
58
59
58
56
55
52
47
42
40
40
36
32
27
27
28
24
22
21
24
21
22
21
22
22
22
22
22
25
26
27
26
28
29
32
32
31
29
25
26
24
22
17
16
20
21
22
21
19
18
17
18
19
19
19
18
18
18
22
26
25
24
26
27
26
28
27
25
25
24
22
23
21
21
22
21
21
22
24
25
26
26
27
30
29
32
32
32
33
36
37
40
41
42
42
44
47
49
48
47
51
54
53
51
51
53
55
54
51
55
57
57
57
53
52
50
48
45
45
43
42
39
35
31
30
28
29
28
26
31
31
30
28
27
26
26
27
29
30
32
32
30
29
28
27
28
27
32
32
34
32
28
26
24
25
21
17
14
10
5
2
-1
-1
-1
1
1
1
1
1
0
-1
1
2
4
7
7
8
7
6
6
7
11
14
14
14
12
9
8
7
9
11
14
15
16
20
22
23
23
24
26
28
30
29
29
30
31
31
32
31
33
32
31
29
27
28
26
28
27
24
24
24
24
25
27
28
29
31
35
37
39
41
40
41
42
42
43
42
40
39
38
37
38
37
34
32
30
30
30
32
30
29
29
30
29
29
26
25
24
21
20
20
20
20
19
18
19
19
19
19
19
19
19
14
11
10
11
13
12
10
10
13
17
19
20
24
26
26
24
23
25
25
25
24
24
24
25
27
25
25
23
24
21
19
20
20
21
21
21
23
24
23
22
22
23
27
28
26
26
27
28
31
32
31
31
34
35
35
34
35
38
39
39
41
41
41
42
42
42
42
42
44
44
42
40
39
39
39
36
34
32
29
29
30
31
31
33
35
36
39
38
36
36
35
34
32
31
29
30
30
30
29
29
30
27
26
26
25
26
28
27
28
27
25
23
24
22
21
19
17
16
13
11
11
10
11
11
11
13
12
12
11
14
16
15
15
13
13
14
14
15
18
19
20
20
19
18
20
20
20
21
18
17
17
17
16
14
13
15
18
17
17
16
16
16
15
13
14
13
12
13
13
15
17
19
20
20
18
20
20
21
22
23
23
23
22
21
20
20
17
16
18
20
20
19
19
22
23
23
24
24
26
28
26
26
25
24
23
22
21
20
20
18
16
16
15
14
13
14
15
15
14
12
12
10
10
10
9
8
8
8
6
4
5
7
7
6
7
8
8
7
5
6
7
7
5
6
8
12
13
13
12
12
11
10
11
11
10
8
9
11
10
10
7
4
7
5
4
2
2
1
2
3
2
4
5
9
11
13
16
18
20
20
19
19
22
22
23
22
21
20
18
15
15
15
17
21
20
19
18
19
19
20
20
20
19
20
21
21
21
20
21
19
17
17
20
21
23
23
23
22
22
22
21
20
18
18
19
20
19
19
17
17
17
18
17
16
15
14
14
12
13
14
14
13
13
11
11
13
11
13
12
14
17
16
15
12
10
11
12
12
12
11
13
12
8
5
7
9
10
9
8
6
7
7
5
3
1
3
4
5
6
5
6
6
6
6
5
4
5
4
3
2
2
1
-1
1
4
3
4
5
5
5
3
5
7
8
5
3
2
5
3
2
0
2
4
4
4
3
5
7
8
5
2
1
3
5
4
2
3
5
5
5
3
1
-2
-2
-1
-2
-1
1
2
0
-1
-2
-2
-1
-5
-6
-4
-3
-5
-6
-7
-7
-7
-5
-4
-4
-5
-6
-4
-3
-4
-3
-1
-2
-3
-2
-2
-3
-2
-4
-5
-6
-7
-8
-8
-8
-10
-12
-10
-10
-10
-8
-8
-8
-9
-10
-12
-14
-14
-17
-17
-14
-15
-15
-14
-15
-13
-16
-18
-19
-18
-14
-11
-11
-13
-14
-13
-14
-13
-15
-16
-13
-14
-13
-15
-17
-16
-17
-18
-19
-20
-20
-18
-18
-21
-22
-24
-26
-23
-21
-19
-17
-17
-17
-16
-17
-16
-16
-15
-16
-17
-18
-19
-19
-20
-18
-17
-15
-16
-16
-15
-14
-13
-12
-14
-14
-14
-12
-12
-13
-15
-16
-14
-12
-11
-14
-17
-19
-19
-19
-19
-16
-15
-15
-14
-15
-12
-13
-15
-16
-15
-16
-16
-18
-18
-16
-16
-19
-22
-20
-17
-15
-17
-18
-18
-18
-17
-17
-17
-18
-18
-17
-16
-18
-19
-18
-16
-16
-17
-20
-18
-16
-14
-15
-15
-16
-16
-15
-15
-14
-16
-16
-16
-17
-19
-21
-20
-22
-21
-21
-20
-21
-19
-19
-18
-18
-18
-16
-16
-18
-18
-17
-17
-20
-23
-24
-24
-22
-20
-22
-25
-25
-25
-25
-25
-26
-23
-23
-21
-22
-23
-23
-23
-22
-21
-20
-22
-23
-21
-18
-15
-15
-18
-22
-22
-21
-20
-20
-20
-20
-20
-19
-18
-17
-17
-16
-18
-17
-15
-14
-15
-14
-13
-11
-11
-13
-13
-16
-16
-15
-15
-16
-16
-14
-12
-10
-11
-12
-13
-11
-9
-10
-9
-8
-7
-4
-3
-5
-7
-6
-3
-3
-3
-5
-4
-1
-2
-2
-3
-3
-3
-3
-5
-6
-7
-8
-7
-7
-9
-13
-15
-16
-16
-15
-13
-11
-12
-12
-12
-13
-11
-10
-11
-11
-11
-10
-10
-9
-10
-13
-13
-12
-13
-14
-14
-14
-13
-13
-15
-15
-13
-11
-13
-14
-18
-18
-17
-16
-16
-15
-13
-12
-11
-14
-12
-9
-7
-11
-13
-16
-17
-16
-16
-15
-15
-15
-16
-15
-15
-11
-11
-10
-10
-10
-8
-9
-10
-9
-8
-7
-6
-7
-6
-4
-2
0
2
0
1
5
6
8
6
4
2
4
4
3
3
0
2
4
7
6
5
5
6
8
5
3
5
7
7
4
0
-3
-1
-2
-4
-3
-1
-1
-4
-6
-5
-4
-4
-4
-6
-2
3
2
0
-3
-2
0
1
3
3
1
-2
-3
-4
-4
-5
-7
-8
-7
-6
-8
-11
-12
-14
-11
-9
-9
-9
-9
-9
-7
-8
-9
-7
-5
-5
-3
-2
-3
-1
-1
1
-1
0
-2
-4
-5
-4
-5
-5
-5
-5
-3
-3
-3
0
0
1
3
2
1
2
3
4
6
5
4
4
4
6
6
5
3
3
3
4
4
4
3
3
1
2
3
1
0
0
2
3
4
6
9
11
10
11
11
11
12
12
9
9
11
9
8
6
7
8
9
9
8
7
3
3
2
2
2
2
2
0
0
-1
0
-1
-1
-1
-3
-4
-5
-5
-5
-7
-7
-6
-4
-2
0
-1
0
1
1
-2
-3
-3
1
3
1
3
0
0
-5
-9
-11
-10
-7
-8
-10
-10
-6
-3
-2
-1
-1
1
1
1
0
-2
-2
-1
1
1
3
4
3
3
2
2
4
5
8
8
10
9
9
8
6
8
11
13
12
12
11
10
10
9
9
9
7
8
10
11
12
13
13
13
15
13
12
10
9
8
8
7
6
5
7
7
6
7
6
7
8
10
7
4
1
-2
-1
2
3
4
6
3
2
4
5
2
2
2
-1
1
-1
0
-1
0
-2
-4
-3
-6
-8
-6
-6
-7
-5
-6
-6
-6
-7
-6
-3
-5
-6
-6
-7
-7
-8
-12
-12
-9
-8
-10
-9
-9
-7
-7
-8
-8
-9
-6
-4
-3
-3
-4
-5
-6
-4
-4
-5
-6
-5
-2
1
1
-1
-3
-2
-1
-2
-5
-6
-6
-6
-4
-6
-8
-9
-8
-8
-10
-10
-10
-7
-5
-5
-4
-4
-4
-3
-4
-4
-3
-4
-3
-4
-4
-5
-7
-9
-9
-9
-7
-8
-7
-7
-6
-6
-6
-7
-7
-6
-6
-7
-10
-12
-14
-12
-9
-12
-10
-9
-9
-8
-8
-9
-8
-8
-10
-12
-12
-9
-9
-10
-12
-14
-13
-11
-9
-9
-12
-13
-13
-11
-12
-16
-15
-14
-11
-13
-13
-14
-16
-14
-14
-15
-13
-12
-12
-12
-11
-12
-13
-14
-17
-16
-13
-13
-12
-13
-14
-16
-16
-15
-16
-14
-15
-16
-15
-13
-11
-12
-13
-13
-13
-13
-13
-12
-12
-12
-13
-15
-13
-11
-10
-10
-13
-13
-15
-14
-14
-11
-10
-10
-11
-12
-11
-12
-13
-14
-16
-14
-14
-16
-16
-16
-15
-16
-16
-17
-18
-18
-17
-16
-14
-13
-14
-16
-19
-16
-16
-17
-19
-17
-14
-12
-12
-14
-14
-11
-10
-14
-18
-20
-19
-17
-17
-17
-17
-17
-17
-17
-18
-18
-16
-16
-17
-17
-17
-16
-17
-15
-14
-15
-16
-16
-17
-15
-14
-14
-13
-12
-14
-16
-17
-18
-20
-18
-17
-18
-19
-20
-21
-22
-24
-24
-26
-25
-24
-24
-22
-23
-23
-23
-22
-23
-23
-23
-24
-25
-22
-22
-23
-26
-28
-28
-27
-27
-27
-25
-23
-25
-26
-26
-26
-24
-23
-25
-27
-27
-24
-26
-26
-26
-28
-27
-27
-29
-28
-26
-26
-26
-28
-28
-29
-30
-31
-31
-31
-31
-29
-28
-28
-28
-31
-34
-34
-31
-29
-28
-27
-27
-30
-31
-31
-31
-34
-34
-34
-32
-31
-28
-30
-29
-27
-28
-28
-31
-30
-29
-30
-28
-27
-29
-31
-30
-29
-30
-30
-30
-29
-27
-28
-28
-28
-29
-28
-28
-29
-29
-29
-29
-30
-30
-31
-32
-33
-33
-31
-29
-30
-31
-32
-29
-29
-32
-33
-35
-36
-33
-31
-31
-31
-33
-37
-36
-34
-35
-35
-35
-36
-32
-32
-32
-33
-32
-34
-33
-32
-33
-35
-33
-33
-35
-36
-38
-38
-37
-35
-36
-37
-36
-35
-34
-35
-36
-38
-36
-36
-36
-35
-35
-34
-36
-38
-38
-34
-31
-33
-34
-34
-32
-29
-29
-30
-31
-31
-29
-31
-31
-30
-30
-29
-28
-29
-31
-32
-30
-26
-25
-27
-31
-32
-32
-30
-30
-30
-32
-32
-33
-32
-31
-30
-30
-30
-31
-32
-31
-30
-29
-32
-34
-37
-38
-36
-35
-36
-36
-37
-36
-35
-36
-38
-37
-36
-34
-35
-34
-35
-36
-39
-40
-40
-41
-39
-40
-38
-37
-35
-34
-34
-35
-36
-38
-38
-38
-41
-42
-43
-43
-43
-43
-44
-43
-44
-42
-41
-41
-41
-44
-43
-42
-40
-41
-42
-43
-43
-43
-43
-43
-43
-43
-42
-42
-41
-40
-38
-39
-37
-35
-33
-36
-40
-43
-42
-41
-41
-42
-43
-43
-42
-42
-41
-39
-37
-36
-38
-40
-39
-36
-36
-38
-39
-38
-35
-35
-38
-40
-44
-43
-43
-44
-44
-45
-42
-42
-43
-44
-44
-42
-39
-38
-41
-42
-39
-39
-41
-42
-41
-41
-40
-41
-37
-38
-38
-39
-40
-39
-36
-36
-40
-41
-40
-40
-40
-41
-41
-39
-39
-38
-40
-41
-41
-40
-38
-38
-39
-38
-37
-35
-34
-35
-38
-40
-40
-37
-39
-39
-41
-42
-42
-42
-45
-43
-40
-37
-37
-41
-42
-42
-40
-39
-37
-38
-36
-35
-37
-39
-41
-41
-41
-38
-38
-36
-34
-34
-32
-33
-36
-38
-35
-35
-34
-33
-31
-31
-34
-36
-35
-33
-32
-33
-36
-37
-36
-33
-32
-31
-31
-31
-32
-32
-33
-35
-36
-36
-35
-32
-33
-33
-37
-38
-40
-40
-39
-38
-38
-39
-41
-40
-38
-35
-35
-37
-39
-39
-38
-37
-37
-38
-38
-37
-38
-37
-36
-36
-37
-40
-41
-41
-41
-41
-41
-42
-42
-39
-39
-41
-40
-41
-41
-41
-42
-41
-42
-42
-43
-41
-41
-42
-44
-44
-45
-47
-48
-48
-46
-44
-45
-46
-49
-54
-54
-52
-50
-49
-47
-46
-48
-47
-48
-48
-50
-51
-52
-50
-50
-47
-47
-47
-49
-49
-50
-52
-53
-52
-50
-49
-50
-52
-53
-55
-58
-57
-56
-53
-52
-51
-53
-56
-55
-57
-57
-56
-58
-59
-57
-55
-55
-55
-56
-57
-57
-57
-58
-57
-57
-58
-57
-58
-56
-57
-59
-59
-58
-57
-55
-53
-54
-54
-54
-56
-55
-53
-51
-51
-52
-51
-54
-57
-57
-57
-55
-56
-56
-56
-56
-55
-56
-58
-57
-56
-56
-57
-56
-55
-55
-54
-56
-57
-60
-58
-56
-53
-52
-55
-57
-56
-55
-55
-56
-58
-60
-60
-60
-58
-56
-55
-57
-62
-65
-64
-62
-61
-59
-59
-63
-59
-59
-59
-59
-62
-64
-64
-63
-64
-64
-63
-61
-64
-67
-70
-70
-70
-68
-66
-68
-67
-66
-69
-70
-71
-71
-69
-70
-72
-72
-71
-70
-67
-63
-63
-65
-66
-67
-68
-69
-66
-67
-67
-66
-66
-69
-70
-69
-69
-68
-69
-70
-70
-72
-70
-71
-71
-71
-72
-69
-67
-68
-69
-69
-71
-71
-72
-73
-72
-72
-71
-72
-72
-74
-73
-71
-72
-73
-74
-74
-73
-72
-70
-68
-68
-69
-70
-71
-72
-75
-73
-74
-73
-73
-76
-77
-75
-74
-72
-74
-77
-77
-75
-74
-75
-79
-81
-82
-80
-80
-79
-77
-76
-78
-79
-79
-78
-78
-80
-83
-83
-81
-80
-79
-82
-86
-87
-88
-88
-86
-85
-83
-85
-86
-86
-84
-82
-80
-81
-83
-83
-85
-85
-84
-82
-81
-81
-82
-85
-84
-84
-83
-82
-83
-85
-87
-88
-88
-89
-88
-88
-88
-89
-86
-86
-88
-88
-86
-84
-82
-82
-85
-86
-84
-83
-85
-88
-91
-90
-87
-85
-85
-85
-87
-86
-85
-88
-89
-87
-86
-86
-88
-90
-89
-87
-86
-88
-92
-94
-94
-92
-89
-87
-87
-90
-91
-92
-92
-92
-92
-93
-93
-93
-93
-93
-94
-96
-98
-98
-96
-96
-97
-97
-97
-95
-95
-95
-97
-97
-96
-96
-95
-99
-97
-98
-98
-97
-100
-102
-102
-102
-100
-98
-99
-101
-102
-104
-105
-102
-101
-100
-98
-97
-98
-99
-99
-99
-99
-98
-98
-101
-103
-103
-106
-105
-103
-102
-101
-100
-99
-97
-97
-99
-102
-104
-105
-104
-105
-104
-102
-102
-101
-100
-102
-103
-105
-105
-104
-103
-102
-101
-99
-98
-99
-98
-98
-100
-101
-102
-100
-100
-98
-98
-97
-97
-99
-100
-101
-102
-102
-103
-103
-106
-106
-106
-107
-107
-105
-107
-107
-106
-105
-101
-101
-100
-102
-103
-103
-106
-107
-107
-106
-104
-105
-106
-106
-106
-105
-105
-106
-104
-103
-103
-103
-103
-102
-102
-104
-106
-103
-102
-100
-102
-100
-99
-99
-99
-100
-101
-100
-99
-99
-99
-99
-100
-99
-100
-101
-102
-101
-102
-101
-101
-101
-100
-100
-100
-99
-98
-97
-94
-93
-94
-96
-97
-97
-95
-95
-93
-93
-93
-96
-97
-97
-97
-95
-94
-93
-93
-94
-95
-94
-93
-92
-91
-92
-92
-93
-93
-94
-93
-94
-92
-89
-89
-89
-89
-91
-93
-90
-92
-91
-91
-93
-92
-91
-93
-94
-94
-93
-94
-94
-93
-91
-91
-92
-93
-93
-90
-87
-89
-91
-92
-93
-91
-89
-90
-92
-93
-92
-90
-88
-88
-88
-88
-88
-86
-86
-88
-89
-90
-89
-87
-87
-88
-88
-87
-86
-84
-86
-85
-85
-84
-84
-85
-86
-86
-87
-86
-86
-86
-86
-86
-86
-85
-84
-83
-84
-83
-81
-80
-80
-81
-80
-82
-82
-80
-79
-78
-80
-80
-80
-79
-78
-78
-79
-79
-78
-79
-81
-83
-80
-79
-78
-78
-80
-81
-81
-79
-79
-80
-82
-83
-83
-84
-83
-84
-84
-82
-81
-80
-80
-81
-83
-83
-82
-81
-81
-83
-85
-85
-85
-85
-83
-83
-83
-81
-80
-80
-82
-83
-82
-82
-83
-83
-83
-82
-82
-82
-83
-83
-82
-82
-82
-82
-83
-81
-82
-84
-84
-85
-84
-80
-80
-83
-86
-89
-88
-86
-85
-85
-86
-88
-86
-85
-86
-87
-88
-87
-87
-88
-88
-87
-85
-84
-83
-83
-84
-84
-85
-85
-85
-87
-87
-89
-90
-87
-87
-88
-88
-89
-88
-88
-88
-90
-91
-93
-91
-89
-90
-91
-92
-94
-92
-91
-92
-94
-93
-96
-95
-93
-92
-94
-94
-94
-93
-93
-92
-91
-89
-86
-87
-87
-88
-91
-90
-88
-87
-87
-88
-90
-93
-93
-93
-93
-91
-92
-93
-93
-95
-95
-93
-88
-86
-87
-90
-90
-90
-89
-90
-91
-90
-93
-92
-93
-92
-91
-89
-91
-91
-92
-90
-85
-85
-86
-89
-89
-85
-83
-84
-84
-83
-82
-84
-86
-87
-85
-82
-82
-82
-83
-84
-81
-79
-78
-78
-81
-82
-84
-85
-85
-81
-79
-81
-83
-84
-83
-81
-81
-81
-82
-81
-82
-82
-83
-84
-85
-84
-80
-78
-80
-83
-86
-86
-84
-83
-83
-84
-84
-85
-86
-86
-83
-83
-83
-86
-87
-85
-82
-83
-84
-81
-79
-78
-79
-81
-81
-81
-82
-82
-83
-82
-79
-77
-78
-81
-80
-79
-77
-77
-78
-78
-78
-76
-77
-74
-76
-76
-76
-77
-74
-73
-73
-73
-73
-71
-70
-72
-75
-74
-72
-70
-69
-70
-70
-71
-73
-74
-74
-76
-76
-75
-74
-74
-75
-77
-78
-78
-76
-75
-76
-74
-74
-72
-70
-70
-72
-70
-67
-67
-70
-72
-71
-70
-71
-72
-74
-74
-73
-73
-74
-75
-74
-74
-76
-77
-75
-74
-72
-73
-76
-76
-76
-74
-74
-76
-79
-78
-78
-76
-75
-78
-78
-79
-78
-78
-77
-77
-78
-78
-77
-77
-76
-77
-78
-75
-76
-76
-78
-78
-78
-77
-75
-74
-76
-76
-75
-74
-74
-74
-77
-77
-76
-77
-76
-78
-78
-79
-81
-80
-77
-75
-78
-83
-82
-80
-78
-81
-85
-84
-83
-80
-79
-82
-84
-83
-80
-80
-82
-84
-85
-83
-80
-79
-79
-78
-79
-83
-82
-82
-83
-84
-83
-85
-86
-85
-84
-84
-87
-88
-87
-87
-87
-83
-83
-84
-85
-88
-88
-89
-91
-90
-88
-88
-89
-90
-90
-89
-89
-88
-88
-89
-86
-86
-84
-85
-87
-89
-85
-83
-83
-85
-85
-86
-84
-83
-83
-86
-85
-82
-83
-83
-84
-84
-84
-83
-84
-85
-87
-86
-86
-85
-85
-84
-85
-86
-85
-84
-83
-83
-84
-82
-82
-83
-82
-79
-78
-78
-80
-80
-79
-80
-80
-83
-85
-82
-80
-80
-81
-81
-77
-77
-77
-80
-82
-81
-79
-76
-75
-77
-79
-81
-84
-83
-81
-79
-80
-82
-80
-79
-79
-79
-81
-81
-79
-77
-78
-79
-79
-81
-79
-76
-75
-73
-74
-76
-77
-78
-77
-75
-73
-74
-71
-72
-74
-74
-75
-75
-75
-75
-75
-75
-75
-71
-69
-70
-71
-71
-74
-73
-73
-74
-74
-73
-73
-73
-74
-74
-71
-71
-72
-73
-76
-75
-73
-74
-75
-76
-78
-79
-78
-76
-72
-70
-70
-71
-74
-73
-74
-76
-78
-76
-74
-71
-72
-73
-73
-73
-71
-70
-71
-70
-69
-70
-68
-68
-70
-72
-73
-73
-72
-71
-73
-74
-73
-71
-69
-67
-69
-69
-70
-71
-72
-71
-71
-71
-72
-72
-71
-70
-69
-71
-72
-70
-68
-69
-70
-71
-70
-70
-71
-70
-71
-71
-71
-71
-70
-65
-63
-65
-66
-67
-65
-64
-63
-62
-63
-63
-64
-64
-62
-62
-58
-57
-58
-57
-55
-57
-58
-58
-57
-55
-52
-52
-55
-56
-56
-57
-57
-57
-57
-56
-55
-52
-52
-52
-53
-55
-56
-56
-57
-55
-54
-53
-54
-53
-54
-54
-53
-54
-54
-55
-57
-55
-52
-54
-56
-58
-57
-52
-50
-50
-52
-52
-51
-49
-51
-55
-55
-54
-52
-51
-52
-53
-52
-52
-51
-52
-52
-53
-53
-55
-55
-54
-53
-53
-53
-53
-53
-54
-56
-56
-57
-56
-54
-54
-57
-56
-56
-56
-56
-58
-56
-53
-52
-52
-53
-56
-56
-55
-55
-54
-54
-53
-51
-52
-52
-51
-50
-50
-49
-51
-54
-54
-56
-55
-54
-54
-51
-48
-50
-53
-54
-54
-54
-51
-50
-49
-50
-54
-57
-59
-57
-54
-53
-53
-54
-55
-54
-52
-51
-52
-53
-54
-54
-54
-53
-50
-49
-50
-51
-52
-52
-51
-52
-51
-51
-49
-47
-48
-49
-50
-49
-50
-52
-54
-54
-54
-53
-54
-54
-53
-52
-52
-51
-51
-53
-53
-56
-58
-57
-56
-54
-55
-58
-57
-57
-56
-54
-55
-56
-55
-53
-53
-52
-52
-51
-51
-51
-51
-53
-52
-50
-50
-51
-52
-53
-54
-54
-54
-54
-53
-52
-52
-51
-49
-49
-48
-50
-50
-46
-44
-44
-45
-44
-46
-45
-43
-45
-45
-47
-48
-49
-48
-46
-44
-42
-42
-44
-44
-46
-47
-45
-45
-44
-44
-42
-42
-40
-41
-40
-39
-38
-39
-40
-42
-40
-37
-34
-34
-35
-36
-37
-37
-36
-36
-35
-35
-33
-30
-32
-34
-33
-32
-33
-33
-35
-36
-32
-29
-27
-27
-28
-30
-28
-28
-27
-27
-29
-31
-34
-33
-30
-28
-28
-31
-32
-32
-30
-27
-27
-28
-30
-28
-25
-24
-25
-25
-25
-25
-25
-26
-24
-24
-23
-22
-25
-24
-22
-22
-23
-23
-24
-21
-21
-21
-22
-23
-23
-23
-22
-20
-20
-20
-21
-21
-22
-20
-19
-20
-21
-20
-19
-19
-22
-21
-22
-22
-22
-22
-23
-22
-21
-20
-19
-20
-21
-23
-22
-22
-23
-22
-22
-22
-20
-20
-21
-21
-21
-19
-17
-15
-17
-17
-19
-20
-18
-18
-18
-18
-19
-19
-19
-20
-21
-20
-18
-16
-16
-17
-15
-14
-14
-11
-12
-14
-14
-16
-18
-18
-16
-13
-11
-12
-15
-17
-16
-14
-14
-14
-17
-17
-16
-16
-18
-19
-16
-13
-13
-14
-16
-16
-16
-14
-13
-13
-15
-17
-15
-14
-15
-15
-17
-17
-15
-12
-13
-14
-16
-19
-19
-17
-15
-15
-16
-17
-18
-18
-20
-21
-21
-24
-22
-19
-16
-17
-19
-21
-22
-20
-19
-22
-25
-25
-23
-22
-23
-26
-26
-24
-24
-25
-28
-30
-27
-24
-22
-20
-20
-23
-24
-24
-24
-25
-25
-25
-24
-23
-22
-23
-24
-24
-26
-28
-27
-25
-25
-26
-28
-25
-24
-26
-27
-25
-24
-22
-22
-23
-25
-25
-21
-21
-22
-23
-23
-25
-22
-20
-20
-21
-21
-21
-21
-22
-24
-24
-22
-23
-24
-24
-23
-21
-19
-21
-22
-21
-21
-21
-22
-21
-20
-18
-18
-20
-22
-22
-23
-22
-22
-23
-21
-21
-23
-23
-24
-23
-24
-26
-25
-24
-22
-24
-26
-25
-24
-25
-24
-25
-27
-26
-25
-24
-24
-24
-24
-24
-26
-27
-28
-27
-23
-26
-27
-25
-24
-23
-24
-26
-25
-24
-23
-25
-27
-26
-25
-25
-24
-24
-24
-23
-24
-24
-24
-25
-26
-27
-26
-28
-30
-30
-29
-26
-27
-26
-27
-25
-24
-28
-29
-29
-28
-25
-24
-27
-28
-26
-26
-26
-28
-29
-27
-25
-25
-26
-27
-27
-26
-25
-22
-22
-24
-26
-28
-28
-26
-25
-25
-23
-23
-24
-26
-26
-25
-25
-24
-25
-25
-26
-28
-27
-26
-28
-27
-27
-26
-27
-26
-26
-23
-24
-25
-27
-28
-23
-23
-25
-26
-25
-24
-22
-23
-24
-24
-23
-23
-23
-23
-23
-22
-24
-25
-26
-24
-22
-20
-22
-23
-25
-24
-21
-21
-24
-24
-24
-24
-24
-26
-24
-23
-22
-23
-22
-22
-20
-19
-17
-17
-19
-21
-21
-20
-20
-19
-21
-19
-17
-15
-16
-20
-19
-17
-16
-16
-18
-19
-16
-15
-15
-16
-18
-17
-17
-16
-17
-19
-18
-19
-20
-18
-16
-15
-15
-16
-16
-16
-19
-19
-17
-15
-13
-14
-16
-16
-16
-18
-15
-16
-15
-15
-14
-15
-13
-14
-15
-15
-14
-13
-15
-17
-15
-12
-11
-12
-15
-16
-15
-15
-15
-14
-14
-13
-14
-13
-12
-12
-13
-13
-12
-11
-13
-14
-14
-14
-12
-11
-11
-13
-15
-13
-14
-13
-13
-11
-13
-14
-14
-14
-13
-13
-13
-13
-13
-13
-15
-13
-11
-12
-13
-16
-16
-14
-11
-11
-13
-15
-13
-12
-14
-14
-15
-15
-15
-15
-15
-14
-12
-14
-15
-16
-14
-13
-13
-15
-18
-18
-16
-14
-15
-16
-17
-18
-18
-17
-19
-22
-21
-17
-16
-17
-16
-19
-20
-22
-22
-22
-22
-21
-25
-26
-27
-26
-24
-23
-25
-24
-22
-22
-23
-23
-26
-25
-25
-26
-25
-24
-25
-26
-26
-25
-24
-23
-25
-24
-24
-24
-23
-23
-23
-26
-27
-28
-26
-25
-23
-24
-22
-19
-19
-21
-24
-23
-22
-20
-21
-24
-24
-23
-24
-25
-25
-23
-23
-24
-26
-27
-25
-22
-22
-24
-24
-23
-21
-21
-23
-24
-27
-25
-23
-24
-23
-25
-25
-27
-26
-25
-25
-23
-25
-27
-27
-25
-26
-26
-26
-24
-21
-21
-25
-26
-26
-25
-26
-27
-29
-26
-26
-28
-29
-30
-30
-30
-29
-30
-30
-30
-27
-26
-24
-25
-26
-28
-28
-29
-29
-30
-31
-28
-23
-22
-24
-26
-27
-26
-27
-29
-30
-30
-30
-29
-28
-30
-29
-28
-29
-28
-29
-28
-27
-26
-26
-26
-25
-26
-27
-28
-27
-24
-22
-24
-24
-23
-20
-19
-18
-17
-17
-18
-19
-17
-17
-17
-14
-15
-15
-15
-12
-13
-14
-17
-18
-18
-19
-17
-18
-19
-17
-14
-16
-17
-18
-19
-17
-17
-18
-18
-17
-15
-17
-16
-16
-14
-15
-16
-15
-13
-12
-11
-10
-10
-10
-10
-6
-7
-8
-11
-10
-6
-7
-9
-11
-10
-9
-7
-7
-8
-8
-8
-9
-8
-7
-6
-7
-8
-10
-9
-8
-7
-7
-9
-10
-9
-10
-10
-12
-11
-11
-12
-12
-12
-10
-11
-11
-11
-11
-10
-8
-6
-5
-4
-5
-6
-7
-7
-9
-8
-8
-8
-8
-6
-3
0
0
-2
-2
-2
-2
-3
-3
-5
-7
-6
-6
-7
-5
-7
-9
-8
-6
-4
-4
-6
-7
-7
-6
-5
-5
-5
-4
-5
-5
-6
-5
-5
-5
-4
0
1
1
-3
-5
-7
-7
-5
-8
-11
-13
-13
-12
-10
-11
-13
-13
-11
-10
-7
-8
-9
-7
-7
-6
-7
-6
-7
-7
-8
-8
-6
-6
-7
-9
-12
-15
-12
-13
-14
-14
-12
-12
-9
-10
-9
-7
-7
-5
-7
-6
-3
-2
-2
-3
-6
-6
-7
-7
-6
-9
-10
-9
-7
-7
-8
-9
-10
-10
-7
-6
-7
-6
-5
-5
-5
-5
-3
-2
-2
-3
-3
-2
-3
-3
-4
-5
-6
-7
-6
-7
-9
-12
-15
-13
-8
-8
-10
-11
-9
-6
-7
-8
-10
-10
-10
-12
-11
-12
-11
-10
-10
-13
-12
-12
-10
-8
-8
-11
-11
-12
-14
-15
-17
-17
-16
-15
-16
-14
-12
-10
-11
-9
-8
-8
-9
-12
-12
-12
-11
-10
-10
-10
-6
-8
-11
-14
-15
-13
-10
-8
-9
-9
-9
-7
-5
-8
-10
-8
-7
-4
-3
-5
-5
-4
-4
-4
-2
-3
-3
-2
-4
-6
-5
-2
1
1
-2
-3
-2
0
1
0
0
-1
-2
-3
-5
-4
-1
-1
-2
-1
-2
-2
-3
-3
-4
-4
-5
-4
-5
-5
-3
-4
-3
-6
-7
-6
-5
-4
-6
-7
-6
-3
-2
-5
-7
-10
-8
-5
-4
-6
-9
-10
-8
-4
-6
-8
-10
-10
-8
-6
-6
-5
-2
-2
-4
-5
-6
-7
-5
-5
-5
-3
-3
-5
-8
-7
-7
-7
-7
-7
-8
-7
-5
-3
-3
-4
-5
-4
-4
-6
-7
-6
-5
-5
-5
-6
-5
-3
-3
-5
-7
-6
-5
-4
-2
-4
-4
-3
-3
-4
-6
-8
-7
-7
-6
-6
-4
-3
-5
-7
-10
-8
-5
-5
-4
-7
-7
-7
-7
-6
-8
-7
-8
-9
-7
-7
-6
-4
-6
-6
-5
-4
-5
-6
-8
-6
-5
-5
-6
-7
-7
-7
-7
-9
-9
-8
-5
-7
-8
-9
-7
-3
-5
-8
-11
-10
-10
-8
-9
-11
-11
-10
-9
-10
-10
-10
-10
-9
-8
-9
-8
-8
-5
-6
-5
-5
-5
-5
-5
-3
-3
-5
-5
-6
-5
-6
-6
-5
-6
-5
-5
-5
-4
-3
-4
-4
-4
-4
-4
-4
-4
-5
-6
-3
-1
-1
-3
-6
-6
-3
-1
0
-2
-4
-6
-5
-1
-4
0
-2
-4
1
-2
4
-1
-1
1
-2
4
1
-5
-5
-6
-2
2
2
-2
-2
-1
1
2
3
3
3
3
-1
-1
-1
0
2
1
2
4
4
0
-1
1
3
4
1
0
2
4
5
4
1
1
3
4
2
2
2
3
7
8
9
7
5
3
2
5
5
4
3
4
4
6
5
5
4
5
6
5
5
5
6
6
5
5
8
8
7
7
6
7
8
8
8
8
11
12
12
11
8
8
9
9
10
12
11
10
11
9
8
10
10
13
14
12
10
10
10
11
10
12
15
18
15
13
12
13
13
13
12
14
17
17
14
13
13
13
13
12
14
16
17
17
16
15
15
15
16
17
16
18
18
19
21
22
20
19
18
18
21
24
27
27
25
25
24
25
24
23
24
25
24
22
23
24
27
30
28
26
27
29
29
31
30
31
32
33
32
30
30
31
33
35
34
32
32
33
33
33
35
38
38
36
35
35
34
35
33
34
35
38
38
38
37
38
38
38
39
38
39
39
39
39
39
38
39
40
38
37
39
39
38
38
38
37
38
38
38
39
38
37
36
36
37
38
41
42
42
40
39
40
42
43
41
40
38
40
43
43
41
41
44
44
44
44
44
46
48
48
50
48
47
48
47
47
46
45
47
48
49
50
51
51
50
50
49
50
51
50
51
50
48
48
47
49
47
47
49
50
50
47
47
49
49
48
49
48
48
46
47
46
46
46
46
44
48
51
50
50
48
46
48
48
49
47
46
48
50
50
46
46
47
48
47
47
47
46
47
47
48
49
47
46
46
48
49
48
45
44
44
43
46
45
46
45
44
44
43
40
39
38
40
45
45
45
44
45
49
49
48
46
45
47
49
50
50
50
49
51
51
52
50
50
51
52
54
55
54
51
51
51
52
54
54
54
51
51
51
52
55
55
56
57
57
55
54
54
54
54
57
57
56
53
52
52
52
54
54
57
58
57
57
57
58
60
61
61
60
60
60
62
61
61
59
58
58
62
65
66
66
66
65
64
64
65
66
65
66
67
68
67
67
68
68
67
66
67
67
69
69
69
68
69
70
71
70
70
70
69
69
69
67
67
68
67
67
67
70
70
70
69
69
71
72
71
70
72
72
71
70
68
69
70
72
71
70
72
70
70
70
69
69
71
73
73
71
71
72
72
71
70
70
70
71
70
72
72
72
72
71
71
71
72
73
73
71
72
72
74
76
76
74
73
73
74
78
76
74
74
74
76
75
73
73
74
77
77
77
77
76
74
70
71
75
78
77
74
73
76
80
79
74
73
74
75
76
76
76
77
79
79
78
75
75
77
78
79
75
75
77
78
82
81
79
79
79
77
79
78
78
78
78
77
78
78
77
74
75
76
78
78
77
76
76
79
79
78
76
74
74
76
76
74
74
73
73
73
74
75
76
75
76
75
75
73
72
73
75
76
76
73
73
76
77
76
75
77
79
82
80
77
75
75
77
80
78
76
79
80
81
81
80
79
79
80
78
77
76
77
78
78
76
77
76
77
79
79
79
81
80
79
78
79
78
76
75
74
76
77
78
80
80
80
78
77
77
79
80
80
81
82
81
80
81
81
82
81
81
80
80
83
82
83
83
84
83
83
83
81
82
83
84
85
85
82
83
84
86
86
86
83
79
77
79
81
82
83
81
81
83
84
84
85
83
81
80
81
84
84
81
78
77
78
81
81
78
77
79
79
81
78
77
79
81
81
80
78
78
78
80
82
81
81
81
81
80
81
82
84
83
82
83
84
83
83
82
82
84
85
86
86
85
85
84
84
87
87
87
86
86
87
87
86
86
87
89
87
88
87
86
87
87
88
88
86
85
86
90
87
87
86
86
87
88
87
86
84
86
86
87
87
86
87
89
89
90
87
87
87
90
92
90
88
88
88
92
94
92
91
90
90
91
91
92
92
92
91
91
94
96
96
93
90
90
91
89
88
90
91
91
90
88
89
90
89
90
91
91
93
94
94
92
92
94
95
96
95
93
93
97
96
96
95
96
97
97
96
96
99
99
96
94
94
95
94
94
93
93
95
95
96
96
97
96
95
93
92
93
96
97
100
98
95
94
93
92
93
94
94
97
96
94
93
93
92
94
92
93
94
96
97
98
97
97
97
97
96
97
97
96
95
95
95
93
94
95
95
96
96
96
97
99
99
96
96
96
98
97
97
94
93
93
92
91
95
97
99
98
99
97
97
97
95
92
91
92
94
96
94
94
96
95
94
94
93
94
96
95
94
96
96
96
94
94
93
93
93
93
93
90
88
91
92
94
94
92
92
89
89
90
89
91
90
90
89
90
89
86
85
85
89
92
89
87
84
85
85
85
84
84
83
83
83
82
83
83
86
88
90
88
85
83
82
82
85
84
83
82
83
84
83
79
81
82
84
85
81
80
79
81
82
82
82
80
79
79
78
76
75
75
76
78
79
79
78
76
77
77
77
75
73
75
76
78
77
74
76
78
79
80
78
76
76
76
76
79
79
78
79
79
79
81
81
81
80
77
75
78
78
79
78
76
77
76
76
75
74
74
73
73
73
72
74
74
75
75
75
77
76
74
71
70
70
71
73
71
70
71
72
72
70
71
71
70
70
69
71
71
73
73
73
73
72
71
73
74
73
72
73
74
74
74
74
74
74
74
73
73
74
77
76
73
73
73
74
73
72
73
73
72
72
72
71
72
72
73
72
73
74
73
73
72
71
72
74
74
75
74
74
74
72
71
70
69
72
71
69
69
68
70
70
71
70
70
69
67
67
70
70
70
68
68
70
69
67
64
63
64
66
70
70
68
68
68
69
68
66
66
65
65
67
67
67
67
66
65
66
64
63
63
63
64
62
61
60
61
61
61
58
59
61
62
63
61
58
57
58
59
61
61
59
61
62
61
61
61
61
63
61
61
60
59
58
57
56
56
58
60
59
56
56
56
58
58
55
53
53
55
56
57
56
55
53
55
56
56
56
56
54
53
54
51
51
52
52
54
54
51
50
48
50
49
50
48
47
49
49
49
48
47
47
47
47
45
46
46
44
45
46
48
48
46
45
46
44
41
40
40
43
47
44
40
41
44
43
44
41
40
41
40
40
39
38
38
39
40
40
40
40
39
36
35
37
39
40
41
41
41
39
36
36
38
39
40
38
35
34
37
39
38
35
33
32
36
38
38
36
34
34
33
36
35
34
35
36
38
36
36
35
35
33
34
35
35
36
37
36
36
37
36
34
31
30
32
35
35
35
33
33
34
32
32
31
31
33
32
31
30
30
29
30
32
33
31
28
29
29
31
31
30
29
29
32
34
36
34
30
30
33
33
31
31
30
30
30
30
31
32
33
35
34
34
33
32
31
32
34
32
32
32
32
31
30
31
30
31
32
31
30
31
32
31
31
30
30
28
26
28
29
30
30
30
29
31
32
34
32
30
29
29
31
31
30
28
28
29
31
31
31
30
31
33
33
31
29
30
30
28
30
30
29
30
31
31
30
29
28
25
27
29
30
31
30
27
26
25
27
28
28
26
26
26
24
24
24
25
27
28
27
26
26
26
27
27
25
25
28
30
27
23
21
17
20
24
25
23
22
21
22
24
24
23
23
23
20
18
19
20
20
21
19
20
22
22
21
20
17
16
18
16
15
15
16
18
19
17
15
15
18
19
18
16
13
13
15
15
15
13
12
13
14
15
13
14
16
17
17
19
17
15
14
13
14
14
15
14
16
15
13
10
11
13
13
12
10
9
10
8
7
7
11
10
8
8
9
9
9
8
8
8
8
9
10
9
7
6
6
8
9
8
5
4
5
7
7
7
7
6
8
9
9
6
5
4
3
4
4
6
6
3
3
5
4
4
2
2
2
2
3
4
6
5
5
5
5
3
2
3
2
4
3
3
4
6
6
3
2
0
-1
1
1
4
6
6
3
1
3
3
3
2
1
2
4
4
3
2
1
1
0
0
-1
-2
-1
2
4
3
2
-1
-2
-1
-3
-3
-3
-4
0
3
1
-1
-1
-3
-1
-1
-2
-4
-3
-2
-2
-2
-2
-1
3
1
-1
-2
-3
-3
0
2
2
2
-1
-1
-3
-4
-5
-6
-5
-3
-3
-2
-3
-1
2
0
-3
-5
-3
-1
0
-2
-4
-4
-4
-4
-4
-5
-3
-3
-1
0
1
0
1
2
1
1
-1
1
2
3
1
1
-1
0
2
2
2
2
3
2
3
2
1
2
2
1
1
2
2
2
1
1
2
2
2
1
1
2
4
4
3
1
2
1
2
2
1
1
2
2
2
3
5
6
3
1
-1
-2
-1
1
2
3
2
2
4
6
5
4
3
5
7
7
7
6
8
10
9
11
11
10
11
8
7
8
10
10
9
8
8
11
10
9
7
8
8
9
9
9
10
11
11
10
12
15
14
11
9
10
10
11
10
11
13
10
10
11
15
16
14
12
9
12
14
15
14
12
13
11
11
12
12
13
14
13
12
14
15
15
13
11
13
13
13
12
10
11
13
14
12
11
12
12
13
12
13
14
14
12
12
10
11
12
11
11
11
11
12
13
14
13
12
14
14
12
11
11
11
11
11
11
11
13
12
10
9
9
11
10
9
10
9
9
10
11
11
12
10
11
9
10
11
10
9
8
7
9
10
12
10
9
9
10
12
10
11
11
10
10
9
10
11
12
13
13
11
10
11
11
11
12
12
13
13
12
11
12
13
12
13
11
10
10
12
13
14
15
14
12
12
11
11
10
8
9
12
13
12
10
10
11
12
13
14
14
15
16
18
19
19
19
17
17
16
14
15
16
17
17
16
15
13
14
15
15
16
16
16
16
15
14
14
16
15
15
14
12
13
14
15
15
14
11
12
15
16
14
12
11
13
14
13
13
11
14
16
16
15
13
12
13
14
15
16
16
16
18
16
17
18
17
20
19
19
19
17
16
16
21
20
20
21
20
20
23
23
22
22
21
21
23
25
24
25
24
24
25
24
24
23
23
24
25
25
25
27
26
24
24
25
26
27
27
27
26
26
25
23
23
24
24
25
26
27
27
28
24
21
22
25
26
26
27
27
26
26
27
29
30
29
28
30
32
33
31
28
27
28
29
27
28
29
30
29
29
30
31
30
29
31
30
28
27
26
26
27
27
25
26
26
24
25
26
25
26
25
26
26
24
22
23
25
25
25
25
26
26
25
24
22
22
22
23
24
26
27
26
25
24
23
23
23
23
25
25
24
25
25
24
22
22
23
23
23
25
24
22
21
20
20
20
19
19
21
20
19
21
21
24
25
23
22
21
24
25
24
21
21
23
24
26
25
23
23
22
24
23
25
26
26
27
28
28
27
27
27
27
26
25
22
21
23
25
26
25
24
25
27
26
25
24
25
26
27
28
27
25
25
27
25
26
24
22
23
25
25
23
22
23
24
25
26
25
25
25
27
26
25
24
22
22
22
24
25
25
22
23
24
25
25
25
27
29
28
27
26
26
27
30
30
28
26
24
23
24
26
27
27
29
29
29
28
29
27
25
24
26
26
28
28
27
26
25
25
27
28
30
29
28
28
27
25
26
28
29
30
32
31
30
30
29
30
28
29
30
28
27
26
24
27
29
30
31
33
31
30
31
32
34
34
33
31
31
30
31
31
29
29
29
30
30
29
28
29
30
32
35
33
31
30
31
33
34
34
33
34
37
37
36
33
34
34
35
35
36
37
36
35
34
35
36
35
36
37
38
39
38
38
37
36
35
34
35
35
37
37
36
34
34
34
35
36
36
38
39
36
33
33
35
36
38
36
33
34
35
36
36
36
37
39
40
40
39
40
41
43
45
43
44
43
44
45
43
41
44
45
45
43
41
42
44
44
44
43
43
41
42
44
43
44
41
38
40
41
43
43
42
42
42
43
43
42
44
43
44
44
44
45
45
46
45
45
45
46
45
47
46
46
46
46
46
45
44
45
46
47
48
49
46
46
45
45
46
43
42
42
43
44
43
41
42
43
45
47
47
45
43
43
43
45
43
45
44
44
42
40
41
42
44
46
49
48
47
43
42
42
45
42
42
41
41
43
42
40
42
42
44
43
44
45
45
42
42
42
44
44
42
41
39
39
41
42
45
45
42
40
39
42
45
43
39
39
40
42
44
43
42
41
41
40
40
39
39
40
40
40
41
43
43
43
43
43
46
46
44
41
42
45
45
43
42
43
45
48
46
43
41
43
45
47
46
45
47
46
46
43
42
43
44
45
45
45
45
44
43
42
43
43
43
43
45
46
44
43
42
43
44
46
46
46
44
43
40
38
40
43
43
42
40
41
44
46
45
44
42
41
41
40
39
37
38
40
41
41
40
37
37
38
40
41
40
40
41
40
38
36
34
34
36
38
39
38
37
37
41
39
37
37
34
41
43
41
41
42
40
38
33
34
33
38
41
42
43
42
45
44
44
40
40
40
40
40
39
39
39
39
37
38
40
42
43
41
40
41
42
42
43
42
41
39
41
42
40
40
38
40
43
44
41
39
38
41
44
43
42
44
45
44
44
41
41
41
42
43
41
39
39
41
42
42
43
43
43
42
41
42
43
43
43
43
45
45
44
43
42
43
44
44
43
41
41
41
42
42
42
39
40
42
42
43
42
40
42
44
44
43
42
39
39
42
42
41
39
39
40
38
38
38
37
38
40
40
41
42
42
40
43
41
39
39
38
40
43
43
42
42
40
41
41
40
37
38
40
43
42
41
39
39
41
42
41
40
39
40
40
43
42
39
39
38
37
38
39
38
37
34
34
36
36
33
33
32
36
37
35
33
33
35
37
38
37
36
35
35
36
37
36
35
35
35
36
36
35
35
35
33
33
34
34
35
36
36
38
37
36
34
33
35
35
38
36
34
34
36
34
35
34
33
34
34
35
33
32
31
32
33
33
32
30
29
30
30
30
31
30
30
29
28
28
30
30
30
30
32
34
34
32
31
32
34
33
33
31
30
34
35
33
30
30
33
35
34
31
29
29
29
29
28
27
27
26
25
26
25
26
26
26
24
25
26
25
24
24
23
22
22
21
22
23
22
20
19
19
20
21
22
22
24
24
22
21
19
21
22
23
23
23
23
23
25
25
24
23
23
23
20
21
22
25
26
26
24
23
22
22
21
19
19
18
19
17
17
17
17
16
18
18
19
16
14
14
14
16
15
15
15
15
14
13
14
12
11
12
12
12
12
11
12
13
12
12
12
9
10
12
12
9
8
7
9
11
10
8
8
8
8
8
6
5
4
5
7
8
6
4
3
5
5
5
4
3
2
4
4
1
-4
-1
2
3
0
0
0
1
2
2
1
-1
0
-1
-2
-2
-3
-3
-3
-3
-5
-8
-7
-6
-6
-6
-7
-4
-3
-4
-4
-4
-4
-2
-4
-7
-8
-8
-10
-7
-7
-7
-6
-7
-7
-7
-7
-8
-7
-7
-8
-10
-12
-10
-11
-10
-10
-9
-7
-6
-7
-7
-8
-8
-8
-10
-10
-9
-7
-6
-7
-9
-9
-10
-9
-9
-10
-12
-12
-13
-14
-13
-14
-14
-13
-12
-13
-11
-10
-10
-11
-13
-15
-15
-15
-13
-13
-16
-14
-15
-16
-17
-18
-19
-18
-17
-17
-18
-19
-19
-20
-19
-17
-14
-15
-16
-17
-18
-18
-18
-18
-18
-18
-19
-20
-19
-20
-21
-21
-20
-21
-21
-23
-24
-23
-21
-20
-20
-21
-21
-21
-21
-23
-24
-23
-22
-25
-24
-22
-21
-21
-20
-21
-21
-22
-23
-23
-22
-21
-20
-18
-17
-18
-19
-19
-21
-22
-22
-21
-20
-20
-20
-22
-21
-20
-22
-24
-25
-25
-22
-20
-21
-24
-25
-26
-25
-24
-24
-23
-23
-25
-24
-21
-19
-18
-18
-22
-23
-23
-21
-21
-21
-22
-24
-24
-26
-27
-26
-24
-22
-23
-22
-22
-22
-21
-21
-22
-24
-24
-24
-21
-22
-23
-22
-23
-22
-22
-25
-27
-25
-23
-23
-23
-25
-23
-24
-23
-26
-29
-28
-28
-26
-24
-24
-26
-28
-27
-28
-29
-31
-31
-30
-28
-29
-31
-32
-31
-29
-27
-29
-33
-34
-35
-31
-29
-29
-29
-29
-32
-33
-32
-34
-34
-34
-33
-32
-29
-29
-31
-33
-32
-32
-32
-30
-29
-29
-29
-27
-28
-31
-31
-32
-32
-30
-30
-32
-32
-34
-33
-34
-36
-38
-38
-37
-37
-35
-36
-37
-35
-34
-33
-33
-35
-36
-37
-36
-35
-34
-34
-34
-33
-33
-36
-40
-41
-40
-37
-36
-35
-34
-34
-34
-34
-33
-32
-34
-36
-36
-36
-36
-34
-36
-36
-34
-33
-32
-35
-37
-36
-34
-32
-29
-32
-33
-34
-33
-32
-32
-34
-36
-36
-36
-34
-34
-33
-33
-32
-32
-33
-34
-33
-33
-32
-32
-33
-35
-37
-35
-32
-30
-31
-31
-33
-34
-33
-32
-33
-31
-30
-31
-30
-29
-29
-29
-30
-30
-30
-32
-33
-32
-30
-29
-27
-28
-30
-30
-29
-29
-29
-30
-29
-29
-28
-27
-27
-27
-28
-28
-29
-29
-30
-32
-32
-30
-30
-28
-27
-28
-31
-32
-33
-32
-32
-31
-31
-32
-32
-32
-30
-31
-31
-31
-31
-29
-28
-29
-30
-30
-29
-30
-29
-29
-28
-29
-30
-30
-31
-32
-30
-28
-28
-27
-28
-29
-29
-28
-28
-28
-29
-27
-28
-28
-28
-30
-29
-29
-30
-29
-28
-27
-26
-25
-27
-27
-27
-28
-27
-28
-30
-29
-29
-30
-27
-27
-28
-29
-29
-26
-25
-27
-28
-28
-29
-28
-29
-30
-28
-28
-28
-31
-32
-32
-30
-30
-30
-32
-31
-31
-30
-30
-30
-31
-31
-30
-30
-33
-34
-34
-33
-32
-34
-33
-34
-34
-33
-33
-35
-35
-33
-32
-29
-30
-32
-31
