38
34
30
27
26
28
30
29
29
29
29
27
27
27
25
29
29
30
30
29
27
27
28
27
25
23
21
22
24
25
24
22
20
18
18
18
17
19
22
25
26
25
24
24
23
22
20
21
21
21
21
21
21
22
23
24
23
23
22
21
21
20
23
26
28
29
29
30
30
32
33
32
33
32
32
35
35
34
33
34
35
35
33
29
29
30
33
31
27
27
29
31
29
26
24
26
29
31
32
30
27
28
29
28
30
27
26
26
30
30
28
25
23
24
23
22
19
18
21
23
23
24
26
27
25
23
21
21
26
28
27
27
30
32
29
24
22
22
25
25
24
25
25
27
25
25
21
21
22
22
24
24
22
23
23
22
25
27
27
27
26
28
28
27
26
25
23
23
19
18
19
20
22
23
23
23
22
21
20
20
20
23
24
24
23
21
21
20
23
23
22
21
20
18
17
18
17
18
18
18
16
16
14
14
14
14
13
12
11
10
12
16
17
17
16
16
16
17
16
20
20
20
20
19
18
16
16
16
16
17
19
19
18
19
20
20
21
21
23
24
23
22
22
23
22
25
26
27
28
26
22
21
19
19
17
15
17
19
21
23
22
23
23
23
22
22
20
19
18
19
19
20
19
20
19
18
19
20
22
24
22
19
20
22
22
20
19
18
19
20
19
18
15
14
15
15
16
16
18
21
24
24
23
22
22
21
21
21
18
17
18
18
17
18
17
15
15
15
12
11
11
10
10
10
8
8
8
8
10
11
12
11
8
9
11
15
16
14
14
12
12
12
12
15
18
20
20
19
19
18
17
16
15
14
14
18
20
20
18
17
15
16
16
16
18
20
20
17
14
12
12
12
12
13
12
12
12
12
11
12
14
15
14
12
10
9
9
11
12
11
11
11
10
10
8
7
5
5
7
8
10
12
13
14
15
13
11
9
10
11
9
12
15
13
10
6
3
2
2
3
4
6
6
6
8
8
9
7
6
5
4
8
10
12
11
10
11
9
8
8
8
9
10
9
8
7
7
9
9
9
9
9
6
4
3
5
7
8
10
12
12
11
11
9
11
12
13
14
14
18
22
22
18
17
12
9
11
11
15
18
17
17
16
11
8
8
7
8
11
14
15
14
12
10
9
9
8
7
5
4
4
4
4
5
7
8
7
5
6
6
7
8
9
11
11
8
5
6
8
10
9
8
9
11
10
10
9
9
11
12
12
13
15
15
13
10
9
9
9
11
13
13
13
13
13
13
14
14
14
13
12
13
13
12
11
9
10
11
10
11
10
9
11
12
14
16
15
13
13
12
13
13
11
10
10
10
6
4
4
4
5
5
8
10
9
8
6
5
7
8
9
12
14
15
13
15
16
16
17
15
13
13
14
14
13
12
11
11
10
9
6
3
4
5
5
4
3
2
4
4
6
3
3
5
9
9
9
10
12
13
13
13
11
10
9
9
9
9
10
9
9
9
11
11
12
11
11
10
10
8
7
7
12
13
9
6
5
7
9
9
5
5
7
8
8
6
5
6
5
5
4
3
3
1
1
2
3
3
3
-1
-3
-3
-6
-6
-1
1
4
4
4
1
-2
-1
-1
0
-1
-3
-3
-4
-6
-6
-7
-3
-4
-5
-7
-9
-10
-14
-16
-17
-15
-11
-11
-13
-12
-11
-11
-11
-13
-14
-15
-13
-11
-10
-11
-13
-14
-14
-15
-15
-14
-11
-9
-9
-9
-9
-11
-12
-10
-9
-10
-10
-9
-9
-9
-9
-9
-6
-5
-8
-11
-10
-6
-5
-3
-2
-6
-8
-9
-9
-10
-10
-11
-11
-11
-11
-12
-14
-16
-16
-17
-16
-16
-15
-14
-16
-17
-19
-20
-17
-18
-19
-19
-19
-20
-21
-20
-20
-18
-16
-19
-22
-23
-24
-26
-25
-24
-23
-22
-22
-22
-22
-23
-23
-21
-22
-20
-23
-27
-26
-25
-23
-22
-22
-23
-24
-25
-25
-28
-27
-25
-24
-25
-26
-28
-29
-27
-27
-28
-29
-29
-28
-27
-27
-25
-26
-25
-25
-28
-29
-30
-28
-28
-28
-27
-25
-25
-28
-30
-32
-32
-31
-30
-29
-29
-30
-30
-29
-31
-35
-37
-40
-41
-40
-38
-36
-37
-37
-38
-39
-39
-38
-36
-36
-36
-35
-34
-31
-30
-30
-34
-36
-38
-39
-38
-37
-37
-38
-37
-37
-38
-40
-41
-41
-42
-41
-41
-42
-41
-41
-43
-45
-45
-46
-47
-47
-50
-48
-44
-42
-42
-46
-48
-45
-45
-42
-41
-40
-40
-39
-40
-40
-41
-40
-40
-41
-41
-41
-41
-43
-43
-46
-50
-50
-50
-51
-50
-49
-48
-47
-45
-46
-48
-50
-48
-49
-50
-53
-55
-54
-53
-53
-52
-53
-54
-53
-51
-51
-52
-52
-55
-52
-50
-51
-51
-51
-52
-51
-48
-49
-48
-49
-52
-56
-57
-57
-55
-54
-53
-53
-52
-54
-56
-59
-60
-60
-59
-60
-60
-60
-59
-58
-59
-60
-60
-62
-62
-62
-64
-63
-63
-65
-65
-65
-65
-61
-58
-58
-57
-59
-57
-56
-58
-56
-54
-53
-52
-51
-51
-50
-48
-50
-51
-52
-50
-49
-48
-49
-49
-48
-51
-54
-55
-54
-54
-55
-58
-59
-57
-54
-53
-55
-56
-55
-53
-51
-51
-54
-53
-53
-54
-54
-53
-53
-55
-58
-59
-58
-57
-57
-60
-60
-60
-59
-61
-65
-64
-61
-58
-59
-64
-63
-62
-61
-60
-62
-63
-62
-65
-67
-66
-67
-66
-66
-67
-70
-71
-71
-70
-69
-69
-68
-68
-69
-70
-68
-67
-65
-67
-69
-70
-69
-68
-65
-63
-62
-62
-62
-62
-63
-63
-61
-62
-62
-61
-59
-60
-62
-61
-58
-56
-56
-59
-61
-58
-56
-57
-59
-64
-63
-61
-61
-63
-61
-61
-60
-61
-61
-64
-64
-63
-63
-62
-62
-63
-65
-66
-66
-66
-66
-65
-67
-68
-68
-67
-68
-68
-71
-74
-72
-72
-69
-67
-68
-67
-66
-65
-62
-60
-61
-64
-64
-64
-66
-69
-68
-66
-66
-66
-68
-70
-71
-72
-72
-73
-73
-74
-73
-75
-74
-73
-73
-75
-76
-76
-74
-73
-73
-72
-70
-69
-69
-69
-68
-66
-64
-63
-63
-65
-66
-65
-66
-64
-65
-65
-65
-67
-67
-67
-65
-63
-63
-63
-61
-62
-63
-66
-65
-65
-64
-64
-63
-64
-64
-63
-62
-60
-61
-63
-62
-62
-62
-61
-65
-65
-65
-66
-66
-69
-68
-68
-68
-68
-66
-64
-65
-65
-65
-64
-65
-64
-68
-69
-70
-67
-67
-66
-67
-68
-68
-67
-69
-69
-68
-68
-68
-71
-72
-71
-67
-66
-66
-65
-66
-67
-67
-66
-66
-67
-70
-68
-65
-61
-60
-61
-63
-66
-67
-67
-65
-62
-63
-63
-63
-62
-62
-64
-64
-64
-64
-62
-61
-62
-60
-57
-55
-57
-58
-58
-58
-57
-58
-59
-57
-59
-59
-58
-60
-60
-61
-63
-62
-59
-56
-54
-56
-56
-58
-59
-59
-61
-61
-62
-61
-61
-61
-60
-60
-61
-62
-62
-61
-61
-61
-62
-64
-63
-61
-61
-62
-62
-62
-61
-61
-62
-63
-62
-59
-58
-58
-58
-59
-59
-62
-62
-59
-59
-58
-60
-60
-60
-58
-58
-58
-59
-60
-60
-59
-60
-58
-57
-56
-55
-55
-55
-58
-57
-54
-53
-53
-53
-51
-48
-47
-47
-49
-51
-49
-48
-46
-44
-45
-47
-48
-47
-49
-47
-46
-46
-46
-45
-45
-46
-46
-46
-47
-46
-45
-45
-46
-48
-49
-52
-53
-52
-50
-50
-51
-50
-50
-50
-51
-52
-53
-50
-48
-51
-49
-49
-46
-44
-44
-46
-46
-46
-44
-43
-46
-47
-48
-50
-51
-51
-52
-49
-48
-48
-47
-47
-49
-49
-51
-52
-52
-52
-53
-53
-52
-51
-51
-50
-49
-47
-48
-47
-48
-51
-49
-48
-49
-50
-50
-51
-46
-47
-47
-47
-48
-47
-45
-48
-48
-47
-45
-44
-44
-45
-45
-42
-43
-45
-47
-45
-44
-44
-46
-48
-49
-47
-47
-47
-47
-46
-47
-47
-45
-46
-49
-50
-50
-50
-48
-49
-52
-52
-52
-50
-50
-50
-50
-52
-53
-52
-53
-55
-53
-53
-52
-50
-50
-52
-53
-54
-51
-50
-51
-54
-54
-54
-52
-51
-49
-50
-51
-53
-52
-52
-51
-54
-58
-56
-53
-53
-55
-56
-55
-51
-51
-52
-54
-53
-51
-51
-55
-57
-58
-58
-57
-54
-54
-52
-51
-48
-49
-49
-50
-52
-49
-49
-47
-47
-46
-44
-44
-44
-45
-47
-46
-45
-45
-43
-43
-43
-43
-45
-47
-47
-44
-44
-43
-43
-45
-47
-47
-51
-52
-52
-51
-49
-47
-47
-48
-50
-52
-53
-52
-53
-52
-53
-54
-51
-51
-52
-53
-53
-51
-50
-51
-53
-52
-51
-50
-53
-54
-55
-54
-53
-53
-52
-52
-52
-52
-52
-50
-48
-49
-50
-51
-51
-49
-47
-48
-49
-48
-49
-50
-52
-50
-50
-48
-49
-51
-50
-49
-50
-53
-52
-52
-52
-53
-54
-53
-52
-52
-54
-54
-53
-50
-49
-50
-51
-51
-50
-48
-47
-48
-49
-50
-52
-53
-51
-48
-47
-51
-54
-56
-53
-50
-49
-50
-51
-52
-50
-49
-50
-49
-49
-50
-50
-51
-50
-49
-48
-49
-51
-51
-49
-48
-49
-50
-49
-49
-48
-52
-54
-55
-54
-52
-53
-57
-59
-57
-57
-56
-55
-55
-56
-57
-57
-56
-56
-56
-55
-55
-55
-53
-54
-55
-55
-56
-55
-55
-55
-55
-55
-56
-58
-59
-60
-59
-59
-61
-60
-62
-60
-59
-61
-62
-59
-57
-56
-55
-55
-53
-52
-53
-54
-56
-57
-57
-56
-56
-54
-54
-56
-56
-57
-55
-53
-51
-53
-53
-51
-49
-48
-47
-48
-47
-48
-52
-52
-53
-51
-50
-49
-47
-46
-46
-49
-53
-54
-54
-53
-52
-52
-52
-52
-52
-54
-55
-55
-56
-57
-57
-59
-59
-58
-56
-54
-53
-55
-55
-58
-58
-56
-56
-55
-58
-58
-58
-58
-58
-60
-62
-63
-63
-62
-61
-59
-59
-59
-60
-66
-68
-68
-67
-66
-65
-61
-59
-59
-61
-60
-60
-59
-59
-62
-60
-60
-57
-58
-59
-60
-58
-56
-55
-54
-56
-54
-55
-54
-54
-52
-53
-55
-56
-55
-53
-55
-58
-60
-60
-58
-58
-60
-61
-60
-59
-59
-58
-61
-61
-61
-63
-63
-64
-66
-67
-68
-65
-62
-62
-63
-65
-66
-65
-65
-67
-67
-70
-69
-66
-64
-65
-67
-67
-69
-67
-65
-63
-62
-62
-63
-63
-64
-65
-67
-66
-67
-66
-66
-66
-65
-67
-67
-68
-67
-64
-63
-65
-65
-65
-65
-67
-68
-70
-71
-70
-70
-69
-67
-66
-65
-65
-66
-65
-63
-63
-64
-64
-64
-62
-59
-60
-64
-67
-66
-66
-65
-65
-68
-70
-69
-70
-70
-70
-69
-70
-69
-68
-68
-68
-68
-69
-69
-69
-67
-66
-66
-66
-66
-68
-71
-72
-70
-68
-69
-68
-70
-71
-73
-73
-73
-73
-74
-74
-74
-73
-71
-70
-71
-75
-76
-77
-77
-75
-74
-72
-71
-71
-70
-71
-69
-71
-72
-72
-73
-73
-74
-75
-76
-75
-76
-77
-78
-78
-80
-78
-77
-78
-78
-77
-79
-80
-82
-80
-78
-78
-77
-78
-78
-80
-79
-81
-82
-82
-80
-80
-80
-79
-79
-77
-77
-80
-79
-80
-82
-82
-81
-79
-75
-74
-75
-74
-74
-74
-74
-75
-74
-72
-73
-72
-73
-71
-69
-68
-70
-72
-76
-75
-74
-74
-74
-75
-78
-77
-77
-76
-77
-78
-82
-84
-83
-79
-77
-74
-76
-78
-78
-78
-78
-80
-81
-80
-80
-83
-83
-84
-84
-82
-80
-83
-85
-86
-86
-83
-81
-81
-83
-84
-83
-82
-84
-83
-84
-85
-86
-84
-81
-78
-79
-79
-79
-79
-78
-79
-80
-82
-79
-79
-79
-79
-80
-79
-79
-79
-78
-77
-77
-76
-78
-77
-77
-77
-78
-77
-75
-75
-76
-79
-81
-79
-77
-77
-77
-75
-72
-71
-73
-75
-77
-77
-76
-77
-78
-77
-74
-75
-74
-73
-73
-74
-75
-76
-74
-75
-74
-74
-74
-75
-76
-76
-76
-75
-75
-76
-76
-73
-72
-69
-71
-73
-75
-78
-78
-78
-78
-77
-77
-77
-77
-77
-75
-73
-73
-73
-74
-72
-70
-70
-71
-71
-73
-72
-68
-69
-69
-68
-66
-68
-69
-68
-68
-68
-71
-72
-71
-70
-70
-73
-76
-75
-75
-75
-73
-72
-70
-69
-71
-74
-77
-75
-72
-71
-70
-72
-73
-71
-71
-70
-70
-71
-72
-72
-72
-72
-71
-71
-72
-72
-73
-74
-73
-74
-76
-73
-71
-71
-70
-70
-70
-68
-68
-70
-71
-69
-67
-64
-65
-68
-68
-69
-67
-68
-68
-70
-71
-71
-70
-67
-66
-71
-75
-77
-77
-79
-77
-79
-79
-78
-76
-75
-73
-76
-77
-77
-77
-76
-75
-75
-76
-75
-77
-77
-78
-76
-76
-75
-75
-75
-75
-75
-75
-79
-78
-76
-74
-72
-73
-75
-76
-76
-75
-73
-75
-75
-74
-73
-73
-74
-73
-73
-72
-73
-72
-73
-73
-73
-76
-76
-77
-75
-71
-72
-75
-78
-80
-81
-79
-80
-82
-82
-83
-83
-80
-80
-80
-80
-81
-81
-80
-82
-84
-84
-81
-80
-80
-82
-83
-83
-83
-83
-85
-85
-84
-85
-89
-91
-89
-88
-86
-87
-87
-87
-86
-88
-90
-92
-91
-89
-89
-88
-89
-90
-94
-93
-92
-91
-90
-91
-93
-94
-93
-93
-92
-92
-91
-89
-89
-90
-89
-86
-85
-84
-85
-87
-86
-85
-85
-84
-84
-84
-84
-84
-84
-84
-84
-83
-83
-84
-85
-85
-86
-86
-86
-86
-86
-87
-87
-87
-86
-86
-87
-89
-90
-92
-94
-93
-93
-92
-92
-92
-90
-92
-93
-95
-95
-94
-93
-92
-91
-92
-94
-95
-95
-96
-97
-97
-98
-98
-99
-98
-100
-99
-98
-97
-98
-98
-100
-99
-98
-100
-101
-103
-103
-101
-99
-99
-98
-99
-98
-98
-97
-96
-100
-102
-100
-101
-102
-102
-102
-102
-103
-102
-103
-104
-104
-106
-106
-107
-105
-105
-104
-102
-102
-102
-104
-104
-104
-104
-105
-104
-106
-105
-106
-109
-111
-111
-108
-108
-107
-108
-110
-111
-111
-110
-110
-109
-108
-107
-108
-109
-109
-110
-109
-109
-111
-110
-106
-105
-106
-107
-110
-111
-110
-108
-108
-109
-111
-111
-112
-112
-109
-109
-113
-114
-114
-112
-113
-114
-114
-112
-110
-110
-112
-113
-115
-114
-113
-116
-116
-116
-116
-115
-117
-117
-115
-113
-114
-115
-116
-116
-116
-116
-118
-118
-119
-119
-119
-122
-123
-123
-125
-125
-125
-125
-123
-124
-125
-123
-122
-122
-122
-119
-117
-116
-117
-118
-117
-115
-113
-111
-113
-113
-113
-114
-116
-118
-118
-119
-118
-119
-118
-118
-117
-115
-113
-115
-118
-117
-115
-113
-113
-114
-118
-119
-118
-117
-117
-118
-118
-121
-124
-124
-123
-124
-122
-124
-126
-125
-122
-122
-124
-125
-124
-125
-125
-125
-126
-125
-123
-123
-124
-124
-123
-124
-125
-127
-128
-126
-128
-130
-130
-132
-132
-132
-131
-130
-129
-129
-129
-129
-131
-132
-129
-128
-129
-129
-130
-129
-129
-127
-129
-133
-133
-130
-127
-123
-126
-129
-128
-126
-125
-126
-127
-126
-122
-122
-121
-122
-121
-120
-122
-124
-126
-126
-125
-127
-128
-127
-125
-122
-123
-126
-128
-129
-127
-126
-126
-126
-126
-127
-125
-125
-126
-124
-123
-123
-123
-123
-123
-124
-127
-128
-127
-128
-128
-130
-130
-130
-129
-130
-130
-131
-130
-128
-129
-128
-127
-127
-129
-129
-130
-131
-131
-133
-134
-134
-135
-132
-133
-133
-133
-135
-138
-136
-133
-132
-131
-132
-134
-133
-134
-133
-132
-134
-134
-134
-133
-131
-130
-130
-129
-128
-126
-127
-129
-130
-128
-127
-127
-127
-131
-131
-132
-131
-129
-128
-128
-129
-131
-131
-129
-128
-129
-131
-129
-126
-124
-124
-125
-125
-125
-124
-122
-123
-124
-125
-122
-120
-118
-118
-119
-120
-118
-118
-118
-119
-117
-117
-118
-119
-119
-119
-118
-120
-120
-117
-117
-117
-120
-120
-118
-117
-117
-116
-116
-118
-119
-121
-119
-118
-115
-117
-119
-119
-120
-121
-122
-122
-120
-120
-121
-119
-118
-118
-120
-119
-121
-123
-121
-119
-117
-116
-117
-117
-114
-113
-111
-111
-112
-112
-111
-110
-110
-112
-112
-112
-109
-109
-110
-109
-108
-105
-104
-104
-106
-107
-107
-105
-104
-105
-106
-105
-103
-102
-102
-103
-106
-106
-105
-102
-101
-100
-99
-101
-102
-101
-102
-102
-99
-98
-98
-99
-99
-99
-101
-100
-98
-98
-97
-97
-98
-95
-94
-95
-96
-98
-98
-98
-99
-99
-98
-99
-99
-99
-101
-101
-101
-102
-106
-108
-108
-107
-106
-105
-105
-103
-104
-106
-106
-106
-104
-104
-104
-105
-103
-101
-101
-102
-103
-102
-98
-95
-96
-98
-96
-92
-90
-88
-87
-86
-85
-84
-84
-85
-86
-86
-85
-84
-84
-84
-83
-85
-87
-89
-88
-86
-86
-85
-88
-90
-91
-91
-89
-88
-88
-87
-86
-86
-88
-88
-88
-88
-88
-87
-88
-87
-87
-87
-89
-89
-91
-90
-91
-90
-90
-88
-88
-88
-88
-88
-87
-88
-87
-87
-88
-88
-88
-88
-87
-88
-89
-89
-88
-88
-88
-87
-90
-92
-91
-89
-91
-93
-94
-93
-91
-92
-92
-94
-93
-92
-91
-91
-92
-94
-92
-90
-92
-91
-91
-90
-90
-92
-93
-92
-91
-91
-92
-92
-89
-87
-87
-89
-89
-91
-89
-88
-89
-89
-87
-83
-83
-85
-87
-86
-83
-82
-82
-83
-85
-83
-83
-80
-79
-82
-81
-81
-81
-79
-78
-79
-80
-82
-82
-80
-79
-80
-84
-86
-85
-84
-83
-83
-83
-84
-83
-81
-81
-81
-80
-80
-83
-84
-85
-86
-83
-83
-84
-85
-86
-84
-84
-83
-83
-82
-84
-87
-86
-86
-85
-84
-85
-84
-86
-88
-89
-88
-84
-82
-83
-86
-87
-86
-86
-85
-84
-83
-81
-81
-82
-82
-82
-81
-82
-81
-79
-78
-77
-76
-74
-72
-71
-72
-73
-73
-73
-71
-71
-72
-72
-72
-72
-71
-72
-72
-73
-73
-72
-74
-74
-74
-73
-72
-72
-73
-74
-73
-73
-73
-74
-73
-75
-73
-72
-72
-71
-70
-70
-71
-74
-75
-75
-73
-71
-70
-70
-69
-70
-68
-68
-71
-76
-77
-75
-75
-73
-73
-72
-71
-72
-73
-74
-75
-74
-74
-74
-74
-75
-74
-75
-74
-72
-71
-73
-72
-72
-75
-77
-77
-76
-74
-72
-71
-73
-71
-72
-70
-65
-65
-66
-66
-67
-66
-64
-64
-66
-68
-70
-68
-62
-64
-66
-68
-68
-67
-65
-63
-63
-65
-65
-66
-65
-66
-66
-65
-64
-64
-64
-64
-62
-62
-62
-64
-68
-68
-67
-68
-69
-71
-73
-71
-71
-73
-74
-76
-74
-72
-71
-70
-69
-69
-70
-69
-72
-71
-69
-67
-66
-67
-68
-70
-73
-72
-70
-69
-71
-71
-72
-72
-69
-69
-70
-71
-73
-73
-70
-72
-73
-73
-74
-71
-72
-72
-70
-70
-70
-70
-68
-68
-69
-70
-70
-69
-69
-69
-68
-68
-65
-63
-65
-67
-70
-69
-69
-67
-67
-69
-67
-67
-66
-66
-66
-66
-68
-68
-67
-66
-67
-66
-67
-71
-71
-67
-66
-67
-69
-72
-72
-70
-71
-72
-74
-73
-72
-70
-67
-70
-72
-75
-73
-71
-69
-72
-73
-72
-72
-72
-73
-69
-67
-69
-71
-74
-76
-75
-75
-76
-76
-79
-80
-80
-78
-78
-79
-79
-78
-78
-79
-79
-79
-78
-79
-81
-81
-81
-81
-78
-77
-78
-79
-79
-80
-79
-78
-77
-75
-76
-77
-77
-77
-78
-77
-76
-78
-79
-77
-74
-72
-74
-76
-77
-74
-72
-71
-73
-75
-75
-73
-74
-73
-73
-75
-77
-78
-77
-77
-75
-77
-77
-75
-75
-76
-75
-75
-77
-77
-75
-74
-72
-72
-72
-72
-71
-71
-72
-72
-70
-70
-69
-69
-69
-69
-71
-73
-74
-73
-71
-72
-73
-74
-77
-77
-78
-78
-79
-78
-80
-80
-80
-79
-81
-83
-83
-81
-76
-74
-74
-75
-76
-76
-74
-74
-74
-74
-75
-74
-72
-70
-70
-71
-70
-70
-71
-71
-70
-71
-71
-71
-71
-68
-65
-65
-66
-68
-66
-64
-63
-65
-67
-67
-65
-64
-62
-61
-60
-61
-63
-63
-63
-65
-68
-68
-66
-65
-65
-66
-67
-66
-66
-68
-68
-66
-65
-64
-63
-63
-63
-64
-65
-65
-65
-64
-65
-64
-65
-65
-64
-65
-65
-66
-65
-64
-63
-62
-62
-63
-65
-66
-67
-66
-66
-66
-66
-67
-67
-63
-61
-63
-65
-66
-65
-63
-64
-65
-66
-65
-63
-62
-60
-61
-61
-63
-64
-61
-59
-59
-58
-58
-58
-59
-59
-61
-59
-60
-58
-52
-57
-53
-55
-57
-59
-56
-60
-55
-58
-59
-59
-60
-57
-57
-58
-58
-56
-54
-53
-55
-59
-61
-59
-60
-56
-58
-56
-55
-55
-55
-55
-55
-58
-56
-58
-57
-56
-55
-56
-54
-55
-54
-54
-55
-57
-58
-59
-60
-59
-62
-63
-62
-61
-61
-60
-61
-61
-61
-61
-61
-62
-60
-57
-58
-60
-61
-63
-64
-62
-60
-60
-58
-59
-61
-60
-59
-58
-58
-61
-62
-58
-55
-57
-60
-64
-63
-59
-58
-60
-61
-63
-62
-61
-62
-61
-60
-59
-58
-57
-57
-54
-55
-53
-52
-54
-52
-52
-51
-50
-49
-50
-51
-53
-54
-53
-54
-53
-54
-55
-55
-57
-61
-62
-59
-57
-58
-58
-58
-55
-53
-54
-56
-58
-59
-56
-55
-55
-53
-55
-57
-58
-58
-56
-54
-52
-53
-54
-58
-56
-56
-54
-54
-56
-57
-57
-58
-59
-59
-59
-61
-61
-61
-61
-56
-55
-54
-55
-56
-57
-56
-53
-53
-52
-54
-57
-59
-61
-60
-58
-53
-51
-52
-53
-53
-54
-56
-56
-56
-53
-51
-47
-48
-50
-50
-49
-48
-46
-47
-49
-49
-47
-46
-45
-43
-44
-44
-44
-45
-43
-42
-45
-45
-44
-45
-46
-47
-47
-47
-44
-43
-44
-44
-45
-46
-45
-46
-46
-49
-48
-46
-47
-47
-46
-47
-47
-46
-45
-45
-46
-46
-47
-49
-50
-49
-48
-48
-50
-48
-47
-46
-45
-47
-46
-46
-46
-46
-45
-47
-46
-44
-46
-45
-44
-43
-43
-43
-45
-42
-39
-41
-43
-44
-45
-44
-44
-44
-46
-47
-48
-47
-46
-47
-47
-49
-49
-48
-47
-45
-44
-41
-42
-41
-42
-41
-39
-38
-38
-40
-41
-40
-40
-38
-39
-40
-43
-44
-42
-40
-38
-40
-43
-45
-47
-47
-44
-43
-44
-44
-45
-43
-40
-41
-43
-45
-44
-44
-44
-46
-45
-44
-42
-43
-42
-43
-42
-42
-43
-44
-44
-42
-39
-39
-41
-43
-46
-44
-44
-45
-45
-46
-45
-46
-45
-44
-43
-43
-41
-40
-41
-41
-42
-43
-42
-42
-41
-42
-43
-42
-42
-40
-41
-43
-45
-45
-44
-43
-44
-45
-46
-44
-43
-44
-45
-44
-42
-40
-39
-41
-39
-41
-42
-43
-44
-42
-41
-41
-43
-46
-47
-47
-47
-49
-50
-50
-49
-47
-49
-51
-51
-53
-54
-52
-51
-50
-50
-52
-53
-52
-51
-49
-48
-49
-53
-53
-53
-51
-51
-50
-50
-51
-52
-51
-52
-50
-49
-52
-55
-57
-57
-57
-54
-57
-56
-58
-58
-59
-60
-59
-60
-60
-60
-59
-58
-57
-58
-58
-57
-56
-56
-58
-58
-57
-57
-59
-61
-60
-59
-60
-61
-61
-61
-59
-60
-59
-58
-58
-61
-62
-60
-57
-57
-56
-58
-58
-57
-58
-58
-58
-57
-58
-57
-58
-55
-54
-55
-56
-59
-59
-57
-59
-60
-61
-59
-58
-59
-60
-63
-59
-58
-54
-52
-54
-56
-56
-57
-58
-59
-58
-58
-58
-60
-63
-63
-60
-60
-60
-58
-56
-57
-61
-62
-64
-65
-64
-67
-69
-67
-63
-61
-64
-65
-66
-67
-64
-64
-64
-64
-64
-63
-63
-65
-66
-65
-65
-66
-66
-65
-65
-64
-64
-62
-63
-64
-67
-63
-60
-58
-58
-60
-61
-60
-57
-57
-56
-58
-59
-57
-56
-55
-52
-53
-53
-53
-55
-55
-55
-55
-55
-56
-59
-59
-58
-56
-58
-59
-60
-58
-57
-57
-58
-58
-56
-55
-57
-58
-57
-57
-59
-61
-59
-59
-57
-59
-60
-59
-58
-58
-57
-60
-60
-58
-59
-59
-59
-61
-62
-61
-61
-60
-59
-58
-58
-61
-64
-63
-62
-60
-57
-57
-57
-56
-57
-56
-56
-58
-56
-55
-53
-51
-51
-51
-51
-52
-53
-52
-51
-51
-48
-47
-47
-46
-48
-49
-48
-49
-48
-48
-47
-46
-46
-46
-47
-47
-48
-49
-48
-47
-44
-43
-45
-47
-48
-46
-45
-46
-46
-48
-48
-49
-49
-47
-46
-47
-50
-49
-49
-49
-51
-53
-54
-53
-51
-50
-49
-48
-47
-46
-49
-48
-47
-47
-47
-48
-49
-48
-48
-46
-45
-48
-50
-53
-55
-56
-55
-56
-56
-58
-57
-56
-53
-54
-56
-55
-56
-56
-54
-55
-55
-53
-52
-50
-48
-50
-51
-51
-51
-50
-50
-48
-46
-46
-50
-49
-48
-49
-49
-49
-50
-47
-47
-45
-44
-46
-46
-46
-48
-48
-48
-48
-48
-47
-45
-46
-47
-47
-47
-48
-49
-51
-51
-50
-50
-52
-53
-55
-54
-51
-53
-53
-52
-49
-47
-48
-50
-52
-53
-53
-52
-50
-49
-50
-49
-49
-50
-51
-54
-56
-54
-52
-53
-53
-54
-52
-53
-53
-53
-53
-53
-52
-52
-52
-49
-51
-53
-53
-54
-51
-49
-47
-47
-49
-50
-49
-50
-51
-51
-50
-49
-46
-48
-49
-49
-51
-50
-51
-52
-52
-51
-49
-49
-51
-50
-53
-51
-49
-48
-46
-45
-46
-44
-46
-45
-43
-42
-44
-43
-42
-41
-37
-37
-37
-38
-40
-40
-39
-41
-40
-40
-39
-39
-38
-36
-34
-34
-36
-38
-40
-38
-36
-35
-36
-37
-38
-38
-39
-38
-38
-37
-37
-39
-38
-39
-38
-37
-38
-40
-39
-41
-40
-41
-42
-40
-40
-40
-39
-39
-41
-39
-37
-37
-37
-38
-36
-38
-38
-36
-36
-35
-35
-36
-37
-37
-36
-39
-41
-40
-36
-34
-34
-36
-40
-42
-43
-41
-39
-37
-35
-36
-35
-36
-38
-38
-38
-37
-35
-35
-37
-36
-36
-35
-32
-34
-37
-36
-35
-35
-33
-35
-37
-35
-36
-35
-38
-37
-35
-35
-37
-39
-38
-39
-38
-39
-38
-37
-37
-37
-36
-37
-38
-39
-41
-41
-40
-41
-39
-39
-42
-42
-40
-39
-39
-39
-41
-40
-38
-38
-41
-43
-43
-41
-41
-45
-46
-43
-42
-43
-43
-43
-42
-42
-41
-42
-44
-42
-42
-44
-45
-44
-42
-41
-39
-42
-43
-41
-39
-38
-37
-38
-37
-38
-37
-36
-36
-34
-32
-32
-31
-31
-32
-31
-29
-27
-25
-27
-29
-30
-30
-29
-28
-29
-29
-29
-28
-29
-29
-29
-30
-28
-27
-26
-26
-29
-28
-31
-31
-29
-28
-27
-28
-29
-30
-29
-30
-31
-31
-32
-30
-30
-32
-32
-32
-33
-32
-30
-30
-31
-31
-31
-31
-30
-31
-32
-32
-32
-29
-27
-29
-32
-32
-31
-29
-30
-31
-31
-29
-26
-25
-24
-25
-25
-27
-25
-25
-26
-27
-28
-26
-24
-21
-22
-23
-24
-25
-25
-25
-27
-26
-24
-21
-19
-17
-17
-20
-21
-20
-17
-19
-19
-20
-20
-18
-18
-19
-20
-22
-22
-20
-20
-20
-19
-19
-21
-22
-22
-22
-18
-18
-18
-18
-17
-19
-20
-22
-20
-18
-17
-19
-20
-19
-17
-19
-20
-20
-20
-21
-21
-23
-23
-23
-23
-23
-24
-24
-24
-25
-24
-24
-24
-22
-25
-23
-20
-21
-23
-26
-26
-25
-22
-23
-23
-24
-23
-24
-21
-22
-23
-24
-24
-24
-24
-26
-25
-25
-26
-28
-28
-25
-23
-26
-27
-26
-26
-24
-26
-26
-24
-22
-22
-22
-24
-25
-24
-21
-20
-19
-18
-17
-14
-14
-13
-13
-15
-14
-15
-13
-11
-11
-11
-11
-11
-10
-11
-12
-14
-11
-9
-9
-12
-13
-11
-10
-7
-7
-6
-4
-5
-10
-12
-9
-9
-11
-11
-11
-11
-11
-11
-13
-15
-13
-12
-11
-10
-11
-13
-13
-13
-14
-15
-13
-12
-11
-10
-10
-10
-12
-16
-14
-13
-13
-12
-14
-14
-15
-13
-13
-15
-15
-14
-12
-9
-7
-9
-8
-7
-5
-5
-6
-7
-7
-7
-7
-5
-3
-3
-7
-8
-7
-6
-5
-5
-7
-7
-5
-5
-4
-3
-3
-1
-3
-6
-8
-8
-9
-8
-7
-8
-6
-8
-9
-8
-9
-9
-7
-6
-6
-7
-8
-7
-6
-7
-7
-7
-8
-8
-9
-11
-10
-9
-10
-10
-11
-10
-7
-5
-7
-6
-8
-10
-11
-12
-13
-13
-12
-11
-12
-12
-11
-10
-12
-12
-12
-11
-12
-13
-14
-11
-10
-8
-8
-7
-7
-5
-6
-8
-7
-7
-8
-8
-7
-8
-6
-8
-9
-8
-8
-6
-5
-5
-3
-3
-4
-5
-5
-4
-2
0
-1
1
1
3
3
1
1
2
1
0
-1
0
0
0
1
2
3
2
0
-2
-3
-3
-2
-1
-2
-2
-2
-5
-7
-7
-5
-4
-4
-5
-6
-5
-5
-6
-8
-11
-11
-9
-8
-8
-7
-9
-10
-10
-7
-7
-7
-7
-7
-7
-4
-2
-2
-6
-9
-9
-8
-5
-5
-5
-5
-3
-1
-3
-7
-10
-10
-8
-7
-5
-7
-10
-10
-10
-9
-7
-7
-7
-6
-7
-8
-8
-9
-8
-8
-5
-5
-5
-6
-7
-9
-11
-11
-10
-9
-7
-7
-9
-10
-12
-14
-13
-11
-10
-11
-11
-12
-11
-10
-9
-8
-8
-9
-9
-8
-9
-12
-14
-13
-13
-13
-12
-13
-12
-9
-9
-8
-7
-7
-7
-8
-9
-9
-8
-9
-8
-9
-10
-8
-7
-8
-9
-13
-13
-11
-11
-12
-14
-14
-11
-11
-11
-15
-15
-15
-12
-12
-14
-15
-17
-17
-15
-14
-12
-10
-12
-13
-12
-12
-11
-10
-11
-12
-12
-13
-10
-5
-5
-4
-4
-6
-7
-7
-8
-7
-6
-2
-2
-3
-4
-3
-4
-3
-6
-5
-6
-2
-1
-3
-6
-7
-5
-4
-2
-5
-7
-5
-3
-3
-5
-5
-4
-3
-4
-5
-6
-4
-4
-3
-4
-4
-4
-4
-2
-3
0
1
-1
0
-2
-3
-3
-2
-1
-2
-1
1
2
2
2
1
0
2
2
3
2
3
4
4
3
3
3
4
7
9
9
9
7
6
7
8
9
9
10
10
9
10
8
5
8
8
9
13
14
14
14
13
13
14
13
13
13
14
15
15
14
13
13
13
14
14
11
10
11
11
10
10
10
12
12
12
9
10
10
11
10
7
8
10
10
10
10
11
12
12
12
10
5
5
3
3
3
2
3
3
3
1
1
1
2
4
6
7
6
5
7
8
6
6
7
7
9
10
9
10
10
10
9
9
11
12
13
12
12
13
15
14
14
14
15
16
16
17
19
20
19
18
19
21
25
27
26
26
25
26
29
30
27
25
23
24
25
25
26
26
26
27
27
25
27
27
26
25
24
26
27
24
22
19
20
23
24
24
24
25
25
24
25
27
29
28
27
24
24
24
23
25
24
25
24
19
17
17
17
15
14
15
15
14
13
12
11
11
10
8
8
8
7
8
8
6
5
5
5
4
4
4
5
6
8
10
10
8
8
10
9
13
16
14
14
14
15
16
18
18
17
16
17
18
19
19
19
20
21
25
25
25
24
24
24
25
26
30
32
32
32
35
37
39
39
40
41
43
46
47
48
50
52
53
56
58
59
58
57
57
58
61
64
65
63
63
62
65
61
62
61
58
55
55
53
54
50
49
46
42
40
37
34
33
30
27
23
18
15
11
7
3
1
-4
-8
-13
-18
-22
-26
-28
-30
-32
-36
-38
-41
-44
-48
-49
-51
-53
-54
-57
-60
-63
-63
-65
-66
-68
-67
-68
-67
-64
-62
-59
-56
-52
-48
-41
-31
-20
-9
2
11
21
29
38
47
57
67
76
85
95
104
112
117
121
124
127
128
132
133
133
134
136
136
138
138
139
138
137
135
134
130
125
119
114
112
109
105
102
98
95
91
89
84
79
74
70
62
57
52
48
45
37
29
22
16
9
2
-9
-16
-24
-33
-44
-53
-64
-70
-80
-89
-94
-102
-110
-117
-125
-130
-134
-143
-148
-153
-159
-165
-172
-177
-181
-179
-174
-162
-147
-128
-108
-90
-73
-56
-38
-19
-2
17
36
52
69
86
101
113
119
119
120
117
113
107
101
101
99
98
100
100
101
98
94
86
76
64
54
47
39
33
27
21
21
17
16
16
16
15
14
14
18
24
28
32
35
41
50
57
66
76
84
91
95
99
100
102
105
106
109
111
112
117
118
117
114
112
106
100
94
90
90
88
86
84
82
84
84
84
82
80
79
79
80
79
75
73
69
67
63
61
56
51
43
33
24
17
8
-2
-17
-32
-46
-55
-64
-75
-88
-99
-115
-125
-136
-144
-156
-167
-176
-187
-191
-197
-196
-189
-178
-161
-140
-122
-106
-91
-76
-58
-42
-31
-16
-4
12
29
43
57
61
66
65
67
65
62
57
55
53
53
53
54
52
49
44
38
32
23
12
3
-5
-9
-10
-10
-9
-7
-4
0
2
7
16
27
35
44
52
64
76
93
107
118
127
137
147
159
166
173
176
179
183
187
188
188
184
177
172
168
164
160
154
145
137
126
119
112
103
96
88
80
73
68
61
55
47
39
32
23
15
8
-1
-11
-24
-40
-48
-55
-59
-69
-82
-97
-111
-126
-139
-154
-166
-179
-188
-199
-208
-215
-227
-240
-251
-262
-269
-270
-267
-256
-234
-205
-174
-153
-131
-109
-89
-69
-52
-35
-15
3
29
51
72
87
93
99
101
101
97
92
88
93
96
98
100
101
101
97
85
74
61
47
35
23
14
8
1
-4
-7
-9
-8
-8
-6
-5
-5
-2
8
17
23
26
33
51
72
88
98
103
112
123
134
145
149
153
159
168
175
178
180
179
177
175
171
167
160
155
149
140
134
126
121
118
113
107
100
93
88
87
84
81
74
66
57
51
44
35
26
15
2
-8
-19
-26
-33
-42
-57
-73
-93
-110
-124
-141
-155
-170
-180
-191
-203
-216
-231
-240
-254
-269
-286
-296
-299
-293
-285
-261
-230
-196
-171
-149
-132
-109
-86
-68
-47
-29
-7
21
47
70
87
91
97
99
98
93
84
77
79
84
88
92
93
94
88
79
71
56
39
23
12
5
-4
-14
-17
-15
-12
-8
-6
-6
-2
5
10
18
24
35
50
68
86
97
108
121
136
151
160
168
177
186
195
201
206
209
209
210
212
212
212
211
210
204
195
182
171
166
157
149
139
131
128
123
119
115
108
103
94
85
75
65
56
43
32
22
14
5
-6
-20
-34
-47
-62
-81
-101
-119
-137
-157
-175
-194
-206
-221
-235
-253
-274
-285
-301
-311
-326
-335
-332
-318
-291
-256
-220
-197
-173
-148
-123
-91
-67
-50
-23
-3
31
63
91
110
122
121
126
123
115
107
101
102
107
109
114
118
113
106
91
82
69
51
30
15
3
-4
-16
-25
-27
-28
-25
-20
-18
-14
-10
-5
2
10
26
41
57
72
92
111
129
146
160
170
182
192
200
195
293
230
222
277
220
248
268
246
255
254
254
234
223
220
191
182
173
152
150
150
138
128
126
111
97
93
83
78
58
46
33
25
15
7
-4
-11
-20
-35
-56
-77
-94
-119
-138
-152
-176
-193
-207
-224
-235
-250
-275
-294
-312
-326
-346
-357
-367
-366
-355
-327
-291
-247
-222
-197
-174
-148
-111
-85
-62
-35
-14
17
57
80
105
108
108
111
115
107
100
88
87
94
98
106
111
111
105
90
83
69
45
23
2
-6
-9
-18
-29
-31
-35
-33
-32
-29
-28
-25
-18
-5
13
32
48
59
77
102
122
141
158
173
190
204
219
236
247
255
265
274
282
286
290
295
299
298
295
291
285
273
256
242
228
215
205
195
187
180
172
165
156
148
139
126
113
98
81
65
51
41
32
19
6
-7
-26
-47
-70
-95
-122
-148
-173
-191
-213
-228
-248
-266
-283
-304
-326
-349
-371
-385
-399
-402
-399
-380
-345
-305
-262
-233
-215
-179
-142
-111
-76
-48
-21
8
50
86
112
130
133
135
140
142
136
131
121
125
134
136
139
140
136
128
111
100
81
56
33
15
4
-9
-21
-31
-36
-39
-37
-35
-32
-31
-30
-22
-6
12
29
38
54
78
103
123
142
158
176
197
215
235
248
258
267
277
290
298
302
307
313
320
323
317
308
298
284
268
256
243
228
215
205
201
193
185
178
167
154
138
125
109
90
72
54
41
34
26
12
-2
-21
-41
-66
-91
-119
-145
-174
-200
-221
-241
-255
-270
-291
-314
-340
-369
-390
-416
-427
-440
-435
-421
-385
-330
-283
-261
-236
-201
-164
-122
-97
-66
-31
0
41
82
111
137
137
134
137
137
135
124
117
122
127
128
135
138
134
120
103
86
65
35
7
-11
-28
-43
-64
-77
-85
-87
-87
-84
-83
-83
-82
-72
-58
-39
-22
-8
11
43
72
97
119
134
153
173
195
218
238
250
265
282
297
310
315
324
336
341
342
339
334
328
315
302
287
271
258
245
236
229
220
210
203
192
182
169
152
136
116
97
82
66
52
40
26
13
-5
-28
-56
-87
-117
-145
-178
-208
-231
-258
-276
-297
-323
-347
-378
-408
-433
-459
-478
-493
-498
-491
-465
-418
-364
-323
-299
-268
-230
-186
-142
-111
-77
-38
-1
51
90
115
128
130
134
140
139
136
129
126
133
135
140
145
143
138
121
100
87
56
19
-9
-28
-39
-56
-74
-83
-93
-93
-89
-89
-85
-85
-81
-67
-51
-35
-8
4
36
62
91
123
145
169
193
219
231
259
279
289
313
329
340
359
361
372
376
375
376
368
358
346
328
314
296
277
260
249
239
232
223
213
203
188
171
152
133
114
98
77
66
50
37
25
9
-13
-39
-70
-101
-130
-159
-187
-219
-243
-269
-290
-313
-342
-368
-399
-429
-461
-485
-507
-515
-518
-492
-455
-395
-354
-328
-300
-262
-221
-167
-133
-96
-53
-15
39
90
119
139
149
144
158
155
157
147
144
152
166
168
180
176
172
155
134
119
91
52
20
-7
-28
-45
-71
-80
-91
-98
-104
-112
-116
-115
-117
-108
-94
-79
-62
-45
-16
19
55
80
102
122
149
174
198
221
247
263
288
315
335
354
365
376
387
390
383
377
368
360
348
334
319
303
287
275
263
252
244
232
223
213
202
187
165
144
126
107
96
81
67
53
37
20
-3
-34
-64
-100
-131
-161
-186
-216
-238
-262
-288
-319
-347
-381
-414
-434
-473
-508
-517
-541
-531
-488
-446
-390
-356
-328
-293
-247
-202
-163
-133
-87
-55
4
64
103
136
151
149
159
167
167
164
150
156
166
179
187
191
188
177
157
142
119
88
55
22
-1
-21
-50
-73
-86
-97
-98
-105
-112
-115
-119
-121
-110
-102
-86
-68
-47
-15
20
54
77
103
130
161
185
211
230
254
278
306
333
355
371
383
399
410
414
411
404
391
380
365
350
334
321
309
296
287
277
265
257
247
232
220
202
180
163
143
124
107
92
73
60
43
24
1
-28
-64
-101
-133
-166
-197
-223
-249
-277
-303
-340
-369
-400
-432
-464
-493
-526
-539
-544
-514
-464
-411
-373
-345
-311
-265
-214
-170
-130
-98
-50
-3
63
117
156
171
182
187
199
199
193
186
187
201
215
229
237
234
221
204
183
159
125
86
55
27
1
-31
-58
-77
-89
-102
-113
-126
-136
-141
-142
-138
-131
-121
-111
-88
-59
-24
9
35
60
91
121
150
179
204
235
265
297
330
357
378
397
416
431
438
442
438
429
422
412
396
383
369
356
348
338
329
320
310
300
287
273
252
231
213
192
168
147
130
114
101
81
59
36
4
-30
-70
-104
-145
-176
-207
-237
-267
-295
-324
-354
-385
-423
-462
-497
-525
-542
-542
-510
-464
-416
-384
-362
-320
-277
-228
-179
-138
-100
-50
1
72
123
152
168
178
190
205
201
203
197
204
228
241
251
258
250
243
226
203
179
140
105
75
45
19
-16
-44
-63
-83
-98
-111
-133
-145
-153
-151
-147
-147
-144
-131
-111
-79
-47
-23
-4
22
54
88
117
141
168
204
244
284
317
344
370
393
417
437
446
446
444
434
430
420
402
385
370
361
354
345
340
332
319
308
294
280
263
239
219
197
175
153
132
112
95
71
51
27
-3
-39
-81
-116
-153
-188
-223
-249
-284
-309
-345
-375
-412
-447
-489
-517
-553
-566
-569
-529
-482
-434
-417
-387
-350
-295
-244
-201
-158
-113
-65
-5
59
107
142
153
167
183
196
190
196
186
207
223
235
258
256
251
240
211
203
168
133
102
68
42
5
-38
-62
-89
-102
-120
-140
-164
-176
-196
-191
-195
-197
-195
-190
-175
-143
-123
-91
-75
-50
-14
23
60
93
119
158
202
247
283
310
339
371
397
418
438
451
460
455
451
442
425
408
391
379
366
352
343
336
335
330
321
310
293
268
245
223
198
172
146
125
104
78
51
23
0
-31
-65
-105
-143
-180
-218
-254
-295
-324
-366
-391
-430
-463
-498
-535
-569
-587
-595
-563
-524
-478
-452
-431
-397
-342
-292
-248
-209
-168
-106
-45
33
95
127
151
163
173
193
185
189
187
195
216
230
244
262
259
256
239
218
193
148
106
77
34
0
-44
-73
-92
-112
-130
-146
-173
-187
-208
-216
-221
-230
-240
-235
-225
-195
-173
-150
-131
-110
-79
-42
-6
33
65
105
151
197
239
266
298
331
365
394
418
445
467
480
487
481
471
452
424
403
389
370
357
350
351
353
348
341
332
313
289
258
228
197
162
130
106
82
58
34
7
-24
-62
-107
-146
-190
-233
-281
-322
-357
-389
-423
-462
-496
-534
-557
-592
-607
-621
-591
-553
-501
-483
-454
-434
-378
-331
-280
-239
-188
-128
-57
16
81
123
150
169
185
201
205
203
197
204
220
232
244
252
251
251
235
217
193
156
121
79
37
2
-43
-80
-116
-149
-186
-204
-226
-261
-264
-251
-246
-252
-247
-229
-217
-200
-185
-159
-136
-115
-90
-50
-5
39
80
138
204
271
327
359
387
404
406
408
409
413
408
405
412
429
435
422
398
380
349
313
280
258
252
255
256
275
297
312
309
300
281
248
204
153
123
85
43
0
-37
-79
-119
-175
-219
-265
-319
-394
-464
-516
-583
-635
-717
-743
-763
-760
-760
-732
-642
-495
-398
-292
-199
-70
11
18
26
77
124
147
144
204
279
332
329
326
336
318
218
106
33
1
-70
-163
-197
-156
-106
-105
-113
-62
-30
-45
-113
-140
-131
-163
-230
-256
-212
-142
-121
-107
-45
24
54
22
-12
-4
-32
-101
-161
-166
-126
-129
-145
-102
-22
30
20
9
53
73
45
18
44
121
172
209
278
381
468
506
516
537
535
477
412
380
373
342
301
311
354
372
354
346
353
358
326
289
269
259
230
206
188
193
173
142
114
103
71
7
-66
-125
-189
-263
-360
-411
-461
-496
-563
-603
-641
-668
-730
-775
-816
-809
-829
-812
-764
-597
-391
-210
-85
60
224
358
361
302
279
292
297
253
236
269
320
296
252
211
175
50
-136
-268
-311
-348
-422
-476
-403
-249
-147
-114
-81
0
53
17
-42
-49
-34
-47
-81
-42
63
141
146
135
170
209
145
12
-94
-147
-204
-296
-351
-328
-271
-238
-211
-144
-61
-22
-43
-56
-24
23
33
43
106
227
348
449
531
620
677
684
627
549
460
373
296
241
211
210
227
264
296
318
317
297
266
244
229
222
208
214
241
282
299
282
257
235
199
122
33
-46
-110
-186
-263
-354
-397
-460
-519
-582
-640
-679
-735
-811
-865
-900
-917
-891
-874
-782
-642
-412
-179
16
147
295
411
510
457
385
331
346
341
308
255
287
301
283
186
76
-18
-155
-317
-446
-497
-486
-497
-486
-377
-209
-67
-25
-17
43
86
81
4
-48
-30
2
18
17
73
146
211
210
184
138
68
-64
-243
-349
-431
-482
-489
-477
-373
-264
-158
-75
-39
12
29
32
39
34
72
127
198
304
406
525
615
685
742
727
669
571
453
345
227
145
102
109
159
209
277
341
394
416
398
365
335
297
256
234
244
264
268
263
263
258
223
144
47
-60
-160
-267
-387
-497
-573
-631
-676
-720
-757
-786
-814
-847
-877
-907
-909
-884
-845
-768
-622
-381
-131
75
237
411
578
675
621
535
447
412
354
258
179
142
133
126
70
20
-71
-183
-301
-380
-428
-484
-551
-536
-426
-280
-173
-107
-1
119
195
196
156
141
117
68
18
-3
19
27
15
27
54
62
-7
-116
-199
-276
-370
-480
-557
-555
-522
-473
-385
-266
-122
-10
78
169
240
284
293
292
328
360
393
437
517
617
681
702
702
676
623
515
388
275
187
124
92
97
147
203
273
339
399
443
445
424
397
362
328
270
221
184
161
131
94
44
-8
-66
-127
-215
-302
-421
-506
-604
-681
-752
-827
-882
-917
-931
-933
-940
-935
-883
-829
-722
-624
-435
-189
28
213
359
503
662
698
639
536
467
454
373
249
139
94
97
40
-76
-161
-243
-299
-413
-500
-532
-541
-523
-487
-405
-264
-166
-78
-15
52
142
153
131
107
85
95
64
30
16
1
16
13
-21
-65
-151
-208
-270
-356
-444
-523
-542
-519
-495
-434
-348
-230
-103
-5
115
223
308
364
384
430
472
486
499
512
569
627
639
634
609
588
544
451
350
245
160
113
76
63
62
94
162
232
289
329
351
380
382
370
341
298
263
217
163
114
63
4
-50
-121
-179
-256
-338
-416
-505
-579
-668
-742
-831
-887
-959
-980
-1020
-1020
-1023
-966
-896
-782
-666
-511
-261
-9
221
367
512
649
773
733
641
500
449
391
297
139
42
1
-2
-81
-191
-285
-345
-420
-511
-584
-616
-608
-587
-539
-437
-309
-193
-107
-30
77
162
187
174
145
134
120
81
29
-19
-45
-56
-78
-111
-168
-226
-275
-336
-410
-490
-542
-556
-556
-527
-467
-363
-227
-107
27
172
308
421
479
519
564
582
586
567
556
576
590
598
591
568
550
512
452
362
250
163
100
65
32
5
25
94
179
238
277
325
365
380
365
312
259
200
141
74
4
-55
-105
-152
-186
-235
-287
-353
-416
-492
-573
-664
-743
-831
-879
-936
-958
-976
-960
-950
-908
-863
-762
-668
-541
-375
-118
127
354
494
631
756
839
790
656
506
437
360
214
39
-59
-79
-95
-191
-298
-368
-396
-447
-537
-615
-632
-621
-603
-569
-484
-366
-252
-161
-55
69
168
206
206
196
187
148
71
-6
-71
-114
-145
-169
-211
-267
-317
-336
-363
-416
-473
-497
-483
-453
-423
-365
-262
-126
5
128
271
434
567
646
699
750
780
766
703
648
612
588
543
489
446
425
396
353
293
224
163
115
78
37
-2
-9
28
79
133
179
231
285
327
342
327
291
247
185
114
32
-49
-116
-176
-228
-283
-333
-377
-415
-459
-506
-567
-619
-672
-714
-756
-772
-790
-762
-733
-679
-646
-603
-569
-490
-397
-231
-59
119
281
444
597
714
734
662
552
466
375
239
46
-101
-157
-184
-235
-330
-392
-395
-402
-439
-514
-569
-582
-584
-575
-547
-494
-409
-327
-224
-102
20
115
173
210
241
228
186
115
43
-27
-102
-158
-202
-247
-265
-270
-256
-249
-247
-234
-209
-186
-165
-150
-103
-43
39
126
224
342
472
582
674
737
786
801
768
709
639
565
487
407
343
302
282
277
264
242
218
203
180
141
85
49
36
37
41
67
120
184
233
268
300
324
317
272
207
127
47
-49
-137
-214
-276
-333
-371
-403
-410
-427
-454
-471
-499
-523
-565
-593
-619
-614
-620
-601
-578
-549
-515
-492
-465
-403
-270
-106
66
193
328
479
618
663
594
473
393
334
217
25
-143
-212
-216
-249
-340
-417
-427
-397
-409
-465
-529
-550
-547
-526
-504
-467
-404
-322
-218
-101
19
122
190
228
256
265
241
182
97
24
-21
-49
-90
-143
-171
-147
-105
-81
-97
-106
-76
-30
-11
-16
-11
34
104
168
229
301
392
484
563
614
658
671
653
611
563
513
451
376
319
293
290
287
268
249
247
248
228
174
121
101
101
97
80
84
120
180
220
234
245
263
269
249
195
141
81
19
-56
-125
-189
-234
-272
-285
-306
-309
-314
-313
-325
-345
-377
-394
-419
-450
-491
-529
-543
-527
-507
-488
-487
-474
-430
-308
-161
-41
38
132
283
446
496
432
336
316
326
238
51
-114
-163
-143
-183
-290
-384
-398
-367
-378
-434
-482
-489
-463
-439
-404
-354
-296
-228
-155
-71
17
83
124
161
205
245
250
232
194
158
138
116
75
13
-37
-37
-9
-4
-35
-58
-24
38
68
61
55
90
152
202
226
252
306
377
440
486
522
546
555
557
551
527
472
400
348
325
311
276
230
200
198
209
202
161
117
101
115
118
91
64
74
118
162
171
171
189
232
255
244
204
170
140
113
50
-14
-69
-93
-110
-135
-159
-180
-200
-211
-253
-287
-344
-385
-431
-487
-535
-571
-609
-639
-645
-628
-589
-551
-497
-394
-235
-89
30
107
206
332
405
393
321
259
250
201
87
-51
-142
-166
-198
-272
-360
-405
-406
-403
-428
-449
-448
-415
-377
-341
-298
-252
-196
-136
-65
17
91
155
205
255
301
328
331
312
275
245
221
181
120
59
33
29
17
-8
-27
-11
28
52
59
68
109
156
192
210
243
291
345
378
402
428
465
478
460
433
413
397
365
307
259
233
226
206
163
131
124
123
108
71
51
58
82
99
102
125
173
220
252
258
277
302
324
324
297
272
256
228
189
120
57
-4
-53
-109
-172
-236
-280
-323
-358
-411
-453
-493
-512
-548
-579
-621
-646
-669
-688
-710
-712
-706
-664
-573
-408
-223
-51
100
259
419
546
557
484
397
346
272
128
-56
-171
-209
-221
-276
-365
-403
-377
-347
-351
-387
-396
-367
-326
-295
-280
-246
-184
-112
-35
45
126
201
267
337
386
413
422
406
372
328
277
228
161
88
29
9
10
-9
-35
-27
21
69
90
90
101
146
196
213
210
214
245
285
310
314
323
345
390
415
417
397
379
361
333
283
226
179
151
123
99
92
104
119
132
154
194
226
242
247
266
287
301
293
289
305
331
343
334
310
294
273
238
170
91
2
-73
-151
-224
-297
-352
-387
-406
-424
-445
-456
-468
-472
-503
-527
-568
-582
-630
-662
-691
-693
-687
-668
-634
-530
-363
-170
-5
133
291
460
589
603
530
450
401
337
187
-5
-137
-195
-222
-292
-379
-410
-376
-317
-297
-305
-290
-248
-201
-170
-160
-132
-92
-42
18
86
175
259
342
413
462
497
508
486
432
368
322
272
193
108
46
34
35
7
-25
-25
14
49
50
45
50
83
109
114
117
141
187
238
279
329
376
426
466
484
485
462
429
395
354
308
263
229
206
182
169
174
188
196
192
197
213
226
219
204
204
221
232
227
222
238
266
283
281
266
257
244
209
147
72
-4
-78
-153
-225
-301
-355
-398
-418
-440
-450
-467
-467
-483
-495
-515
-530
-551
-572
-600
-618
-623
-620
-607
-572
-508
-397
-242
-75
85
226
366
500
593
603
532
448
389
318
183
5
-121
-161
-170
-209
-283
-316
-271
-219
-205
-235
-242
-203
-154
-125
-117
-91
-27
40
114
181
248
316
369
418
444
453
456
439
412
370
326
290
233
159
84
37
8
-33
-87
-113
-106
-77
-60
-50
-23
32
102
152
190
229
275
326
362
383
398
411
424
428
434
434
416
397
375
351
323
289
253
215
189
180
161
130
98
83
89
87
69
55
63
99
133
152
172
206
257
295
304
290
278
268
239
180
100
15
-63
-142
-221
-300
-361
-406
-428
-447
-455
-464
-459
-456
-453
-454
-454
-459
-469
-477
-479
-475
-461
-445
-427
-401
-357
-285
-172
-47
72
176
297
418
511
544
516
463
425
379
280
133
11
-56
-90
-140
-222
-287
-295
-268
-240
-241
-238
-211
-151
-81
-39
-10
33
91
156
207
255
298
341
392
435
459
469
462
447
418
377
324
253
172
87
19
-27
-78
-130
-159
-141
-93
-50
-18
18
84
174
243
275
291
322
370
398
392
377
380
409
420
412
396
386
383
370
337
287
235
186
131
68
10
-27
-51
-74
-89
-79
-43
1
35
75
129
195
251
285
307
332
358
370
347
299
254
218
172
99
12
-62
-128
-185
-253
-312
-353
-370
-379
-385
-389
-383
-367
-360
-362
-363
-348
-342
-334
-327
-310
-284
-266
-261
-255
-241
-218
-196
-162
-89
5
102
180
254
329
405
432
393
327
283
237
156
36
-64
-115
-128
-152
-200
-229
-205
-151
-107
-94
-80
-43
16
67
92
117
146
182
230
270
307
337
378
422
437
437
425
401
369
312
247
188
129
70
8
-35
-53
-64
-65
-49
-16
35
85
125
162
211
258
283
291
297
312
317
303
281
263
261
261
253
249
243
239
239
223
187
144
101
59
7
-41
-73
-85
-79
-67
-43
4
63
115
162
204
249
280
282
272
262
256
240
200
158
129
110
89
52
12
-18
-37
-61
-101
-150
-190
-217
-229
-253
-274
-287
-276
-253
-238
-234
-230
-220
-207
-204
-218
-241
-245
-252
-260
-280
-292
-305
-303
-303
-274
-212
-129
-49
24
105
201
286
324
320
303
299
290
234
147
89
70
64
32
-14
-43
-25
-1
5
-6
-5
24
66
94
101
113
135
165
189
208
231
249
267
281
285
279
264
249
234
214
194
168
140
116
99
93
83
56
36
33
42
46
39
32
40
63
86
94
100
117
143
165
173
165
160
158
152
136
125
120
121
119
113
109
111
105
86
62
54
65
71
63
54
68
102
125
122
118
135
158
168
156
141
140
151
154
139
123
120
124
125
110
86
69
60
44
12
-29
-66
-96
-126
-156
-192
-214
-232
-238
-253
-256
-261
-268
-281
-285
-291
-286
-294
-303
-307
-303
-293
-291
-289
-285
-264
-211
-131
-51
32
118
226
325
408
439
436
434
434
410
345
246
178
138
105
45
-24
-61
-63
-54
-54
-68
-68
-56
-23
2
11
28
45
73
104
121
142
152
171
193
204
216
216
212
214
198
188
169
143
111
73
48
20
-16
-45
-64
-61
-56
-58
-57
-42
-13
11
31
49
65
92
107
116
125
128
136
138
142
150
157
162
162
162
161
154
146
130
115
104
92
87
73
61
63
73
83
81
78
87
102
113
107
99
102
115
127
127
122
125
132
137
126
104
84
64
36
-4
-57
-105
-153
-197
-239
-275
-296
-304
-310
-305
-299
-286
-280
-272
-265
-256
-254
-258
-264
-258
-247
-239
-240
-228
-196
-154
-97
-26
52
143
224
299
363
411
429
419
401
376
338
280
205
146
98
51
-8
-73
-115
-140
-150
-159
-176
-174
-155
-122
-90
-72
-46
-18
16
49
69
89
102
125
151
161
162
155
159
169
161
152
134
119
100
69
41
2
-40
-75
-102
-114
-125
-127
-114
-94
-59
-24
13
46
74
103
123
132
134
125
118
109
104
93
80
76
84
99
112
111
118
125
130
125
111
96
78
55
38
25
17
5
1
0
7
17
25
40
57
77
96
106
113
113
118
119
103
78
51
35
18
-9
-47
-89
-115
-135
-163
-194
-218
-225
-220
-222
-220
-213
-189
-168
-156
-149
-134
-120
-109
-109
-112
-108
-103
-99
-109
-122
-126
-117
-81
-38
12
65
124
193
258
291
296
275
265
238
196
124
53
-7
-47
-82
-129
-176
-199
-205
-189
-181
-174
-157
-126
-78
-40
-8
16
34
65
84
96
94
91
102
104
102
94
88
95
94
94
94
87
79
59
46
28
1
-27
-62
-85
-97
-99
-96
-91
-73
-43
-9
27
55
88
123
151
175
184
185
182
189
189
178
155
135
125
117
102
79
59
53
56
57
51
41
39
48
55
51
41
38
44
52
57
61
69
83
99
109
117
127
129
131
121
105
82
54
21
-22
-65
-111
-158
-197
-229
-247
-254
-254
-242
-225
-199
-180
-160
-143
-133
-120
-112
-112
-118
-122
-124
-134
-144
-152
-133
-86
-36
12
52
109
179
226
240
229
224
229
199
142
72
35
10
-26
-76
-126
-143
-138
-136
-143
-147
-127
-96
-66
-45
-28
-2
16
26
37
48
58
58
61
69
77
89
94
96
98
104
108
100
85
67
58
51
29
1
-22
-33
-36
-46
-56
-55
-34
-9
9
20
39
68
101
121
125
130
139
144
140
126
114
110
110
108
103
100
104
107
107
102
100
104
103
94
88
90
93
91
82
79
83
92
92
90
92
103
114
112
109
110
119
130
124
109
94
82
71
46
11
-25
-55
-79
-112
-143
-165
-171
-165
-165
-162
-155
-140
-123
-114
-111
-111
-111
-114
-125
-135
-157
-170
-189
-202
-221
-218
-196
-157
-116
-66
-17
54
119
166
178
184
203
212
187
143
95
77
54
16
-31
-64
-71
-73
-78
-87
-91
-76
-62
-44
-33
-19
-7
-5
3
16
28
38
36
44
56
73
77
70
71
79
93
96
84
76
74
85
80
49
23
7
8
0
-21
-31
-29
-10
4
13
26
43
68
87
95
108
114
123
125
128
131
135
138
139
143
148
150
147
135
130
126
118
107
93
83
85
83
75
69
75
86
94
95
97
106
116
117
109
102
99
96
94
84
71
60
50
43
32
22
6
-11
-34
-54
-69
-88
-109
-131
-145
-150
-151
-155
-160
-164
-152
-141
-130
-129
-121
-117
-115
-122
-125
-135
-143
-152
-149
-130
-103
-77
-46
1
57
109
143
166
188
209
212
187
151
118
89
56
10
-33
-65
-81
-93
-97
-97
-91
-79
-64
-48
-29
-16
-5
0
7
13
18
17
20
24
36
46
58
69
85
99
111
118
121
123
121
115
102
84
68
54
44
35
28
26
29
35
43
60
79
97
114
125
138
156
169
175
181
189
197
202
193
178
163
152
143
126
110
98
92
87
82
77
78
83
87
91
94
100
106
109
105
103
99
88
80
70
67
59
49
46
48
48
46
36
27
12
-6
-28
-53
-78
-96
-106
-117
-123
-132
-133
-131
-125
-124
-118
-112
-103
-100
-96
-96
-90
-96
-100
-113
-115
-109
-101
-89
-69
-42
-10
21
51
76
100
113
120
128
126
123
112
102
88
69
48
28
12
-5
-21
-28
-34
-33
-29
-24
-13
-2
9
16
22
36
45
52
52
58
67
72
70
65
67
76
84
90
93
105
122
132
136
129
126
124
115
102
87
79
75
72
73
77
87
103
121
140
157
170
184
194
197
196
193
186
175
162
150
137
125
117
111
113
113
113
113
119
130
137
136
128
120
118
111
102
85
70
55
44
36
26
18
11
4
3
-2
-4
-8
-15
-23
-32
-37
-49
-62
-69
-73
-76
-82
-93
-97
-98
-91
-93
-98
-103
-101
-95
-91
-91
-92
-89
-80
-70
-69
-60
-48
-28
-8
14
30
52
65
79
87
89
89
81
74
68
63
58
51
43
40
43
42
36
31
25
28
29
24
25
27
34
44
51
55
60
69
78
88
94
97
101
100
104
104
100
97
97
99
99
99
100
100
106
112
117
118
122
131
134
136
139
136
141
146
147
151
151
154
158
159
158
159
164
166
167
168
165
167
159
151
140
129
122
110
102
94
90
87
86
87
90
93
96
95
91
84
81
77
66
53
36
23
10
-4
-21
-30
-42
-51
-60
-66
-70
-71
-73
-75
-73
-75
-70
-73
-73
-76
-73
-76
-79
-87
-87
-91
-89
-91
-86
-81
-62
-42
-19
1
28
52
79
96
108
110
108
101
94
80
64
43
29
19
12
6
9
16
34
55
74
94
110
124
137
140
139
131
124
116
110
98
90
86
89
92
97
103
117
129
138
141
140
137
133
124
115
105
102
102
103
104
102
113
125
139
154
164
177
188
190
189
184
179
170
159
150
143
141
133
127
122
120
120
116
113
115
116
116
112
108
108
109
105
96
84
77
76
73
64
52
46
42
43
39
36
32
31
25
17
7
0
-7
-9
-17
-22
-32
-38
-46
-52
-64
-69
-77
-77
-82
-81
-83
-82
-80
-75
-74
-67
-64
-56
-48
-34
-23
-8
5
17
31
42
51
56
59
60
64
70
69
66
60
61
60
59
51
50
50
58
59
60
65
70
75
78
85
94
107
117
129
139
152
157
164
166
173
172
169
159
151
143
140
135
132
129
130
130
132
133
133
133
133
131
126
127
130
134
134
133
134
142
150
159
160
164
167
170
172
169
163
157
146
135
121
113
101
97
89
83
79
75
71
72
66
62
52
42
35
27
19
10
2
0
0
3
6
8
11
15
20
23
25
25
26
24
21
13
5
-6
-16
-30
-41
-47
-49
-47
-46
-44
-42
-36
-27
-23
-17
-12
-5
1
9
13
17
23
27
32
38
44
51
57
62
66
70
77
82
87
90
96
101
105
108
111
112
113
112
114
120
123
126
125
121
122
128
134
137
138
141
148
156
162
167
171
175
176
176
171
166
161
158
154
153
153
155
158
164
169
173
174
176
175
171
163
157
148
140
134
126
116
111
107
104
100
96
92
94
97
99
96
95
96
99
99
97
91
85
81
74
68
59
47
38
29
28
28
29
28
30
31
32
30
25
23
19
18
12
12
3
5
2
5
2
1
-3
-2
1
4
2
0
-3
-2
1
3
5
7
12
19
20
21
21
23
23
22
22
21
24
28
32
33
35
38
44
53
64
72
82
87
99
107
118
124
133
137
141
146
149
150
153
153
154
154
153
150
146
144
144
145
141
139
135
134
132
133
130
131
132
136
138
144
150
161
168
171
171
174
175
171
164
156
146
140
133
127
122
116
113
107
100
94
84
79
69
58
48
44
43
41
39
37
37
41
45
53
57
57
56
51
49
45
36
26
19
12
7
-3
-7
-10
-7
-6
-5
-2
1
2
-1
-5
-7
-7
-7
-12
-17
-23
-24
-23
-23
-23
-22
-20
-16
-10
-8
-5
-1
2
4
0
-1
2
4
7
12
17
22
29
32
36
40
45
46
48
42
45
46
51
49
54
57
63
67
75
81
89
95
106
110
113
118
121
122
122
124
126
129
133
139
141
145
146
146
147
146
145
142
135
128
119
112
104
97
94
99
101
103
104
109
114
119
124
126
126
122
117
113
105
96
90
84
76
65
56
52
52
50
45
40
36
36
35
30
28
23
19
15
11
8
8
5
3
-1
-1
0
1
3
3
2
4
4
1
1
1
4
5
6
4
3
5
7
7
7
2
5
6
12
14
11
9
10
5
4
-1
-5
-5
-10
-15
-17
-15
-11
-4
1
10
18
28
37
42
46
49
52
53
56
59
61
59
57
50
52
54
57
56
54
54
59
65
66
67
71
78
85
92
97
103
112
119
120
123
126
126
126
123
124
124
127
127
126
127
130
130
128
122
118
116
110
101
93
85
80
73
64
55
53
56
60
62
64
68
73
74
76
74
72
70
68
62
55
51
49
43
38
32
30
30
28
25
18
13
13
13
10
5
-2
-4
-4
-5
-7
-10
-14
-11
-10
-10
-11
-14
-10
-4
-2
-1
2
6
8
7
10
12
15
14
16
13
11
7
7
3
4
2
1
-2
-1
0
0
-2
-5
-3
1
3
5
8
12
18
25
32
38
44
46
51
53
57
55
53
53
54
56
55
53
55
59
61
63
65
68
73
75
75
74
75
74
75
76
80
89
95
101
105
112
114
117
117
117
115
114
107
104
98
94
90
88
86
87
86
87
83
81
76
70
64
57
50
41
35
33
34
35
35
35
39
40
42
42
43
43
45
43
39
34
30
27
30
30
27
21
16
12
12
8
2
-3
-7
-9
-10
-11
-16
-20
-19
-16
-13
-12
-12
-8
-7
-4
-4
-5
-6
-4
-4
-1
1
3
4
4
5
6
9
12
11
11
13
15
17
22
23
23
25
25
24
24
25
29
31
36
35
38
38
41
43
45
47
49
52
53
53
53
57
61
64
69
70
72
75
77
79
81
81
82
83
84
87
89
88
88
85
85
86
83
80
76
74
75
78
78
76
74
76
78
82
83
83
83
82
79
75
67
61
54
47
41
35
30
25
22
21
22
21
19
16
16
18
18
19
19
19
20
21
23
25
25
28
29
31
30
25
21
17
16
15
13
9
6
7
7
4
2
-1
-1
-2
-4
-4
-5
-5
-4
-3
-1
1
1
4
9
11
13
12
12
13
18
19
21
21
22
25
28
29
31
31
32
33
32
30
31
34
36
40
41
43
46
49
51
51
51
52
53
52
50
46
44
47
49
52
54
57
60
66
66
65
63
62
61
62
61
60
61
61
63
66
68
68
69
69
69
68
66
61
60
57
59
60
60
57
56
56
57
58
53
53
49
42
37
30
24
22
18
17
18
19
21
22
19
18
20
24
24
20
14
11
10
10
8
9
10
12
15
15
17
19
19
18
17
13
10
5
-1
-5
-8
-11
-12
-10
-6
-3
-2
2
4
6
7
5
2
-2
-5
-7
-7
-9
-10
-9
-7
-4
0
3
5
7
11
12
11
10
13
16
21
23
25
24
25
28
27
27
24
21
21
20
19
21
23
26
29
29
31
38
42
44
40
38
35
32
28
26
22
22
21
20
21
24
27
30
29
30
34
37
39
36
34
32
31
33
34
33
34
31
33
32
33
33
30
28
28
27
27
28
28
24
22
19
15
11
5
-1
-7
-10
-13
-15
-19
-16
-15
-14
-10
-7
-5
-1
-3
-4
-3
-4
-5
-6
-10
-14
-15
-15
-19
-24
-28
-29
-29
-27
-27
-28
-27
-23
-23
-25
-26
-24
-22
-18
-16
-15
-15
-12
-9
-6
-6
-6
-6
-4
-2
-1
-5
-9
-10
-11
-13
-13
-13
-13
-11
-9
-5
0
3
7
9
14
18
19
20
24
29
33
32
32
33
37
38
39
38
40
45
47
49
48
46
44
42
36
32
28
25
21
17
12
11
12
13
14
15
18
24
28
31
30
31
29
29
29
27
26
24
24
21
22
23
23
23
19
20
18
18
18
14
9
7
2
0
-3
-6
-5
-1
-1
-3
-4
-5
-5
-7
-10
-14
-13
-12
-11
-11
-12
-12
-12
-11
-11
-12
-13
-16
-19
-22
-23
-27
-30
-34
-36
-34
-30
-26
-24
-21
-17
-11
-6
-8
-6
-3
0
1
0
-1
1
3
7
6
5
4
4
3
1
1
-1
-2
-2
-3
-6
-7
-7
-7
-4
-1
1
0
2
5
7
9
10
12
15
18
22
23
22
23
22
24
21
18
17
15
14
14
15
13
13
9
6
5
5
2
2
1
1
1
-1
0
1
1
4
5
4
5
5
5
2
0
-2
-4
-4
-6
-7
-9
-8
-7
-6
-6
-6
-7
-5
-7
-9
-11
-12
-12
-13
-17
-21
-22
-20
-20
-22
-26
-27
-27
-26
-26
-26
-26
-27
-26
-27
-26
-26
-28
-29
-26
-25
-24
-25
-27
-30
-30
-30
-34
-36
-36
-35
-34
-33
-33
-33
-31
-29
-29
-26
-24
-22
-22
-23
-24
-21
-19
-17
-15
-16
-14
-12
-11
-11
-12
-16
-17
-15
-14
-13
-13
-16
-15
-16
-18
-18
-16
-16
-16
-17
-18
-20
-22
-18
-15
-14
-15
-15
-14
-10
-5
-4
-5
-6
-7
-8
-7
-8
-12
-15
-16
-14
-10
-10
-13
-15
-17
-19
-18
-19
-20
-20
-21
-20
-25
-26
-24
-24
-23
-22
-22
-17
-13
-14
-15
-14
-14
-15
-17
-19
-19
-19
-22
-25
-27
-27
-25
-22
-25
-26
-27
-28
-28
-27
-28
-28
-31
-34
-35
-34
-33
-36
-39
-39
-37
-36
-33
-33
-35
-34
-32
-33
-33
-38
-40
-41
-40
-41
-42
-43
-45
-47
-48
-50
-49
-50
-48
-45
-44
-43
-42
-41
-40
-37
-33
-28
-25
-20
-18
-19
-16
-17
-16
-17
-18
-18
-19
-17
-17
-20
-21
-20
-19
-17
-14
-13
-12
-9
-8
-8
-8
-8
-11
-12
-10
-7
-3
-1
-3
-6
-7
-7
-6
-5
-4
-3
-1
1
3
4
4
3
3
0
-1
-2
-6
-8
-11
-12
-12
-10
-11
-11
-13
-14
-15
-15
-16
-18
-20
-23
-25
-24
-25
-26
-28
-26
-23
-22
-23
-24
-23
-21
-22
-27
-31
-32
-31
-32
-34
-36
-36
-37
-36
-36
-37
-38
-37
-33
-32
-32
-31
-31
-29
-28
-28
-28
-29
-28
-27
-29
-31
-33
-32
-34
-34
-33
-36
-38
-38
-37
-36
-35
-31
-29
-25
-22
-25
-27
-28
-26
-23
-21
-19
-18
-19
-18
-15
-15
-12
-7
-5
-4
-2
-3
-5
-7
-11
-12
-11
-11
-10
-8
-7
-6
-5
-8
-6
-4
-2
-1
-3
-4
-2
-2
-4
-5
-5
-4
-4
-4
-4
-3
-4
-5
-6
-7
-6
-6
-2
1
0
-1
-5
-5
-5
-4
-6
-9
-9
-11
-9
-11
-13
-14
-16
-18
-18
-18
-19
-22
-24
-24
-24
-25
-28
-29
-29
-27
-27
-28
-31
-32
-31
-32
-33
-35
-35
-34
-33
-32
-29
-26
-26
-27
-28
-26
-24
-22
-21
-22
-22
-22
-23
-23
-23
-20
-20
-20
-19
-19
-20
-22
-21
-22
-23
-23
-25
-25
-24
-21
-18
-19
-21
-21
-22
-20
-19
-19
-18
-18
-19
-19
-21
-21
-21
-22
-21
-20
-20
-19
-20
-22
-24
-26
-23
-21
-21
-22
-21
-21
-21
-24
-25
-23
-18
-18
-20
-18
-16
-13
-11
-12
-14
-14
-16
-17
-17
-16
-15
-14
-14
-13
-13
-11
-11
-12
-14
-14
-14
-15
-14
-17
-18
-19
-19
-18
-16
-18
-16
-18
-16
-15
-13
-14
-14
-14
-14
-14
-13
-13
-17
-18
-17
-18
-19
-20
-20
-19
-20
-23
-26
-28
-27
-26
-27
-29
-31
-32
-34
-36
-34
-34
-32
-28
-27
-27
-25
-24
-23
-23
-25
-25
-22
-22
-19
-19
-22
-25
-27
-24
-22
-22
-22
-22
-21
-19
-20
-21
-20
-21
-23
-24
-25
-24
-23
-24
-25
-23
-19
-18
-18
-18
-15
-13
-13
-15
-15
-12
-10
-10
-11
-12
-9
-9
-9
-10
-10
-10
-7
-9
-11
-10
-10
-9
-8
-8
-12
-12
-12
-10
-9
-9
-8
-8
-8
-8
-9
-8
-7
-9
-9
-7
-4
0
1
-3
-4
-8
-7
-6
-8
-9
-8
-10
-12
-12
-16
-18
-18
-18
-16
-15
-16
-18
-19
-18
-15
-13
-15
-16
-17
-17
-18
-20
-22
-21
-21
-21
-21
-22
-24
-26
-29
-30
-29
-31
-32
-32
-34
-34
-32
-35
-38
-38
-38
-35
-35
-36
-34
-32
-33
-31
-27
-27
-27
-26
-26
-25
-22
-22
-23
-23
-24
-27
-28
-29
-29
-30
-30
-28
-28
-27
-29
-31
-30
-28
-27
-27
-25
-24
-21
-18
-18
-17
-15
-15
-15
-13
-13
-11
-9
-10
-10
-11
-12
-10
-12
-14
-16
-16
-15
-17
-19
-19
-17
-16
-16
-16
-20
-21
-23
-22
-22
-22
-22
-24
-23
-24
-25
-27
-25
-21
-20
-23
-23
-26
-26
-24
-26
-28
-30
-34
-36
-38
-38
-38
-38
-38
-37
-36
-39
-41
-41
-41
-41
-42
-42
-40
-40
-40
-42
-42
-40
-35
-35
-34
-34
-34
-33
-32
-31
-30
-30
-30
-30
-30
-30
-31
-32
-35
-36
-35
-33
-31
-32
-33
-31
-30
-32
-32
-32
-33
-32
-31
-30
-27
-25
-24
-24
-22
-18
-15
-16
-17
-18
-20
-20
-21
-25
-25
-25
-26
-27
-30
-31
-29
-27
-26
-26
-29
-28
-25
-26
-26
-28
-30
-28
-26
-28
-28
-29
-29
-26
-25
-24
-24
-27
-29
-31
-30
-28
-28
-32
-34
-34
-32
-30
-29
-29
-28
-29
-29
-26
-22
-21
-21
-23
-27
-29
-28
-28
-27
-25
-24
-24
-24
-27
-29
-28
-25
-22
-22
-25
-27
-27
-26
-27
-29
-29
-27
-24
-23
-24
-25
-27
-27
-27
-26
-28
-29
-31
-30
-29
-30
-30
-28
-26
-26
-28
-30
-30
-28
-27
-28
-29
-28
-28
-28
-29
-31
-32
-31
-32
-32
-33
-32
-31
-30
-28
-27
-24
-25
-26
-26
-27
-26
-27
-25
-25
-25
-26
-26
-25
-23
-23
-25
-25
-24
-25
-26
-27
-26
-25
-23
-23
-22
-23
-22
-22
-23
-23
-23
-25
-30
-31
-32
-33
-31
-31
-32
-35
-36
-36
-35
-35
-35
-37
-38
-39
-37
-34
-33
-33
-33
-34
-33
-32
-32
-31
-29
-25
-28
-27
-27
-27
-27
-26
-28
-29
-30
-31
-31
-30
-29
-27
-28
-29
-27
-29
-28
-26
-25
-24
-25
-27
-23
-23
-22
-24
-23
-25
-26
-24
-24
-25
-26
-27
-27
-27
-27
-28
-28
-28
-26
-28
-29
-31
-30
-32
-33
-35
-36
-36
-37
-36
-37
-39
-39
-38
-39
-38
-39
-39
-39
-39
-40
-40
-38
-41
-42
-42
-43
-44
-43
-42
-39
-39
-38
-36
-35
-35
-37
-38
-37
-36
-34
-34
-34
-34
-32
-29
-29
-25
-24
-22
-17
-14
-13
-11
-14
-14
-14
-14
-16
-18
-21
-23
-24
-24
-25
-28
-28
-26
-23
-24
-24
-27
-27
-28
-31
-31
-30
-29
-27
-29
-28
-29
-29
-31
-33
-32
-30
-31
-33
-35
-37
-35
-34
-35
-36
-38
-37
-36
-35
-35
-36
-40
-40
-40
-42
-42
-45
-46
-45
-45
-41
-41
-43
-43
-43
-44
-43
-42
-40
-41
-42
-44
-46
-47
-48
-46
-44
-43
-41
-43
-45
-43
-42
-42
-39
-39
-37
-35
-36
-39
-40
-41
-37
-38
-37
-35
-35
-33
-33
-34
-35
-34
-34
-35
-33
-34
-32
-34
-36
-37
-38
-35
-32
-34
-34
-35
-34
-33
-34
-35
-35
-35
-35
-33
-31
-33
-35
-34
-33
-33
-33
-33
-35
-35
-33
-34
-33
-33
-32
-29
-27
-27
-27
-29
-29
-26
-25
-26
-30
-30
-28
-28
-29
-31
-33
-33
-30
-29
-29
-31
-32
-32
-30
-32
-34
-35
-34
-34
-33
-35
-35
-34
-33
-36
-37
-40
-38
-36
-39
-40
-41
-41
-43
-40
-39
-40
-41
-42
-40
-39
-39
-41
-42
-42
-42
-42
-43
-43
-42
-39
-37
-37
-35
-35
-36
-36
-36
-36
-34
-34
-33
-34
-35
-34
-31
-30
-28
-26
-25
-25
-22
-23
-24
-24
-24
-25
-24
-24
-22
-24
-25
-25
-27
-25
-25
-24
-25
-24
-24
-25
-26
-28
-28
-27
-27
-27
-27
-27
-28
-28
-29
-28
-27
-27
-28
-31
-34
-34
-34
-34
-34
-35
-38
-40
-42
-42
-41
-42
-40
-39
-39
-39
-40
-40
-40
-41
-40
-39
-38
-39
-38
-38
-37
-37
-37
-40
-41
-42
-42
-42
-40
-39
-40
-39
-39
-38
-37
-37
-37
-39
-38
-39
-41
-40
-39
-38
-38
-35
-38
-37
-35
-37
-37
-39
-40
-37
-38
-38
-37
-36
-36
-37
-39
-37
-37
-35
-35
-35
-35
-37
-40
-37
-36
-37
-38
-43
-45
-43
-41
-41
-40
-39
-41
-42
-41
-43
-44
-45
-46
-47
-46
-46
-45
-44
-42
-40
-41
-42
-41
-41
-38
-37
-39
-41
-41
-40
-38
-38
-39
-40
-42
-42
-41
-40
-39
-38
-39
-37
-36
-37
-38
-38
-40
-39
-39
-39
-38
-39
-38
-37
-39
-42
-42
-41
-38
-35
-36
-38
-38
-38
-39
-40
-41
-44
-44
-44
-43
-40
-41
-42
-43
-43
-41
-40
-40
-39
-40
-38
-40
-40
-42
-43
-44
-44
-42
-41
-40
-41
-43
-46
-45
-45
-46
-47
-47
-48
-48
-47
-49
-52
-54
-52
-49
-49
-50
-50
-45
-44
-43
-43
-43
-42
-41
-41
-41
-44
-45
-44
-44
-41
-41
-41
-40
-42
-43
-44
-43
-44
-44
-46
-46
-43
-43
-45
-48
-50
-48
-45
-46
-46
-50
-51
-50
-49
-54
-54
-55
-54
-53
-54
-56
-54
-53
-50
-47
-47
-48
-47
-47
-49
-49
-48
-48
-47
-47
-47
-49
-49
-47
-47
-48
-47
-48
-48
-47
-49
-48
-47
-45
-45
-44
-46
-47
-45
-45
-44
-42
-42
-41
-41
-43
-45
-46
-48
-49
-50
-50
-48
-46
-48
-48
-48
-46
-45
-46
-48
-49
-50
-50
-49
-50
-50
-52
-52
-54
-53
-54
-56
-58
-60
-61
-59
-57
-55
-58
-62
-63
-66
-67
-66
-64
-64
-65
-64
-65
-63
-64
-65
-65
-61
-59
-60
-59
-59
-61
-59
-57
-57
-56
-56
-57
-56
-57
-59
-57
-56
-54
-54
-53
-52
-52
-54
-55
-54
-52
-53
-54
-55
-51
-50
-50
-52
-50
-49
-48
-48
-47
-47
-49
-50
-51
-52
-50
-49
-51
-52
-52
-52
-52
-52
-52
-51
-52
-52
-53
-54
-54
-53
-53
-52
-54
-55
-55
-57
-59
-60
-58
-54
-53
-53
-57
-58
-58
-61
-62
-63
-63
-63
-60
-61
-62
-62
-63
-63
-62
-60
-60
-60
-61
-61
-62
-61
-60
-59
-59
-59
-60
-59
-58
-58
-58
-59
-58
-58
-58
-57
-59
-60
-59
-56
-56
-58
-61
-62
-59
-57
-57
-57
-55
-52
-50
-51
-52
-54
-56
-55
-56
-56
-54
-53
-55
-55
-56
-58
-57
-57
-56
-53
-50
-49
-52
-53
-51
-51
-49
-49
-50
-47
-47
-46
-48
-48
-44
-43
-41
-42
-42
-41
-41
-40
-39
-39
-40
-40
-40
-39
-39
-41
-42
-42
-42
-42
-43
-42
-39
-37
-38
-42
-44
-42
-41
-39
-40
-40
-38
-39
-37
-36
-36
-38
-39
-40
-41
-41
-41
-41
-42
-40
-38
-38
-36
-38
-39
-41
-43
-44
-44
-44
-42
-43
-44
-46
-47
-47
-46
-46
-44
-42
-42
-40
-41
-42
-40
-42
-42
-41
-42
-41
-40
-37
-36
-35
-34
-34
-32
-32
-32
-31
-31
-30
-29
-28
-26
-26
-29
-31
-30
-30
-29
-31
-31
-27
-24
-25
-28
-29
-31
-29
-29
-28
-27
-26
-25
-26
-25
-25
-25
-26
-27
-30
-31
-28
-24
-25
-27
-31
-31
-30
-28
-29
-32
-30
-28
-24
-25
-27
-27
-26
-24
-22
-23
-25
-25
-27
-27
-27
-27
-31
-32
-31
-27
-26
-26
-29
-28
-27
-25
-27
-27
-28
-25
-24
-24
-24
-24
-24
-24
-21
-21
-20
-20
-19
-19
-19
-18
-19
-19
-18
-18
-18
-18
-16
-15
-16
-18
-20
-19
-17
-16
-17
-19
-19
-18
-18
-17
-17
-18
-17
-16
-17
-19
-20
-19
-18
-17
-16
-17
-17
-14
-16
-16
-19
-18
-15
-15
-15
-15
-15
-17
-16
-16
-17
-19
-20
-21
-22
-21
-22
-22
-22
-23
-22
-20
-19
-19
-19
-19
-17
-14
-15
-19
-21
-21
-20
-19
-18
-19
-17
-16
-15
-16
-17
-16
-14
-14
-14
-15
-18
-18
-15
-12
-10
-10
-11
-11
-9
-10
-12
-15
-13
-11
-10
-10
-11
-11
-9
-10
-12
-13
-10
-6
-7
-7
-8
-8
-7
-8
-8
-10
-8
-9
-12
-12
-11
-10
-9
-9
-9
-8
-7
-4
-4
-4
-4
-2
-2
-3
-4
-3
-1
1
1
0
-2
-3
-2
-1
0
1
1
-1
-2
-3
-3
-2
-1
-2
-2
-5
-6
-6
-6
-6
-4
-1
-2
-4
-6
-7
-5
-2
-1
-2
-5
-7
-7
-6
-4
-2
-2
-4
-5
-2
-2
-1
-2
-2
-1
0
1
0
0
-2
-4
-3
-2
0
1
0
3
6
7
6
3
3
4
5
5
4
2
4
5
7
7
5
6
7
8
7
8
8
9
9
9
11
13
13
11
11
11
12
14
16
15
13
12
13
15
16
18
18
16
14
12
10
9
9
10
11
12
7
4
3
5
6
3
1
0
2
3
2
5
5
4
4
4
3
3
3
2
0
1
2
2
3
2
2
3
4
2
1
3
4
4
5
4
3
1
1
1
1
4
5
3
1
1
-1
-1
0
2
1
1
3
4
5
6
5
3
2
4
6
6
2
3
3
3
5
6
8
9
8
8
6
5
6
5
8
8
7
5
5
3
3
3
4
6
5
6
5
3
3
1
1
0
-1
-3
-4
-4
-2
-2
-1
-1
0
3
3
5
6
6
3
3
3
4
4
3
1
0
4
6
3
2
2
2
3
5
7
7
4
1
1
2
3
6
6
6
6
5
5
5
6
4
5
7
8
6
4
3
5
8
6
4
3
4
6
5
6
7
8
6
4
1
2
6
6
3
1
2
3
2
2
2
1
2
3
4
5
4
3
2
0
0
1
0
-1
-1
1
4
5
4
4
2
-1
-1
0
3
3
3
4
3
1
1
0
2
2
2
2
4
5
5
5
6
5
7
8
9
6
3
3
5
5
4
4
5
6
5
4
0
-2
-2
-2
-2
0
0
2
2
0
-1
0
-1
-1
-4
-1
1
4
4
3
2
2
2
2
1
2
4
4
5
4
5
7
8
7
8
7
7
8
10
10
12
12
12
14
16
15
16
15
14
13
15
17
19
19
20
20
19
19
18
18
20
20
20
19
19
20
20
21
19
18
17
17
19
21
20
20
19
18
20
19
18
19
19
19
19
17
17
16
17
16
15
15
17
19
16
15
14
13
15
14
12
13
15
17
20
19
19
18
18
19
18
20
21
23
25
23
24
25
27
25
23
22
23
24
25
24
23
24
26
27
29
27
26
27
26
29
30
30
29
29
28
28
29
30
31
31
31
31
31
32
35
38
37
38
37
37
40
40
38
38
38
40
40
42
42
41
40
40
39
39
39
40
39
38
38
38
38
37
35
33
33
33
35
33
32
33
35
35
33
32
32
33
32
33
33
31
32
31
32
32
34
34
32
31
30
31
33
35
35
34
35
35
34
34
35
36
37
37
38
37
38
39
38
37
36
35
36
35
34
34
37
38
38
38
35
34
34
34
36
36
37
35
36
37
35
36
35
34
36
37
36
36
36
37
39
40
40
39
36
36
36
36
38
37
36
36
37
38
38
38
38
36
37
36
37
38
38
40
41
41
42
41
38
39
40
42
44
43
42
41
41
40
39
40
39
40
41
41
40
38
34
35
35
34
32
30
32
35
35
33
32
33
33
33
33
33
33
33
32
32
31
32
31
31
33
33
34
33
33
30
28
27
28
28
29
29
30
32
32
32
31
32
30
33
33
31
31
30
31
32
33
33
33
33
31
33
34
34
33
32
30
31
31
32
32
31
32
32
31
29
28
29
31
32
31
29
28
28
28
29
29
31
30
30
28
27
29
29
29
26
26
25
23
21
20
21
23
23
23
24
24
24
24
22
23
23
23
23
21
20
20
20
19
18
17
19
24
24
25
25
26
26
26
26
26
28
29
29
29
29
28
28
25
25
25
27
28
28
29
29
29
26
25
26
26
27
27
27
27
27
26
24
26
28
28
26
24
24
24
22
22
22
23
26
26
24
23
24
26
27
27
26
25
23
25
24
24
25
23
21
22
22
19
17
18
19
19
20
19
19
19
17
16
16
18
19
21
21
21
18
17
17
19
20
18
19
20
22
22
22
20
19
19
18
18
20
22
22
22
21
20
22
26
27
26
26
27
27
27
24
22
23
23
25
26
27
26
25
26
25
25
24
23
21
21
24
26
27
25
23
24
25
23
22
22
24
26
26
25
26
26
26
23
21
22
25
26
26
24
24
24
24
22
23
24
25
28
27
26
24
24
25
24
24
25
25
26
29
30
27
24
22
21
21
21
23
25
23
22
21
19
18
18
19
19
20
17
17
16
15
14
12
10
10
10
10
9
8
10
13
12
11
9
9
10
11
10
10
10
9
10
10
10
9
9
9
9
11
12
10
8
9
10
12
14
14
11
11
12
13
10
9
10
10
13
13
12
12
14
16
17
16
13
12
11
9
10
11
11
10
9
8
8
9
9
9
7
7
4
2
3
3
6
4
2
0
0
-2
-1
-1
-1
-3
-4
-3
-4
-5
-4
-5
-5
-1
1
-1
-3
-7
-7
-7
-8
-9
-6
-6
-7
-7
-6
-5
-5
-8
-7
-6
-7
-8
-9
-10
-9
-9
-9
-7
-5
-6
-7
-7
-5
-4
-7
-8
-7
-5
-6
-7
-8
-7
-9
-9
-9
-8
-8
-8
-8
-11
-11
-12
-10
-9
-10
-10
-8
-7
-8
-8
-8
-9
-8
-8
-11
-9
-11
-11
-11
-13
-16
-16
-17
-16
-15
-15
-14
-14
-14
-12
-11
-12
-15
-15
-15
-14
-12
-12
-12
-12
-11
-11
-13
-14
-16
-15
-15
-13
-12
-13
-14
-13
-14
-16
-15
-15
-13
-14
-16
-17
-17
-17
-15
-16
-17
-16
-17
-15
-13
-13
-14
-18
-19
-17
-18
-19
-19
-17
-15
-16
-17
-17
-18
-19
-21
-21
-21
-18
-16
-16
-15
-17
-15
-14
-17
-20
-21
-19
-17
-17
-20
-22
-23
-22
-21
-20
-21
-20
-20
-21
-20
-21
-22
-24
-24
-23
-22
-22
-20
-19
-18
-16
-17
-19
-21
-20
-18
-16
-16
-18
-20
-22
-20
-21
-21
-22
-22
-22
-21
-21
-21
-22
-23
-23
-20
-17
-18
-20
-22
-24
-21
-20
-20
-23
-24
-23
-23
-22
-24
-23
-22
-23
-24
-26
-25
-25
-23
-27
-28
-28
-28
-29
-29
-29
-28
-26
-25
-26
-27
-26
-26
-27
-26
-26
-28
-28
-28
-27
-25
-24
-25
-27
-29
-28
-28
-28
-27
-23
-22
-23
-25
-26
-24
-24
-24
-26
-26
-24
-22
-24
-25
-24
-22
-20
-20
-21
-22
-21
-20
-19
-21
-22
-23
-23
-22
-21
-23
-24
-26
-26
-26
