10
9
10
11
10
10
12
14
14
13
13
13
14
16
18
19
17
14
12
12
14
16
14
12
13
15
17
17
17
18
19
19
19
19
20
22
21
20
18
21
21
22
23
24
25
22
19
18
18
17
18
17
16
17
17
19
18
17
15
13
11
12
12
12
15
14
15
18
17
15
15
16
18
22
24
24
24
23
21
22
25
25
27
28
29
27
25
26
25
26
27
29
27
28
28
29
28
29
31
30
28
28
31
32
32
29
28
29
29
29
27
29
29
29
29
27
26
25
24
24
23
24
26
28
30
28
25
24
24
27
32
32
32
31
29
28
32
33
33
32
32
32
34
35
33
30
30
30
31
31
30
28
26
26
26
26
25
27
29
28
29
29
28
26
23
24
26
26
24
23
24
27
29
30
29
28
27
26
23
24
24
23
23
21
21
23
24
24
24
25
27
30
32
31
31
31
31
31
34
34
35
36
35
32
32
35
37
38
36
35
35
34
34
32
33
36
36
34
32
31
32
32
31
30
29
28
30
34
35
35
34
35
35
37
36
37
34
33
35
38
39
40
39
37
37
37
38
38
39
37
36
35
37
39
42
40
37
37
39
39
40
40
40
39
39
39
39
40
41
43
41
37
34
34
35
34
34
31
30
30
31
33
33
33
33
32
34
34
33
33
33
35
39
41
41
39
39
40
42
41
39
39
40
39
40
39
40
38
40
40
38
39
40
41
42
42
41
38
37
37
38
35
33
36
37
39
37
34
34
34
35
34
33
35
35
35
37
39
39
38
38
39
39
41
42
43
41
41
40
42
44
44
43
40
39
37
39
40
41
39
38
37
38
39
39
38
36
37
37
34
30
28
27
27
27
26
26
27
26
25
24
23
23
19
20
24
26
26
24
21
22
24
23
24
23
23
24
25
25
25
27
24
23
25
26
27
24
20
19
21
23
24
21
21
24
24
22
21
20
19
21
21
22
22
21
19
19
19
16
17
17
15
13
12
12
13
14
16
16
17
13
11
12
14
12
10
11
14
13
11
9
6
7
7
6
6
6
7
7
6
5
4
3
3
1
-2
-3
-2
-2
-1
-3
-3
-1
-1
-2
-1
-4
-3
-1
-2
-1
2
2
1
0
-2
0
1
3
2
-1
-1
-1
1
0
0
0
-2
-1
-1
0
0
1
0
-2
-2
0
0
0
1
0
-2
-1
0
-2
-2
-1
-1
-1
0
2
3
3
1
3
5
5
4
5
3
4
5
5
4
2
3
4
6
8
4
2
1
0
4
3
1
3
4
8
7
6
6
6
7
6
5
6
8
10
9
8
6
6
6
6
6
7
7
7
7
6
6
10
13
13
12
10
7
7
7
9
11
10
11
10
10
10
10
10
5
2
2
4
8
8
6
4
3
3
3
2
1
1
1
3
5
5
5
3
2
2
3
4
4
2
1
2
4
8
6
7
4
4
7
7
5
4
6
7
7
5
5
7
11
11
9
6
6
5
6
7
6
6
6
3
4
4
7
9
6
2
3
4
7
8
9
10
8
7
6
6
4
5
6
3
4
6
6
7
7
4
5
5
4
2
1
-1
3
1
0
1
3
4
3
2
1
1
-1
0
1
2
0
0
-1
1
4
6
6
5
4
6
8
8
5
5
7
8
8
7
7
6
8
7
4
4
4
5
3
4
3
3
4
1
-1
0
0
1
0
1
-1
-2
-2
-1
1
1
-1
-4
-4
-5
-5
-5
-8
-10
-8
-8
-7
-8
-9
-6
-3
0
-1
-2
-4
-4
-5
-5
-5
-5
-1
2
0
-1
0
2
0
-2
-3
-3
0
2
2
1
1
2
1
0
-1
-1
-1
-2
-2
-5
-7
-7
-4
-2
0
-1
-3
-5
-3
1
3
2
3
1
2
2
1
1
2
2
0
-2
-4
-3
-3
-4
-5
-5
-5
-5
-3
-5
-6
-7
-11
-11
-12
-10
-6
-5
-6
-9
-12
-11
-8
-8
-9
-10
-9
-9
-10
-12
-11
-11
-9
-10
-12
-14
-14
-11
-11
-12
-11
-14
-11
-9
-9
-12
-14
-12
-11
-11
-13
-13
-12
-12
-13
-15
-15
-17
-18
-18
-17
-13
-13
-15
-18
-20
-20
-18
-17
-16
-16
-15
-15
-16
-18
-18
-16
-15
-16
-18
-19
-19
-17
-17
-18
-19
-20
-19
-19
-16
-16
-17
-18
-20
-19
-21
-20
-18
-18
-19
-18
-19
-20
-21
-21
-20
-20
-18
-18
-19
-19
-20
-19
-18
-20
-20
-19
-19
-19
-22
-24
-23
-23
-23
-25
-26
-24
-23
-25
-21
-21
-20
-22
-25
-24
-23
-23
-24
-26
-25
-23
-23
-24
-25
-25
-22
-24
-24
-25
-27
-27
-28
-29
-31
-30
-31
-32
-29
-30
-34
-36
-38
-39
-36
-35
-34
-34
-34
-34
-35
-35
-37
-37
-34
-33
-33
-35
-36
-34
-35
-36
-39
-40
-39
-39
-39
-39
-38
-40
-40
-40
-41
-38
-38
-39
-40
-42
-42
-42
-42
-46
-46
-44
-42
-40
-42
-43
-44
-45
-44
-43
-43
-42
-41
-43
-42
-42
-42
-42
-41
-41
-43
-43
-42
-40
-41
-40
-39
-41
-43
-43
-43
-40
-40
-41
-41
-41
-38
-38
-37
-37
-39
-42
-45
-47
-45
-40
-38
-38
-36
-37
-38
-40
-40
-38
-37
-39
-38
-38
-38
-38
-37
-37
-35
-36
-38
-39
-41
-43
-42
-42
-44
-42
-41
-41
-41
-42
-42
-42
-42
-42
-44
-45
-47
-49
-51
-50
-52
-50
-47
-48
-49
-50
-51
-49
-49
-48
-47
-48
-48
-49
-50
-50
-51
-48
-48
-49
-49
-49
-52
-54
-51
-51
-50
-50
-50
-49
-49
-50
-50
-51
-52
-54
-52
-52
-51
-52
-54
-56
-57
-56
-54
-53
-54
-56
-58
-56
-55
-55
-53
-52
-54
-55
-56
-57
-55
-56
-57
-58
-57
-57
-57
-58
-58
-58
-59
-60
-60
-56
-55
-57
-59
-61
-60
-58
-57
-55
-58
-59
-61
-60
-59
-59
-60
-62
-61
-62
-61
-63
-61
-60
-61
-62
-65
-63
-63
-63
-66
-68
-68
-68
-69
-69
-66
-65
-64
-63
-65
-67
-66
-66
-66
-66
-68
-68
-70
-71
-74
-74
-75
-74
-71
-70
-70
-71
-70
-71
-70
-70
-69
-68
-68
-68
-69
-69
-68
-66
-69
-72
-73
-72
-73
-73
-76
-75
-73
-72
-73
-74
-74
-72
-72
-72
-74
-75
-74
-75
-76
-75
-75
-74
-76
-76
-74
-73
-71
-69
-70
-68
-68
-69
-71
-72
-71
-69
-67
-66
-66
-64
-64
-64
-63
-65
-64
-64
-64
-62
-63
-65
-67
-67
-66
-64
-64
-65
-66
-64
-63
-62
-61
-62
-65
-67
-66
-66
-69
-68
-66
-64
-64
-65
-68
-67
-66
-65
-67
-69
-71
-68
-69
-68
-68
-70
-69
-68
-67
-67
-66
-67
-67
-65
-63
-63
-63
-63
-65
-64
-60
-58
-59
-59
-62
-61
-58
-59
-62
-61
-62
-62
-61
-61
-61
-62
-62
-63
-63
-62
-64
-65
-66
-65
-62
-60
-58
-60
-62
-63
-61
-61
-59
-60
-62
-66
-67
-66
-65
-63
-63
-61
-61
-61
-62
-64
-65
-64
-63
-62
-63
-61
-57
-55
-55
-55
-56
-57
-56
-55
-55
-53
-55
-55
-55
-53
-54
-54
-54
-59
-60
-59
-58
-56
-53
-54
-53
-54
-54
-53
-53
-54
-53
-52
-50
-48
-46
-47
-48
-50
-50
-47
-44
-45
-44
-45
-43
-42
-42
-44
-45
-44
-44
-42
-41
-42
-41
-43
-45
-48
-49
-47
-45
-46
-45
-43
-42
-41
-42
-46
-46
-43
-43
-41
-42
-42
-43
-44
-44
-46
-45
-44
-43
-43
-44
-47
-47
-44
-42
-42
-42
-41
-41
-41
-41
-39
-40
-40
-41
-40
-39
-39
-39
-42
-42
-43
-43
-43
-44
-45
-43
-43
-41
-42
-44
-46
-47
-48
-49
-48
-47
-45
-45
-43
-40
-40
-40
-40
-40
-39
-37
-36
-35
-35
-36
-36
-36
-38
-40
-40
-38
-36
-35
-35
-34
-33
-32
-32
-32
-32
-32
-32
-34
-36
-36
-36
-33
-31
-29
-27
-26
-26
-27
-27
-30
-29
-26
-26
-26
-27
-25
-24
-25
-26
-29
-29
-27
-26
-28
-29
-29
-26
-25
-29
-30
-32
-34
-32
-30
-30
-27
-27
-29
-30
-31
-33
-33
-30
-29
-31
-29
-29
-28
-27
-28
-28
-27
-26
-28
-29
-26
-25
-25
-27
-28
-27
-25
-27
-29
-28
-28
-26
-27
-29
-29
-28
-28
-30
-29
-27
-26
-24
-22
-22
-23
-25
-26
-28
-30
-28
-25
-24
-24
-23
-19
-18
-18
-21
-23
-22
-22
-20
-17
-14
-15
-18
-20
-20
-21
-22
-23
-23
-23
-21
-19
-19
-18
-19
-18
-19
-20
-23
-25
-24
-22
-20
-22
-24
-26
-24
-22
-23
-24
-25
-25
-27
-27
-29
-28
-27
-27
-28
-27
-25
-26
-27
-28
-27
-23
-22
-21
-22
-22
-21
-22
-22
-22
-21
-20
-18
-18
-19
-17
-16
-19
-18
-17
-16
-15
-14
-13
-12
-11
-11
-11
-12
-11
-11
-13
-14
-15
-16
-16
-17
-15
-12
-13
-12
-12
-13
-14
-13
-12
-11
-9
-7
-8
-8
-11
-14
-14
-16
-16
-15
-10
-8
-5
-7
-9
-7
-3
3
3
0
-2
-2
-3
-1
1
2
4
5
7
6
5
5
5
7
7
6
8
10
8
5
6
7
9
9
8
8
11
13
12
10
9
9
9
11
14
17
15
14
12
13
12
12
13
12
12
13
13
16
17
18
17
16
16
15
15
14
14
17
19
20
20
19
19
19
18
16
16
17
16
15
15
16
18
17
15
16
19
23
25
23
24
24
24
24
25
27
30
32
31
32
34
35
37
35
33
32
32
29
26
25
25
26
27
28
29
30
31
29
25
23
25
26
28
30
29
26
25
24
25
27
26
25
23
22
22
24
23
22
23
22
20
18
18
20
22
21
20
18
19
20
24
21
21
18
18
21
22
24
24
23
23
24
25
26
27
27
29
29
28
28
28
27
28
27
27
29
27
25
26
29
30
31
28
23
25
27
28
27
23
23
22
21
24
24
25
22
19
20
21
20
20
20
20
18
17
16
15
16
14
13
14
16
16
17
16
17
19
19
20
21
20
21
25
26
26
23
23
26
27
26
25
24
22
21
22
21
22
23
25
24
23
21
19
19
20
20
21
22
23
21
21
19
19
20
19
18
21
22
22
23
22
20
19
18
17
16
15
17
19
21
22
21
19
17
17
15
16
17
19
19
16
16
17
18
19
21
20
20
20
19
20
20
20
24
23
25
28
27
24
23
21
22
22
22
20
20
21
20
19
20
22
20
17
16
19
20
21
19
18
21
21
19
18
17
18
21
24
25
26
23
21
20
22
25
26
26
26
25
26
26
26
28
30
30
31
32
34
34
35
32
30
31
31
32
33
35
35
35
34
32
31
35
37
38
41
41
41
39
39
37
37
37
37
37
41
43
46
45
43
42
45
44
47
47
47
47
47
47
48
46
46
44
45
48
51
50
48
50
51
55
56
57
55
53
53
52
53
55
55
54
54
54
53
52
50
51
51
51
54
55
58
59
59
59
59
60
60
59
57
60
63
64
62
60
59
58
58
56
56
55
58
59
60
62
64
66
66
67
66
65
65
63
65
67
69
68
66
65
65
65
64
65
65
66
70
69
70
69
67
66
65
65
66
66
66
67
67
69
69
66
63
62
63
64
65
64
67
70
69
69
69
71
74
74
73
73
74
74
75
75
75
77
78
76
75
73
73
73
71
72
70
70
71
71
70
71
71
70
71
71
69
68
67
67
67
69
70
70
69
68
71
71
71
72
70
71
71
72
72
71
70
69
71
75
76
74
73
72
72
73
75
76
75
74
74
76
74
72
69
69
71
70
67
65
65
67
68
66
62
60
62
62
65
66
64
62
61
62
61
60
59
57
55
55
56
55
54
53
54
57
59
58
57
57
58
57
57
57
57
58
59
60
63
64
62
62
60
58
61
61
59
61
60
60
61
62
63
61
59
57
58
61
63
62
62
60
60
59
59
60
61
58
57
56
57
59
60
60
58
57
55
56
56
57
58
59
59
58
58
57
58
60
62
62
62
62
61
63
63
63
64
64
62
60
59
58
61
62
61
62
64
65
64
63
64
65
67
68
67
66
64
64
64
66
66
65
65
63
66
67
66
65
64
65
67
67
64
63
62
62
62
64
66
65
62
61
62
60
60
59
57
57
59
61
61
62
61
59
56
58
58
59
62
63
64
64
65
65
64
64
63
65
65
64
64
63
65
65
68
69
69
66
66
64
64
64
66
70
69
69
68
68
70
71
70
72
73
74
74
73
71
72
72
74
76
74
73
72
69
70
71
70
68
67
65
67
64
65
67
70
71
70
68
66
64
64
64
63
63
64
65
65
63
63
63
62
61
60
62
64
63
62
62
61
64
64
63
65
66
67
66
65
64
65
65
63
65
64
63
62
63
62
63
62
59
59
58
60
64
65
63
63
61
61
59
58
58
55
55
52
49
50
52
55
54
51
49
48
48
47
46
46
46
46
46
46
46
44
42
40
39
40
41
40
39
41
41
40
39
37
36
39
40
40
38
36
37
40
41
40
41
40
40
39
40
39
37
34
32
31
35
36
34
34
35
37
38
37
35
33
32
31
35
37
36
33
29
30
31
31
30
28
28
29
30
28
26
23
21
24
26
25
24
23
23
26
25
24
22
24
25
25
27
27
28
28
29
30
30
28
29
31
32
34
35
34
32
32
32
32
32
31
31
30
30
31
29
27
26
27
28
29
27
26
24
22
21
18
19
19
19
18
18
17
15
17
17
19
20
20
22
21
21
21
18
18
17
18
18
19
20
20
18
16
16
17
18
15
14
13
10
14
14
15
13
11
10
11
12
13
14
13
12
11
13
14
14
13
10
10
11
11
14
14
14
13
10
10
13
14
14
12
12
12
12
13
14
14
16
15
13
10
8
7
10
13
13
13
14
12
9
7
5
3
5
5
3
4
2
-1
-5
-6
-7
-6
-7
-7
-7
-6
-4
-3
-2
-2
-3
-3
-3
-1
-1
1
0
-4
-5
-4
-3
0
0
2
2
2
1
0
1
1
-1
-3
-4
-3
0
0
-2
-2
-1
-1
-1
0
-1
0
-1
-2
0
1
2
1
-3
-2
-5
-5
-4
-3
-4
-5
-6
-5
-7
-6
-6
-7
-6
-6
-5
-5
-6
-8
-7
-6
-4
-4
-4
-2
-2
0
-1
-2
-2
-2
-1
-2
-2
-2
-2
-4
-3
-2
0
-2
-2
-4
-3
-2
-4
-6
-6
-5
-5
-7
-7
-8
-8
-7
-8
-7
-7
-8
-10
-9
-6
-4
-7
-10
-13
-11
-6
-6
-6
-7
-7
-8
-10
-10
-7
-6
-6
-7
-9
-8
-8
-9
-9
-7
-6
-3
-3
-4
0
1
2
-2
-3
-4
-4
-3
-3
-2
-4
-4
-1
-1
-1
-2
-5
-6
-1
0
0
-2
-5
-6
-6
-4
-4
-5
-5
-5
-4
-6
-7
-6
-4
-2
-3
-5
-6
-6
-6
-3
-3
-5
-8
-13
-16
-13
-11
-11
-9
-9
-9
-9
-11
-11
-8
-9
-8
-8
-10
-11
-10
-11
-11
-11
-13
-13
-12
-10
-8
-8
-9
-13
-12
-12
-13
-15
-18
-17
-15
-14
-15
-16
-17
-16
-16
-17
-14
-14
-16
-17
-16
-16
-17
-19
-18
-16
-14
-14
-12
-13
-13
-12
-13
-11
-12
-14
-16
-16
-16
-15
-12
-10
-12
-13
-14
-13
-14
-14
-12
-12
-12
-12
-13
-15
-16
-17
-18
-16
-15
-14
-15
-18
-18
-17
-18
-17
-20
-23
-24
-21
-20
-19
-19
-22
-22
-20
-20
-21
-21
-22
-21
-20
-21
-20
-18
-19
-19
-20
-20
-20
-20
-18
-19
-19
-18
-19
-21
-21
-21
-21
-21
-21
-22
-21
-19
-20
-23
-25
-26
-24
-25
-27
-26
-25
-23
-23
-25
-27
-25
-23
-24
-24
-26
-27
-26
-24
-24
-26
-24
-25
-23
-24
-23
-22
-21
-22
-25
-27
-27
-25
-24
-23
-21
-20
-20
-20
-23
-23
-23
-23
-21
-19
-18
-18
-20
-22
-24
-24
-23
-23
-25
-26
-26
-23
-24
-25
-25
-25
-25
-27
-28
-30
-29
-26
-25
-27
-27
-25
-27
-28
-30
-32
-30
-29
-29
-32
-30
-28
-28
-26
-23
-27
-27
-26
-24
-23
-24
-24
-24
-23
-22
-22
-24
-22
-21
-21
-19
-17
-18
-20
-20
-21
-21
-20
-19
-20
-23
-22
-21
-22
-22
-22
-23
-22
-21
-21
-20
-22
-22
-24
-24
-23
-22
-23
-24
-24
-22
-20
-22
-25
-26
-22
-19
-20
-20
-19
-20
-20
-18
-21
-22
-23
-22
-20
-19
-19
-19
-18
-15
-15
-16
-21
-21
-18
-16
-16
-17
-18
-17
-15
-16
-17
-19
-18
-17
-16
-17
-16
-16
-17
-15
-14
-14
-14
-15
-15
-15
-13
-14
-15
-16
-16
-15
-15
-14
-14
-13
-11
-12
-13
-12
-10
-7
-7
-9
-11
-11
-11
-8
-5
-4
-5
-8
-11
-12
-9
-5
-3
-6
-6
-6
-5
-3
-3
-5
-7
-10
-9
-6
-5
-6
-8
-9
-9
-8
-9
-8
-10
-10
-8
-7
-8
-10
-10
-10
-9
-7
-9
-9
-11
-12
-11
-9
-9
-8
-6
-6
-6
-5
-5
-6
-9
-10
-9
-7
-3
-1
-2
-4
-5
-4
-4
-6
-9
-8
-9
-9
-7
-4
-5
-5
-6
-8
-7
-7
-6
-7
-10
-12
-11
-10
-8
-5
-4
-3
-6
-8
-6
-5
-2
-1
-1
-3
-3
-2
-2
-1
2
6
5
4
4
5
6
5
4
2
5
5
5
4
3
5
6
6
6
7
5
5
3
0
1
2
2
1
2
2
1
-2
-4
-6
-5
-4
-1
0
1
0
-1
-1
-3
-4
-6
-4
-1
1
1
0
0
3
2
-1
-2
-1
1
3
4
4
3
3
3
4
3
6
7
7
7
7
7
8
8
6
6
5
4
4
4
3
0
-1
-2
-1
0
3
3
1
0
1
0
0
0
-1
-1
-1
0
0
0
-1
0
0
-1
-2
-2
1
2
2
2
-1
-2
-1
1
0
0
2
3
4
2
0
-2
-1
0
0
0
-1
-1
-3
-3
-4
-3
-5
-5
-7
-7
-5
-4
-4
-7
-8
-11
-11
-7
-6
-7
-8
-10
-10
-7
-3
-4
-5
-7
-8
-10
-10
-9
-7
-5
-5
-6
-3
-1
1
2
2
-2
-3
-2
-2
0
3
3
1
-2
-5
-4
-2
0
1
2
2
1
0
1
2
2
2
1
1
4
8
9
6
4
3
5
7
6
5
4
4
5
5
7
7
5
2
2
3
4
4
4
4
6
8
8
8
6
6
6
7
7
7
6
7
5
6
7
8
9
7
7
6
9
9
8
6
7
7
8
10
11
11
12
11
9
9
10
13
14
13
11
10
13
15
14
13
14
16
17
16
16
19
18
18
17
17
19
19
20
20
19
20
22
22
21
22
22
22
22
24
26
27
24
21
22
24
25
25
23
26
28
27
26
26
27
28
26
25
26
26
28
26
24
25
26
27
27
25
24
24
25
26
31
32
31
28
26
28
29
29
27
26
27
27
29
28
26
25
24
23
23
24
26
26
26
27
28
27
28
28
28
28
29
30
29
26
25
24
26
27
26
24
26
27
24
22
21
23
27
29
26
24
26
27
28
28
28
28
26
24
27
30
30
29
29
29
29
27
26
27
29
30
30
29
30
30
30
28
25
25
26
27
29
33
36
35
34
32
31
35
37
36
36
34
30
32
32
32
31
29
27
27
26
25
27
29
28
25
23
22
23
26
28
27
28
30
31
31
30
28
27
29
30
30
30
32
34
34
34
32
30
31
32
32
32
32
33
31
29
27
28
30
28
26
26
30
32
33
31
31
31
31
31
32
33
34
34
32
32
31
31
32
33
31
31
30
31
30
30
32
31
30
30
28
27
29
30
27
28
30
32
30
30
30
32
32
33
31
31
31
32
33
35
36
34
33
33
33
32
30
29
30
30
31
33
34
34
34
33
32
33
35
35
34
32
31
32
34
35
36
35
35
34
33
34
36
36
37
38
38
37
39
37
37
38
38
39
42
41
40
38
37
38
38
40
38
37
37
38
40
40
40
40
38
39
41
43
44
43
44
43
46
47
47
45
42
43
44
44
44
44
45
45
45
46
48
48
47
47
47
47
50
50
51
50
46
42
40
42
45
45
44
43
42
44
44
45
46
44
43
42
41
42
42
43
44
44
45
44
43
43
44
44
44
45
44
46
46
46
45
46
47
47
46
45
45
46
44
44
45
44
43
42
41
42
41
42
41
39
40
40
39
41
42
43
45
42
41
41
43
44
44
44
45
45
47
48
47
49
49
51
51
50
50
47
46
47
48
47
48
47
46
48
50
50
48
47
46
45
46
45
45
47
47
43
40
40
41
43
44
42
38
36
38
39
40
40
41
39
37
37
38
38
37
37
38
37
38
38
37
37
37
38
38
36
34
37
38
39
38
37
36
38
41
43
42
41
39
40
41
40
40
39
39
41
43
43
43
44
44
44
44
44
43
42
42
44
45
44
42
41
43
46
46
45
41
42
44
46
47
46
45
43
45
42
42
42
42
39
38
38
38
40
41
40
41
41
41
42
42
42
42
43
43
41
40
40
39
38
37
38
36
37
37
38
40
39
41
41
41
40
40
41
42
39
36
37
37
40
41
41
41
40
40
40
40
39
40
42
43
44
44
45
45
45
42
42
42
40
41
42
42
41
40
41
41
40
41
40
42
42
43
44
44
43
42
42
41
40
40
41
43
41
39
38
39
40
39
36
32
31
32
34
35
34
34
34
32
32
30
29
29
30
31
32
34
35
35
34
35
37
39
36
35
34
35
35
34
31
32
35
34
31
30
33
36
35
35
33
33
34
35
34
33
35
37
37
37
40
41
38
35
34
34
37
38
36
33
33
33
35
36
36
34
34
38
39
36
34
33
36
37
38
36
36
36
36
34
36
35
36
33
33
34
36
33
31
30
29
30
30
28
28
29
29
29
26
25
24
25
26
28
28
29
27
24
24
24
25
24
24
23
24
25
24
24
24
25
25
26
27
27
25
22
21
24
26
25
22
22
23
22
22
21
20
17
16
15
17
19
18
18
20
23
22
21
18
16
15
14
15
14
16
17
15
16
14
14
15
13
16
16
19
18
20
18
19
20
17
18
20
21
20
20
19
18
18
19
18
19
18
17
17
14
14
13
12
12
11
10
12
11
10
10
8
8
8
6
5
5
6
5
4
4
5
7
5
1
-3
-1
2
5
6
3
2
4
6
5
6
6
3
2
2
4
5
5
5
4
3
3
3
1
-1
1
0
-1
-3
-4
-4
-3
-4
-2
-3
-3
-3
-2
-2
-3
-3
-4
-4
1
2
1
1
-2
-3
-3
-5
-5
-5
-2
-1
-2
-2
-3
-3
-5
-6
-6
-6
-3
-1
0
0
-1
-2
-4
-3
-4
-4
-2
-2
-2
-3
-3
-4
-6
-6
-7
-4
-2
-2
-6
-7
-7
-7
-7
-9
-11
-11
-10
-11
-10
-12
-12
-10
-12
-12
-13
-12
-11
-12
-13
-13
-15
-15
-14
-15
-17
-18
-16
-14
-12
-10
-9
-9
-9
-12
-14
-12
-11
-9
-8
-9
-10
-10
-11
-12
-12
-13
-13
-14
-13
-12
-10
-11
-11
-12
-12
-10
-11
-14
-13
-12
-12
-11
-14
-16
-15
-12
-9
-10
-13
-12
-11
-11
-10
-11
-11
-11
-9
-8
-4
-5
-5
-5
-7
-9
-11
-10
-8
-7
-8
-10
-10
-10
-10
-11
-13
-10
-8
-8
-9
-8
-8
-6
-6
-10
-14
-15
-13
-11
-10
-9
-11
-13
-12
-11
-13
-11
-11
-11
-13
-15
-16
-17
-15
-15
-16
-13
-10
-8
-8
-8
-8
-6
-6
-8
-10
-9
-6
-4
-4
-6
-6
-7
-7
-9
-9
-11
-10
-8
-8
-8
-7
-9
-9
-7
-7
-8
-7
-10
-10
-10
-12
-12
-12
-14
-13
-12
-13
-11
-10
-12
-13
-14
-16
-18
-18
-17
-16
-18
-18
-19
-18
-18
-20
-21
-21
-21
-21
-19
-17
-19
-22
-24
-23
-20
-18
-17
-19
-19
-17
-15
-14
-17
-18
-18
-17
-16
-17
-21
-23
-25
-24
-21
-21
-21
-20
-21
-22
-22
-22
-22
-23
-24
-24
-22
-21
-21
-23
-21
-19
-20
-20
-21
-22
-21
-20
-21
-22
-23
-21
-21
-20
-20
-21
-21
-21
-22
-21
-19
-20
-19
-21
-22
-24
-25
-24
-25
-22
-22
-22
-22
-23
-23
-23
-24
-24
-22
-22
-20
-20
-23
-24
-27
-28
-27
-26
-25
-25
-25
-24
-25
-24
-23
-22
-23
-23
-23
-22
-22
-21
-22
-22
-23
-23
-22
-25
-23
-22
-21
-23
-23
-22
-23
-25
-25
-25
-24
-23
-24
-24
-23
-25
-25
-26
-26
-24
-23
-23
-24
-25
-26
-26
-27
-27
-28
-29
-29
-29
-27
-28
-30
-31
-29
-26
-25
-26
-29
-31
-31
-30
-30
-29
-27
-28
-29
-28
-27
-26
-26
-26
-26
-27
-28
-27
-24
-24
-22
-22
-23
-23
-24
-24
-25
-25
-23
-23
-23
-24
-24
-24
-26
-28
-28
-29
-30
-29
-27
-26
-26
-26
-28
-29
-28
-29
-28
-29
-31
-31
-31
-31
-30
-30
-32
-31
-31
-30
-30
-32
-33
-34
-33
-30
-29
-30
-30
-29
-30
-30
-28
-29
-30
-32
-34
-33
-33
-34
-34
-33
-34
-32
-33
-33
-32
-33
-34
-35
-34
-33
-33
-32
-32
-33
-32
-31
-30
-32
-33
-33
-35
-34
-36
-34
-34
-33
-33
-33
-31
-29
-28
-28
-31
-32
-32
-30
-31
-33
-34
-36
-33
-31
-31
-33
-36
-36
-36
-35
-34
-36
-35
-36
-38
-38
-37
-37
-38
-35
-34
-32
-29
-29
-32
-34
-36
-34
-32
-32
-33
-35
-35
-35
-34
-35
-36
-38
-38
-37
-37
-37
-37
-37
-37
-36
-35
-35
-36
-37
-37
-37
-36
-37
-37
-35
-34
-35
-35
-39
-41
-41
-38
-37
-38
-41
-42
-40
-37
-36
-38
-41
-42
-41
-42
-41
-41
-42
-45
-44
-43
-42
-42
-45
-47
-47
-47
-48
-47
-49
-47
-48
-49
-51
-51
-51
-52
-53
-54
-54
-53
-54
-55
-55
-54
-52
-51
-54
-55
-57
-57
-54
-51
-50
-49
-49
-51
-51
-50
-50
-52
-54
-57
-57
-55
-55
-57
-59
-61
-61
-61
-59
-60
-60
-59
-60
-62
-61
-60
-63
-63
-64
-63
-62
-62
-65
-67
-67
-65
-63
-63
-64
-65
-64
-65
-65
-65
-68
-68
-69
-67
-67
-67
-70
-70
-69
-65
-64
-65
-65
-64
-65
-65
-65
-63
-62
-62
-62
-63
-64
-66
-68
-68
-70
-70
-69
-69
-69
-67
-68
-71
-73
-73
-70
-68
-69
-70
-69
-70
-69
-67
-67
-70
-72
-71
-71
-68
-72
-73
-72
-72
-71
-70
-68
-69
-69
-70
-70
-69
-68
-67
-66
-65
-67
-66
-65
-62
-64
-64
-63
-63
-63
-64
-64
-63
-62
-66
-68
-68
-66
-65
-64
-65
-68
-68
-68
-69
-67
-67
-67
-66
-65
-63
-64
-65
-67
-66
-61
-58
-58
-59
-61
-61
-61
-60
-61
-60
-57
-57
-58
-60
-59
-58
-56
-56
-56
-56
-58
-60
-60
-59
-59
-60
-60
-58
-58
-59
-60
-61
-60
-58
-56
-58
-58
-61
-62
-61
-60
-58
-59
-59
-59
-61
-62
-60
-58
-60
-63
-64
-63
-61
-61
-62
-64
-66
-67
-65
-66
-66
-65
-65
-63
-61
-63
-66
-69
-69
-67
-64
-63
-64
-66
-66
-64
-62
-63
-67
-69
-68
-66
-65
-65
-66
-66
-65
-62
-61
-63
-64
-64
-65
-65
-65
-64
-62
-63
-64
-65
-65
-64
-63
-63
-64
-67
-70
-69
-69
-70
-70
-68
-66
-65
-66
-68
-69
-68
-67
-67
-69
-70
-68
-68
-67
-70
-70
-70
-70
-69
-69
-68
-68
-67
-68
-68
-67
-66
-66
-69
-69
-69
-68
-66
-65
-66
-66
-65
-65
-68
-68
-67
-66
-67
-64
-66
-66
-69
-69
-69
-68
-67
-65
-65
-65
-64
-65
-66
-68
-68
-68
-66
-64
-62
-61
-62
-67
-71
-71
-69
-67
-67
-69
-71
-69
-68
-68
-72
-74
-73
-71
-70
-72
-71
-72
-73
-74
-74
-74
-72
-70
-70
-70
-71
-72
-72
-70
-70
-72
-73
-75
-76
-76
-78
-80
-79
-77
-74
-73
-75
-75
-75
-75
-76
-76
-75
-74
-74
-74
-74
-75
-76
-76
-76
-77
-77
-77
-79
-80
-80
-78
-77
-78
-78
-78
-78
-76
-75
-78
-79
-79
-79
-79
-78
-78
-76
-75
-74
-75
-76
-77
-78
-77
-75
-77
-76
-74
-72
-73
-76
-75
-76
-76
-75
-75
-74
-73
-71
-72
-74
-77
-76
-74
-73
-74
-76
-77
-78
-76
-75
-73
-72
-70
-70
-71
-71
-71
-73
-74
-75
-77
-75
-76
-76
-76
-74
-71
-70
-70
-71
-72
-73
-73
-71
-69
-70
-72
-73
-71
-72
-73
-73
-72
-72
-69
-69
-70
-70
-71
-70
-70
-69
-71
-73
-73
-71
-70
-70
-72
-75
-75
-72
-72
-71
-71
-71
-69
-70
-68
-67
-67
-66
-65
-63
-62
-61
-62
-62
-64
-61
-60
-59
-60
-61
-63
-64
-62
-63
-64
-66
-69
-67
-64
-59
-57
-61
-64
-66
-65
-65
-66
-65
-62
-60
-60
-63
-65
-64
-61
-60
-62
-64
-66
-61
-59
-59
-59
-59
-59
-57
-56
-54
-55
-55
-57
-57
-57
-57
-56
-56
-57
-57
-55
-54
-55
-56
-55
-54
-54
-53
-54
-53
-51
-51
-52
-53
-53
-54
-52
-51
-54
-56
-55
-55
-52
-52
-54
-54
-55
-54
-55
-56
-56
-54
-54
-50
-52
-53
-54
-54
-53
-53
-51
-50
-49
-50
-50
-53
-52
-52
-51
-50
-50
-50
-50
-52
-53
-52
-51
-52
-53
-56
-57
-54
-51
-49
-50
-49
-50
-50
-51
-49
-51
-52
-55
-54
-56
-56
-54
-54
-53
-54
-56
-59
-59
-58
-60
-61
-62
-62
-62
-65
-65
-62
-58
-56
-56
-57
-58
-59
-61
-61
-59
-59
-58
-59
-63
-64
-63
-64
-62
-62
-62
-60
-62
-64
-62
-63
-61
-59
-57
-56
-55
-56
-57
-58
-58
-57
-58
-59
-58
-58
-58
-59
-58
-59
-60
-58
-59
-60
-60
-61
-60
-58
-59
-61
-63
-60
-57
-58
-58
-59
-60
-62
-62
-62
-60
-57
-59
-57
-56
-57
-56
-55
-56
-57
-56
-58
-58
-61
-63
-61
-60
-58
-57
-58
-61
-60
-56
-55
-58
-60
-58
-58
-57
-56
-58
-60
-58
-57
-56
-56
-58
-60
-60
-58
-60
-59
-60
-59
-61
-63
-63
-63
-62
-61
-62
-63
-63
-63
-63
-62
-62
-60
-60
-59
-59
-58
-58
-58
-56
-58
-59
-57
-57
-58
-57
-56
-57
-60
-61
-62
-60
-58
-59
-60
-60
-60
-59
-60
-60
-61
-62
-62
-61
-61
-59
-58
-60
-60
-61
-60
-59
-58
-56
-57
-57
-57
-58
-57
-57
-57
-58
-59
-58
-56
-56
-59
-61
-59
-59
-60
-61
-63
-63
-60
-60
-61
-61
-60
-62
-62
-64
-63
-62
-60
-61
-60
-62
-63
-61
-59
-58
-57
-58
-58
-57
-54
-54
-57
-59
-56
-55
-55
-54
-54
-54
-51
-51
-52
-51
-49
-49
-49
-52
-54
-53
-51
-52
-55
-56
-55
-56
-57
-57
-56
-54
-53
-51
-51
-52
-53
-55
-54
-52
-54
-54
-53
-53
-54
-54
-56
-59
-59
-56
-53
-54
-54
-55
-57
-57
-58
-58
-56
-56
-57
-56
-56
-57
-54
-54
-54
-54
-57
-56
-54
-52
-51
-50
-54
-56
-56
-56
-54
-55
-55
-55
-53
-52
-51
-54
-56
-56
-55
-52
-50
-50
-53
-54
-52
-53
-52
-53
-53
-53
-54
-54
-51
-50
-50
-52
-55
-55
-55
-53
-52
-53
-52
-54
-54
-55
-56
-56
-58
-58
-57
-55
-52
-55
-56
-59
-58
-55
-55
-56
-55
-53
-52
-52
-53
-53
-54
-53
-53
-52
-52
-52
-55
-58
-59
-59
-58
-60
-60
-60
-59
-60
-63
-64
-63
-63
-63
-61
-60
-59
-60
-61
-64
-64
-65
-64
-60
-61
-63
-67
-69
-69
-66
-65
-66
-68
-67
-67
-64
-64
-64
-64
-65
-62
-61
-62
-64
-65
-64
-64
-67
-68
-69
-69
-68
-68
-67
-65
-65
-67
-72
-72
-74
-75
-75
-74
-72
-72
-73
-74
-75
-76
-77
-78
-77
-75
-75
-75
-78
-74
-74
-74
-73
-74
-75
-73
-70
-72
-74
-75
-75
-75
-71
-68
-68
-69
-69
-70
-70
-70
-67
-67
-66
-68
-69
-71
-71
-69
-69
-66
-65
-64
-64
-63
-66
-66
-64
-63
-63
-64
-64
-64
-62
-63
-67
-67
-66
-65
-64
-66
-66
-65
-66
-69
-69
-67
-64
-61
-58
-60
-61
-62
-63
-63
-61
-60
-56
-58
-59
-57
-54
-54
-55
-57
-57
-57
-57
-57
-56
-57
-57
-56
-58
-59
-60
-61
-61
-60
-61
-63
-62
-61
-61
-61
-64
-65
-65
-64
-64
-64
-65
-64
-62
-60
-59
-59
-61
-62
-61
-56
-54
-55
-59
-60
-61
-61
-61
-60
-60
-59
-60
-60
-60
-60
-60
-61
-61
-58
-55
-55
-57
-60
-59
-56
-55
-56
-55
-56
-54
-51
-51
-52
-54
-56
-57
-55
-57
-57
-57
-58
-59
-57
-57
-56
-55
-56
-56
-56
-55
-56
-55
-53
-51
-51
-50
-50
-50
-50
-49
-49
-48
-48
-48
-48
-50
-51
-50
-51
-51
-49
-50
-49
-52
-53
-54
-54
-53
-54
-52
-50
-47
-45
-46
-44
-44
-45
-46
-48
-50
-50
-48
-48
-49
-49
-55
-56
-56
-53
-52
-53
-56
-59
-60
-58
-57
-57
-57
-56
-54
-51
-52
-51
-51
-52
-52
-52
-53
-53
-52
-51
-51
-51
-51
-53
-50
-50
-49
-49
-52
-51
-48
-45
-43
-43
-44
-45
-45
-44
-43
-42
-44
-47
-48
-47
-48
-47
-48
-46
-47
-45
-43
-45
-48
-50
-50
-48
-46
-47
-49
-50
-50
-50
-49
-49
-50
-48
-47
-45
-46
-48
-50
-51
-51
-51
-52
-50
-46
-47
-47
-46
-46
-44
-43
-42
-41
-41
-42
-40
-39
-40
-39
-43
-46
-46
-46
-45
-43
-45
-45
-46
-45
-44
-42
-43
-45
-45
-46
-44
-44
-44
-45
-46
-46
-45
-44
-43
-45
-42
-43
-43
-42
-45
-48
-47
-49
-47
-43
-40
-41
-41
-45
-45
-42
-41
-41
-41
-41
-40
-41
-39
-37
-35
-33
-35
-38
-37
-34
-33
-35
-37
-39
-40
-39
-40
-40
-42
-42
-41
-40
-39
-38
-40
-41
-42
-40
-39
-42
-43
-44
-43
-44
-43
-43
-42
-41
-39
-41
-41
-42
-44
-41
-38
-39
-41
-40
-39
-38
-35
-34
-36
-34
-37
-36
-38
-37
-36
-34
-35
-36
-36
-36
-36
-34
-33
-32
-32
-28
-26
-26
-24
-26
-26
-27
-28
-28
-29
-30
-29
-28
-26
-24
-21
-24
-25
-26
-25
-24
-24
-23
-21
-20
-18
-19
-17
-15
-17
-19
-21
-20
-16
-16
-16
-18
-17
-14
-14
-14
-16
-16
-16
-16
-17
-17
-18
-17
-17
-17
-19
-18
-20
-21
-21
-21
-23
-21
-24
-25
-23
-24
-22
-24
-25
-27
-27
-27
-26
-27
-27
-29
-27
-26
-26
-27
-30
-30
-31
-31
-27
-26
-25
-26
-25
-24
-24
-21
-19
-19
-19
-21
-21
-21
-22
-22
-24
-23
-23
-24
-22
-22
-22
-22
-23
-23
-24
-26
-27
-27
-27
-25
-25
-26
-28
-26
-26
-23
-24
-25
-23
-24
-22
-23
-23
-24
-25
-26
-26
-24
-25
-25
-27
-25
-25
-24
-24
-24
-25
-26
-25
-23
-26
-23
-23
-24
-23
-23
-23
-20
-18
-19
-17
-20
-19
-21
-21
-21
-20
-19
-19
-22
-23
-26
-26
-24
-21
-21
-24
-25
-24
-23
-21
-22
-24
-27
-26
-25
-25
-25
-26
-25
-23
-22
-24
-27
-30
-30
-28
-26
-26
-28
-30
-29
-32
-34
-34
-33
-31
-30
-34
-35
-35
-33
-33
-35
-36
-35
-34
-34
-36
-36
-34
-34
-34
-36
-37
-37
-38
-38
-39
-37
-36
-37
-36
-36
-37
-36
-36
-37
-38
-38
-36
-32
-31
-30
-32
-33
-31
-31
-31
-32
-31
-29
-30
-32
-31
-30
-29
-27
-25
-24
-23
-19
-19
-19
-17
-18
-19
-18
-18
-19
-19
-19
-19
-19
-18
-19
-14
-12
-11
-14
-19
-21
-18
-22
-22
-26
-25
-25
-26
-25
-28
-31
-33
-33
-34
-34
-37
-39
-40
-40
-40
-42
-44
-43
-43
-44
-46
-46
-47
-48
-49
-52
-54
-51
-51
-53
-55
-58
-59
-58
-58
-58
-60
-60
-60
-60
-62
-62
-62
-63
-62
-62
-63
-62
-61
-59
-58
-57
-55
-52
-51
-47
-44
-43
-40
-38
-34
-32
-28
-28
-28
-26
-22
-16
-11
-11
-12
-13
-12
-8
-4
-1
1
2
3
4
6
6
6
8
12
16
16
14
13
10
12
13
13
14
15
13
11
7
6
4
3
-1
-2
-5
-9
-12
-14
-19
-22
-28
-37
-40
-47
-49
-57
-62
-70
-74
-81
-88
-93
-97
-101
-105
-111
-116
-123
-129
-134
-140
-145
-153
-157
-163
-161
-165
-165
-170
-171
-173
-169
-167
-155
-145
-130
-122
-108
-99
-85
-74
-60
-51
-41
-30
-19
-7
-2
5
13
17
18
18
15
18
19
21
19
21
20
22
19
18
15
14
13
10
7
4
3
3
2
2
1
2
2
3
6
10
17
21
25
26
29
31
34
35
34
35
37
41
43
42
39
35
37
34
33
31
26
25
23
21
17
11
2
-6
-16
-29
-42
-52
-60
-72
-83
-95
-106
-118
-129
-138
-150
-158
-162
-173
-179
-173
-185
-191
-190
-209
-213
-207
-224
-219
-223
-226
-219
-208
-199
-176
-160
-144
-130
-117
-103
-83
-69
-52
-39
-29
-18
-9
6
10
14
12
9
6
11
9
13
11
9
7
7
6
7
1
-4
-13
-18
-20
-24
-29
-35
-46
-54
-58
-62
-66
-74
-73
-70
-66
-63
-62
-62
-62
-62
-60
-57
-56
-52
-46
-38
-30
-24
-20
-16
-12
-6
2
13
20
27
34
41
41
45
42
41
40
35
34
29
27
25
23
22
17
17
13
12
11
9
11
11
11
12
12
7
3
-5
-12
-18
-26
-30
-36
-43
-52
-59
-68
-73
-84
-94
-106
-114
-126
-130
-140
-148
-161
-169
-182
-189
-202
-209
-216
-220
-225
-222
-229
-222
-214
-198
-185
-174
-163
-154
-141
-128
-115
-103
-89
-85
-71
-63
-48
-46
-45
-51
-49
-48
-37
-37
-34
-36
-34
-35
-32
-30
-30
-34
-37
-39
-47
-47
-50
-52
-59
-62
-66
-67
-70
-69
-73
-67
-62
-55
-50
-47
-47
-43
-41
-38
-30
-24
-13
0
14
24
35
41
47
52
62
69
80
85
86
86
86
86
83
76
67
58
52
49
44
41
34
28
22
15
10
6
-1
-8
-16
-20
-25
-28
-34
-44
-55
-68
-81
-95
-108
-116
-121
-131
-137
-149
-160
-174
-182
-194
-209
-219
-228
-234
-241
-254
-261
-270
-275
-274
-280
-271
-258
-234
-219
-203
-190
-176
-159
-141
-121
-103
-88
-75
-55
-38
-25
-20
-23
-27
-23
-23
-16
-14
-9
-4
1
2
7
11
8
1
-6
-10
-12
-13
-19
-28
-38
-47
-55
-58
-66
-70
-77
-77
-75
-71
-69
-66
-64
-62
-60
-56
-55
-53
-49
-43
-33
-21
-10
-3
4
10
25
35
46
53
63
70
77
84
90
90
88
82
79
76
71
65
56
54
50
48
44
40
33
29
24
21
21
23
20
15
8
3
-4
-16
-29
-42
-53
-60
-69
-78
-85
-98
-109
-124
-138
-156
-168
-181
-189
-202
-215
-229
-240
-256
-264
-279
-292
-297
-306
-301
-299
-281
-261
-245
-228
-212
-195
-176
-161
-136
-122
-105
-92
-75
-57
-45
-38
-36
-38
-37
-29
-26
-18
-14
-8
-3
2
2
6
-1
-4
-14
-16
-17
-21
-27
-34
-45
-57
-68
-76
-79
-86
-86
-85
-75
-69
-65
-64
-62
-64
-58
-56
-50
-45
-35
-20
-5
9
17
25
29
42
54
69
76
79
87
99
108
115
113
112
105
102
98
95
88
81
79
78
77
70
63
58
56
52
53
46
42
38
34
28
22
8
-4
-21
-35
-51
-64
-75
-83
-90
-103
-115
-130
-147
-167
-185
-206
-217
-230
-241
-250
-263
-278
-290
-314
-323
-337
-339
-338
-331
-309
-283
-258
-240
-225
-206
-184
-164
-138
-119
-95
-78
-56
-34
-16
-11
-4
-14
-7
-1
12
21
26
30
37
40
44
44
37
28
16
12
3
-2
-16
-25
-42
-53
-67
-74
-86
-96
-103
-104
-97
-91
-90
-88
-88
-86
-81
-81
-76
-72
-59
-43
-24
-11
6
15
28
32
44
56
64
73
88
104
117
126
129
129
125
122
119
117
111
107
101
102
98
95
87
81
71
65
58
52
48
44
43
38
30
19
7
-8
-21
-35
-46
-61
-71
-82
-90
-104
-118
-138
-149
-157
-187
-210
-177
-256
-215
-252
-286
-258
-319
-294
-343
-341
-362
-364
-353
-336
-312
-285
-276
-259
-243
-220
-196
-170
-148
-128
-102
-88
-53
-32
-38
-14
-41
-21
-21
-7
6
-3
12
9
18
25
24
14
2
-12
-16
-17
-26
-36
-45
-54
-66
-78
-88
-103
-117
-124
-123
-119
-107
-110
-104
-103
-101
-97
-100
-94
-86
-71
-51
-32
-19
-9
4
17
34
44
62
67
78
92
109
124
132
147
138
147
141
136
135
129
124
127
123
125
117
111
105
98
93
88
84
74
70
68
63
58
44
31
10
-5
-23
-42
-53
-70
-81
-93
-108
-122
-141
-160
-182
-206
-222
-241
-258
-278
-298
-319
-337
-348
-370
-387
-410
-421
-424
-415
-389
-356
-334
-318
-306
-279
-252
-225
-194
-181
-147
-123
-88
-49
-37
-27
-21
-30
-18
-14
-2
9
13
22
34
35
44
43
33
25
4
-2
-4
-12
-21
-33
-48
-58
-79
-87
-108
-123
-130
-133
-127
-116
-115
-109
-106
-105
-107
-103
-103
-103
-89
-75
-51
-39
-17
-9
13
27
43
59
67
82
103
122
141
148
156
165
166
171
163
161
152
146
147
145
143
142
135
132
128
116
117
104
95
85
80
78
66
57
44
22
9
-19
-35
-58
-77
-82
-103
-112
-125
-148
-163
-188
-214
-232
-254
-272
-291
-309
-326
-345
-363
-385
-409
-427
-439
-446
-435
-410
-374
-340
-320
-303
-285
-253
-230
-188
-169
-137
-110
-91
-46
-22
-9
-1
-19
-11
-2
7
21
25
28
38
43
55
63
45
31
6
-3
1
-7
-15
-31
-51
-64
-83
-93
-108
-130
-138
-143
-142
-135
-132
-128
-126
-123
-114
-115
-109
-101
-91
-76
-57
-42
-20
-2
18
42
58
80
92
108
133
155
173
190
194
210
212
215
218
209
200
195
191
195
192
190
186
181
178
170
163
150
139
132
127
120
114
99
87
72
54
29
5
-21
-43
-63
-82
-97
-116
-134
-157
-182
-200
-228
-247
-280
-300
-320
-338
-348
-379
-393
-428
-445
-459
-462
-452
-431
-400
-361
-342
-312
-299
-256
-237
-195
-170
-138
-100
-78
-30
-3
14
23
7
10
24
35
55
53
63
71
86
92
107
89
77
52
37
40
30
17
0
-20
-32
-50
-65
-79
-105
-110
-123
-119
-114
-112
-111
-103
-103
-90
-85
-81
-71
-65
-45
-28
-9
14
39
60
92
107
132
144
161
182
203
219
238
247
269
280
288
292
284
276
264
255
252
249
240
237
228
226
219
212
196
179
163
148
135
128
114
101
84
67
46
22
-4
-28
-49
-68
-87
-104
-118
-141
-156
-181
-203
-225
-250
-270
-296
-311
-333
-354
-374
-403
-421
-435
-447
-431
-411
-373
-332
-316
-291
-271
-235
-202
-161
-133
-96
-63
-29
14
41
53
60
45
53
66
77
97
95
108
117
130
137
144
126
110
84
72
67
59
46
33
13
5
-16
-35
-55
-82
-93
-104
-98
-94
-90
-91
-81
-76
-61
-60
-57
-50
-44
-24
-9
7
30
52
78
114
137
166
180
195
215
236
260
273
291
309
323
339
349
341
333
319
311
300
298
288
284
282
282
275
272
257
242
223
207
194
181
167
151
132
116
101
77
52
20
-3
-29
-44
-67
-86
-110
-129
-152
-168
-194
-220
-247
-273
-293
-318
-337
-370
-388
-421
-424
-441
-434
-415
-383
-339
-315
-288
-268
-242
-200
-168
-126
-91
-54
-14
23
71
87
105
94
88
98
109
129
137
143
154
168
182
194
193
171
142
116
106
105
88
75
56
45
35
14
-4
-32
-56
-71
-76
-71
-69
-71
-65
-52
-36
-25
-21
-19
-17
-6
6
20
40
60
87
124
161
195
216
229
246
266
292
309
328
342
365
379
397
403
393
379
364
352
347
334
323
315
308
309
307
300
286
270
250
235
215
199
180
163
147
133
113
89
60
36
11
-11
-37
-63
-88
-118
-131
-154
-170
-198
-223
-246
-271
-291
-328
-351
-386
-407
-424
-437
-437
-432
-401
-361
-315
-288
-265
-244
-205
-171
-126
-93
-52
-15
32
83
126
133
139
136
105
139
135
155
156
167
180
200
209
230
213
186
159
125
127
103
86
66
54
42
38
24
-5
-37
-43
-73
-78
-76
-84
-70
-69
-52
-32
-23
-18
-10
-8
5
14
24
44
63
94
136
174
211
239
259
285
308
327
348
358
376
400
413
427
431
423
419
407
402
392
372
357
342
339
338
333
327
315
301
290
273
257
236
209
187
163
143
121
96
72
53
30
7
-20
-50
-79
-111
-133
-154
-172
-198
-226
-252
-274
-292
-318
-347
-378
-405
-426
-441
-443
-427
-395
-347
-311
-270
-245
-234
-177
-145
-108
-65
-29
7
55
106
139
161
163
151
147
162
165
166
178
182
186
225
239
238
235
205
170
141
132
110
86
71
53
44
40
20
2
-23
-44
-58
-73
-74
-87
-80
-70
-55
-45
-19
-16
-6
6
22
44
51
64
82
102
146
180
222
251
287
307
346
366
379
408
417
429
441
456
455
457
444
444
431
427
410
395
386
373
364
349
336
326
312
303
291
274
255
230
203
177
147
119
92
63
40
20
1
-25
-58
-84
-114
-135
-162
-185
-218
-241
-267
-289
-313
-345
-371
-402
-421
-440
-444
-455
-430
-399
-337
-297
-264
-240
-215
-171
-135
-86
-60
-12
21
76
127
165
180
182
163
169
169
168
177
167
178
197
222
242
248
225
199
167
142
123
97
67
46
29
27
15
2
-13
-34
-52
-68
-79
-85
-96
-95
-83
-66
-48
-37
-22
-6
12
30
47
62
79
93
119
151
184
218
263
298
340
374
403
431
449
467
481
483
490
484
478
478
471
471
462
449
436
429
413
400
377
359
343
330
321
310
295
280
261
275
235
187
166
115
78
52
22
3
-41
-64
-94
-135
-166
-212
-240
-290
-318
-348
-374
-400
-432
-456
-468
-488
-487
-472
-424
-374
-294
-218
-148
-96
-57
-33
-20
18
41
66
82
137
198
256
273
296
283
267
221
196
167
144
122
112
128
143
164
161
153
121
91
36
-8
-55
-80
-116
-129
-140
-118
-100
-82
-69
-53
-49
-55
-64
-58
-41
-31
-21
6
50
92
129
160
193
213
222
231
269
258
284
287
328
384
413
434
456
480
509
494
491
469
443
424
411
417
420
419
422
427
433
422
394
371
357
350
341
332
330
330
322
319
300
271
222
172
121
78
36
-12
-39
-61
-78
-89
-137
-166
-212
-269
-316
-369
-409
-453
-477
-512
-516
-536
-567
-574
-589
-584
-544
-510
-363
-230
-111
4
96
209
275
268
277
283
308
350
351
404
423
422
393
339
254
170
26
-72
-152
-189
-201
-212
-212
-169
-146
-132
-158
-195
-207
-234
-245
-238
-188
-143
-90
-48
33
93
129
114
103
90
79
55
57
58
61
50
62
81
90
68
37
16
9
8
14
49
100
166
224
287
351
399
425
444
453
489
503
520
528
541
552
546
520
508
473
434
391
364
350
335
317
312
314
327
320
315
306
293
273
252
238
225
194
161
122
104
76
42
-2
-34
-73
-114
-167
-206
-263
-311
-370
-422
-446
-488
-526
-563
-580
-611
-625
-657
-662
-649
-595
-538
-415
-244
-46
82
210
277
380
404
383
312
320
318
359
346
375
370
354
269
187
61
-40
-202
-324
-386
-379
-357
-342
-317
-237
-168
-146
-154
-180
-166
-176
-184
-154
-70
2
64
93
179
240
255
209
167
138
119
51
15
-9
-7
-16
-13
6
38
23
-3
-23
4
33
44
69
136
229
313
375
440
507
551
572
584
605
611
590
553
540
530
504
452
414
389
363
324
289
262
246
227
214
218
236
244
247
258
270
275
257
227
197
161
106
57
12
-16
-49
-91
-125
-157
-211
-251
-327
-384
-450
-510
-549
-588
-607
-630
-647
-653
-648
-656
-644
-637
-583
-517
-412
-240
-37
127
265
350
457
518
494
414
352
316
323
284
261
238
221
180
101
9
-88
-218
-354
-456
-493
-480
-484
-478
-417
-308
-212
-172
-162
-126
-96
-87
-97
-82
-39
-4
8
55
132
199
207
180
157
144
95
11
-78
-131
-166
-178
-167
-133
-99
-67
-40
13
58
85
99
128
182
250
312
375
451
528
593
640
674
684
666
620
569
516
456
391
341
310
294
275
259
246
237
222
204
187
176
168
168
175
193
203
202
189
179
146
102
42
-12
-59
-103
-143
-189
-228
-270
-316
-358
-412
-469
-517
-565
-593
-612
-646
-668
-683
-683
-675
-670
-652
-613
-543
-441
-278
-71
99
245
332
438
504
508
418
337
271
264
228
191
140
123
97
47
-38
-129
-247
-369
-491
-559
-575
-577
-578
-541
-444
-322
-228
-190
-147
-103
-60
-58
-62
-59
-33
-25
3
53
130
173
179
156
154
130
71
-37
-131
-195
-220
-228
-210
-178
-123
-61
10
78
132
160
180
207
246
281
313
360
430
506
572
624
665
684
661
616
553
482
398
309
240
198
172
156
144
151
159
160
152
149
145
142
133
130
137
142
138
133
131
118
85
36
-6
-49
-99
-165
-220
-278
-314
-377
-416
-470
-501
-534
-562
-578
-603
-607
-643
-647
-679
-677
-702
-665
-641
-546
-458
-270
-86
109
241
342
431
504
480
391
278
204
170
111
46
-10
-12
-23
-59
-137
-207
-302
-403
-536
-604
-642
-641
-661
-616
-521
-372
-266
-183
-119
-21
40
66
45
42
36
26
14
38
79
123
135
146
160
163
112
29
-60
-131
-184
-216
-242
-233
-200
-125
-35
60
137
200
256
313
348
359
363
375
404
434
469
513
561
595
609
606
588
540
459
370
286
214
145
84
54
54
67
82
105
142
175
197
200
197
190
169
139
117
98
82
54
28
5
-15
-47
-88
-136
-187
-250
-307
-374
-438
-488
-533
-547
-567
-571
-580
-567
-566
-561
-586
-600
-612
-598
-567
-521
-433
-270
-84
92
230
341
453
519
501
402
299
205
149
48
-42
-121
-130
-142
-166
-222
-256
-313
-374
-470
-526
-570
-590
-617
-593
-521
-397
-296
-203
-110
13
109
158
158
150
130
105
71
46
38
36
34
46
67
87
82
55
12
-25
-54
-85
-125
-156
-155
-108
-38
33
105
188
293
387
448
479
495
503
501
479
465
464
472
476
472
479
482
462
414
352
291
222
140
64
9
-22
-34
-34
-8
37
88
135
172
201
217
218
200
166
126
79
35
-8
-47
-82
-112
-131
-157
-187
-221
-255
-294
-351
-401
-463
-501
-551
-577
-613
-609
-617
-608
-624
-630
-616
-600
-562
-532
-448
-314
-142
3
132
234
357
422
422
340
264
189
137
29
-66
-155
-173
-201
-227
-287
-316
-359
-399
-472
-506
-535
-541
-560
-535
-471
-363
-283
-198
-117
1
95
155
163
183
186
188
156
127
108
106
93
86
85
102
104
85
60
49
40
14
-35
-67
-67
-38
-5
30
82
163
253
335
390
430
465
485
492
478
452
435
421
410
402
396
389
375
355
332
303
260
200
141
92
61
32
13
5
35
79
128
168
201
232
257
258
240
204
166
116
66
5
-42
-82
-104
-129
-144
-166
-182
-219
-261
-312
-365
-414
-471
-525
-560
-580
-587
-613
-634
-654
-654
-649
-645
-615
-558
-427
-287
-121
9
143
259
355
390
360
302
229
172
97
9
-78
-128
-153
-175
-219
-255
-285
-311
-358
-398
-434
-446
-461
-455
-420
-346
-270
-198
-124
-22
86
164
201
227
251
266
249
217
185
169
145
127
116
120
118
102
81
75
68
43
5
-22
-28
-16
-7
15
49
102
168
236
295
346
391
430
460
470
463
446
427
415
399
380
368
359
355
347
335
315
279
230
177
137
104
73
46
39
61
98
132
163
201
239
266
274
264
240
212
175
125
71
17
-37
-77
-110
-129
-160
-185
-226
-250
-294
-328
-388
-435
-487
-525
-562
-612
-644
-681
-690
-712
-711
-715
-668
-611
-499
-349
-185
-25
104
235
342
418
403
358
285
251
182
104
0
-53
-92
-111
-167
-202
-247
-263
-314
-351
-386
-391
-410
-410
-400
-338
-271
-206
-148
-65
30
121
174
215
248
278
287
274
249
230
207
185
166
148
128
108
87
70
54
47
41
39
33
37
49
69
87
115
148
198
254
303
342
379
412
434
439
433
424
408
383
359
346
344
341
329
317
306
296
264
225
184
156
132
109
89
89
103
126
147
171
201
233
260
275
281
278
264
235
186
126
61
1
-63
-120
-172
-211
-239
-270
-296
-328
-362
-400
-449
-487
-535
-570
-627
-653
-698
-705
-744
-738
-743
-691
-654
-549
-417
-236
-69
88
232
365
461
484
450
387
336
272
177
59
-24
-76
-107
-166
-213
-251
-262
-296
-331
-356
-351
-354
-355
-347
-300
-242
-191
-146
-76
21
119
186
234
289
341
370
374
357
341
312
273
224
187
155
127
91
68
64
77
77
70
64
75
90
93
88
94
123
157
192
218
248
289
331
362
382
393
409
418
415
397
381
364
352
331
316
305
299
283
259
241
232
219
198
175
167
173
182
188
198
219
246
268
283
288
290
277
246
199
141
81
16
-49
-116
-170
-215
-261
-295
-330
-353
-383
-416
-448
-480
-505
-541
-578
-620
-653
-687
-719
-745
-761
-739
-687
-596
-448
-280
-83
91
270
418
537
589
580
532
468
390
284
162
52
-19
-75
-133
-195
-236
-254
-260
-274
-281
-276
-266
-265
-263
-246
-213
-188
-159
-121
-43
49
138
209
283
361
426
454
455
436
409
365
313
258
215
172
132
100
84
86
89
87
86
85
99
106
114
117
129
143
166
192
224
258
302
346
385
416
437
450
451
441
421
406
391
378
365
358
354
352
341
323
305
290
266
242
222
207
190
178
173
179
186
192
198
207
220
229
225
211
186
151
103
47
-8
-69
-127
-188
-235
-269
-289
-319
-346
-379
-395
-417
-434
-476
-508
-546
-574
-607
-636
-661
-672
-671
-631
-559
-415
-257
-76
88
274
436
572
628
624
594
551
483
370
235
119
36
-34
-101
-170
-204
-218
-218
-228
-223
-216
-212
-225
-227
-216
-183
-163
-140
-101
-19
76
162
229
307
387
457
488
495
489
478
445
407
361
324
274
222
170
138
112
92
68
56
54
67
76
86
95
120
151
187
216
248
283
319
351
373
381
392
397
403
401
397
395
401
404
405
404
400
391
370
341
313
283
246
210
186
167
147
127
119
128
142
154
166
180
201
223
236
241
238
223
197
152
94
29
-38
-107
-168
-220
-272
-300
-337
-348
-375
-377
-404
-418
-436
-461
-476
-522
-538
-579
-586
-604
-593
-581
-519
-417
-252
-98
82
231
412
542
642
647
636
596
552
449
331
208
127
50
-27
-107
-155
-183
-199
-222
-236
-229
-223
-225
-217
-185
-134
-100
-78
-36
39
123
188
238
300
369
427
461
485
513
535
528
502
474
442
397
324
248
184
136
87
32
-13
-21
-11
9
26
56
106
171
226
267
295
322
346
360
359
351
348
351
350
348
352
368
383
390
394
404
410
401
374
340
309
269
214
158
119
94
68
48
39
52
79
110
142
182
224
265
291
306
311
303
275
232
170
106
31
-46
-121
-184
-234
-275
-313
-342
-355
-362
-368
-379
-393
-398
-414
-425
-448
-460
-477
-480
-486
-467
-450
-406
-347
-227
-99
50
170
307
424
539
583
584
553
516
459
359
236
126
48
-27
-107
-185
-222
-243
-254
-272
-263
-237
-200
-181
-137
-86
-16
20
52
86
156
212
261
294
350
408
463
494
525
549
560
538
508
466
415
337
243
150
78
15
-37
-84
-94
-78
-41
-6
39
91
163
221
264
287
306
320
325
315
300
282
277
274
274
277
289
307
322
334
344
352
344
326
288
248
204
152
98
46
10
-1
1
18
51
95
151
206
257
300
330
349
360
356
338
300
252
193
130
57
-17
-94
-151
-209
-245
-287
-301
-317
-312
-321
-319
-330
-334
-346
-355
-372
-375
-383
-388
-391
-392
-368
-365
-328
-309
-210
-123
-1
87
205
304
418
461
479
455
446
403
335
227
145
73
23
-50
-106
-145
-154
-166
-167
-156
-122
-96
-70
-40
12
68
101
111
137
178
231
261
283
315
367
414
444
456
463
466
449
414
365
308
239
160
82
19
-33
-64
-88
-89
-68
-28
16
61
105
154
195
227
240
243
242
239
232
220
207
205
206
213
223
232
243
262
272
279
274
262
237
205
172
139
99
63
31
21
23
34
50
84
128
178
217
251
276
296
300
291
269
243
208
168
120
74
28
-25
-78
-127
-163
-192
-227
-254
-282
-284
-291
-292
-310
-310
-315
-311
-321
-327
-342
-336
-354
-350
-372
-360
-367
-354
-348
-324
-255
-177
-84
-7
93
185
282
329
348
347
348
324
274
198
146
96
63
13
-21
-41
-45
-58
-60
-57
-33
-24
-22
-9
20
53
68
69
92
132
174
196
215
244
276
288
293
288
288
276
241
206
182
158
128
82
45
21
8
-7
-23
-28
-16
-1
13
27
45
70
93
109
125
133
143
147
145
144
139
136
134
133
138
145
154
163
171
180
190
188
177
161
140
123
99
83
73
68
70
74
89
111
128
149
167
184
197
197
190
181
165
147
118
86
57
25
-11
-53
-92
-128
-159
-189
-219
-243
-254
-266
-276
-284
-297
-305
-315
-323
-340
-352
-370
-382
-396
-399
-409
-412
-419
-413
-404
-373
-318
-242
-157
-66
30
140
230
313
343
380
386
393
355
310
250
214
163
111
43
2
-37
-63
-96
-109
-112
-103
-97
-74
-50
-20
-6
-8
0
19
46
56
63
75
100
117
130
133
148
163
168
162
161
155
151
125
103
75
54
25
-1
-25
-28
-36
-33
-32
-15
6
31
45
62
73
86
86
83
76
75
73
78
82
94
108
121
132
140
148
155
160
158
156
155
147
133
115
101
89
80
72
67
68
72
78
83
93
101
105
107
108
100
91
75
64
49
31
8
-18
-39
-65
-94
-123
-154
-186
-212
-247
-262
-283
-289
-303
-308
-320
-319
-326
-337
-341
-351
-353
-359
-365
-368
-367
-369
-358
-348
-290
-229
-133
-53
52
152
254
333
369
393
398
398
362
315
260
220
170
122
56
12
-36
-66
-105
-133
-151
-164
-179
-172
-167
-139
-124
-114
-101
-70
-37
-13
-4
13
38
59
81
98
126
151
167
177
192
200
200
176
155
130
108
74
30
-9
-34
-58
-80
-100
-103
-94
-77
-65
-46
-29
-3
14
27
38
50
57
68
73
87
99
109
118
124
136
148
156
160
158
158
153
143
125
106
89
71
55
43
32
25
17
18
21
30
38
51
62
75
81
88
84
83
69
53
24
-5
-47
-83
-125
-157
-195
-222
-246
-263
-277
-292
-293
-309
-304
-322
-315
-333
-327
-343
-335
-342
-330
-347
-337
-350
-329
-327
-293
-238
-175
-92
-27
65
149
238
284
323
339
368
356
321
262
214
167
117
31
-37
-102
-149
-193
-239
-256
-258
-259
-251
-234
-201
-156
-148
-122
-100
-59
-31
-13
-4
25
40
65
75
98
128
146
154
166
172
181
163
136
110
80
47
7
-44
-78
-111
-132
-146
-155
-145
-127
-106
-81
-62
-37
-5
19
45
60
73
90
96
101
111
111
121
117
128
133
140
140
136
130
131
116
99
77
62
48
35
19
14
6
5
5
6
16
25
29
39
47
64
74
80
80
82
78
61
35
5
-26
-65
-108
-150
-192
-219
-252
-266
-289
-293
-301
-293
-286
-267
-255
-249
-234
-236
-227
-240
-237
-257
-253
-284
-276
-313
-291
-275
-220
-169
-110
-39
48
116
191
215
263
280
292
264
224
182
141
86
26
-38
-86
-125
-170
-202
-215
-205
-205
-192
-172
-126
-84
-53
-40
-14
8
28
24
25
23
32
27
32
42
63
74
91
108
140
158
161
148
136
116
90
50
12
-25
-56
-80
-100
-107
-106
-94
-77
-53
-25
8
33
59
83
110
136
150
153
154
154
149
136
117
110
102
106
109
112
117
131
138
142
141
139
134
120
103
83
70
54
34
20
22
25
34
37
52
67
82
92
96
95
94
76
50
19
-16
-56
-102
-151
-191
-222
-253
-270
-282
-274
-262
-243
-224
-205
-182
-165
-155
-152
-154
-164
-179
-204
-226
-256
-275
-308
-329
-350
-342
-313
-274
-226
-168
-81
-4
81
119
172
193
233
225
204
161
131
92
58
3
-31
-79
-106
-140
-150
-153
-153
-164
-156
-142
-113
-94
-93
-85
-70
-56
-53
-58
-60
-53
-55
-51
-45
-24
-4
16
34
71
100
127
131
133
124
114
86
55
18
-4
-29
-51
-76
-85
-85
-69
-55
-32
-9
28
62
89
113
134
145
152
142
127
118
104
86
69
57
55
54
51
51
54
63
66
64
59
55
54
48
39
33
23
17
9
3
2
3
4
12
19
28
24
23
16
12
-2
-24
-57
-86
-116
-145
-173
-197
-212
-221
-221
-219
-219
-210
-201
-188
-183
-171
-171
-168
-176
-182
-197
-213
-233
-262
-275
-299
-317
-343
-355
-362
-337
-319
-264
-224
-143
-77
-3
54
104
143
178
191
176
157
124
102
68
30
-14
-45
-88
-100
-133
-130
-145
-152
-154
-137
-124
-97
-103
-85
-79
-63
-61
-67
-65
-57
-57
-51
-45
-29
0
14
48
69
104
124
137
135
141
125
116
91
70
53
34
17
7
-3
5
12
31
50
68
94
116
133
152
153
160
159
150
137
113
96
82
70
63
54
46
49
53
61
69
74
82
88
90
86
83
75
66
55
39
23
3
-13
-28
-39
-44
-51
-52
-56
-58
-59
-67
-74
-83
-92
-97
-115
-124
-138
-144
-156
-163
-174
-179
-186
-185
-184
-186
-184
-183
-183
-182
-192
-201
-212
-228
-238
-256
-272
-286
-309
-315
-331
-313
-294
-264
-221
-176
-110
-60
-5
35
80
110
140
139
139
120
105
72
44
6
-15
-53
-71
-101
-109
-124
-126
-129
-112
-99
-72
-64
-45
-33
-15
-5
5
9
11
10
8
10
12
20
23
36
48
66
76
88
89
100
102
108
101
95
90
93
84
82
68
69
65
67
72
73
83
92
95
109
112
120
122
120
121
115
106
94
81
73
67
59
57
51
56
56
56
56
59
58
58
47
40
26
12
-1
-13
-26
-35
-46
-51
-54
-55
-57
-59
-62
-66
-71
-75
-75
-76
-80
-86
-92
-99
-108
-117
-135
-147
-163
-175
-192
-201
-204
-209
-210
-208
-203
-196
-192
-193
-194
-200
-203
-209
-220
-235
-251
-259
-256
-251
-234
-210
-176
-137
-93
-58
-18
8
44
58
76
77
81
72
63
45
37
12
-2
-28
-36
-48
-54
-59
-57
-51
-38
-27
-11
1
18
34
42
55
57
58
52
49
45
52
47
51
47
58
68
85
91
107
112
127
128
132
124
119
109
103
93
91
81
82
81
89
98
107
112
124
127
136
137
135
135
127
125
118
107
97
85
74
65
55
57
52
52
47
45
47
46
39
34
22
17
3
-8
-21
-32
-47
-60
-71
-78
-87
-90
-92
-89
-87
-85
-78
-71
-66
-63
-67
-72
-83
-98
-113
-130
-141
-156
-162
-169
-171
-168
-171
-165
-159
-154
-145
-142
-133
-133
-130
-134
-144
-157
-171
-187
-195
-201
-199
-191
-176
-152
-126
-94
-57
-29
6
25
43
59
68
72
64
56
43
36
17
10
-4
-2
-4
-3
-2
8
10
24
24
35
39
44
51
43
51
55
53
57
55
62
70
72
78
79
89
104
109
122
128
134
138
136
136
138
132
133
128
128
131
125
126
125
124
128
127
127
128
122
125
118
120
118
113
111
106
105
103
95
95
89
87
87
84
80
75
68
61
52
45
33
22
11
-1
-10
-22
-34
-47
-56
-65
-67
-73
-73
-72
-70
-63
-60
-54
-54
-50
-55
-58
-59
-65
-68
-77
-81
-84
-88
-92
-95
-98
-94
-98
-94
-99
-93
-93
-90
-95
-95
-101
-103
-112
-112
-118
-117
-116
-112
-100
-83
-65
-49
-25
-8
14
37
56
70
80
79
82
79
78
73
63
56
46
41
35
31
36
40
48
54
56
63
65
72
75
74
76
79
80
87
92
98
102
109
120
131
141
148
154
162
172
172
174
169
171
170
170
168
167
158
161
156
156
157
157
157
152
149
146
137
135
127
120
114
107
107
101
99
99
98
99
97
96
97
91
91
86
84
75
64
52
43
33
21
5
-7
-19
-29
-38
-50
-58
-60
-60
-58
-59
-56
-54
-55
-56
-54
-51
-52
-56
-58
-64
-65
-70
-78
-83
-83
-83
-84
-88
-88
-90
-87
-83
-87
-84
-87
-85
-84
-84
-91
-96
-107
-106
-111
-110
-115
-105
-97
-73
-61
-36
-21
8
31
53
65
83
84
97
88
82
71
64
58
52
43
42
41
43
46
50
56
64
72
75
81
83
83
75
75
71
72
74
78
81
95
105
122
128
145
152
162
164
174
175
180
175
172
164
164
156
150
140
138
135
128
128
125
123
123
122
123
123
118
116
112
113
109
107
107
105
105
101
90
83
78
73
65
56
50
45
37
31
24
16
10
0
-11
-15
-16
-16
-21
-22
-29
-28
-34
-39
-49
-52
-58
-60
-61
-58
-56
-54
-55
-53
-51
-48
-45
-47
-46
-47
-45
-43
-43
-43
-48
-52
-58
-63
-70
-75
-82
-87
-89
-89
-86
-85
-77
-74
-63
-56
-39
-27
-11
0
11
21
29
35
42
49
57
64
67
72
73
78
83
88
89
90
89
91
89
86
81
79
76
74
73
72
72
75
78
81
90
94
104
108
114
122
130
139
148
152
161
161
163
162
161
157
154
149
145
139
135
134
131
133
130
130
128
129
123
120
112
115
109
106
103
100
95
91
85
83
80
82
78
74
68
66
64
56
48
37
29
24
19
10
8
1
2
-2
-2
-8
-9
-15
-21
-30
-38
-43
-48
-52
-55
-59
-61
-64
-68
-73
-75
-69
-65
-58
-53
-52
-50
-39
-35
-32
-36
-38
-41
-44
-49
-61
-68
-73
-73
-69
-66
-59
-50
-43
-33
-26
-20
-13
-8
-4
-3
4
9
14
16
22
30
39
49
57
64
71
76
81
86
88
87
86
84
79
79
77
77
73
70
68
67
68
70
76
81
90
99
108
118
129
139
148
150
152
151
149
148
146
143
141
138
136
136
137
139
138
135
132
131
133
131
125
121
116
112
105
94
82
73
67
60
56
53
50
44
36
29
24
20
17
12
9
5
3
1
1
2
2
1
-3
-3
-3
-1
-7
-14
-22
-23
-30
-35
-44
-48
-56
-60
-70
-74
-75
-70
-69
-66
-63
-59
-56
-54
-58
-56
-58
-57
-56
-54
-54
-53
-53
-51
-46
-41
-37
-35
-32
-30
-25
-23
-16
-13
-12
-10
-9
-9
-9
-9
-5
-3
3
9
11
20
26
33
40
48
54
61
62
69
72
76
78
81
85
89
90
92
89
89
87
88
87
90
93
95
97
101
105
108
110
111
112
112
112
109
106
100
99
96
99
101
105
107
110
116
122
125
127
126
124
123
121
112
104
94
83
76
67
58
52
46
40
32
25
18
14
11
9
6
2
1
-3
-7
-14
-18
-21
-21
-24
-25
-28
-28
-28
-27
-28
-26
-26
-28
-26
-27
-29
-32
-36
-36
-41
-42
-46
-48
-53
-58
-63
-64
-65
-64
-62
-60
-54
-51
-51
-49
-47
-43
-38
-33
-31
-26
-19
-17
-14
-14
-11
-6
0
1
2
4
9
13
16
13
13
14
16
17
17
19
26
31
36
41
46
55
65
71
79
87
95
102
109
116
119
123
123
121
119
118
117
115
111
109
108
110
110
108
103
104
103
102
98
98
98
99
99
100
99
99
95
95
93
93
93
93
92
90
88
84
82
77
71
64
60
59
60
56
52
46
40
30
21
15
7
0
-5
-8
-14
-20
-24
-28
-30
-32
-34
-33
-33
-30
-35
-33
-31
-32
-34
-36
-38
-36
-38
-39
-38
-37
-35
-33
-33
-34
-34
-35
-37
-38
-38
-40
-38
-38
-40
-40
-43
-46
-47
-47
-43
-41
-38
-34
-28
-22
-18
-14
-8
-1
8
14
18
23
24
29
31
35
36
34
32
32
31
35
35
39
43
49
58
62
63
70
76
85
92
95
98
102
103
106
106
106
106
106
107
106
107
105
104
106
110
112
113
110
107
104
100
94
87
85
82
79
78
75
73
71
69
71
74
78
79
81
80
77
72
66
59
55
52
48
43
37
33
32
33
33
30
26
23
19
14
9
6
1
-3
-12
-18
-21
-24
-28
-33
-38
-41
-42
-40
-41
-40
-36
-36
-36
-36
-35
-33
-30
-31
-30
-28
-22
-23
-18
-21
-23
-23
-26
-26
-25
-26
-25
-24
-24
-22
-21
-18
-15
-13
-11
-11
-6
-7
-7
-6
-7
-4
-2
0
2
6
11
14
14
19
20
23
25
28
31
36
39
44
44
45
45
49
53
61
64
69
71
74
77
81
88
91
91
92
87
84
79
77
75
72
72
72
73
74
75
76
77
75
72
71
71
70
69
65
60
54
49
46
44
42
35
29
25
22
19
17
17
16
17
18
16
16
16
13
11
9
5
1
-2
-7
-10
-12
-14
-16
-19
-17
-19
-19
-21
-22
-24
-21
-23
-25
-27
-29
-34
-42
-48
-54
-57
-59
-64
-64
-62
-63
-61
-57
-52
-47
-41
-34
-30
-27
-25
-24
-22
-17
-18
-18
-18
-18
-16
-18
-19
-17
-14
-11
-8
-5
-2
0
0
1
3
4
6
11
14
17
20
19
18
17
20
26
29
31
32
33
36
40
45
47
51
56
57
59
58
59
60
63
63
62
60
58
58
55
53
52
51
50
52
51
52
54
54
55
55
53
53
54
51
49
47
44
44
41
36
31
28
26
25
23
18
16
16
15
13
11
9
8
8
6
-1
-4
-4
-4
-6
-11
-12
-14
-16
-17
-19
-18
-18
-19
-20
-20
-17
-15
-18
-22
-22
-23
-26
-30
-32
-34
-37
-42
-45
-47
-45
-45
-45
-43
-44
-41
-40
-39
-35
-29
-27
-25
-24
-23
-19
-20
-17
-15
-13
-9
-7
-2
1
1
1
0
0
3
1
3
3
5
6
9
9
10
11
10
10
15
20
26
25
24
26
29
35
38
40
45
46
48
47
44
45
47
51
52
52
53
53
55
57
55
57
57
58
57
55
51
49
47
46
44
44
43
42
40
42
42
43
43
40
42
42
42
36
29
27
23
24
17
12
6
0
-5
-6
-6
-6
-9
-8
-9
-8
-6
-9
-7
-8
-6
-8
-9
-10
-11
-13
-11
-12
-11
-12
-10
-10
-9
-11
-12
-15
-22
-24
-27
-29
-29
-28
-28
-29
-29
-28
-27
-27
-27
-26
-23
-22
-25
-26
-29
-29
-29
-27
-27
-22
-19
-16
-12
-10
-8
-4
4
7
10
10
8
11
13
15
15
15
16
13
15
15
16
16
18
18
18
18
21
21
25
26
28
30
32
33
31
28
28
27
25
23
22
21
23
23
21
19
19
18
17
17
16
15
15
15
15
15
12
9
11
11
10
11
8
8
8
8
8
9
10
12
11
11
10
11
12
11
8
7
2
-3
-11
-17
-22
-28
-30
-33
-36
-31
-28
-26
-25
-29
-30
-30
-28
-30
-28
-27
-29
-27
-26
-24
-23
-25
-29
-28
-26
-25
-23
-22
-22
-25
-26
-29
-29
-29
-30
-29
-33
-31
-31
-31
-30
-31
-28
-24
-23
-21
-19
-15
-12
-11
-7
-7
-5
-1
2
2
1
-1
-5
-8
-7
-2
0
-1
-3
-3
0
2
2
1
-1
2
3
4
5
7
10
12
12
14
17
21
24
22
23
24
26
26
23
22
21
19
18
18
14
7
4
1
-1
-2
0
-3
-2
-4
-6
-5
2
2
0
2
2
0
-1
2
3
0
2
1
0
1
1
3
2
4
1
-1
-4
-2
-1
-3
-4
-10
-9
-14
-16
-21
-24
-24
-26
-25
-23
-22
-24
-22
-23
-21
-17
-14
-10
-9
-10
-8
-9
-9
-16
-17
-19
-19
-17
-17
-17
-18
-15
-11
-7
-4
-3
-3
-3
-1
-1
-2
-4
-4
-5
-3
-2
-1
4
8
12
15
18
16
19
20
20
19
24
26
25
22
19
20
23
26
24
24
22
23
26
28
28
31
32
32
34
35
35
37
36
34
35
33
32
31
30
27
28
31
28
27
25
26
26
27
26
28
27
25
22
19
18
18
18
17
17
18
16
17
16
19
20
19
19
19
20
21
21
21
19
19
22
19
20
19
17
15
19
18
17
20
18
20
21
21
17
16
15
12
11
8
10
9
5
3
4
7
7
7
6
7
8
11
13
12
11
12
12
15
13
10
7
7
8
12
11
8
11
11
14
17
17
15
13
11
13
14
12
14
14
17
19
20
20
19
20
17
17
17
16
18
17
14
15
17
16
17
19
21
20
18
21
20
21
21
22
23
28
29
30
31
30
33
35
34
34
31
31
30
30
27
23
22
21
22
19
18
14
14
13
16
14
12
14
12
8
9
7
6
5
7
8
11
9
11
9
9
11
12
14
11
10
8
9
5
1
1
2
1
2
1
-1
3
1
-1
2
6
8
6
6
3
2
2
5
6
4
8
4
4
4
-1
0
3
4
4
2
2
5
2
0
-3
-1
3
4
3
4
6
6
8
9
14
16
13
9
9
14
18
18
17
15
16
18
19
20
18
21
20
22
22
20
21
22
20
20
16
15
17
17
15
15
18
19
22
24
26
29
30
30
28
29
31
32
34
34
34
37
38
38
36
38
41
42
40
38
36
38
34
30
28
25
22
21
19
20
21
21
23
22
24
21
23
28
29
31
28
28
27
28
30
26
23
21
23
23
24
22
18
20
19
19
20
22
23
24
25
26
27
28
29
31
32
32
29
29
29
30
33
33
35
36
36
37
39
41
39
37
37
39
40
38
35
33
35
38
38
36
38
37
38
39
39
42
43
49
49
49
51
53
53
51
48
48
51
51
50
49
46
46
45
44
44
43
43
45
47
45
45
44
46
49
52
52
53
52
52
54
53
51
52
56
56
58
61
61
62
59
58
57
60
60
58
55
54
54
55
54
52
50
48
47
51
51
50
50
48
44
45
46
46
48
44
43
42
39
37
40
42
39
39
39
40
40
38
37
36
37
34
35
33
34
38
40
43
44
44
46
46
45
42
40
39
40
41
41
43
44
45
46
46
46
46
47
44
43
44
42
43
44
42
39
40
38
41
44
44
45
45
44
44
42
37
38
37
39
39
40
42
43
43
43
49
49
49
51
50
53
55
56
60
58
58
56
57
57
57
54
49
49
48
48
51
49
47
45
45
45
44
44
44
45
48
50
49
47
45
46
48
50
52
54
52
48
47
47
45
44
43
43
41
39
38
39
39
38
39
39
40
40
37
34
33
33
34
36
39
42
44
46
47
46
45
42
42
41
42
41
38
38
37
35
35
35
35
34
36
36
36
33
33
34
32
33
31
30
30
32
33
33
33
34
35
36
36
39
37
35
36
34
37
39
39
40
40
37
38
39
40
39
41
44
45
47
47
47
47
46
47
46
47
46
45
45
42
40
39
39
39
38
41
42
41
38
39
42
42
38
35
33
31
31
28
28
31
33
33
33
36
38
40
41
40
41
42
40
43
44
45
46
42
39
39
41
42
41
37
36
38
41
44
44
45
46
43
43
44
43
39
37
33
33
32
29
29
25
26
28
31
33
34
36
37
38
39
38
39
39
40
43
45
49
50
50
52
49
49
49
52
54
53
56
58
62
63
61
59
56
55
56
53
54
55
53
52
52
51
52
51
52
51
52
51
55
57
58
60
58
59
61
62
64
62
61
61
64
67
62
61
58
60
62
64
63
62
64
67
71
70
68
69
71
71
72
71
71
71
70
71
72
69
70
70
68
68
67
65
62
62
63
64
64
64
64
64
66
67
65
64
64
64
63
62
63
61
63
64
65
66
66
69
73
74
75
74
75
75
74
73
74
75
75
72
69
66
66
67
64
64
62
66
70
70
67
64
63
62
63
64
64
63
64
64
66
67
67
66
65
66
67
69
68
69
68
68
71
74
76
76
75
74
72
73
74
71
69
66
66
67
65
62
61
63
62
62
62
62
65
65
65
64
63
64
65
65
66
66
65
63
65
65
62
62
62
63
68
68
67
64
66
69
69
69
68
67
66
66
66
64
65
66
66
66
65
66
66
62
62
63
64
64
66
63
62
64
64
64
64
63
63
62
62
61
62
63
65
65
63
61
63
65
66
65
64
65
66
64
64
63
65
66
64
64
63
62
65
68
66
66
66
68
68
67
67
68
67
67
64
63
63
63
64
63
62
63
65
66
69
71
74
76
76
73
72
73
74
74
73
73
75
73
74
75
76
77
79
79
76
76
78
77
80
81
79
79
79
78
75
73
73
73
71
73
75
75
75
78
80
81
80
79
79
80
81
85
85
83
83
81
82
83
82
85
86
85
82
79
80
80
80
79
78
79
80
79
80
77
75
75
74
75
74
73
73
74
76
76
74
71
72
73
76
78
79
78
77
76
76
78
77
76
79
82
83
83
81
79
76
77
78
81
83
82
80
76
74
73
75
76
76
74
73
73
73
73
73
72
70
70
69
68
66
68
69
69
70
71
69
69
69
68
68
67
68
71
73
74
74
73
73
75
78
77
76
74
76
75
78
80
78
77
77
77
78
75
76
74
72
71
71
70
68
64
62
62
63
65
61
61
62
64
62
61
60
61
64
64
62
61
66
67
65
66
66
67
72
75
75
76
79
78
78
75
75
78
79
78
75
76
75
74
73
71
70
68
65
64
62
63
62
61
59
59
59
59
58
57
56
54
53
55
55
53
52
52
53
54
55
57
55
53
52
53
56
54
55
55
55
56
59
59
59
61
61
61
62
61
61
62
64
64
63
62
61
61
58
56
55
55
54
54
55
52
50
50
49
49
49
45
45
42
43
45
41
41
41
42
45
44
44
45
48
50
48
48
48
49
47
47
46
46
46
48
48
46
46
48
48
48
47
48
47
47
49
50
46
44
43
41
41
40
39
37
34
35
35
33
34
34
34
34
35
35
37
36
38
39
40
39
38
37
39
39
38
37
37
40
41
39
39
39
39
40
39
38
36
35
33
36
35
35
34
32
29
27
26
26
27
29
32
33
32
31
29
30
28
27
27
27
27
23
22
22
23
25
28
26
26
28
26
26
28
30
32
31
30
31
33
34
33
32
34
39
42
42
40
40
41
41
40
41
38
37
35
35
34
33
33
31
26
26
26
26
28
26
28
29
28
27
26
25
24
24
23
24
24
26
27
25
25
26
25
27
27
27
26
27
28
27
29
31
32
33
31
30
26
28
31
30
31
30
30
31
30
31
31
33
32
32
34
34
36
35
32
29
28
28
29
30
32
30
30
31
31
31
31
29
27
30
32
31
30
27
27
28
29
30
30
30
29
28
29
30
30
31
31
32
33
32
32
31
28
31
30
32
33
32
31
30
31
33
32
34
36
36
35
32
31
30
32
34
33
31
28
28
30
30
30
30
32
33
34
33
33
33
34
33
30
29
30
29
26
26
26
28
28
29
29
30
31
31
30
31
30
28
28
28
29
31
32
31
31
29
31
32
34
34
33
29
26
25
26
27
29
27
24
26
27
26
23
20
19
22
21
20
19
22
24
23
21
20
21
24
25
23
23
22
25
27
28
24
21
20
21
21
22
22
22
21
23
25
25
26
24
23
24
25
25
24
23
19
20
19
15
15
14
14
15
14
15
16
12
11
9
9
11
13
13
13
14
15
15
14
16
14
16
17
15
17
18
18
18
20
21
24
24
22
21
20
21
23
23
24
25
23
21
20
17
16
18
18
19
17
14
12
11
10
9
8
10
11
12
12
11
9
8
10
13
14
13
14
13
12
13
12
10
10
12
13
15
15
15
13
11
16
20
20
18
16
16
18
20
20
21
21
20
19
19
20
17
14
15
17
17
15
14
14
13
15
14
12
11
13
13
15
16
13
14
15
17
18
19
18
16
17
18
20
22
22
22
22
22
23
24
20
19
21
21
21
19
17
18
19
19
19
18
18
20
21
20
22
20
19
17
17
16
18
17
15
17
15
16
15
14
13
14
17
17
18
17
15
14
14
17
20
21
21
20
18
20
22
21
23
25
26
27
26
26
27
29
28
27
25
25
23
23
25
26
29
30
27
27
27
27
24
23
23
24
25
25
25
24
21
17
15
15
18
19
18
16
16
18
19
18
17
16
17
18
17
17
16
16
15
16
15
15
15
17
17
17
19
19
19
19
18
21
23
23
25
23
24
23
25
23
24
26
27
27
26
25
25
26
24
23
24
24
25
23
20
19
20
21
19
17
16
18
18
17
18
20
19
19
19
21
25
26
24
24
25
25
26
25
27
28
28
28
28
30
31
32
28
27
27
27
29
28
27
26
26
25
25
25
21
21
21
24
27
29
28
24
22
24
25
25
22
21
23
24
25
23
23
19
17
17
16
15
17
16
17
17
18
19
22
21
21
21
20
21
21
20
18
16
17
20
22
21
20
19
20
19
18
16
15
14
15
16
17
15
14
13
13
14
14
15
17
16
18
15
14
13
15
15
15
16
14
15
14
13
13
16
18
19
19
17
16
19
19
17
17
15
13
14
14
14
14
14
14
14
14
14
12
12
11
12
11
9
10
11
11
13
12
11
10
9
10
12
15
16
16
14
12
13
13
13
13
14
17
18
18
16
14
15
16
16
15
16
13
13
12
13
15
16
17
17
17
14
12
13
13
16
19
18
16
14
12
12
15
