-1
-5
-9
-14
-18
-18
-21
-20
-23
-26
-25
-31
-30
-28
-27
-22
-22
-17
-19
-17
-17
-17
-12
-12
-11
-14
-18
-22
-24
-21
-19
-17
-17
-16
-13
-12
-13
-12
-11
-8
-9
-10
-15
-21
-25
-27
-25
-32
-30
-33
-37
-36
-37
-34
-29
-24
-23
-20
-26
-26
-30
-30
-29
-30
-27
-29
-29
-30
-26
-22
-18
-14
-9
-12
-12
-16
-18
-19
-20
-21
-23
-26
-29
-33
-30
-29
-27
-24
-25
-23
-19
-19
-21
-23
-27
-28
-29
-30
-30
-32
-33
-35
-39
-38
-40
-37
-37
-38
-35
-36
-33
-33
-31
-29
-29
-30
-30
-27
-24
-22
-21
-22
-20
-23
-23
-23
-24
-22
-21
-24
-25
-23
-22
-22
-23
-25
-29
-31
-34
-35
-36
-37
-37
-35
-35
-35
-38
-37
-41
-40
-35
-30
-25
-25
-25
-23
-24
-22
-22
-24
-26
-27
-27
-25
-22
-23
-23
-24
-23
-22
-21
-23
-26
-31
-31
-32
-34
-35
-37
-39
-37
-31
-29
-23
-19
-19
-17
-19
-18
-20
-20
-20
-22
-23
-22
-24
-26
-27
-27
-21
-20
-19
-17
-16
-17
-15
-14
-16
-18
-18
-22
-27
-27
-26
-23
-20
-17
-18
-13
-10
-12
-9
-11
-5
-1
-1
-3
-7
-10
-11
-11
-16
-22
-26
-26
-24
-26
-30
-31
-31
-25
-23
-23
-23
-21
-18
-17
-13
-13
-10
-9
-7
-4
-2
0
2
3
3
4
6
6
5
6
4
2
-1
-8
-12
-15
-17
-17
-16
-15
-15
-16
-15
-15
-16
-15
-14
-13
-12
-10
-10
-9
-10
-12
-10
-10
-8
-6
-7
-6
-6
-5
-4
-1
0
4
5
3
-3
-6
-11
-11
-16
-15
-14
-14
-11
-11
-11
-11
-9
-6
-4
-4
-4
-5
-6
-3
0
4
6
8
12
9
8
6
4
3
1
0
-2
-3
-5
-5
-7
-10
-6
-4
-2
1
7
7
7
8
10
13
14
11
8
6
7
9
10
10
9
11
11
11
9
8
9
11
13
13
11
8
3
1
0
-1
-4
-5
-6
-4
2
3
7
11
10
11
14
17
19
19
19
18
16
16
12
10
10
10
12
14
15
15
14
17
17
18
20
20
21
21
19
16
18
18
16
15
11
11
13
12
14
16
21
27
29
30
31
31
30
28
25
22
22
19
16
12
10
11
14
15
17
18
24
28
30
29
28
26
21
17
11
11
13
14
14
12
14
17
22
24
25
26
26
30
33
34
30
28
26
23
22
21
20
20
22
24
28
28
28
27
29
30
33
32
29
29
29
29
27
25
27
31
34
30
27
27
26
25
24
24
21
20
20
20
21
22
22
22
21
21
21
22
22
24
25
22
20
20
21
21
25
27
28
28
31
32
33
33
30
26
24
23
25
25
26
26
29
34
37
39
37
40
44
47
49
48
46
43
41
40
38
37
35
35
36
36
37
36
34
33
33
33
29
27
28
30
30
30
33
31
30
30
31
36
39
42
42
42
41
40
39
39
38
37
38
37
38
38
39
37
40
39
40
43
44
43
41
42
40
39
39
38
41
44
44
43
44
44
45
45
44
40
40
41
43
41
40
39
40
40
39
40
39
40
43
44
45
43
42
41
39
40
40
40
38
39
40
44
46
47
47
50
51
51
50
48
48
48
45
43
42
42
45
48
48
45
43
42
43
43
43
42
39
38
37
34
33
33
34
36
37
38
39
40
43
45
48
49
51
50
48
48
47
48
49
48
48
48
48
48
45
43
44
45
47
45
43
43
45
44
45
43
45
46
48
47
48
49
51
50
47
46
46
45
44
43
41
44
48
51
51
51
53
54
54
52
49
50
49
48
46
44
44
44
44
44
47
49
54
57
60
65
65
65
63
63
63
63
62
59
58
58
58
59
56
55
57
57
59
58
58
58
57
56
58
60
60
60
61
64
66
68
67
68
67
66
67
68
69
70
70
70
69
69
71
73
73
72
70
70
72
73
70
69
71
70
72
73
72
71
69
68
69
71
71
71
71
74
73
74
76
80
80
77
77
80
84
81
80
79
81
80
79
77
77
79
79
78
77
79
80
84
84
84
86
87
85
88
88
88
89
87
86
84
85
87
89
90
92
91
93
93
95
95
93
93
94
93
89
88
89
91
92
95
93
94
94
93
96
99
100
102
104
104
107
109
108
108
104
104
105
105
105
106
107
107
105
104
103
102
105
107
106
105
102
103
103
102
101
98
99
101
100
102
103
104
105
109
110
108
109
110
113
114
115
112
111
110
110
111
114
114
113
111
110
111
111
108
107
107
109
111
110
109
108
110
111
110
108
103
101
102
105
108
108
110
108
109
113
114
115
114
115
114
115
114
114
112
110
109
108
110
112
111
114
115
117
118
119
118
118
119
119
119
117
117
115
113
113
113
115
118
118
116
117
117
118
117
117
118
117
117
116
115
113
114
113
113
113
114
115
114
115
115
113
113
112
113
114
116
118
120
123
126
124
123
123
123
125
124
124
124
120
116
112
112
109
109
108
109
113
115
114
114
116
117
118
116
114
114
113
112
114
118
119
120
121
122
120
122
122
122
123
124
124
124
124
125
125
126
125
122
123
123
122
123
124
124
124
123
121
121
121
122
121
123
125
125
126
124
120
119
118
117
119
119
118
117
120
122
121
121
121
123
126
127
127
127
126
124
122
119
119
121
123
126
128
129
129
129
128
127
128
129
129
129
126
126
126
125
124
125
127
126
125
124
127
128
128
127
128
129
132
130
127
124
125
126
125
125
123
122
123
126
126
127
127
126
128
128
129
127
127
126
128
130
129
130
132
132
133
135
136
140
140
135
133
132
130
129
126
123
122
122
122
123
121
123
123
126
126
127
127
129
129
130
132
131
130
133
134
136
138
137
136
135
137
137
137
134
133
131
133
131
129
129
128
128
128
128
128
130
129
126
125
124
122
123
121
121
122
124
125
125
127
128
132
131
128
126
125
124
123
122
121
122
123
123
123
127
127
127
127
128
130
129
128
124
122
124
127
127
123
122
122
122
124
126
125
126
125
124
121
119
120
119
121
123
124
126
129
129
127
128
125
125
128
132
130
126
121
118
118
119
119
122
123
124
126
128
129
128
129
133
135
135
132
130
128
129
129
129
127
125
125
123
121
119
121
120
117
115
115
117
117
115
113
112
114
117
120
119
117
117
118
119
120
121
121
119
118
119
118
121
120
118
117
116
116
115
114
113
112
110
109
110
110
109
108
109
111
112
110
108
107
109
110
110
107
104
106
107
109
107
108
109
110
110
109
111
111
112
110
109
110
112
112
111
109
110
111
111
111
109
107
108
109
108
107
106
107
108
108
107
106
105
107
106
106
104
107
108
107
105
105
106
106
106
105
106
106
107
106
105
104
102
102
104
106
107
106
103
104
105
105
105
104
103
102
106
108
106
105
106
108
107
106
106
106
106
105
104
100
98
97
97
97
96
98
96
96
98
98
98
98
100
101
101
100
98
95
96
95
95
94
94
94
96
95
94
96
97
96
94
92
93
95
97
96
95
96
96
94
93
92
91
92
92
91
90
88
88
90
89
88
88
89
89
90
89
87
88
89
90
91
90
90
91
91
94
95
96
96
96
94
95
95
92
92
92
91
91
91
92
95
98
98
99
98
96
94
93
93
91
88
85
87
89
91
91
91
91
93
95
96
95
92
90
91
94
94
93
92
90
87
87
87
87
86
88
89
89
90
90
91
93
90
90
90
91
92
92
91
92
92
93
93
95
91
88
88
87
86
85
84
85
84
83
83
83
82
81
81
80
81
81
83
84
84
86
87
87
84
82
82
81
81
81
82
82
82
81
83
84
84
82
81
79
78
78
78
79
80
82
80
80
80
81
78
76
75
77
75
75
74
74
74
74
75
76
77
78
80
79
77
75
75
76
78
78
79
79
80
78
81
82
80
75
74
75
76
75
72
71
75
80
82
80
74
72
74
76
78
76
73
72
70
70
69
68
69
70
72
73
73
74
77
79
80
79
76
73
74
75
77
76
73
73
72
70
70
69
68
69
70
70
72
72
70
68
68
68
69
68
68
71
68
68
69
69
69
68
66
64
63
62
61
59
57
59
60
59
58
59
59
61
62
62
63
66
67
68
67
65
63
63
63
64
65
65
64
62
63
65
62
59
59
62
62
60
58
56
56
57
58
55
51
50
51
53
57
58
57
58
57
58
56
53
54
57
59
58
58
56
56
56
57
57
58
59
59
57
57
59
61
62
62
61
62
64
66
69
69
67
65
66
65
65
62
59
60
61
62
63
62
65
67
69
66
64
65
65
66
64
63
63
63
63
64
62
63
65
67
71
71
66
64
65
67
69
68
66
66
64
67
67
68
68
68
68
68
68
66
64
63
62
60
60
59
59
59
60
62
62
58
58
59
59
60
60
59
62
63
61
60
59
57
57
57
56
53
54
56
58
60
60
58
59
57
56
57
57
59
60
62
63
62
60
59
61
62
63
63
62
59
56
55
56
56
55
54
51
52
55
58
57
58
58
57
55
56
58
58
59
56
55
54
53
53
56
57
59
58
58
59
59
59
58
55
55
55
55
54
53
53
55
56
57
57
56
54
55
58
58
59
58
55
54
53
52
53
51
50
53
55
57
56
52
48
48
48
51
53
53
51
49
49
49
49
51
50
47
46
45
49
49
49
48
47
46
46
45
42
43
46
49
50
48
47
45
44
44
43
42
42
40
40
41
42
42
43
43
41
41
43
42
43
43
42
40
39
40
40
40
41
41
40
40
40
40
40
41
40
39
40
39
40
39
38
38
38
39
39
39
39
38
37
37
37
38
40
41
41
39
41
43
43
43
42
41
41
41
41
39
39
39
39
40
39
39
39
38
38
37
35
36
35
37
39
40
38
38
37
37
37
36
38
41
42
41
38
37
38
39
39
38
38
38
38
40
39
39
40
40
40
43
43
43
42
40
40
42
40
37
34
34
37
40
41
39
40
43
46
45
42
42
43
45
44
42
40
39
41
41
43
44
43
43
44
45
46
43
43
44
46
45
44
43
43
45
44
43
42
42
43
43
44
44
43
43
44
45
47
48
44
40
41
44
46
46
44
44
46
47
46
45
45
46
45
43
43
41
43
45
44
45
45
44
46
51
48
44
45
43
42
41
41
41
41
42
43
45
47
47
47
46
45
43
42
44
42
42
42
41
41
40
40
41
43
44
44
44
43
42
43
44
44
42
42
42
43
46
48
46
44
43
44
43
42
39
38
39
37
35
36
35
35
36
36
37
38
37
34
35
37
36
34
34
35
37
36
36
32
31
34
36
39
37
37
35
35
34
35
38
37
36
37
37
37
36
35
33
33
32
31
33
33
34
33
32
34
35
34
33
30
28
28
28
32
32
32
32
32
31
33
33
32
30
29
30
29
27
27
27
29
31
31
31
33
34
33
30
29
29
29
29
26
25
25
29
33
33
32
32
31
31
33
31
29
30
32
33
31
29
28
29
29
31
33
31
31
32
31
31
30
27
23
24
26
29
29
30
30
31
34
35
34
30
31
31
32
33
30
29
29
30
29
28
28
27
26
28
30
28
26
27
26
29
30
30
28
27
25
25
28
27
27
25
25
28
30
27
25
25
28
28
27
26
26
25
23
23
25
27
29
29
30
30
30
28
26
26
25
24
25
26
24
23
24
27
28
27
25
25
27
27
27
29
30
29
29
28
27
29
31
31
29
28
29
31
32
30
30
30
31
29
30
33
33
30
31
32
33
33
31
30
32
34
35
34
33
33
33
31
28
27
26
26
27
29
32
34
35
33
33
33
33
34
34
34
34
33
34
34
32
30
31
31
33
34
33
30
29
28
32
35
35
34
33
33
31
28
28
27
29
28
29
29
30
31
27
28
29
32
33
31
29
29
31
30
29
28
26
28
28
28
29
26
25
26
27
29
30
30
31
32
35
34
34
33
36
36
35
33
30
32
33
32
32
33
33
35
32
29
29
29
32
31
31
31
31
29
28
28
30
30
31
31
32
34
35
36
35
36
35
34
33
32
35
38
39
38
35
36
38
39
38
36
36
36
38
38
37
36
37
39
40
38
34
34
35
36
34
33
35
36
38
37
37
38
37
36
36
36
37
39
39
36
33
33
33
34
34
31
29
30
32
33
32
31
31
32
31
30
30
31
32
32
30
30
29
30
29
29
32
31
32
30
30
30
32
33
32
30
28
28
27
26
23
23
24
28
29
29
30
31
30
31
30
29
29
29
29
28
29
30
31
29
30
30
31
30
28
28
28
29
28
26
25
26
30
30
27
27
27
27
27
28
28
28
28
28
29
29
26
26
27
29
31
29
28
30
32
30
28
27
29
30
32
32
30
29
29
31
31
31
33
32
33
35
33
34
33
33
32
29
29
29
30
28
28
28
30
32
32
31
31
31
31
30
32
34
36
36
32
31
31
30
29
29
29
31
34
36
33
32
31
28
27
26
29
30
31
33
32
33
34
32
31
31
31
30
31
31
31
29
29
30
29
27
27
27
27
29
31
35
35
34
32
28
28
29
28
28
27
29
30
30
29
30
31
32
32
31
32
33
33
32
32
30
32
33
33
32
32
33
32
34
32
30
31
31
31
30
29
31
32
32
32
33
34
34
33
32
30
31
31
31
29
29
30
30
29
28
29
32
35
36
35
34
34
34
35
36
35
34
34
32
32
33
34
35
35
36
33
31
33
32
33
30
27
26
27
28
28
31
32
32
30
31
31
33
34
33
32
32
30
30
30
30
30
30
32
31
32
30
28
29
29
28
30
31
32
30
29
29
29
32
34
33
31
29
31
32
34
33
30
28
30
31
29
28
27
27
31
33
33
32
31
31
31
29
29
29
30
32
31
29
29
29
31
30
29
29
30
31
29
29
30
31
30
29
26
24
25
25
25
24
26
28
30
31
31
30
29
30
29
29
28
30
30
31
30
28
26
27
28
29
30
28
28
29
31
31
31
30
29
29
30
28
28
28
28
28
30
28
27
30
32
32
30
26
25
27
27
27
25
25
25
27
28
27
25
27
27
28
26
23
22
25
26
26
26
24
25
28
27
27
25
25
26
27
27
26
26
26
24
24
24
24
24
24
24
24
24
24
21
20
18
16
17
18
18
17
17
16
15
14
12
13
16
17
17
17
15
12
10
8
9
9
10
8
9
11
12
11
10
9
9
11
12
12
12
13
13
14
13
12
11
11
11
10
7
8
9
11
11
10
8
9
11
12
13
10
12
16
17
16
15
12
12
10
9
9
8
10
9
10
11
10
9
10
9
11
12
11
8
10
10
11
11
7
5
5
9
10
9
8
7
8
9
10
12
12
9
8
8
7
8
7
5
4
4
5
5
4
4
3
4
5
6
3
1
4
5
6
5
4
3
6
6
6
4
3
3
3
4
4
4
4
4
7
8
9
9
7
5
5
5
9
10
9
9
8
6
4
4
4
3
3
-1
0
3
2
1
4
5
5
4
2
0
2
2
1
1
-2
-1
1
1
1
-1
-3
-2
-2
0
3
2
0
0
-1
0
1
1
0
2
0
1
2
3
5
7
5
4
4
4
6
7
7
5
2
1
-1
0
1
1
2
3
2
2
-1
0
3
4
4
4
2
1
1
0
1
-1
-1
0
1
1
2
2
0
0
1
1
2
0
-1
0
0
0
2
2
0
1
2
2
4
4
3
4
5
6
7
6
5
5
6
6
8
7
4
2
0
2
2
1
0
2
4
6
8
7
7
5
6
5
4
6
4
5
7
9
9
7
6
5
4
4
5
4
4
5
5
6
7
8
9
11
10
9
8
4
4
5
4
3
4
6
7
7
6
5
7
9
9
8
5
5
6
6
6
8
7
4
4
5
5
4
3
6
7
8
7
6
7
8
8
7
8
6
8
10
10
9
9
8
5
6
7
8
7
6
8
11
12
11
8
8
10
12
12
9
8
8
8
8
7
6
8
10
10
11
10
8
7
7
7
8
9
10
12
12
12
12
10
8
10
11
12
10
7
7
7
8
9
8
6
7
9
10
8
8
7
8
8
8
9
9
9
4
3
3
4
4
4
4
4
4
3
2
1
2
2
6
7
7
7
6
5
4
4
3
4
4
5
4
6
10
9
6
7
9
11
10
7
4
5
8
9
5
4
5
7
8
8
8
7
9
7
4
3
2
4
4
4
6
8
11
11
10
9
9
9
10
11
11
11
9
10
10
11
10
11
13
12
11
10
9
12
14
12
11
12
14
16
15
13
13
13
14
17
19
16
17
14
15
17
19
19
17
16
14
15
15
14
16
16
20
21
19
19
19
20
19
17
17
18
20
20
22
19
17
17
17
16
16
12
12
14
15
17
15
13
12
13
15
18
19
16
15
14
15
18
18
17
16
15
16
18
16
14
13
15
17
20
18
13
12
11
14
17
17
15
14
14
15
15
14
12
14
15
18
17
15
16
15
16
17
14
14
13
13
15
15
16
16
17
17
17
16
14
14
16
18
17
15
14
12
12
12
13
13
12
14
16
18
18
17
16
16
16
17
18
18
15
12
14
17
19
18
17
13
13
14
12
11
13
13
16
16
13
13
10
10
8
9
10
14
13
14
14
11
8
8
7
7
8
7
6
7
9
8
9
7
6
8
9
9
5
5
4
7
7
8
7
6
5
4
3
2
3
3
5
5
6
8
7
5
3
2
1
2
2
2
1
1
3
4
2
1
1
1
4
5
5
3
4
6
8
7
5
5
6
7
6
5
5
5
7
6
5
4
4
5
5
4
4
3
2
3
1
1
2
2
3
4
2
1
0
0
1
2
3
1
-2
-3
-2
1
2
2
1
3
4
4
3
3
5
7
5
2
0
-1
-1
-1
-1
0
0
1
1
2
1
1
3
2
-1
-1
-1
2
1
-2
-4
-5
-3
-2
-3
-3
-4
-2
-2
-1
-1
-5
-5
-5
-2
-1
-2
-3
-4
-3
-2
-3
-3
-4
-4
-6
-5
-5
-3
-2
-3
-4
-5
-7
-7
-6
-7
-6
-4
-2
-1
-1
-3
-3
-4
-5
-6
-7
-8
-9
-11
-11
-10
-7
-7
-6
-8
-8
-7
-8
-7
-8
-8
-8
-9
-9
-8
-7
-10
-11
-12
-11
-8
-7
-10
-12
-9
-6
-5
-7
-10
-11
-10
-9
-10
-11
-11
-10
-12
-12
-11
-12
-10
-9
-8
-7
-7
-7
-7
-10
-10
-10
-8
-8
-10
-11
-13
-13
-13
-11
-13
-14
-11
-10
-10
-13
-15
-14
-12
-9
-9
-11
-12
-11
-11
-12
-14
-13
-13
-13
-12
-13
-14
-14
-14
-13
-11
-12
-13
-14
-14
-13
-12
-13
-13
-14
-14
-12
-11
-11
-12
-13
-13
-8
-8
-11
-14
-14
-15
-15
-16
-18
-15
-14
-15
-15
-17
-15
-13
-15
-15
-16
-14
-17
-16
-17
-16
-15
-14
-15
-16
-16
-17
-17
-16
-15
-11
-11
-13
-13
-15
-16
-15
-15
-13
-13
-12
-13
-13
-12
-13
-11
-11
-10
-11
-14
-15
-14
-10
-5
-4
-7
-11
-11
-9
-5
-5
-6
-5
-5
-3
-3
-5
-6
-5
-5
-5
-7
-8
-5
-4
-3
-1
0
-1
-2
-3
-3
-4
-3
-2
-3
-4
-4
-4
-3
-3
-4
-3
-2
-1
-2
-2
-1
1
2
-1
-4
-6
-4
-3
-3
-4
-2
0
0
0
-1
-5
-4
-5
-4
-3
-1
0
-1
-1
-2
-3
-4
-4
-4
-4
-4
-2
0
0
-1
-4
-4
-1
-1
0
-1
-4
-1
2
4
5
2
2
3
3
3
2
0
-2
-1
-1
0
0
-2
-1
-2
-2
-1
-2
-2
-2
-3
-5
-4
-4
-5
-3
-3
-4
-3
-4
-4
-3
-3
-4
-3
-3
-1
-2
-3
-5
-6
-5
-2
2
1
0
0
0
0
3
3
2
1
0
2
4
5
5
3
3
4
3
5
6
4
3
2
3
6
8
5
4
4
3
3
2
2
3
4
6
7
6
6
6
4
5
6
7
8
11
10
9
7
6
6
6
8
8
9
9
11
10
12
11
10
11
12
11
11
9
10
11
11
12
13
13
13
13
14
16
17
15
14
14
15
16
15
15
15
15
15
14
15
14
13
14
16
15
16
15
15
16
15
14
13
15
14
14
15
16
14
14
15
17
19
20
18
18
19
19
21
23
21
19
18
18
20
21
23
24
25
25
25
22
21
21
22
21
21
22
23
24
23
23
24
24
25
25
25
28
30
28
26
24
25
28
28
26
24
25
27
26
27
26
28
29
28
28
27
27
27
28
28
28
26
25
24
26
27
27
27
27
27
28
28
27
27
26
25
24
23
23
24
26
25
26
27
28
27
27
24
23
25
25
25
25
24
23
23
22
21
21
23
25
23
22
20
19
21
21
21
22
23
23
24
23
23
25
25
23
24
23
23
23
22
20
20
21
21
21
21
20
20
20
20
21
23
24
24
23
21
22
21
23
25
25
23
20
19
21
22
23
24
24
24
24
22
23
22
23
23
25
27
28
26
23
25
27
30
29
28
26
26
27
27
27
26
25
25
25
25
25
26
28
27
27
29
31
29
26
25
26
28
30
31
32
32
31
29
29
29
32
31
28
29
29
28
31
31
30
32
32
33
34
34
34
33
35
36
35
36
36
36
35
35
35
36
35
34
34
34
36
35
34
31
32
31
30
32
32
34
33
29
27
28
33
35
35
33
33
33
34
31
29
29
29
29
30
28
31
31
31
31
33
36
37
39
38
36
37
37
35
32
31
29
29
30
34
35
34
34
32
34
36
35
34
35
35
36
34
35
36
34
34
35
35
35
36
36
36
37
37
35
35
35
36
36
36
35
35
34
33
32
32
32
33
35
37
36
34
32
32
34
35
31
28
28
31
33
32
29
29
30
31
33
32
30
32
32
30
28
26
29
32
34
33
31
31
29
29
28
31
32
34
34
32
32
34
34
33
32
29
29
30
29
31
30
27
26
26
27
28
30
29
29
29
29
29
28
25
24
25
26
27
26
25
23
22
23
24
24
26
26
26
28
28
28
28
25
25
27
27
26
26
26
25
26
26
26
26
27
27
28
27
26
25
25
25
27
28
29
28
28
28
26
25
26
27
26
26
27
29
29
29
28
29
29
33
32
31
30
26
26
29
31
31
29
26
26
29
29
28
28
27
26
27
27
27
27
28
27
27
26
24
25
24
24
25
25
25
26
25
26
25
26
27
28
26
26
26
26
26
26
25
24
23
23
23
23
24
27
29
29
30
30
29
28
25
24
22
21
23
27
26
25
24
25
24
25
23
23
24
24
25
26
27
28
26
24
24
23
26
24
24
25
25
27
26
23
22
23
23
24
23
23
22
23
26
26
27
29
31
29
26
24
24
26
27
28
28
27
25
26
27
28
30
28
27
27
27
28
26
27
27
28
28
29
28
28
29
29
30
30
27
28
29
31
34
35
34
33
33
34
34
35
34
33
33
35
36
36
36
35
39
40
38
38
38
40
42
40
41
41
45
45
47
45
44
44
44
45
46
48
47
48
48
47
46
47
47
46
45
45
46
46
47
50
49
48
46
45
46
48
51
51
51
52
52
49
48
48
49
48
48
49
50
53
53
51
50
49
48
48
48
49
52
52
51
52
54
56
58
56
55
54
54
56
54
55
56
57
57
54
53
56
57
56
58
57
56
55
54
54
56
58
60
61
59
58
58
58
58
56
55
53
53
55
58
60
61
59
57
59
61
63
64
61
57
59
60
61
60
58
59
61
65
65
63
64
64
63
63
62
62
62
63
65
64
64
63
60
61
60
61
61
63
62
63
64
66
66
66
66
65
66
66
66
64
63
64
66
67
67
66
65
65
65
65
64
66
68
67
67
67
67
67
65
66
66
66
66
66
67
70
69
67
64
64
64
66
70
71
70
68
67
67
69
68
67
67
70
71
70
68
66
65
67
71
72
70
67
65
69
73
73
71
71
72
72
71
69
67
67
68
70
69
71
72
73
71
69
67
67
70
69
73
72
70
70
69
69
70
72
74
76
75
73
72
74
76
75
73
69
69
68
71
73
72
72
74
74
74
71
70
72
70
73
73
72
74
74
72
71
72
73
74
73
72
71
71
72
72
71
72
73
70
68
69
71
74
75
76
77
75
75
76
77
76
78
78
77
76
76
75
74
76
75
72
73
75
75
76
76
75
73
75
75
77
77
77
76
74
74
73
74
75
75
74
75
75
77
77
74
73
74
75
76
73
72
70
71
73
74
74
75
76
77
77
76
76
75
77
79
79
79
76
77
79
81
81
80
78
78
79
78
79
79
81
82
80
77
77
78
79
81
81
80
80
80
80
82
82
80
80
80
83
85
84
84
83
84
83
83
83
83
85
85
86
85
86
84
84
84
85
86
85
83
83
84
87
88
89
87
88
87
89
90
89
87
84
82
83
87
89
89
88
86
85
83
83
83
84
85
84
84
88
89
89
90
86
86
89
88
89
89
89
90
91
90
90
90
90
89
91
91
91
90
89
88
88
87
89
90
90
89
87
89
91
91
91
88
88
89
88
85
84
85
86
86
86
84
84
85
85
84
84
83
83
83
83
83
82
83
84
85
84
84
82
83
81
81
82
82
83
82
84
82
82
81
81
83
81
80
81
82
82
81
81
79
78
78
77
80
82
81
79
80
81
81
80
77
76
76
78
78
78
79
80
79
79
81
82
81
81
78
76
78
79
81
83
81
81
80
79
77
77
76
78
82
83
82
80
79
78
79
81
83
82
77
75
78
82
83
79
79
78
78
79
75
73
74
76
78
76
75
75
77
77
78
77
78
79
78
78
78
78
78
79
78
76
77
76
76
74
74
74
73
73
73
75
77
78
76
76
77
75
75
75
73
74
75
75
75
74
72
71
70
71
73
72
72
71
71
71
70
71
73
72
72
72
69
71
73
73
73
72
71
72
71
72
68
65
68
69
70
72
71
70
69
69
70
71
70
66
66
66
67
70
71
72
70
68
69
69
68
67
66
65
66
67
66
64
62
62
62
62
63
62
60
62
63
64
64
62
62
65
67
67
67
66
66
67
66
65
67
66
64
66
65
66
66
64
64
67
67
65
66
65
67
68
69
67
65
65
64
65
64
63
61
61
62
65
66
63
61
60
59
60
62
61
61
61
61
63
65
64
62
60
60
61
63
65
66
66
67
67
67
65
65
66
66
65
66
65
66
67
67
70
71
71
69
66
66
67
65
66
68
69
70
68
65
64
65
65
63
62
64
67
68
67
64
65
66
67
68
67
67
67
68
68
69
70
70
71
71
71
68
69
69
69
71
73
75
73
72
72
73
75
73
72
70
69
70
72
74
75
74
72
70
70
73
75
74
72
71
71
71
71
71
70
71
70
69
72
71
71
72
73
71
71
69
68
70
71
74
73
71
70
69
69
70
68
69
70
70
69
68
68
68
67
66
67
68
68
69
68
68
68
67
65
65
66
67
68
69
69
68
67
65
65
65
65
66
68
67
67
65
65
65
65
67
68
68
67
67
65
64
64
66
66
63
63
65
67
71
72
70
68
68
70
69
69
65
66
66
66
68
66
65
63
62
63
65
65
65
63
64
66
65
65
66
63
64
67
67
66
64
63
63
65
64
63
63
62
64
64
64
66
67
65
62
62
65
67
67
65
64
64
65
65
64
64
68
67
68
69
69
70
72
70
70
69
70
71
68
68
69
68
65
67
68
69
71
70
69
68
70
71
75
77
76
73
72
72
74
72
71
70
69
71
72
74
75
73
73
72
70
73
73
75
75
74
74
73
73
74
72
71
73
73
71
70
71
71
72
72
73
73
72
74
73
71
73
76
79
79
76
73
71
74
75
72
73
76
76
75
75
77
77
77
77
74
76
76
78
78
77
80
82
82
80
77
76
78
77
77
77
76
76
78
80
79
78
79
82
83
81
76
76
79
82
83
81
80
82
85
86
83
80
79
80
80
81
81
81
83
82
84
83
82
80
79
81
81
81
80
78
78
79
81
81
82
83
82
81
82
83
82
82
83
82
83
84
83
84
83
83
85
84
82
79
76
77
80
80
80
81
83
84
85
83
84
85
87
88
87
85
87
89
91
88
86
85
84
86
85
84
85
85
86
88
86
87
88
89
89
91
93
93
91
88
87
88
89
92
91
91
92
94
94
90
89
89
91
93
95
94
92
91
92
94
95
95
95
96
96
96
94
92
93
93
91
92
92
92
93
94
93
90
89
91
92
94
93
92
90
91
91
90
89
89
89
92
91
88
89
88
88
89
88
85
85
86
88
88
85
84
84
86
86
86
86
86
83
81
81
81
82
84
82
80
81
81
82
81
79
79
81
79
79
81
83
84
82
81
79
79
78
77
78
80
81
80
80
79
80
79
79
79
77
78
78
77
78
77
75
76
77
76
75
73
74
77
79
80
81
79
78
77
78
78
78
78
79
79
79
77
76
75
75
76
77
77
77
75
77
79
80
81
78
75
72
74
75
79
78
74
73
73
77
76
73
72
72
74
77
77
74
71
70
73
76
78
79
78
78
78
78
77
77
76
76
77
77
78
77
77
78
78
80
79
80
79
78
77
77
75
76
78
81
82
81
79
79
79
81
82
81
80
77
76
78
81
82
82
81
81
81
80
79
78
77
78
80
79
78
80
80
78
75
74
73
74
75
75
75
73
73
75
75
75
75
73
73
75
76
74
73
71
70
70
72
72
71
72
71
70
71
71
70
70
69
71
74
75
72
69
69
71
74
73
70
68
69
71
72
72
71
71
72
73
73
73
72
72
70
70
70
70
68
66
66
69
69
69
68
69
70
72
73
72
74
73
71
70
69
69
71
71
72
71
70
70
71
70
69
69
72
72
72
73
71
69
70
71
71
71
70
67
63
63
65
66
65
64
65
66
65
64
64
65
66
66
64
64
65
65
63
61
60
62
64
65
64
62
60
60
61
61
63
63
63
64
61
60
61
63
66
66
63
65
66
65
63
61
61
63
63
62
60
62
64
63
61
61
62
63
65
64
63
63
62
60
61
61
61
62
60
59
61
60
61
63
64
64
63
62
61
60
61
62
60
59
58
59
61
58
58
54
52
53
54
54
56
55
55
51
50
50
50
50
48
49
51
53
54
52
49
49
50
50
49
50
51
52
52
52
51
53
51
52
52
51
50
50
52
54
55
55
53
52
52
52
51
49
49
52
55
53
54
49
49
48
47
47
48
48
47
44
45
47
49
47
46
46
46
45
44
44
43
44
46
47
48
47
45
44
46
46
45
44
44
45
46
48
49
48
45
46
46
46
46
48
49
48
47
46
47
48
47
48
46
48
50
51
50
51
52
51
54
54
52
53
53
52
53
53
53
53
53
53
53
55
55
55
54
53
50
51
54
57
58
59
57
56
56
56
56
55
55
55
56
57
58
57
56
54
56
57
56
57
58
57
58
57
55
56
57
58
55
56
59
59
60
58
56
57
58
60
61
61
60
62
62
61
62
61
60
61
62
61
61
61
62
61
59
59
59
58
56
58
61
62
63
66
66
67
65
64
65
64
65
65
63
63
68
70
68
67
65
64
68
67
68
68
68
67
65
66
67
69
70
69
68
67
66
67
68
68
69
71
72
72
72
72
71
72
72
73
71
72
72
74
73
73
74
74
73
74
78
79
79
74
72
73
77
80
79
77
76
76
77
76
76
76
78
78
78
77
78
78
79
78
76
76
76
78
80
79
78
77
77
78
80
80
82
82
83
83
84
84
83
82
80
83
84
84
84
83
86
86
84
85
83
83
81
79
80
81
82
81
80
79
79
77
77
78
79
80
80
79
75
74
75
75
78
78
77
76
77
77
75
74
75
75
77
76
79
79
81
82
81
79
79
79
82
83
82
80
80
80
79
81
82
83
82
82
83
82
81
78
77
78
79
81
82
81
81
80
78
78
77
76
77
77
75
76
76
77
78
77
78
79
77
76
75
74
78
79
80
78
79
79
79
79
80
81
82
82
80
80
79
79
81
81
82
81
80
80
80
81
83
82
80
81
83
80
81
81
79
80
82
81
81
81
79
79
79
79
79
78
75
76
76
77
75
73
72
73
75
75
74
72
71
71
71
71
72
74
74
73
72
71
70
70
73
74
75
72
73
73
71
72
73
71
70
71
74
75
76
73
72
73
72
72
70
70
74
77
77
76
75
75
75
74
74
73
74
73
74
74
75
75
74
74
75
75
74
72
72
73
74
74
75
75
75
77
78
78
78
77
77
76
77
78
77
79
78
79
79
79
79
80
79
78
78
80
81
79
77
77
80
82
79
76
74
74
75
76
75
76
77
78
76
74
75
78
78
78
77
78
78
79
77
78
78
77
78
77
77
77
76
74
75
75
76
76
77
76
76
73
73
72
72
72
73
75
76
75
72
70
70
72
72
72
69
68
68
69
70
71
71
70
69
67
67
67
69
71
70
68
67
69
68
68
67
65
65
67
68
65
63
64
66
66
65
64
63
65
66
67
64
62
62
62
62
59
61
62
62
63
60
59
60
61
62
63
63
62
61
59
57
58
61
62
60
59
58
57
57
59
57
59
61
62
62
60
59
61
61
61
61
60
59
58
58
58
57
58
59
59
59
58
58
57
58
59
57
56
55
55
55
55
54
54
55
56
57
55
53
52
52
51
51
52
52
52
52
53
54
51
51
52
53
53
53
51
49
50
50
50
50
49
49
50
52
53
52
50
52
53
53
53
51
51
51
52
52
53
53
52
51
48
49
51
52
50
52
53
55
52
49
49
49
52
53
53
53
53
53
53
51
50
51
52
52
53
53
51
49
49
49
50
52
51
47
44
44
46
49
48
48
48
48
48
49
48
48
48
50
51
52
51
50
49
49
52
53
51
50
52
52
51
53
52
52
52
52
52
53
52
52
53
54
54
53
54
54
55
53
51
51
52
53
52
51
50
49
49
48
48
51
49
49
48
49
51
50
48
48
49
49
49
49
49
51
50
49
49
48
48
49
51
53
56
56
55
54
52
52
52
54
58
58
58
56
54
53
55
55
54
56
56
53
55
55
54
54
54
55
57
59
59
54
52
53
55
58
58
55
53
52
51
52
54
55
55
54
51
51
54
54
52
50
50
49
52
51
48
46
47
48
50
52
51
51
52
55
53
53
51
49
48
47
51
55
54
54
52
51
50
49
48
49
52
53
52
52
51
51
51
51
49
49
49
47
48
49
49
48
48
47
48
49
51
49
49
49
49
49
50
49
46
45
45
45
46
45
48
49
48
48
48
50
51
48
47
48
48
48
47
47
47
47
46
44
44
44
45
45
45
44
44
42
42
41
40
43
44
44
45
44
43
42
41
44
45
45
44
44
44
44
47
46
45
44
44
44
44
44
45
45
47
48
48
46
47
47
47
49
50
52
51
50
49
46
46
48
49
49
51
51
53
51
51
51
51
52
50
49
50
50
50
49
50
51
55
55
53
51
50
51
52
52
53
52
49
48
50
50
51
50
48
48
48
48
48
49
50
49
49
49
52
52
50
49
50
51
50
49
47
47
49
50
51
51
53
53
52
50
48
50
51
51
52
52
51
48
46
45
46
49
50
51
49
47
47
47
46
44
46
45
47
47
46
46
47
47
46
44
42
40
40
40
40
41
39
39
39
38
37
37
39
40
41
39
37
38
40
42
42
43
41
38
38
38
38
38
38
39
39
39
39
38
39
38
37
38
38
39
38
37
37
38
39
40
39
37
37
37
39
39
39
41
42
42
42
41
42
43
46
45
46
47
46
43
40
38
39
42
46
46
45
45
42
44
45
46
47
48
47
46
46
44
42
42
42
43
43
43
43
42
44
46
44
42
40
41
42
44
45
46
45
45
44
44
46
45
46
46
45
46
47
48
49
49
50
47
48
50
52
52
52
50
49
48
47
48
48
47
46
46
47
49
50
48
47
44
44
45
45
47
46
46
45
46
45
45
46
45
45
46
45
46
44
41
39
41
43
44
44
43
44
42
43
43
42
42
42
44
44
45
43
42
40
39
40
42
41
42
40
39
40
39
41
39
39
37
36
36
37
38
39
41
40
39
39
37
39
40
41
41
40
41
41
42
43
41
39
38
38
39
42
40
41
40
42
42
41
40
37
36
36
36
37
38
36
35
32
32
35
34
32
30
30
30
31
29
28
30
30
29
27
27
27
28
28
29
29
29
30
29
29
29
27
31
31
30
30
30
30
31
30
30
30
31
30
30
29
32
32
31
29
29
28
30
30
30
30
32
32
34
34
31
32
30
30
32
33
31
31
30
26
27
26
27
27
26
26
28
28
28
27
27
28
28
29
28
26
24
24
24
25
25
25
23
24
24
22
22
22
22
23
23
22
23
22
23
23
22
23
23
22
21
20
22
24
24
23
22
21
21
21
21
21
20
20
20
20
18
18
16
18
20
19
19
16
14
13
13
15
14
14
14
13
14
13
12
11
12
14
16
14
11
11
10
12
13
10
9
11
13
13
12
9
8
9
9
8
8
6
8
9
10
10
9
9
10
9
7
6
7
10
11
11
12
10
8
11
11
11
12
12
12
11
9
9
9
9
11
11
10
11
11
11
10
10
11
13
16
16
16
14
15
16
16
13
12
14
16
16
15
17
18
19
18
16
15
16
18
19
18
18
17
17
17
15
15
15
16
16
18
19
16
15
16
18
19
19
18
18
17
16
17
17
17
19
18
17
18
18
19
19
17
15
17
18
19
18
17
17
18
18
17
16
17
19
20
19
16
15
16
17
17
16
15
17
18
18
17
15
16
17
17
16
16
16
17
18
18
17
19
20
22
23
22
22
20
20
19
20
20
23
23
22
21
21
21
21
19
16
14
17
21
22
20
18
18
16
14
14
15
17
18
18
19
20
20
20
19
18
18
18
18
17
17
16
16
16
17
16
17
17
16
15
17
17
18
19
19
18
19
21
20
19
16
16
17
19
17
16
16
16
16
18
17
16
16
14
13
14
18
20
20
16
15
14
12
13
13
13
14
15
14
14
14
15
14
11
9
9
10
11
12
12
14
14
11
11
11
13
12
11
10
11
14
14
12
10
9
9
12
11
11
11
12
16
17
17
16
15
16
16
16
15
15
14
14
17
19
15
13
13
13
13
13
14
13
14
14
14
16
14
11
10
11
13
15
15
14
12
11
11
12
11
10
10
9
10
13
14
11
9
7
10
11
10
9
9
10
11
11
10
9
10
11
12
11
7
9
11
13
14
11
10
12
12
11
9
6
9
10
10
11
10
10
10
11
12
12
12
13
14
14
13
11
10
12
12
13
15
12
9
11
11
13
14
13
11
13
16
17
18
15
13
15
15
17
17
15
15
16
15
16
18
17
17
18
19
21
21
18
18
20
21
18
18
19
19
20
20
20
19
18
18
18
17
17
18
18
18
18
19
19
20
19
18
19
21
19
20
21
18
17
18
17
16
16
19
18
17
16
16
16
16
14
12
12
15
16
15
13
14
17
19
19
18
17
15
17
19
18
16
17
16
19
21
20
17
17
16
17
16
15
15
18
17
17
18
19
20
19
16
15
17
19
18
14
13
15
17
16
15
15
15
16
15
13
13
15
14
13
11
10
12
10
9
9
8
11
11
11
7
10
9
11
11
11
9
9
10
11
13
11
11
11
12
13
12
12
14
14
14
11
11
11
11
11
12
12
12
13
13
12
14
13
11
12
12
13
14
13
11
11
11
12
12
10
9
8
10
11
12
8
6
6
7
9
8
4
1
1
4
5
1
-1
0
4
5
5
4
4
3
2
4
3
2
2
0
0
-1
1
1
-1
-3
-2
0
1
-1
-4
-5
-3
-2
-3
-5
-7
-6
-3
-2
-3
-2
-3
-4
-3
-3
-3
-4
-5
-5
-5
-6
-8
-8
-6
-5
-7
-9
-9
-9
-7
-5
-3
-2
-3
-4
-8
-8
-9
-9
-10
-11
-12
-13
-13
-13
-12
-12
-14
-14
-16
-16
-14
-14
-15
-16
-18
-17
-16
-16
-16
-17
-15
-15
-17
-19
-18
-19
-18
-16
-17
-17
-18
-18
-21
-22
-23
-21
-21
-21
-24
-24
-24
-20
-22
-21
-20
-22
-22
-22
-23
-23
-21
-22
-23
-24
-21
-21
-22
-24
-25
-22
-21
-21
-23
-25
-23
-23
-24
-25
-23
-20
-21
-22
-25
-24
-22
-20
-20
-22
-22
-22
-23
-26
-26
-25
-25
-24
-22
-25
-23
-23
-25
-24
-24
-24
-25
-26
-27
-24
-20
-18
-17
-18
-19
-20
-19
-19
-20
-18
-19
-20
-21
-21
-20
-19
-17
-17
-20
-18
-19
-20
-19
-20
-18
-17
-18
-18
-17
-17
-16
-16
-17
-20
-19
-20
-18
-18
-17
-17
-18
-17
-18
-17
-16
-12
-14
-16
-16
-15
-13
-13
-13
-14
-15
-16
-16
-16
-16
-15
-15
-17
-15
-13
-14
-14
-13
-13
-15
-15
-16
-17
-15
-14
-13
-14
-16
-17
-17
-16
-15
-15
-19
-20
-19
-16
-17
-19
-22
-23
-23
-20
-19
-18
-17
-16
-16
-18
-20
-21
-18
-18
-19
-19
-20
-19
-19
-20
-22
-23
-22
-21
-21
-21
-23
-21
-22
-21
-19
-21
-23
-23
-25
-25
-25
-24
-25
-24
-23
-21
-21
-21
-23
-23
-22
-22
-21
-20
-22
-22
-21
-20
-19
-20
-23
-26
-27
-25
-25
-25
-24
-24
-23
-24
-25
-25
-25
-28
-27
-26
-26
-27
-27
-27
-27
-25
-25
-28
-31
-32
-30
-26
-25
-28
-29
-30
-31
-31
-32
-30
-27
-27
-28
-30
-31
-30
-28
-30
-32
-32
-32
-30
-29
-30
-30
-30
-31
-32
-33
-31
-31
-32
-34
-34
-34
-34
-32
-33
-34
-35
-36
-37
-38
-38
-38
-38
-38
-39
-38
-36
-36
-38
-42
-42
-39
-37
-37
-38
-38
-38
-38
-37
-35
-34
-36
-41
-43
-41
-37
-38
-40
-40
-40
-38
-36
-36
-37
-35
-37
-39
-40
-40
-40
-39
-39
-42
-43
-44
-44
-42
-40
-41
-41
-42
-43
-48
-47
-43
-43
-45
-46
-49
-49
-48
-46
-46
-46
-47
-47
-48
-49
-51
-51
-49
-49
-47
-48
-49
-52
-52
-51
-49
-48
-48
-49
-49
-47
-46
-45
-45
-47
-51
-51
-49
-47
-46
-47
-46
-44
-42
-44
-45
-47
-47
-46
-45
-47
-47
-43
-40
-39
-40
-45
-44
-45
-44
-44
-44
-42
-41
-41
-41
-43
-44
-42
-44
-43
-42
-41
-38
-38
-41
-41
-42
-42
-40
-41
-41
-40
-41
-39
-38
-37
-38
-38
-37
-38
-36
-34
-33
-32
-31
-33
-33
-35
-34
-31
-33
-33
-33
-33
-32
-31
-32
-30
-29
-29
-29
-32
-33
-31
-28
-27
-26
-28
-30
-29
-28
-28
-28
-29
-31
-30
-31
-31
-31
-31
-28
-24
-25
-26
-27
-27
-28
-28
-29
-26
-25
-23
-24
-25
-25
-26
-27
-28
-27
-26
-25
-27
-28
-28
-26
-23
-23
-23
-23
-23
-22
-23
-22
-24
-25
-27
-28
-26
-25
-23
-22
-23
-26
-27
-28
-27
-25
-26
-25
-23
-23
-23
-22
-23
-25
-24
-25
-28
-28
-27
-26
-27
-26
-26
-25
-24
-25
-27
-27
-24
-23
-26
-27
-28
-27
-24
-24
-26
-27
-28
-28
-30
-29
-29
-29
-33
-32
-31
-29
-27
-28
-30
-34
-35
-35
-33
-32
-35
-34
-32
-31
-29
-30
-32
-33
-32
-32
-32
-31
-31
-31
-31
-30
-31
-33
-37
-39
-37
-36
-34
-33
-35
-37
-34
-32
-31
-33
-38
-38
-34
-32
-31
-34
-35
-33
-34
-33
-31
-30
-32
-32
-34
-32
-34
-34
-35
-35
-33
-33
-34
-34
-34
-33
-30
-30
-32
-33
-35
-37
-34
-35
-34
-34
-33
-32
-31
-32
-34
-38
-40
-40
-36
-35
-35
-36
-38
-40
-39
-38
-37
-37
-39
-41
-42
-42
-41
-39
-38
-39
-40
-42
-44
-45
-45
-43
-43
-43
-41
-41
-41
-43
-44
-45
-45
-45
-44
-45
-45
-45
-45
-43
-43
-44
-47
-49
-48
-46
-44
-42
-45
-45
-45
-46
-46
-45
-47
-48
-49
-49
-48
-48
-48
-48
-50
-53
-52
-52
-52
-50
-53
-53
-56
-60
-58
-54
-53
-54
-56
-57
-57
-57
-61
-63
-60
-59
-57
-58
-60
-59
-61
-60
-63
-63
-63
-62
-60
-60
-60
-63
-64
-65
-62
-61
-60
-59
-58
-61
-63
-65
-67
-65
-64
-65
-62
-61
-63
-64
-66
-65
-62
-60
-61
-61
-62
-62
-62
-62
-61
-60
-58
-59
-59
-60
-59
-59
-60
-61
-60
-61
-60
-60
-63
-62
-60
-58
-58
-57
-57
-58
-58
-58
-58
-57
-59
-57
-57
-57
-58
-60
-61
-57
-56
-57
-58
-59
-60
-58
-57
-58
-61
-61
-61
-60
-59
-59
-60
-61
-62
-63
-62
-61
-62
-61
-60
-62
-59
-57
-57
-59
-61
-60
-59
-58
-59
-61
-61
-61
-59
-59
-61
-59
-58
-58
-59
-62
-64
-62
-58
-56
-59
-60
-61
-60
-59
-60
-60
-62
-63
-64
-64
-63
-63
-63
-64
-65
-65
-63
-63
-64
-66
-64
-65
-65
-67
-66
-65
-66
-66
-67
-67
-69
-69
-71
-71
-71
-70
-72
-76
-74
-72
-71
-72
-74
-75
-73
-70
-72
-73
-73
-73
-72
-72
-72
-73
-72
-72
-74
-75
-76
-75
-72
-72
-72
-73
-73
-73
-72
-73
-74
-75
-76
-75
-75
-75
-73
-73
-73
-71
-72
-74
-74
-76
-76
-76
-79
-79
-79
-77
-76
-77
-77
-79
-80
-78
-78
-79
-80
-78
-77
-76
-77
-78
-81
-82
-82
-81
-79
-80
-80
-81
-80
-80
-80
-80
-81
-80
-81
-81
-83
-84
-83
-82
-83
-81
-80
-80
-79
-79
-80
-80
-79
-82
-82
-83
-84
-82
-83
-82
-81
-85
-86
-85
-81
-81
-83
-84
-87
-86
-84
-82
-83
-84
-84
-85
-84
-88
-89
-88
-88
-86
-86
-87
-86
-85
-86
-89
-89
-86
-84
-84
-88
-89
-87
-85
-87
-89
-89
-89
-87
-87
-88
-87
-84
-84
-83
-85
-86
-85
-85
-83
-85
-85
-87
-86
-85
-82
-83
-84
-84
-85
-87
-87
-86
-86
-87
-87
-88
-88
-86
-86
-88
-89
-88
-88
-88
-89
-89
-88
-87
-88
-89
-89
-88
-87
-89
-90
-89
-89
-89
-90
-91
-92
-90
-89
-87
-88
-90
-91
-88
-87
-85
-85
-86
-85
-86
-85
-85
-86
-86
-84
-82
-82
-83
-85
-87
-86
-84
-85
-84
-84
-85
-84
-85
-87
-87
-86
-86
-85
-87
-88
-87
-87
-85
-82
-82
-83
-84
-82
-83
-81
-81
-81
-80
-80
-79
-81
-79
-81
-82
-83
-81
-81
-81
-83
-84
-83
-80
-77
-78
-78
-78
-78
-79
-80
-80
-81
-82
-82
-83
-83
-80
-79
-80
-83
-85
-83
-81
-81
-82
-82
-83
-83
-82
-82
-81
-79
-78
-77
-77
-79
-79
-79
-79
-76
-75
-76
-78
-79
-78
-76
-75
-77
-77
-77
-76
-77
-75
-75
-75
-74
-73
-74
-75
-76
-76
-74
-74
-75
-74
-74
-73
-72
-70
-70
-69
-69
-69
-70
-71
-72
-73
-71
-69
-70
-71
-72
-73
-72
-70
-68
-68
-67
-68
-69
-70
-72
-71
-69
-70
-71
-73
-76
-76
-75
-74
-75
-74
-73
-73
-76
-77
-76
-76
-74
-75
-77
-75
-74
-74
-74
-75
-76
-75
-74
-72
-72
-73
-75
-73
-72
-71
-71
-74
-75
-76
-76
-74
-72
-71
-72
-72
-72
-71
-72
-73
-71
-72
-69
-69
-69
-69
-67
-66
-65
-67
-69
-68
-68
-69
-70
-70
-70
-68
-68
-70
-70
-68
-66
-66
-66
-66
-65
-65
-66
-66
-66
-65
-65
-67
-69
-70
-70
-68
-65
-63
-64
-66
-69
-67
-66
-66
-67
-70
-70
-67
-66
-68
-70
-69
-71
-71
-70
-70
-69
-70
-71
-70
-70
-69
-71
-72
-73
-72
-71
-71
-71
-71
-71
-70
-72
-74
-75
-76
-76
-74
-74
-74
-75
-76
-75
-75
-76
-78
-79
-78
-76
-75
-76
-78
-79
-78
-78
-78
-77
-80
-82
-83
-81
-81
-79
-79
-78
-79
-80
-80
-80
-79
-79
-80
-81
-80
-78
-77
-79
-82
-83
-82
-79
-80
-78
-76
-74
-75
-77
-79
-76
-74
-76
-77
-79
-80
-78
-76
-76
-76
-76
-77
-76
-75
-74
-72
-73
-74
-74
-75
-76
-76
-75
-75
-74
-75
-74
-73
-73
-73
-72
-74
-75
-73
-71
-70
-71
-73
-73
-71
-72
-72
-71
-71
-69
-70
-69
-67
-65
-66
-65
-66
-66
-66
-66
-67
-66
-67
-67
-67
-68
-65
-64
-65
-65
-66
-68
-65
-64
-64
-66
-66
-66
-65
-65
-63
-65
-67
-67
-66
-67
-67
-67
-66
-65
-66
-67
-69
-70
-69
-68
-69
-69
-67
-66
-68
-68
-67
-66
-66
-65
-68
-68
-65
-63
-64
-66
-68
-67
-66
-65
-68
-69
-70
-69
-67
-64
-62
-59
-61
-63
-64
-63
-62
-62
-64
-65
-64
-64
-64
-65
-66
-67
-64
-66
-68
-70
-69
-68
-66
-67
-68
-69
-68
-67
-69
-72
-71
-69
-71
-70
-69
-71
-70
-72
-73
-71
-70
-68
-70
-71
-70
-70
-70
-70
-71
-70
-68
-68
-71
-72
-71
-69
-69
-69
-69
-70
-71
-73
-71
-71
-70
-72
-73
-73
-72
-73
-74
-75
-77
-77
-74
-72
-74
-76
-78
-77
-75
-75
-77
-79
-79
-76
-77
-80
-83
-85
-83
-78
-77
-79
-81
-82
-82
-81
-81
-83
-82
-82
-82
-81
-82
-84
-83
-83
-81
-80
-83
-84
-85
-84
-83
-82
-82
-82
-82
-84
-85
-84
-84
-83
-83
-84
-83
-82
-82
-81
-81
-81
-81
-82
-81
-81
-81
-82
-83
-84
-85
-84
-83
-82
-82
-82
-82
-86
-87
-85
-85
-84
-84
-84
-83
-84
-83
-83
-84
-84
-84
-84
-84
-86
-85
-86
-86
-87
-88
-89
-89
-86
-85
-85
-86
-89
-91
-91
-91
-90
-90
-92
-93
-91
-91
-91
-92
-91
-93
-94
-94
-94
-93
-94
-94
-95
-93
-93
-91
-93
-97
-95
-94
-92
-91
-94
-96
-95
-96
-95
-96
-97
-97
-97
-96
-95
-95
-96
-97
-98
-100
-100
-100
-99
-99
-97
-96
-95
-96
-99
-100
-102
-103
-103
-102
-100
-97
-96
-97
-96
-96
-97
-98
-100
-101
-98
-99
-98
-98
-101
-100
-98
-97
-95
-98
-100
-98
-97
-92
-91
-93
-93
-95
-94
-94
-95
-97
-95
-95
-93
-90
-92
-95
-95
-94
-92
-91
-89
-90
-90
-90
-90
-90
-92
-93
-92
-92
-91
-89
-91
-92
-91
-88
-87
-87
-89
-88
-87
-86
-85
-87
-89
-87
-85
-84
-83
-83
-81
-80
-80
-80
-80
-80
-81
-82
-82
-82
-81
-80
-79
-78
-78
-78
-78
-77
-78
-78
-77
-78
-79
-79
-80
-78
-78
-77
-78
-80
-82
-83
-83
-82
-80
-80
-80
-82
-81
-80
-80
-80
-81
-80
-81
-82
-85
-86
-85
-85
-86
-87
-89
-88
-87
-86
-83
-85
-86
-87
-87
-86
-84
-86
-89
-89
-88
-88
-88
-92
-93
-91
-90
-88
-89
-90
-92
-90
-91
-91
-91
-90
-89
-89
-89
-90
-92
-91
-90
-91
-94
-95
-95
-95
-95
-96
-96
-95
-93
-94
-94
-96
-96
-96
-96
-96
-95
-92
-93
-96
-96
-97
-98
-100
-100
-99
-98
-97
-97
-98
-99
-100
-100
-101
-103
-100
-100
-98
-98
-99
-100
-100
-101
-101
-100
-101
-100
-101
-101
-100
-99
-99
-99
-99
-101
-101
-102
-102
-102
-102
-100
-101
-100
-100
-104
-106
-103
-102
-105
-106
-106
-106
-105
-104
-105
-104
-102
-103
-102
-103
-102
-102
-101
-102
-102
-102
-104
-103
-104
-105
-108
-107
-107
-108
-108
-106
-104
-103
-101
-103
-106
-107
-106
-104
-102
-104
-105
-106
-105
-104
-104
-106
-106
-105
-103
-103
-102
-103
-103
-103
-104
-105
-106
-104
-102
-101
-102
-100
-97
-97
-98
-96
-98
-101
-103
-105
-105
-101
-99
-100
-103
-103
-102
-100
-99
-99
-100
-99
-98
-97
-96
-98
-101
-103
-102
-101
-100
-104
-105
-104
-101
-101
-101
-101
-103
-104
-103
-103
-103
-103
-103
-102
-101
-101
-102
-103
-101
-102
-104
-105
-104
-104
-103
-105
-103
-103
-106
-107
-107
-109
-110
-108
-109
-112
-111
-112
-111
-111
-113
-112
-111
-109
-109
-109
-113
-114
-112
-112
-110
-112
-115
-114
-113
-111
-110
-111
-112
-116
-116
-115
-114
-113
-115
-115
-113
-111
-109
-110
-111
-111
-110
-108
-107
-108
-109
-107
-107
-106
-108
-110
-110
-111
-110
-108
-108
-108
-109
-110
-110
-109
-109
-108
-109
-109
-108
-107
-108
-110
-111
-110
-107
-105
-105
-104
-105
-107
-107
-110
-111
-110
-109
-108
-108
-106
-106
-107
-106
-105
-105
-106
-106
-106
-106
-103
-103
-102
-103
-104
-106
-106
-107
-108
-106
-103
-102
-103
-103
-102
-101
-101
-103
-103
-105
-105
-104
-105
-105
-105
-103
-102
-101
-102
-102
-102
-102
-101
-99
-100
-101
-100
-101
-102
-104
-104
-104
-101
-100
-100
-99
-100
-101
-100
-101
-99
-96
-96
-98
-100
-101
-100
-98
-99
-100
-101
-101
-100
-100
-100
-103
-105
-106
-105
-104
-105
-105
-102
-102
-102
-103
-105
-104
-101
-100
-102
-104
-105
-104
-102
-102
-104
-104
-104
-106
-107
-107
-107
-106
-106
-106
-105
-105
-103
-104
-105
-105
-106
-106
-108
-108
-110
-111
-109
-110
-108
-108
-111
-111
-109
-107
-108
-110
-111
-110
-110
-109
-108
-109
-109
-108
-110
-111
-110
-111
-111
-111
-109
-108
-109
-108
-109
-110
-111
-113
-113
-113
-112
-110
-113
-112
-113
-112
-113
-114
-115
-115
-114
-116
-117
-117
-117
-114
-114
-115
-116
-117
-118
-119
-118
-118
-115
-113
-114
-114
-116
-117
-116
-117
-118
-118
-120
-121
-118
-117
-116
-116
-117
-116
-117
-117
-119
-122
-122
-118
-118
-119
-120
-123
-124
-122
-122
-122
-124
-126
-123
-122
-121
-122
-126
-127
-124
-120
-118
-119
-122
-124
-122
-122
-120
-120
-121
-123
-122
-122
-122
-122
-124
-123
-121
-118
-117
-119
-122
-121
-120
-119
-119
-119
-121
-124
-123
-122
-121
-122
-124
-124
-122
-121
-120
-120
-122
-123
-124
-121
-118
-116
-118
-120
-121
-121
-119
-119
-120
-121
-121
-123
-123
-120
-120
-120
-120
-119
-119
-122
-122
-122
-120
-118
-118
-118
-117
-116
-114
-111
-110
-112
-114
-115
-116
-115
-114
-112
-112
-114
-113
-114
-116
-116
-118
-118
-117
-113
-112
-114
-114
-113
-112
-114
-115
-117
-115
-115
-115
-115
-113
-111
-108
-108
-110
-110
-110
-109
-110
-112
-114
-114
-112
-109
-111
-115
-116
-115
-112
-114
-114
-114
-115
-115
-112
-111
-109
-110
-110
-111
-112
-110
-110
-110
-112
-112
-113
-111
-110
-110
-110
-110
-110
-110
-109
-109
-110
-108
-106
-107
-108
-109
-110
-108
-108
-108
-110
-110
-109
-107
-105
-108
-109
-108
-107
-104
-103
-106
-108
-106
-106
-107
-108
-108
-103
-102
-105
-108
-108
-109
-108
-108
-110
-112
-111
-110
-109
-109
-109
-107
-107
-107
-112
-113
-112
-111
-112
-112
-115
-117
-119
-120
-121
-120
-120
-123
-123
-123
-121
-122
-126
-127
-128
-127
-126
-127
-128
-130
-131
-131
-130
-130
-132
-132
-133
-134
-133
-131
-129
-131
-135
-135
-136
-135
-136
-138
-140
-140
-137
-136
-137
-138
-140
-142
-142
-142
-140
-138
-137
-138
-140
-140
-139
-137
-139
-140
-141
-138
-135
-135
-137
-139
-136
-135
-135
-136
-137
-135
-133
-133
-131
-130
-130
-131
-132
-130
-127
-122
-121
-124
-127
-128
-128
-126
-124
-125
-125
-124
-123
-124
-124
-123
-124
-125
-125
-123
-123
-122
-123
-122
-120
-122
-123
-125
-125
-126
-126
-128
-129
-130
-129
-127
-128
-129
-131
-131
-134
-132
-131
-133
-134
-136
-136
-135
-134
-135
-139
-141
-142
-141
-142
-144
-144
-145
-145
-147
-150
-154
-154
-152
-148
-149
-150
-153
-155
-155
-156
-158
-158
-158
-157
-156
-156
-158
-161
-162
-160
-158
-154
-155
-156
-157
-156
-156
-157
-157
-155
-152
-148
-147
-147
-146
-144
-143
-142
-141
-139
-136
-131
-128
-125
-123
-119
-118
-117
-115
-112
-107
-106
-106
-104
-103
-99
-94
-92
-93
-92
-90
-86
-86
-86
-86
-87
-86
-84
-86
-88
-85
-85
-85
-87
-86
-88
-88
-86
-88
-91
-93
-95
-94
-92
-92
-93
-97
-98
-101
-102
-105
-109
-113
-114
-116
-116
-120
-127
-131
-135
-136
-138
-144
-150
-152
-156
-159
-164
-170
-175
-176
-178
-182
-185
-189
-193
-196
-198
-201
-207
-209
-211
-215
-218
-220
-226
-227
-229
-231
-231
-231
-231
-228
-228
-226
-224
-222
-212
-202
-185
-175
-165
-160
-156
-147
-135
-125
-116
-108
-101
-93
-88
-85
-84
-81
-78
-75
-75
-74
-76
-73
-68
-65
-63
-63
-62
-63
-64
-64
-69
-71
-73
-76
-73
-70
-70
-72
-73
-74
-69
-68
-67
-66
-64
-59
-56
-52
-50
-51
-51
-50
-50
-54
-55
-54
-53
-49
-46
-46
-48
-48
-51
-51
-51
-53
-56
-59
-59
-60
-63
-67
-75
-83
-87
-94
-101
-109
-116
-122
-127
-131
-135
-141
-146
-150
-155
-158
-165
-169
-176
-181
-182
-186
-188
-192
-196
-203
-211
-214
-219
-222
-224
-230
-233
-237
-239
-239
-243
-244
-243
-234
-218
-203
-189
-178
-172
-163
-153
-145
-134
-123
-113
-102
-91
-84
-83
-83
-82
-82
-79
-75
-76
-76
-77
-73
-67
-64
-58
-59
-64
-69
-73
-75
-79
-84
-88
-92
-94
-96
-102
-105
-108
-111
-112
-116
-115
-110
-105
-100
-95
-89
-83
-79
-74
-71
-67
-60
-52
-41
-32
-27
-22
-16
-15
-14
-14
-14
-11
-9
-9
-8
-10
-8
-9
-7
-10
-17
-19
-26
-29
-33
-37
-40
-40
-43
-45
-50
-56
-59
-65
-70
-74
-78
-79
-83
-88
-91
-98
-103
-112
-125
-131
-138
-143
-150
-158
-167
-176
-183
-195
-204
-215
-222
-230
-237
-244
-255
-259
-263
-268
-271
-282
-283
-288
-291
-289
-290
-275
-261
-242
-227
-217
-211
-202
-191
-180
-166
-154
-140
-128
-118
-109
-105
-101
-96
-95
-86
-84
-80
-75
-73
-67
-64
-62
-60
-60
-60
-61
-65
-65
-69
-71
-72
-75
-79
-83
-88
-89
-92
-95
-95
-96
-94
-89
-82
-76
-71
-65
-55
-53
-51
-47
-41
-32
-24
-17
-8
-5
-2
-1
-3
-3
-4
-6
-7
-6
-8
-8
-9
-11
-16
-22
-28
-36
-40
-44
-47
-50
-55
-61
-67
-73
-78
-83
-87
-92
-97
-104
-109
-115
-123
-128
-135
-142
-150
-160
-167
-175
-183
-188
-200
-208
-221
-229
-235
-242
-252
-261
-269
-280
-287
-296
-301
-306
-311
-319
-322
-329
-329
-330
-321
-307
-287
-267
-253
-238
-231
-214
-203
-186
-169
-149
-129
-114
-104
-96
-91
-88
-85
-84
-77
-74
-66
-59
-54
-54
-47
-45
-44
-45
-51
-55
-59
-60
-63
-67
-72
-79
-85
-89
-98
-104
-113
-118
-116
-114
-109
-103
-96
-86
-78
-72
-65
-65
-62
-55
-49
-35
-23
-14
-7
-3
2
5
8
11
14
18
22
24
29
30
31
27
24
20
13
6
1
-6
-13
-13
-17
-19
-25
-31
-37
-42
-47
-51
-57
-62
-65
-69
-74
-82
-86
-95
-108
-123
-137
-148
-158
-165
-174
-185
-194
-207
-217
-231
-240
-252
-260
-268
-281
-288
-300
-312
-321
-331
-337
-344
-353
-359
-367
-363
-351
-328
-298
-277
-262
-252
-240
-225
-206
-189
-170
-149
-133
-115
-102
-95
-91
-94
-94
-87
-83
-77
-72
-68
-58
-51
-44
-39
-39
-45
-54
-63
-65
-63
-67
-72
-79
-90
-99
-107
-112
-117
-126
-129
-131
-125
-117
-111
-103
-95
-88
-85
-80
-75
-69
-60
-48
-36
-23
-11
-3
3
9
9
16
21
25
29
32
39
42
43
41
33
29
22
14
8
1
0
-3
-10
-16
-22
-31
-37
-45
-53
-59
-66
-70
-75
-80
-85
-90
-98
-110
-127
-140
-154
-168
-175
-186
-197
-205
-219
-228
-243
-256
-270
-282
-290
-300
-306
-317
-326
-339
-348
-357
-366
-376
-385
-394
-396
-394
-377
-352
-320
-293
-280
-269
-260
-238
-221
-196
-176
-151
-131
-117
-101
-94
-95
-98
-102
-93
-82
-77
-66
-66
-59
-56
-49
-45
-43
-51
-60
-65
-64
-60
-67
-70
-75
-83
-93
-103
-115
-120
-129
-129
-125
-118
-107
-99
-92
-85
-73
-65
-55
-52
-42
-30
-15
6
18
29
36
43
52
56
63
68
73
78
81
87
92
93
89
83
76
73
66
58
49
42
36
32
24
18
9
1
-6
-17
-22
-31
-35
-39
-44
-52
-63
-75
-88
-108
-124
-138
-154
-163
-174
-185
-202
-217
-234
-246
-261
-273
-287
-298
-308
-321
-333
-345
-360
-368
-381
-392
-400
-414
-418
-422
-409
-383
-349
-324
-311
-298
-290
-267
-248
-226
-198
-170
-145
-127
-112
-105
-101
-98
-100
-92
-84
-77
-62
-61
-47
-41
-36
-30
-29
-35
-44
-49
-52
-47
-52
-61
-67
-79
-87
-99
-111
-116
-126
-129
-130
-126
-119
-110
-99
-87
-75
-68
-59
-50
-41
-28
-13
8
25
41
48
55
70
76
83
92
97
109
116
123
135
139
139
135
125
118
111
100
92
84
79
76
68
63
53
39
25
15
7
-2
-8
-14
-20
-26
-35
-52
-71
-90
-113
-129
-145
-154
-161
-176
-187
-206
-218
-234
-250
-265
-281
-293
-299
-312
-321
-337
-350
-360
-378
-385
-402
-408
-426
-427
-427
-409
-383
-350
-323
-313
-294
-284
-254
-230
-199
-179
-146
-125
-102
-88
-81
-81
-79
-78
-73
-53
-49
-35
-38
-23
-21
-11
-7
-5
-15
-23
-30
-33
-25
-34
-44
-56
-65
-77
-84
-102
-111
-125
-125
-123
-116
-108
-103
-93
-85
-75
-68
-56
-48
-31
-21
-3
15
36
54
65
73
86
92
102
111
118
132
142
153
161
165
164
160
151
144
132
124
117
108
101
93
86
78
65
49
34
23
17
7
1
-8
-15
-22
-34
-48
-67
-92
-112
-133
-150
-162
-173
-186
-200
-219
-235
-250
-270
-280
-300
-306
-318
-326
-334
-348
-361
-382
-396
-414
-433
-443
-459
-462
-455
-435
-403
-367
-345
-338
-322
-306
-276
-244
-220
-190
-156
-134
-109
-99
-91
-88
-91
-93
-83
-73
-67
-55
-56
-38
-29
-19
-13
-18
-29
-35
-39
-33
-28
-37
-46
-57
-67
-80
-96
-111
-118
-129
-127
-125
-116
-106
-99
-87
-78
-65
-61
-56
-49
-31
-12
12
33
47
62
72
87
106
116
128
139
147
167
180
195
200
202
198
194
188
175
162
149
140
136
130
119
106
93
83
71
56
41
33
20
14
10
2
-10
-28
-47
-66
-85
-109
-131
-150
-162
-171
-184
-202
-220
-238
-253
-265
-276
-293
-305
-314
-322
-332
-347
-359
-373
-389
-408
-427
-439
-446
-448
-445
-430
-394
-360
-329
-317
-305
-289
-260
-231
-199
-169
-135
-111
-89
-70
-64
-58
-62
-63
-55
-42
-37
-25
-20
-7
4
9
21
19
11
3
-5
-6
2
-8
-12
-25
-38
-50
-69
-85
-97
-108
-113
-108
-101
-89
-86
-78
-72
-63
-57
-51
-47
-34
-23
0
26
44
62
69
83
97
113
124
139
150
171
185
198
210
214
212
205
198
191
182
170
161
154
153
146
138
127
114
99
87
75
67
55
45
37
30
20
3
-17
-39
-61
-90
-113
-140
-156
-170
-181
-195
-216
-238
-255
-268
-280
-294
-305
-320
-330
-344
-359
-374
-388
-410
-430
-452
-470
-475
-478
-463
-448
-405
-376
-354
-340
-324
-299
-270
-232
-205
-165
-134
-110
-87
-74
-72
-62
-75
-68
-59
-54
-37
-31
-18
-7
3
7
18
7
3
-7
-14
-7
-9
-17
-21
-37
-48
-61
-83
-92
-113
-120
-126
-119
-108
-98
-90
-81
-75
-69
-63
-64
-56
-49
-33
-12
12
32
52
58
76
88
103
125
140
161
180
198
219
239
244
246
238
233
226
217
204
195
185
180
173
164
156
140
129
111
104
98
91
82
73
62
51
28
11
-13
-40
-66
-98
-124
-144
-159
-178
-191
-215
-233
-253
-268
-283
-292
-305
-316
-324
-340
-352
-373
-386
-410
-427
-460
-472
-492
-495
-492
-478
-441
-404
-367
-360
-339
-329
-293
-258
-220
-190
-148
-129
-102
-78
-73
-60
-75
-81
-80
-66
-65
-39
-40
-21
-9
-6
13
13
5
-7
-19
-22
-5
-17
-20
-39
-52
-64
-78
-96
-108
-125
-138
-140
-134
-113
-103
-89
-85
-76
-70
-65
-64
-59
-55
-37
-13
9
36
48
64
79
92
107
127
143
170
191
211
239
252
262
265
253
248
239
222
214
203
195
192
181
175
164
150
139
121
109
99
94
89
84
69
55
36
16
-10
-43
-76
-108
-131
-146
-166
-185
-210
-237
-250
-265
-276
-296
-312
-333
-337
-348
-356
-373
-393
-414
-439
-459
-487
-496
-513
-507
-506
-480
-442
-403
-381
-366
-355
-324
-283
-245
-199
-172
-131
-119
-83
-75
-66
-68
-81
-80
-68
-57
-52
-39
-32
-8
-1
13
20
20
3
-1
-19
-11
-12
-22
-24
-43
-53
-71
-88
-107
-120
-141
-143
-142
-124
-111
-102
-90
-78
-69
-66
-64
-62
-53
-45
-22
-6
21
36
47
63
85
107
129
145
161
186
209
236
262
276
281
284
276
275
257
242
226
211
205
202
195
189
176
163
150
138
129
116
106
98
91
80
68
45
23
-7
-38
-70
-105
-134
-159
-183
-198
-219
-236
-252
-269
-281
-304
-318
-337
-344
-359
-371
-388
-409
-432
-461
-482
-511
-523
-538
-536
-530
-497
-459
-418
-396
-380
-363
-333
-292
-253
-213
-180
-140
-121
-90
-80
-76
-80
-90
-90
-78
-69
-56
-45
-39
-18
-9
10
16
13
-1
-11
-21
-7
-8
-21
-32
-52
-60
-80
-98
-117
-135
-154
-153
-149
-126
-115
-105
-94
-81
-69
-65
-66
-66
-56
-47
-23
-4
24
37
48
60
85
110
136
155
173
196
221
250
272
288
295
301
297
295
276
259
239
224
216
210
200
192
175
161
152
140
134
119
105
88
76
61
48
23
2
-30
-61
-97
-133
-164
-195
-217
-244
-261
-279
-291
-311
-321
-342
-356
-372
-387
-406
-420
-444
-468
-485
-515
-532
-562
-566
-574
-563
-540
-502
-464
-436
-423
-408
-368
-332
-275
-237
-193
-154
-135
-112
-89
-95
-88
-95
-105
-80
-81
-66
-58
-52
-32
-9
-2
20
13
-2
-6
-22
-11
-4
-18
-27
-41
-61
-64
-93
-109
-130
-152
-159
-158
-142
-120
-112
-99
-81
-69
-55
-58
-59
-49
-42
-22
0
17
39
46
61
91
116
145
165
182
212
236
259
285
302
315
324
321
321
312
293
280
257
246
231
214
204
193
182
175
164
157
149
133
118
101
87
65
43
20
-9
-43
-71
-105
-131
-162
-196
-226
-254
-271
-286
-296
-314
-326
-340
-356
-368
-389
-403
-433
-452
-485
-510
-532
-554
-562
-564
-562
-532
-493
-452
-424
-424
-400
-369
-316
-271
-224
-184
-138
-110
-84
-65
-67
-64
-79
-83
-75
-64
-56
-42
-36
-10
1
20
31
25
13
-4
-13
-7
-4
-19
-25
-44
-48
-64
-88
-112
-133
-158
-163
-165
-149
-131
-121
-104
-92
-74
-64
-58
-59
-49
-40
-21
-3
19
34
45
65
98
125
154
175
197
225
245
271
291
310
325
339
345
346
332
319
303
288
270
250
229
214
202
190
186
175
169
157
143
131
114
91
65
36
12
-20
-52
-84
-114
-141
-175
-210
-246
-278
-306
-324
-345
-356
-372
-379
-398
-406
-426
-445
-477
-501
-537
-561
-577
-596
-588
-581
-533
-491
-445
-432
-418
-407
-366
-321
-267
-223
-174
-125
-92
-50
-45
-33
-48
-58
-68
-52
-59
-46
-43
-28
2
23
42
42
25
6
-3
-20
-8
-29
-36
-51
-58
-66
-71
-97
-117
-151
-175
-179
-181
-170
-166
-149
-133
-104
-88
-67
-73
-63
-61
-41
-20
-2
8
17
31
61
102
130
160
174
203
229
259
280
304
313
334
346
361
371
360
344
326
316
304
286
260
241
221
215
208
207
202
194
181
171
155
137
104
74
44
9
-24
-61
-94
-121
-152
-182
-216
-254
-286
-314
-338
-358
-377
-395
-412
-429
-440
-462
-481
-515
-548
-582
-606
-613
-606
-580
-540
-489
-458
-444
-421
-400
-354
-304
-266
-215
-169
-120
-71
-41
-25
-19
-23
-31
-31
-33
-35
-31
-31
-6
21
40
59
52
41
18
-1
-7
-17
-33
-48
-65
-68
-72
-87
-105
-127
-156
-175
-187
-191
-185
-182
-176
-162
-131
-102
-81
-68
-57
-43
-25
-15
0
8
18
38
68
112
153
182
204
231
261
295
321
341
355
364
371
382
392
391
380
365
355
348
331
308
287
266
251
237
227
222
213
203
193
180
165
139
107
71
34
-3
-44
-81
-116
-147
-177
-207
-237
-272
-305
-337
-360
-386
-410
-432
-457
-474
-491
-518
-543
-572
-590
-596
-604
-587
-552
-509
-456
-434
-415
-403
-377
-323
-275
-222
-177
-125
-71
-31
0
11
12
8
-8
-6
-10
-9
-11
-3
13
40
62
62
52
29
10
-11
-30
-47
-63
-85
-99
-114
-111
-120
-142
-160
-182
-191
-200
-211
-210
-205
-194
-174
-154
-123
-101
-84
-71
-48
-23
-4
8
18
32
54
87
123
163
195
226
253
286
319
343
360
371
380
390
394
390
389
381
370
359
350
338
323
302
288
276
258
240
226
216
203
186
172
162
142
112
76
35
-12
-60
-107
-141
-176
-210
-247
-279
-310
-339
-368
-396
-449
-475
-511
-546
-584
-611
-655
-695
-728
-722
-754
-696
-594
-477
-398
-313
-214
-204
-230
-184
-119
-78
-7
90
189
262
312
293
282
243
192
80
-22
-84
-121
-151
-171
-167
-107
-94
-102
-143
-173
-209
-293
-346
-369
-353
-339
-316
-261
-171
-112
-87
-92
-76
-81
-116
-160
-169
-143
-106
-78
-32
41
91
105
101
105
101
76
33
22
32
71
108
172
253
318
344
370
382
398
380
348
339
347
369
380
390
408
417
408
384
352
319
270
233
212
217
227
229
233
249
257
248
217
178
131
84
13
-41
-96
-136
-173
-204
-230
-267
-311
-368
-420
-478
-539
-605
-656
-676
-710
-727
-753
-764
-730
-719
-680
-642
-554
-378
-240
-109
-16
78
194
233
235
215
236
263
272
248
237
230
186
110
19
-59
-137
-261
-355
-416
-416
-408
-417
-378
-303
-237
-216
-234
-229
-205
-207
-231
-225
-177
-116
-88
-60
9
65
74
36
4
5
-21
-72
-114
-123
-97
-96
-99
-79
-40
-23
-37
-58
-34
-11
-20
-15
18
99
172
232
303
377
441
478
485
507
513
491
455
437
438
438
412
391
376
366
343
299
260
238
216
205
209
230
255
272
290
307
322
311
285
238
208
147
91
8
-43
-96
-140
-196
-238
-287
-322
-385
-432
-504
-544
-613
-629
-681
-678
-724
-721
-729
-728
-683
-670
-569
-508
-300
-143
42
129
228
321
389
363
317
273
294
276
250
198
185
155
94
-11
-104
-197
-298
-425
-501
-515
-488
-469
-438
-340
-232
-137
-123
-98
-66
-29
-56
-82
-72
-13
16
30
55
124
151
131
71
56
22
-43
-141
-200
-204
-199
-208
-202
-142
-74
-33
-22
13
59
90
88
99
154
235
301
360
443
548
627
659
660
658
631
570
486
428
386
346
299
275
279
292
277
247
229
226
218
198
190
206
237
263
289
321
352
345
316
265
211
120
17
-86
-153
-227
-273
-345
-365
-394
-415
-459
-533
-561
-631
-664
-721
-760
-761
-801
-779
-766
-679
-601
-497
-349
-141
56
203
278
371
453
477
426
344
336
315
307
217
192
152
119
9
-107
-206
-284
-407
-511
-573
-545
-521
-483
-429
-296
-171
-79
-57
0
43
64
20
-5
2
23
7
1
37
98
117
85
59
43
7
-80
-171
-228
-251
-276
-293
-264
-189
-112
-41
5
88
140
187
188
215
262
322
364
415
494
599
674
713
727
737
706
637
542
458
386
313
255
216
216
229
231
236
257
285
297
284
283
294
306
305
297
300
311
305
277
227
174
103
16
-77
-161
-240
-316
-382
-436
-470
-486
-531
-538
-589
-583
-611
-654
-664
-714
-696
-720
-681
-636
-526
-407
-175
18
253
369
507
570
626
570
486
389
329
272
184
114
63
47
4
-69
-152
-209
-304
-399
-512
-548
-547
-534
-504
-419
-287
-135
-50
33
112
185
192
162
111
109
57
24
-21
10
29
44
20
39
41
24
-49
-125
-178
-224
-280
-305
-295
-231
-158
-79
21
132
240
325
374
419
459
481
499
506
545
592
639
668
687
700
701
653
582
486
406
321
240
162
121
111
129
149
189
241
296
333
359
381
395
382
350
321
302
280
232
172
122
80
26
-52
-146
-211
-287
-344
-420
-476
-525
-572
-599
-618
-615
-615
-634
-645
-647
-636
-626
-615
-569
-488
-352
-161
48
235
385
507
620
662
640
528
436
349
284
161
40
-52
-87
-137
-210
-289
-321
-371
-433
-507
-526
-522
-510
-506
-440
-317
-185
-105
-35
72
182
234
228
219
218
195
132
75
48
28
-17
-66
-74
-63
-70
-116
-158
-172
-181
-210
-246
-249
-218
-163
-118
-52
32
149
242
340
415
516
577
618
630
655
677
674
644
618
610
595
553
493
435
390
338
285
227
179
148
126
120
131
162
201
244
295
351
395
411
410
398
376
334
262
173
82
13
-60
-136
-210
-269
-306
-333
-371
-406
-456
-492
-533
-563
-593
-613
-636
-638
-632
-616
-609
-577
-525
-438
-338
-171
15
207
361
461
570
621
633
542
443
350
291
194
78
-44
-105
-153
-216
-300
-345
-381
-407
-470
-496
-496
-460
-441
-397
-321
-195
-106
-37
32
127
211
232
214
204
201
177
122
60
26
-9
-59
-101
-128
-133
-150
-182
-197
-190
-176
-179
-185
-166
-108
-46
12
65
143
244
338
424
510
592
665
703
728
736
736
709
659
604
555
492
427
363
314
280
253
225
193
165
154
152
153
154
163
189
229
276
315
350
375
388
383
362
323
262
176
84
-3
-87
-168
-248
-306
-346
-368
-394
-418
-437
-446
-457
-482
-493
-523
-527
-562
-559
-584
-578
-569
-529
-459
-358
-188
6
194
358
469
601
640
655
543
450
344
274
149
16
-116
-173
-225
-277
-365
-400
-423
-431
-481
-501
-500
-468
-457
-412
-343
-224
-146
-86
-19
85
177
210
207
215
233
211
154
84
43
-1
-67
-128
-160
-171
-187
-211
-203
-172
-136
-128
-119
-84
-25
22
63
107
174
251
329
404
487
570
640
686
719
726
713
662
621
557
495
414
342
280
244
219
199
180
168
160
163
160
156
144
148
165
205
240
276
306
345
365
374
354
319
267
204
126
39
-50
-146
-234
-310
-348
-390
-405
-436
-435
-430
-430
-427
-449
-442
-464
-462
-488
-512
-536
-553
-539
-512
-440
-329
-142
38
239
360
509
577
627
566
477
370
286
161
15
-145
-233
-300
-359
-454
-485
-491
-463
-490
-513
-504
-456
-425
-404
-355
-266
-181
-132
-68
25
131
184
205
234
283
293
248
174
126
76
3
-89
-144
-181
-197
-225
-218
-197
-152
-134
-103
-69
-8
42
83
121
174
226
293
341
406
457
519
566
613
629
636
612
585
529
471
388
318
248
194
161
149
150
144
140
152
171
181
163
159
178
215
241
252
270
305
329
335
319
297
273
224
162
88
13
-76
-163
-241
-291
-332
-365
-391
-387
-375
-345
-364
-345
-381
-353
-389
-396
-431
-457
-477
-519
-528
-532
-484
-423
-281
-131
53
185
334
434
516
518
475
389
315
208
92
-73
-195
-308
-362
-441
-476
-502
-478
-470
-460
-446
-402
-357
-323
-287
-227
-148
-95
-52
9
91
165
205
231
255
277
259
216
168
119
64
-12
-69
-113
-134
-164
-179
-167
-132
-99
-68
-32
24
89
141
178
218
263
312
357
397
439
486
532
563
580
584
571
546
500
446
381
327
273
230
203
183
176
172
168
170
174
180
189
195
213
234
250
266
275
289
296
293
290
280
265
236
192
149
101
41
-27
-103
-158
-200
-236
-259
-278
-274
-262
-253
-256
-270
-280
-288
-310
-325
-363
-368
-402
-420
-461
-483
-508
-504
-459
-338
-193
-43
70
218
352
452
460
406
360
314
232
75
-92
-198
-249
-321
-411
-480
-457
-431
-419
-444
-406
-355
-294
-282
-227
-148
-64
-49
-28
19
105
142
149
158
208
242
241
207
194
172
140
75
29
-8
-34
-74
-91
-90
-69
-52
-35
-7
43
97
143
180
220
271
326
365
395
414
436
460
473
461
439
415
391
367
329
296
265
251
231
215
200
185
159
139
127
137
141
128
115
128
164
188
189
192
218
251
269
260
251
240
229
203
172
136
94
43
-2
-40
-81
-122
-174
-208
-232
-249
-271
-302
-328
-351
-363
-385
-418
-450
-476
-490
-525
-557
-594
-594
-589
-555
-481
-342
-194
-47
74
221
355
439
426
364
315
282
202
50
-104
-190
-240
-317
-418
-472
-454
-422
-414
-408
-352
-283
-237
-205
-135
-51
3
-4
14
71
144
169
171
195
250
288
286
265
254
239
208
157
115
78
41
-5
-38
-52
-47
-45
-45
-18
44
118
180
227
279
343
396
420
417
407
404
394
370
343
321
304
288
275
268
258
253
235
222
217
214
199
156
116
104
112
102
84
84
123
179
216
243
268
301
326
333
320
305
283
257
231
213
189
150
103
56
15
-35
-94
-162
-220
-261
-301
-340
-385
-403
-420
-415
-441
-449
-461
-458
-466
-483
-499
-519
-526
-544
-544
-524
-433
-310
-175
-48
90
247
361
421
406
371
336
273
164
16
-105
-190
-260
-345
-412
-436
-415
-392
-375
-344
-284
-209
-158
-113
-58
8
42
47
61
103
148
165
172
200
253
291
297
287
281
277
247
201
149
96
43
-6
-42
-63
-70
-65
-38
6
68
138
199
251
290
322
346
352
330
300
280
267
247
219
206
219
244
254
251
250
246
235
201
169
146
121
85
60
53
66
81
94
124
173
219
248
260
270
285
286
273
259
247
240
218
194
177
164
134
90
35
-7
-69
-135
-219
-281
-342
-385
-430
-455
-460
-459
-451
-461
-444
-451
-430
-449
-439
-461
-473
-505
-528
-542
-538
-497
-398
-272
-123
2
138
271
378
425
404
362
314
250
143
3
-123
-204
-270
-331
-388
-388
-361
-316
-283
-235
-174
-115
-77
-42
3
41
56
62
85
132
172
193
220
259
302
319
315
303
288
261
223
179
137
91
42
4
-20
-27
-31
-20
0
37
84
130
165
185
198
213
229
235
234
236
252
268
272
266
258
251
239
220
200
177
152
129
119
119
122
118
111
129
156
172
164
162
182
205
215
206
201
206
211
203
191
186
187
181
169
160
140
119
78
36
-6
-55
-104
-182
-240
-301
-328
-372
-393
-419
-415
-410
-400
-408
-412
-420
-421
-433
-450
-457
-474
-471
-486
-468
-431
-379
-310
-211
-92
43
133
217
273
332
356
326
272
219
183
123
32
-50
-95
-123
-165
-219
-227
-214
-191
-203
-199
-172
-115
-89
-64
-31
35
85
127
158
211
246
272
276
289
298
300
291
277
266
257
238
210
185
146
115
83
54
25
-3
-14
-9
0
22
53
94
141
182
219
253
281
296
293
287
279
260
231
202
187
183
179
166
169
179
199
206
207
214
216
206
190
173
162
143
111
94
86
93
90
92
106
130
151
167
174
182
182
180
169
146
116
87
51
18
-28
-69
-111
-154
-202
-252
-294
-336
-364
-384
-391
-385
-394
-384
-393
-357
-362
-334
-340
-320
-310
-298
-300
-302
-302
-270
-237
-148
-79
30
105
211
294
362
393
382
376
352
322
234
142
47
-6
-86
-155
-230
-235
-248
-229
-230
-190
-134
-71
-27
36
89
148
171
196
225
263
279
291
301
336
366
381
387
380
369
347
308
258
199
132
71
21
-13
-31
-44
-35
-13
29
81
123
161
195
224
251
264
261
252
244
247
245
239
232
230
229
232
228
227
215
206
186
176
157
133
92
56
39
33
22
2
-2
18
52
77
95
116
154
186
208
218
227
233
227
209
193
161
126
80
37
-2
-46
-87
-130
-164
-188
-211
-235
-259
-273
-279
-284
-283
-285
-271
-264
-244
-240
-234
-223
-223
-209
-213
-193
-202
-199
-211
-200
-190
-138
-97
-24
40
121
205
248
291
297
306
293
273
234
179
123
76
25
-19
-79
-113
-137
-134
-126
-115
-94
-51
4
71
134
191
240
278
317
348
367
362
353
333
325
296
268
232
203
182
166
147
138
116
105
100
101
99
89
76
79
80
