-5
-6
-6
-7
-6
-5
-5
-6
-5
-7
-9
-8
-8
-8
-8
-7
-7
-8
-11
-12
-11
-9
-8
-7
-5
-3
-4
-5
-5
-5
-5
-5
-6
-5
-1
-3
-5
-6
-4
-5
-4
-4
-4
-4
-5
-4
-4
-4
-4
-4
-4
-5
-4
-6
-9
-9
-9
-8
-6
-4
-6
-6
-7
-8
-10
-10
-8
-8
-9
-12
-13
-11
-11
-8
-9
-9
-10
-10
-9
-8
-10
-10
-11
-10
-9
-8
-8
-10
-9
-9
-9
-8
-7
-9
-11
-12
-12
-12
-9
-10
-11
-14
-15
-13
-10
-9
-11
-11
-14
-16
-14
-14
-16
-16
-15
-12
-11
-12
-14
-15
-15
-13
-15
-16
-14
-13
-12
-14
-15
-14
-13
-12
-12
-11
-13
-15
-19
-21
-22
-20
-20
-19
-17
-17
-17
-16
-16
-16
-18
-19
-19
-18
-17
-18
-19
-22
-24
-22
-20
-19
-17
-18
-17
-18
-17
-18
-21
-22
-21
-20
-19
-19
-20
-21
-23
-20
-19
-20
-21
-19
-18
-19
-21
-22
-21
-21
-21
-22
-22
-21
-20
-21
-22
-25
-25
-24
-23
-22
-22
-22
-23
-24
-23
-23
-22
-21
-22
-24
-24
-25
-25
-25
-24
-22
-21
-19
-19
-21
-21
-21
-20
-20
-21
-21
-22
-21
-20
-19
-20
-21
-20
-22
-25
-25
-25
-22
-21
-22
-24
-26
-28
-26
-23
-24
-25
-23
-23
-23
-24
-25
-23
-22
-21
-22
-24
-25
-25
-25
-25
-25
-26
-25
-24
-23
-24
-26
-26
-27
-26
-25
-25
-25
-25
-25
-24
-23
-23
-23
-24
-24
-23
-23
-23
-23
-23
-22
-21
-22
-21
-23
-23
-23
-21
-20
-21
-22
-22
-19
-17
-18
-18
-18
-18
-18
-18
-18
-17
-17
-19
-18
-16
-14
-13
-15
-16
-16
-16
-14
-14
-15
-16
-16
-13
-13
-14
-16
-17
-16
-17
-19
-20
-19
-18
-16
-16
-18
-19
-18
-19
-17
-17
-17
-19
-19
-18
-18
-17
-17
-15
-15
-13
-12
-14
-17
-19
-17
-15
-13
-12
-13
-14
-14
-14
-14
-17
-17
-16
-14
-15
-15
-16
-16
-16
-18
-19
-21
-20
-17
-14
-14
-17
-18
-19
-19
-17
-15
-15
-17
-18
-19
-19
-18
-18
-19
-19
-18
-17
-17
-16
-16
-16
-16
-15
-13
-12
-13
-13
-12
-13
-13
-14
-15
-17
-16
-17
-17
-14
-13
-15
-15
-15
-13
-14
-15
-14
-13
-13
-15
-16
-16
-16
-13
-12
-11
-11
-11
-12
-12
-12
-10
-11
-12
-12
-14
-13
-13
-14
-13
-13
-11
-10
-10
-10
-12
-11
-11
-10
-11
-10
-12
-12
-12
-11
-11
-11
-11
-11
-12
-12
-12
-11
-11
-10
-10
-10
-10
-12
-13
-14
-13
-14
-12
-11
-11
-11
-12
-14
-16
-16
-13
-9
-7
-9
-12
-14
-14
-13
-12
-13
-14
-16
-16
-14
-17
-17
-16
-15
-15
-16
-18
-18
-16
-14
-14
-16
-14
-15
-16
-14
-15
-16
-15
-14
-14
-16
-17
-15
-14
-14
-15
-13
-14
-14
-15
-16
-14
-12
-12
-14
-15
-14
-13
-15
-15
-14
-14
-13
-14
-14
-15
-16
-16
-15
-15
-15
-13
-13
-16
-15
-15
-15
-15
-14
-13
-12
-10
-9
-10
-13
-14
-15
-14
-13
-12
-11
-11
-11
-11
-12
-14
-14
-12
-10
-11
-14
-13
-12
-10
-11
-13
-15
-15
-13
-14
-16
-16
-15
-12
-13
-12
-13
-12
-12
-10
-10
-8
-9
-11
-10
-10
-8
-7
-6
-6
-7
-9
-10
-8
-7
-7
-9
-10
-8
-7
-5
-8
-9
-9
-7
-6
-7
-9
-11
-13
-13
-7
-6
-6
-7
-8
-10
-11
-10
-8
-8
-8
-8
-9
-9
-10
-10
-10
-9
-9
-9
-9
-10
-10
-11
-12
-12
-10
-10
-10
-8
-8
-6
-5
-6
-5
-7
-9
-9
-9
-10
-9
-9
-10
-10
-8
-8
-8
-7
-8
-6
-8
-9
-9
-10
-10
-9
-8
-9
-9
-9
-9
-10
-11
-11
-7
-5
-4
-5
-6
-6
-6
-5
-5
-5
-7
-6
-3
-2
-3
-4
-3
-4
-6
-7
-7
-6
-6
-8
-11
-10
-7
-6
-7
-9
-9
-8
-6
-6
-7
-7
-8
-7
-6
-8
-10
-9
-7
-6
-7
-6
-8
-9
-7
-5
-5
-7
-7
-8
-8
-8
-8
-6
-6
-6
-7
-6
-4
-3
-4
-4
-4
-6
-7
-8
-6
-5
-7
-9
-11
-12
-12
-9
-9
-11
-12
-12
-10
-9
-9
-12
-14
-14
-14
-14
-12
-11
-11
-12
-14
-12
-10
-9
-9
-10
-10
-10
-9
-10
-11
-12
-11
-9
-9
-9
-11
-12
-11
-11
-13
-13
-14
-16
-14
-14
-13
-12
-12
-10
-11
-11
-10
-10
-10
-10
-9
-9
-9
-8
-10
-10
-8
-7
-7
-7
-8
-10
-11
-10
-9
-9
-10
-10
-8
-7
-7
-9
-10
-11
-9
-10
-9
-10
-8
-6
-7
-7
-9
-10
-10
-10
-12
-11
-12
-13
-14
-15
-15
-15
-16
-19
-18
-18
-16
-17
-18
-17
-19
-19
-19
-18
-18
-18
-19
-19
-19
-19
-19
-20
-21
-22
-22
-20
-19
-20
-23
-25
-26
-25
-22
-20
-18
-19
-19
-22
-26
-27
-25
-23
-22
-22
-21
-21
-20
-20
-20
-21
-20
-20
-19
-19
-18
-15
-16
-19
-18
-17
-16
-17
-17
-16
-16
-16
-17
-18
-19
-20
-20
-18
-16
-16
-16
-17
-16
-18
-17
-18
-16
-15
-15
-16
-21
-22
-22
-21
-20
-23
-22
-23
-23
-23
-24
-25
-26
-25
-24
-23
-25
-27
-28
-31
-31
-32
-32
-32
-32
-31
-32
-33
-35
-37
-37
-38
-36
-35
-38
-42
-46
-46
-41
-39
-39
-39
-39
-38
-39
-42
-42
-44
-41
-39
-37
-36
-37
-36
-35
-34
-30
-32
-31
-30
-30
-27
-24
-35
-25
-17
-31
-3
-24
-14
-12
-14
-6
-9
-12
-4
-7
4
5
-1
8
-3
3
1
6
7
5
5
0
3
1
5
7
7
5
5
5
4
-1
-3
-2
-3
-1
-4
-8
-10
-13
-14
-15
-17
-18
-22
-23
-26
-29
-31
-34
-37
-41
-42
-47
-49
-52
-57
-61
-63
-66
-68
-74
-77
-78
-81
-79
-82
-85
-88
-90
-92
-93
-97
-97
-98
-102
-100
-104
-101
-98
-98
-98
-96
-90
-84
-79
-72
-68
-63
-55
-46
-38
-30
-18
-11
-4
4
13
22
31
35
38
45
53
58
63
67
71
76
80
83
82
84
86
86
87
83
81
77
75
71
71
69
65
62
58
52
50
47
42
37
31
28
22
18
10
3
-4
-9
-15
-24
-32
-41
-49
-56
-65
-72
-82
-92
-97
-105
-114
-121
-130
-140
-148
-158
-166
-171
-181
-187
-196
-206
-212
-219
-223
-228
-231
-235
-236
-229
-215
-194
-178
-163
-148
-130
-107
-88
-70
-55
-39
-23
-6
10
25
36
42
51
55
60
67
66
67
67
69
74
74
70
69
61
58
54
49
44
36
26
16
9
3
-5
-12
-18
-24
-24
-24
-26
-26
-27
-26
-23
-21
-22
-23
-22
-20
-16
-13
-10
-7
-1
5
10
11
12
16
22
26
30
32
35
38
42
44
44
43
41
37
34
32
30
29
26
24
25
27
24
21
22
25
27
29
27
27
28
30
32
29
23
19
14
8
0
-10
-18
-26
-35
-43
-55
-66
-78
-89
-102
-110
-122
-133
-140
-151
-163
-173
-182
-192
-200
-207
-216
-217
-219
-211
-194
-182
-167
-155
-144
-128
-111
-95
-77
-66
-54
-37
-24
-6
4
5
12
12
17
22
19
23
20
22
25
24
23
20
15
12
8
4
0
-9
-14
-19
-23
-27
-34
-39
-46
-45
-42
-39
-33
-25
-15
-5
2
8
14
22
34
46
58
68
79
89
105
115
125
133
136
141
145
146
147
147
148
146
142
136
128
120
115
108
99
89
79
70
63
56
52
45
40
33
24
15
7
-1
-11
-22
-36
-49
-64
-75
-85
-97
-108
-121
-136
-150
-163
-176
-186
-196
-206
-216
-229
-239
-247
-255
-263
-273
-276
-267
-250
-223
-205
-189
-175
-158
-133
-110
-87
-70
-54
-33
-9
17
37
48
54
57
61
62
65
64
68
72
78
86
92
93
87
80
72
68
67
60
51
46
38
27
16
6
-2
-12
-21
-24
-23
-22
-20
-15
-12
-10
-7
-2
1
8
15
19
24
34
46
61
74
85
93
102
111
118
126
132
134
139
141
147
149
149
146
140
132
124
119
112
104
98
94
92
90
87
84
78
76
73
69
61
54
47
42
35
26
13
-2
-18
-32
-44
-58
-71
-86
-100
-116
-133
-147
-160
-177
-196
-213
-229
-238
-253
-264
-277
-287
-297
-308
-298
-276
-247
-225
-214
-204
-183
-161
-132
-109
-96
-75
-59
-32
-5
8
22
25
27
35
33
35
35
37
48
54
62
68
63
55
50
42
42
33
23
15
8
5
-5
-18
-27
-38
-47
-52
-57
-57
-57
-54
-41
-33
-24
-19
-16
-10
-3
6
15
24
35
51
68
86
95
108
121
130
140
148
150
158
162
167
171
167
167
160
150
144
134
122
109
98
94
93
89
86
83
82
81
75
65
53
44
41
37
31
20
4
-14
-33
-49
-63
-78
-93
-111
-126
-139
-153
-166
-185
-203
-221
-241
-252
-269
-281
-296
-313
-325
-342
-345
-338
-311
-281
-259
-246
-229
-204
-174
-144
-121
-97
-73
-51
-18
10
29
43
38
43
50
54
60
58
62
72
79
92
96
92
88
76
69
65
55
42
30
19
13
-2
-19
-30
-46
-57
-66
-69
-70
-72
-69
-62
-56
-46
-43
-37
-29
-19
-7
3
13
28
44
61
82
97
118
130
141
153
159
163
167
171
178
184
182
184
179
168
162
151
139
129
118
113
111
110
110
105
103
97
88
83
74
63
50
37
24
11
-7
-25
-40
-55
-67
-84
-102
-126
-148
-165
-185
-197
-220
-236
-262
-278
-294
-314
-320
-346
-359
-380
-388
-381
-353
-315
-292
-275
-259
-233
-206
-172
-149
-129
-97
-82
-49
-5
8
38
38
37
56
56
65
67
66
80
94
101
113
110
100
91
70
67
60
41
32
10
0
-8
-30
-44
-63
-81
-90
-98
-98
-101
-107
-100
-94
-87
-76
-73
-61
-51
-45
-28
-20
-3
16
35
63
84
102
124
138
148
164
166
174
178
178
188
188
189
188
180
172
160
155
148
136
129
126
125
125
123
120
116
107
100
93
84
69
49
32
15
-3
-18
-31
-43
-57
-78
-100
-123
-148
-167
-192
-211
-240
-260
-281
-298
-311
-332
-352
-375
-390
-407
-410
-392
-362
-328
-311
-294
-272
-242
-210
-183
-163
-136
-111
-84
-44
-14
7
24
20
29
39
42
51
52
63
82
89
101
110
107
100
88
77
72
55
36
21
6
-4
-23
-41
-51
-67
-82
-94
-104
-109
-114
-112
-104
-98
-87
-82
-73
-60
-47
-32
-16
-2
22
41
67
88
107
126
141
156
172
185
188
193
194
200
201
201
198
194
185
178
167
161
152
143
138
131
128
124
121
115
107
99
91
78
62
41
20
-1
-19
-35
-45
-58
-71
-92
-112
-136
-154
-172
-198
-222
-248
-266
-289
-303
-324
-343
-365
-384
-402
-410
-407
-381
-341
-321
-297
-285
-256
-223
-187
-160
-143
-113
-91
-55
-16
4
26
34
30
45
53
64
70
74
86
107
118
132
136
129
122
106
100
91
69
53
38
23
11
-14
-34
-51
-69
-84
-93
-102
-104
-109
-107
-97
-88
-78
-75
-63
-46
-30
-15
0
13
35
56
79
100
117
136
148
158
174
181
186
192
192
200
193
188
187
180
181
178
171
166
154
146
141
135
130
121
112
112
107
100
89
71
53
29
9
-5
-19
-31
-41
-53
-69
-93
-113
-142
-163
-188
-209
-232
-253
-276
-300
-319
-345
-364
-383
-404
-411
-397
-353
-315
-300
-284
-274
-240
-209
-178
-157
-130
-109
-84
-36
-16
10
16
4
14
24
33
44
43
58
77
94
112
121
118
112
98
92
96
79
65
46
34
27
6
-14
-34
-53
-72
-89
-95
-103
-110
-110
-103
-87
-69
-60
-50
-36
-27
-14
-2
9
31
51
75
97
114
135
145
155
165
171
178
185
184
195
197
195
200
194
190
184
177
170
157
148
144
137
134
126
118
114
108
99
87
70
49
26
8
-4
-14
-24
-38
-54
-70
-92
-115
-137
-170
-195
-227
-248
-270
-294
-310
-337
-359
-384
-411
-418
-434
-405
-364
-331
-306
-295
-273
-235
-200
-171
-145
-119
-89
-62
-16
8
34
37
33
35
45
48
56
57
69
94
109
126
134
133
130
120
107
113
92
79
61
50
41
28
1
-13
-35
-54
-71
-85
-86
-94
-94
-90
-74
-60
-40
-30
-7
1
13
17
24
42
66
87
108
123
144
165
174
186
186
185
185
185
192
202
196
203
199
199
194
183
169
156
140
132
123
115
111
106
108
100
92
74
56
36
21
1
-10
-29
-38
-51
-64
-80
-100
-123
-146
-170
-200
-223
-259
-278
-308
-320
-343
-362
-384
-410
-415
-401
-361
-315
-299
-286
-274
-239
-192
-164
-131
-114
-73
-53
3
34
53
71
53
56
68
66
73
66
68
95
108
127
133
136
127
125
107
115
100
80
66
51
45
31
7
-10
-26
-41
-56
-75
-76
-91
-92
-89
-74
-61
-41
-25
-1
17
28
35
38
50
69
89
113
127
147
173
186
203
202
196
194
196
203
210
209
205
204
207
206
197
182
167
150
137
126
112
98
87
82
79
74
66
46
28
8
-6
-12
-25
-41
-63
-78
-94
-112
-137
-163
-185
-212
-234
-262
-288
-311
-341
-358
-384
-401
-415
-430
-387
-358
-305
-289
-276
-251
-215
-180
-144
-119
-94
-44
-22
42
69
90
97
86
77
101
76
86
74
86
118
132
142
149
145
128
126
96
106
76
64
43
38
29
22
-16
-19
-41
-48
-60
-83
-85
-101
-98
-95
-82
-71
-40
-27
9
21
39
44
49
58
81
93
119
133
148
181
190
213
215
208
208
206
209
219
206
209
200
199
198
187
173
156
133
122
107
86
69
51
45
42
33
25
1
-18
-38
-55
-60
-75
-92
-111
-130
-144
-161
-183
-211
-241
-271
-297
-320
-341
-351
-381
-393
-418
-431
-443
-442
-414
-362
-329
-313
-296
-279
-221
-192
-146
-129
-91
-53
-17
39
72
89
100
85
91
101
90
94
82
98
118
138
137
150
129
122
104
87
81
60
35
21
8
0
-14
-47
-53
-74
-79
-99
-107
-120
-125
-134
-125
-116
-94
-71
-49
-18
3
19
32
42
57
81
92
120
128
153
173
192
211
216
217
218
216
218
221
217
211
205
198
189
180
162
146
122
111
92
72
53
29
12
-3
-20
-36
-60
-78
-95
-104
-114
-125
-146
-170
-192
-220
-236
-268
-288
-321
-344
-369
-392
-412
-432
-452
-463
-479
-476
-469
-428
-377
-348
-320
-308
-270
-225
-182
-146
-112
-72
-25
16
75
98
127
129
126
126
128
119
115
112
124
150
166
179
176
167
149
130
100
94
59
42
17
4
-4
-20
-40
-49
-65
-74
-90
-108
-112
-126
-129
-131
-123
-107
-77
-59
-21
-6
18
35
53
76
96
108
123
139
161
190
211
232
240
251
259
267
270
270
261
255
245
234
217
198
177
163
149
136
118
96
75
53
32
8
-23
-55
-86
-110
-125
-135
-143
-155
-177
-203
-231
-263
-291
-325
-351
-394
-417
-452
-468
-487
-508
-514
-533
-522
-522
-472
-422
-366
-346
-324
-301
-248
-208
-165
-131
-86
-27
24
104
137
177
177
177
173
181
162
163
143
156
174
194
214
219
216
207
193
157
143
98
74
36
17
-6
-16
-47
-48
-62
-60
-79
-94
-106
-114
-117
-119
-122
-120
-106
-97
-62
-42
-10
8
38
55
95
111
139
145
163
180
197
216
226
242
261
277
289
301
296
299
285
285
267
252
217
192
167
152
134
116
95
74
58
31
0
-36
-72
-109
-130
-155
-171
-199
-219
-247
-272
-306
-343
-380
-413
-449
-483
-519
-554
-582
-622
-632
-664
-621
-676
-624
-461
-425
-355
-254
-268
-207
-126
-94
-75
5
77
144
256
327
402
448
465
424
408
360
316
251
220
175
180
152
123
149
129
108
73
41
-29
-57
-147
-190
-241
-234
-269
-240
-227
-156
-118
-60
-35
14
27
46
41
68
79
73
92
103
166
219
254
301
354
363
377
346
326
273
226
175
157
144
155
170
202
233
254
246
236
206
179
136
90
70
54
45
64
58
69
59
17
-22
-64
-149
-184
-271
-310
-347
-423
-446
-505
-562
-607
-659
-724
-753
-827
-827
-862
-846
-810
-771
-610
-416
-292
-100
11
175
301
326
316
384
361
423
411
437
524
532
516
485
424
355
209
12
-74
-193
-265
-322
-353
-294
-192
-191
-122
-108
-82
-82
-140
-156
-123
-138
-113
-87
-6
134
174
221
253
280
265
210
103
98
34
5
-5
16
82
114
111
140
152
134
114
65
77
82
89
110
157
211
266
282
317
353
360
338
322
284
286
256
227
220
222
211
202
190
184
175
127
97
31
-2
-79
-154
-203
-234
-274
-307
-331
-330
-339
-355
-432
-474
-561
-625
-707
-775
-835
-840
-861
-821
-761
-705
-595
-539
-321
-169
12
105
207
318
446
443
430
427
451
503
470
460
446
450
372
294
170
96
-53
-215
-326
-371
-386
-380
-408
-319
-206
-120
-79
-68
-34
21
8
-5
14
50
102
102
161
247
309
290
263
225
229
153
42
-33
-56
-58
-69
-82
-38
17
63
85
108
149
174
174
187
228
266
298
325
366
429
468
467
475
471
459
411
340
283
239
188
140
86
75
59
38
15
-11
-52
-106
-191
-253
-285
-331
-359
-382
-371
-345
-333
-341
-370
-414
-465
-544
-618
-715
-769
-836
-822
-827
-749
-699
-593
-462
-224
-59
132
201
300
417
472
451
393
371
377
421
388
412
371
394
309
245
124
27
-176
-295
-428
-446
-464
-460
-435
-299
-164
-33
24
65
128
151
143
101
98
119
136
127
205
271
346
331
310
280
261
150
30
-93
-141
-177
-209
-211
-165
-92
-10
60
133
210
251
275
295
327
343
345
352
396
447
479
495
511
532
522
448
362
277
208
129
40
-28
-45
-61
-52
-59
-60
-73
-112
-180
-222
-285
-334
-396
-420
-411
-407
-378
-400
-372
-412
-416
-519
-560
-674
-720
-808
-821
-830
-763
-692
-590
-362
-138
105
240
361
459
585
562
489
372
340
335
327
283
269
276
288
250
166
71
-75
-229
-373
-475
-534
-560
-568
-483
-341
-177
-39
74
175
262
281
274
239
197
157
109
113
167
206
233
257
286
319
274
173
61
-39
-128
-210
-280
-288
-253
-180
-72
44
159
261
338
416
460
456
420
392
387
403
388
393
421
455
493
481
446
397
315
216
110
-3
-93
-173
-217
-204
-185
-161
-161
-158
-152
-166
-227
-281
-353
-377
-414
-431
-447
-435
-443
-434
-446
-468
-513
-582
-637
-687
-726
-763
-740
-713
-559
-351
-115
111
286
435
601
680
651
544
417
351
322
229
159
101
134
170
151
78
4
-105
-201
-335
-470
-548
-588
-594
-527
-417
-244
-75
53
185
309
400
426
367
299
248
194
161
110
95
127
169
215
248
236
218
163
86
11
-79
-158
-210
-226
-179
-101
-10
99
223
350
469
521
544
526
505
467
407
338
305
287
298
308
307
311
296
269
211
130
32
-57
-139
-193
-233
-253
-247
-234
-195
-179
-150
-165
-154
-184
-200
-238
-299
-319
-400
-399
-492
-477
-572
-547
-633
-622
-690
-679
-689
-640
-614
-492
-315
-92
116
259
401
561
686
696
613
490
458
406
325
179
87
71
96
17
-52
-162
-190
-265
-355
-472
-504
-525
-510
-493
-403
-255
-108
-6
111
251
387
455
430
401
384
369
313
231
167
153
147
144
132
123
116
99
52
15
-28
-72
-117
-141
-130
-81
-24
58
153
282
413
513
571
601
616
614
560
475
395
333
293
253
196
163
141
135
109
64
12
-31
-79
-121
-162
-203
-221
-236
-231
-217
-214
-201
-194
-167
-151
-145
-167
-188
-227
-264
-328
-400
-498
-564
-642
-687
-757
-781
-788
-728
-665
-570
-377
-170
82
225
378
490
645
658
606
474
424
398
340
207
105
86
123
86
-17
-105
-151
-194
-289
-415
-472
-475
-486
-465
-419
-269
-117
-7
96
251
383
487
459
437
436
413
346
244
154
143
122
97
69
47
53
57
16
-6
-47
-75
-91
-128
-120
-94
-51
21
112
220
355
454
554
622
656
672
643
583
507
405
329
257
192
135
86
61
59
31
12
-23
-48
-65
-93
-125
-151
-171
-167
-165
-169
-165
-162
-130
-112
-89
-89
-107
-118
-154
-189
-293
-361
-482
-542
-646
-720
-818
-852
-845
-813
-754
-680
-480
-235
14
182
327
490
664
730
653
549
483
473
391
236
107
89
114
71
-29
-99
-97
-130
-221
-338
-390
-376
-409
-439
-398
-273
-133
-46
32
187
357
456
472
452
508
505
436
314
216
190
163
73
18
-7
5
5
-52
-69
-62
-64
-76
-105
-95
-35
-15
26
84
193
319
406
479
577
645
688
667
614
578
513
429
329
233
168
102
40
12
-18
-30
-49
-68
-52
-47
-72
-87
-107
-83
-72
-93
-120
-121
-97
-64
-83
-92
-98
-93
-88
-161
-226
-295
-358
-454
-568
-694
-759
-828
-879
-909
-899
-821
-691
-478
-266
-20
178
401
575
737
744
701
623
573
506
360
200
95
82
55
-11
-91
-98
-100
-114
-194
-254
-285
-292
-335
-343
-306
-225
-169
-99
-5
160
290
376
414
487
546
547
473
395
337
283
185
78
3
-35
-75
-129
-165
-150
-130
-113
-104
-62
2
51
70
109
185
272
335
365
432
512
591
597
578
556
558
519
437
319
231
163
100
25
-47
-85
-91
-79
-63
-45
-35
-18
4
33
53
44
18
0
-2
4
-17
-57
-62
-70
-61
-106
-154
-222
-266
-351
-445
-561
-667
-748
-838
-902
-943
-938
-904
-830
-658
-424
-161
63
283
497
728
848
823
758
688
654
526
338
149
96
48
11
-91
-113
-95
-75
-116
-154
-175
-154
-203
-255
-261
-218
-183
-167
-152
-14
132
252
308
370
489
576
565
508
441
395
330
181
55
-51
-124
-188
-253
-270
-241
-215
-174
-123
-42
44
88
133
208
281
350
355
379
432
490
510
497
473
502
499
453
379
304
262
198
108
26
-23
-39
-53
-79
-77
-43
-9
16
16
35
65
67
41
-1
-14
-19
-50
-86
-122
-127
-132
-157
-222
-267
-328
-392
-488
-596
-688
-785
-849
-930
-941
-947
-882
-776
-549
-327
-60
151
398
617
802
834
819
770
736
637
456
271
168
125
61
-39
-105
-85
-65
-76
-122
-133
-123
-123
-188
-202
-202
-171
-180
-171
-113
16
101
188
249
369
471
511
489
462
426
385
264
129
8
-86
-164
-247
-315
-319
-303
-261
-215
-144
-38
60
139
214
291
366
420
433
461
482
499
498
472
463
465
439
386
316
262
228
173
104
47
17
7
-16
-32
-37
-21
-3
16
23
49
56
56
41
22
12
-16
-59
-100
-111
-130
-139
-209
-249
-308
-332
-423
-523
-648
-736
-810
-894
-935
-971
-910
-856
-670
-491
-217
-6
246
461
689
833
847
836
785
766
644
497
317
261
184
130
24
-30
-44
-49
-100
-139
-178
-173
-209
-248
-264
-237
-232
-208
-212
-114
-15
77
136
204
306
402
423
402
380
354
335
233
135
36
-36
-107
-177
-250
-272
-283
-256
-210
-152
-66
12
91
194
279
360
404
438
473
506
501
486
443
427
400
356
306
252
214
182
138
110
88
61
35
9
2
9
-6
-15
-18
9
34
35
23
19
26
26
6
-33
-64
-85
-113
-152
-200
-254
-313
-381
-464
-557
-642
-741
-811
-885
-900
-908
-869
-811
-663
-465
-232
-11
202
432
640
797
834
844
824
799
717
574
442
361
296
209
107
12
-24
-72
-131
-205
-245
-259
-285
-322
-330
-300
-262
-230
-209
-137
-33
53
109
151
226
308
343
336
321
324
325
274
191
126
69
17
-73
-156
-206
-229
-245
-243
-227
-157
-79
2
95
198
306
381
429
476
523
531
509
457
436
414
374
304
251
214
196
158
119
90
77
72
55
35
27
20
17
16
22
37
51
55
57
63
61
48
9
-10
-35
-54
-90
-139
-172
-220
-275
-359
-436
-529
-590
-684
-762
-822
-852
-838
-802
-742
-635
-459
-253
-40
144
350
541
712
794
804
806
801
768
667
547
433
370
272
156
41
-39
-96
-170
-256
-308
-330
-333
-354
-359
-311
-255
-213
-183
-145
-56
16
55
85
132
201
247
253
259
279
287
274
225
188
150
96
15
-66
-131
-176
-223
-253
-248
-202
-133
-68
9
115
224
319
384
423
473
504
511
481
442
407
378
319
263
207
183
160
128
94
85
82
77
54
45
57
70
67
53
58
76
90
91
98
110
128
116
92
60
41
8
-35
-100
-148
-193
-250
-328
-416
-480
-539
-591
-669
-707
-727
-705
-684
-661
-592
-509
-348
-204
-21
134
316
472
634
730
767
794
787
781
692
580
451
376
257
143
-8
-96
-177
-251
-327
-370
-377
-357
-360
-335
-280
-216
-169
-138
-109
-34
13
48
60
89
141
175
182
192
214
234
241
202
189
158
130
64
-6
-60
-87
-134
-163
-193
-175
-136
-98
-46
32
116
213
281
340
392
432
449
444
412
385
351
316
277
228
194
163
139
115
95
79
78
66
67
60
58
64
70
84
100
122
142
167
187
208
204
185
148
109
53
-4
-84
-132
-197
-234
-293
-338
-388
-415
-445
-489
-520
-575
-578
-619
-604
-638
-587
-569
-447
-333
-161
-21
165
334
512
641
709
739
751
743
682
579
449
339
227
102
-36
-148
-235
-300
-369
-406
-419
-390
-370
-336
-292
-208
-155
-97
-77
-24
21
54
57
61
75
99
108
107
128
144
162
155
151
150
138
97
48
0
-34
-72
-122
-152
-166
-155
-139
-123
-79
-11
66
133
191
255
330
380
406
415
426
437
418
374
326
280
237
175
109
56
24
5
-5
-7
11
40
79
118
157
197
232
257
271
273
269
248
218
186
148
98
46
-13
-52
-103
-124
-176
-186
-233
-246
-309
-325
-384
-418
-478
-525
-548
-568
-560
-573
-531
-504
-406
-321
-172
-56
120
247
401
507
593
615
642
615
584
484
377
262
181
62
-44
-164
-224
-278
-314
-346
-344
-309
-261
-221
-172
-101
-58
-10
-17
8
17
25
-6
-14
-28
-5
-19
-20
-10
25
54
73
86
124
150
153
130
106
89
58
7
-44
-80
-98
-107
-115
-84
-33
33
106
181
262
346
400
444
456
469
453
420
365
305
236
174
111
65
32
13
8
24
51
94
131
170
209
250
282
296
301
307
307
301
281
251
226
195
162
116
69
19
-14
-62
-84
-120
-132
-150
-167
-190
-230
-253
-323
-360
-449
-478
-538
-548
-594
-576
-567
-502
-446
-323
-221
-56
64
213
305
413
446
486
482
466
417
349
275
208
158
75
17
-64
-89
-150
-157
-207
-192
-210
-178
-188
-143
-139
-105
-112
-92
-92
-75
-93
-93
-97
-78
-66
-61
-43
-5
44
77
104
123
163
175
185
161
152
125
108
62
34
-4
-17
-41
-41
-35
2
39
90
137
201
257
303
329
343
354
350
335
298
262
218
184
144
119
95
88
83
94
112
143
173
208
239
274
299
314
312
311
306
301
280
252
228
215
201
170
130
95
65
37
-10
-52
-98
-127
-172
-214
-261
-302
-341
-388
-426
-478
-508
-548
-572
-588
-591
-586
-562
-522
-436
-349
-223
-121
27
137
272
339
410
451
488
484
439
380
329
279
192
105
12
-37
-114
-171
-242
-253
-266
-258
-267
-232
-190
-151
-139
-122
-96
-63
-66
-81
-91
-77
-62
-65
-62
-31
16
60
85
117
167
204
221
211
208
197
180
129
83
45
17
-23
-57
-73
-55
-31
-2
34
89
156
212
254
286
327
358
371
367
351
332
298
257
213
179
145
118
103
113
134
164
190
223
274
325
366
382
397
407
411
382
344
303
266
222
167
115
72
25
-26
-71
-114
-144
-188
-229
-262
-289
-322
-368
-411
-459
-485
-534
-564
-599
-614
-620
-619
-603
-582
-523
-438
-325
-201
-66
63
199
314
409
467
516
525
522
474
415
342
271
179
89
-4
-70
-144
-203
-257
-275
-279
-277
-268
-244
-194
-151
-121
-106
-83
-61
-48
-60
-64
-65
-54
-60
-51
-29
14
52
89
130
180
214
228
228
227
218
181
126
70
28
-13
-56
-92
-102
-92
-71
-37
12
78
150
214
276
329
377
401
410
408
398
377
345
302
266
239
209
184
171
178
201
226
256
289
325
355
375
384
382
364
337
299
257
216
165
112
56
10
-34
-79
-129
-163
-193
-207
-228
-249
-269
-280
-301
-326
-363
-385
-421
-439
-482
-491
-517
-509
-523
-509
-486
-450
-371
-307
-189
-96
40
139
266
342
421
457
489
484
456
399
333
276
196
114
24
-37
-98
-140
-188
-209
-217
-209
-204
-177
-149
-116
-103
-85
-84
-63
-69
-73
-81
-75
-72
-70
-67
-43
-5
28
61
88
133
165
191
192
200
190
167
125
88
49
13
-33
-65
-75
-65
-49
-22
21
82
153
219
278
337
385
431
457
470
469
456
434
405
369
332
292
251
217
195
185
177
176
178
195
216
234
239
240
238
234
219
194
160
130
97
67
28
-2
-33
-60
-89
-113
-130
-152
-165
-182
-194
-213
-238
-274
-317
-345
-386
-414
-458
-482
-498
-498
-496
-485
-462
-429
-369
-295
-207
-113
-6
99
203
293
361
410
450
462
454
411
359
304
254
174
94
12
-48
-111
-159
-203
-222
-228
-227
-214
-187
-153
-131
-113
-101
-79
-68
-67
-74
-70
-63
-58
-60
-49
-25
5
29
54
88
125
149
159
155
155
143
119
90
65
48
31
15
9
25
44
76
107
160
216
277
322
369
405
438
455
460
452
433
406
371
334
290
242
193
155
124
107
96
90
97
118
145
169
184
206
220
236
235
231
213
200
176
149
112
79
42
4
-34
-68
-95
-123
-141
-163
-172
-194
-207
-244
-258
-294
-299
-339
-345
-379
-374
-391
-381
-379
-360
-338
-310
-275
-230
-160
-100
-9
54
154
213
290
308
352
355
370
333
299
249
221
177
122
57
14
-31
-78
-125
-164
-173
-189
-195
-206
-186
-173
-147
-148
-124
-111
-80
-77
-62
-50
-29
-30
-26
-19
10
39
49
66
81
110
124
138
141
156
152
156
153
159
153
155
149
161
168
188
198
225
244
272
294
315
327
336
348
340
339
321
316
287
263
227
205
176
158
134
131
125
130
133
142
160
180
193
202
204
215
219
214
197
184
165
146
114
83
52
26
-7
-47
-76
-109
-128
-168
-189
-217
-222
-248
-255
-276
-273
-277
-282
-285
-281
-268
-260
-249
-242
-223
-213
-197
-203
-168
-152
-95
-61
9
60
137
180
225
254
285
297
287
256
223
197
151
95
22
-18
-74
-113
-176
-200
-222
-217
-230
-215
-204
-163
-143
-119
-100
-67
-45
-34
-27
-24
-8
-14
-10
-18
5
13
34
36
61
81
114
126
150
164
184
195
202
206
209
208
202
202
202
205
209
216
227
242
252
269
273
288
288
298
292
295
281
276
256
243
222
209
191
173
161
153
150
147
146
148
160
167
167
165
167
166
158
141
124
103
82
48
14
-16
-42
-69
-95
-123
-139
-151
-159
-160
-158
-147
-145
-133
-139
-124
-135
-128
-145
-149
-160
-174
-192
-214
-228
-244
-257
-277
-270
-263
-216
-188
-129
-91
-19
23
77
105
147
165
181
164
151
138
119
84
37
6
-30
-60
-110
-134
-160
-163
-183
-178
-173
-142
-134
-116
-107
-79
-65
-60
-66
-60
-45
-40
-40
-44
-18
0
26
32
64
94
128
140
160
181
201
205
206
208
215
218
209
209
213
225
227
237
244
263
274
288
287
300
301
306
296
290
276
265
237
215
192
173
152
123
104
91
83
74
67
64
77
82
94
97
107
111
115
108
102
92
87
69
51
33
21
3
-16
-34
-45
-49
-59
-59
-64
-64
-74
-82
-91
-96
-114
-136
-163
-181
-206
-229
-263
-282
-299
-309
-327
-339
-342
-331
-301
-270
-219
-167
-97
-47
13
49
97
130
148
154
145
148
127
110
68
46
19
3
-38
-63
-93
-106
-122
-135
-137
-129
-114
-107
-96
-81
-64
-60
-56
-51
-34
-25
-24
-21
-4
12
33
39
66
95
125
146
164
191
212
230
230
247
256
271
265
272
274
288
292
291
295
299
304
301
300
287
286
267
258
239
226
200
178
154
136
117
102
84
78
78
78
80
82
85
94
96
99
100
104
107
110
106
102
99
94
89
81
75
68
57
44
31
23
9
-8
-20
-33
-40
-61
-78
-107
-122
-149
-168
-195
-211
-227
-236
-251
-258
-270
-278
-285
-296
-300
-317
-314
-318
-303
-282
-254
-215
-174
-122
-77
-23
11
61
82
117
125
133
132
125
111
96
71
46
15
-15
-38
-62
-78
-92
-101
-100
-94
-91
-79
-73
-49
-38
-16
-10
3
10
25
28
42
49
60
78
89
110
129
159
184
210
231
266
289
317
326
338
344
352
343
337
315
302
280
261
243
225
211
197
185
174
165
151
145
133
131
123
117
106
101
97
97
91
88
83
84
91
99
104
110
112
119
125
129
130
127
127
124
121
109
92
74
55
38
23
3
-12
-31
-43
-61
-75
-95
-110
-128
-140
-151
-165
-172
-185
-185
-196
-200
-213
-222
-237
-243
-256
-270
-286
-300
-300
-300
-279
-261
-220
-181
-129
-89
-46
-9
32
57
77
86
98
96
93
78
67
48
31
9
-8
-20
-30
-35
-40
-30
-24
-11
-7
11
21
42
45
55
58
71
77
86
88
96
103
111
122
134
149
166
184
206
231
255
274
287
297
303
306
297
289
276
263
247
230
216
202
190
179
168
166
164
164
164
163
168
171
170
165
154
147
138
126
111
103
97
94
86
92
98
111
115
123
129
142
146
148
140
132
120
99
81
56
36
11
-7
-27
-40
-51
-60
-70
-78
-89
-100
-113
-127
-137
-148
-162
-175
-187
-194
-201
-204
-208
-212
-221
-223
-231
-232
-238
-242
-243
-241
-231
-225
-211
-194
-173
-145
-119
-95
-75
-55
-32
-19
-1
10
20
25
27
25
31
30
30
26
29
34
36
40
40
49
56
63
67
76
81
91
91
96
99
101
103
106
106
111
116
120
128
141
159
174
191
207
225
239
252
253
257
259
257
252
241
233
227
215
205
194
186
175
166
161
158
155
147
136
132
130
128
123
110
106
103
101
99
97
100
105
108
112
119
124
128
124
119
108
92
70
47
21
-3
-27
-49
-66
-77
-87
-94
-98
-102
-98
-100
-101
-110
-112
-116
-120
-125
-136
-140
-150
-153
-163
-170
-184
-193
-204
-211
-218
-225
-227
-232
-225
-223
-212
-207
-191
-175
-156
-139
-117
-101
-83
-67
-53
-40
-29
-13
-3
13
24
35
39
50
52
60
57
58
53
51
46
44
37
34
30
28
30
33
39
46
55
69
82
93
108
123
141
155
167
171
184
189
197
203
205
207
209
211
218
219
219
217
216
213
208
202
192
180
172
162
156
151
143
137
130
128
129
130
129
126
125
124
121
123
120
120
116
112
104
97
88
79
67
57
40
23
3
-13
-28
-41
-51
-57
-61
-66
-68
-72
-74
-78
-79
-87
-93
-100
-106
-115
-125
-135
-144
-153
-165
-171
-177
-181
-185
-190
-192
-197
-196
-200
-200
-198
-195
-192
-188
-184
-173
-164
-155
-141
-128
-112
-98
-85
-75
-60
-44
-32
-25
-17
-9
-4
-3
-2
-3
0
1
6
5
12
12
18
20
28
32
37
37
42
48
57
64
71
79
86
95
100
109
118
128
134
141
148
158
165
171
172
180
185
194
197
201
203
207
204
202
193
186
179
170
160
151
141
130
122
116
114
108
106
98
94
89
87
82
77
73
71
68
68
64
58
51
45
37
29
20
9
2
-3
-11
-20
-29
-39
-49
-60
-74
-81
-99
-105
-123
-126
-137
-138
-147
-152
-155
-154
-154
-155
-155
-155
-147
-147
-139
-143
-138
-144
-143
-152
-153
-163
-164
-168
-167
-167
-162
-159
-152
-145
-137
-125
-114
-100
-86
-70
-58
-47
-42
-33
-26
-21
-18
-19
-18
-19
-19
-21
-19
-21
-18
-18
-9
-5
1
6
10
17
24
29
35
40
48
58
64
75
85
96
112
128
140
154
165
174
180
190
192
195
193
194
193
198
193
189
182
176
169
158
150
140
132
123
111
100
95
88
83
79
78
77
75
71
66
64
58
51
43
34
26
20
9
1
-5
-8
-14
-19
-24
-27
-33
-40
-47
-52
-60
-69
-80
-90
-96
-102
-106
-112
-116
-123
-125
-126
-122
-119
-116
-120
-121
-125
-127
-130
-132
-139
-146
-149
-151
-151
-153
-155
-154
-150
-143
-138
-130
-122
-113
-98
-85
-71
-63
-52
-47
-41
-41
-38
-42
-40
-45
-45
-50
-50
-55
-51
-53
-50
-44
-37
-25
-19
-6
3
12
16
25
34
47
52
59
64
76
85
94
99
107
114
127
134
142
151
160
163
167
170
174
176
178
175
174
173
170
161
155
151
145
138
131
130
128
122
114
105
102
97
86
76
66
58
49
40
29
25
21
17
13
12
13
12
6
-1
-2
-1
-1
-8
-11
-14
-16
-17
-23
-29
-32
-37
-44
-51
-59
-67
-76
-83
-93
-100
-109
-115
-116
-115
-115
-112
-109
-105
-101
-101
-100
-100
-100
-98
-98
-98
-98
-96
-96
-94
-90
-87
-81
-77
-73
-69
-62
-57
-53
-51
-46
-44
-42
-39
-37
-32
-28
-28
-26
-22
-20
-17
-12
-7
1
8
10
13
17
21
23
26
29
34
40
41
44
49
53
59
64
70
75
82
85
93
101
109
114
120
124
135
141
144
145
146
152
154
151
144
142
140
140
134
129
121
118
112
108
102
94
83
74
68
60
51
39
27
20
17
13
8
4
4
5
6
5
3
3
1
-3
-9
-13
-17
-23
-26
-31
-33
-31
-33
-37
-38
-38
-39
-42
-50
-56
-61
-66
-71
-75
-76
-80
-82
-84
-84
-84
-85
-86
-88
-89
-89
-87
-87
-86
-84
-82
-78
-74
-72
-66
-61
-55
-51
-47
-44
-39
-35
-29
-25
-21
-18
-15
-11
-10
-11
-11
-11
-10
-8
-7
-9
-10
-10
-10
-7
-7
-5
-3
1
8
16
25
30
36
41
50
57
67
73
78
81
87
91
94
98
101
105
109
111
113
118
120
119
122
124
126
127
126
127
128
128
122
116
112
106
98
90
83
77
70
61
51
41
32
24
15
11
9
6
4
0
-2
1
3
4
5
6
7
10
11
12
11
10
10
9
8
7
5
-1
-4
-9
-14
-22
-30
-38
-45
-48
-51
-56
-61
-64
-65
-64
-60
-59
-56
-54
-52
-50
-51
-52
-54
-52
-48
-44
-41
-37
-33
-28
-23
-17
-11
-8
-7
-7
-9
-8
-9
-10
-9
-10
-9
-10
-7
-4
0
2
6
10
13
16
17
21
23
30
32
35
37
39
41
43
43
50
53
56
58
58
60
65
71
76
79
83
86
89
91
95
100
100
98
98
100
100
103
105
106
108
106
103
98
93
87
79
71
65
60
53
46
39
33
26
24
17
12
8
5
4
3
5
7
9
9
12
14
16
16
18
19
18
15
12
8
3
-2
-6
-12
-15
-19
-21
-25
-28
-30
-32
-33
-34
-36
-36
-38
-41
-44
-46
-44
-44
-44
-45
-45
-45
-44
-44
-42
-40
-37
-34
-34
-32
-27
-25
-20
-17
-13
-9
-5
-3
0
2
4
5
8
9
8
6
7
9
9
8
9
10
13
15
16
21
27
29
30
32
34
36
38
37
40
45
46
48
48
53
58
64
65
66
69
72
74
73
73
74
75
75
74
71
71
68
62
60
62
60
56
51
49
48
45
41
37
34
32
29
24
22
20
17
11
7
3
0
-4
-5
-6
-7
-8
-10
-9
-7
-4
-4
-6
-8
-9
-11
-13
-15
-16
-17
-18
-19
-22
-22
-20
-21
-24
-28
-31
-33
-34
-37
-41
-45
-48
-51
-52
-53
-51
-50
-48
-49
-49
-50
-53
-48
-46
-45
-43
-40
-37
-33
-32
-32
-30
-27
-22
-20
-18
-17
-18
-18
-19
-17
-13
-10
-6
-3
-1
2
6
6
8
10
11
13
14
14
15
16
18
23
25
26
27
27
26
27
29
32
37
40
41
42
45
48
50
51
51
50
52
52
52
49
47
48
47
46
45
46
47
49
48
47
47
44
43
39
35
32
27
21
15
9
5
1
-2
-2
-2
-4
-2
-3
-1
0
0
2
5
8
9
9
8
7
5
1
1
-1
-2
-4
-4
-4
-4
-5
-7
-9
-10
-11
-11
-12
-14
-15
-18
-21
-23
-23
-27
-28
-31
-31
-29
-27
-27
-27
-26
-23
-20
-21
-19
-16
-14
-12
-11
-9
-6
-2
-2
-1
-2
1
6
11
16
15
16
19
20
21
22
23
24
24
25
25
26
27
24
25
26
27
31
34
35
33
31
35
36
35
34
33
35
37
40
39
41
43
46
46
48
50
52
50
48
46
46
47
45
42
40
36
35
35
32
29
25
25
24
22
19
15
13
12
9
6
3
1
0
-2
-5
-7
-6
-3
-4
-7
-7
-6
-4
-3
-3
-5
-3
-4
-7
-9
-9
-10
-11
-15
-17
-18
-19
-22
-25
-27
-29
-32
-35
-37
-38
-38
-37
-36
-36
-33
-31
-31
-32
-31
-30
-28
-28
-30
-32
-30
-30
-31
-30
-29
-27
-25
-23
-20
-18
-15
-12
-10
-9
-7
-7
-5
-3
0
3
5
7
8
9
10
11
13
13
12
12
9
8
8
8
7
6
6
6
8
11
13
13
12
13
16
21
23
26
30
33
35
38
38
38
39
40
40
39
35
32
29
27
28
27
23
19
17
15
15
15
14
14
15
11
8
7
5
5
3
2
2
1
-1
-2
-3
-4
-3
-5
-6
-8
-8
-6
-6
-8
-10
-11
-11
-10
-9
-12
-14
-15
-16
-15
-13
-13
-15
-15
-14
-14
-14
-14
-14
-13
-15
-16
-16
-16
-16
-18
-21
-22
-22
-23
-24
-27
-27
-25
-20
-18
-17
-14
-10
-7
-4
-3
-2
-1
1
3
7
9
10
13
13
13
14
14
12
14
16
15
17
18
17
19
18
21
22
24
24
23
22
23
24
23
21
19
18
19
18
21
23
27
30
32
33
35
37
40
40
41
42
40
37
36
36
38
39
37
36
34
33
33
30
25
24
23
25
24
22
19
15
11
7
5
5
4
1
-1
-4
-6
-6
-5
-3
-3
0
3
3
2
2
4
8
9
7
6
6
2
0
-2
-5
-8
-10
-11
-11
-13
-16
-18
-18
-15
-12
-11
-11
-12
-11
-10
-10
-11
-14
-12
-11
-9
-9
-8
-7
-4
-3
-2
-1
-1
2
6
9
10
9
8
8
9
10
15
15
16
20
21
22
25
26
27
26
27
29
31
31
29
29
25
22
18
17
15
13
12
11
10
7
7
7
12
15
17
18
23
29
34
34
36
38
42
44
41
39
34
31
29
28
27
24
23
20
17
12
13
12
11
10
8
7
5
5
3
2
2
2
3
5
6
8
7
4
0
0
0
-1
-2
-4
-2
-2
-4
-10
-11
-11
-10
-9
-11
-14
-17
-21
-23
-23
-24
-25
-25
-24
-23
-22
-22
-20
-20
-16
-13
-12
-11
-10
-12
-13
-14
-15
-17
-17
-16
-15
-16
-18
-19
-17
-14
-12
-7
-5
-5
-2
0
5
8
11
11
12
13
13
12
9
7
7
6
4
5
5
4
2
2
3
3
4
5
4
4
3
3
3
2
2
3
4
6
10
13
18
19
22
21
21
23
26
26
25
22
18
16
14
12
10
10
7
5
5
5
4
3
4
5
6
5
4
3
3
2
0
-2
-4
-4
-3
-3
-7
-9
-8
-7
-7
-7
-8
-10
-12
-14
-17
-19
-20
-21
-21
-21
-19
-19
-20
-20
-17
-15
-14
-14
-13
-12
-14
-16
-18
-18
-17
-16
-16
-17
-16
-17
-17
-19
-20
-19
-19
-18
-18
-15
-14
-13
-13
-12
-9
-7
-4
-2
1
3
6
7
7
6
6
4
5
6
6
3
3
3
4
6
6
7
8
9
7
6
4
6
7
9
9
8
9
7
7
6
6
6
8
7
7
7
7
8
9
9
5
4
5
7
9
8
8
11
11
11
6
2
1
3
3
2
1
0
0
0
-1
-2
0
-1
-2
-5
-7
-8
-10
-10
-12
-12
-12
-13
-15
-17
-18
-20
-21
-23
-25
-26
-24
-23
-23
-24
-27
-27
-29
-27
-24
-26
-28
-30
-32
-30
-27
-28
-26
-27
-28
-30
-30
-31
-32
-31
-31
-30
-27
-28
-28
-30
-31
-30
-29
-30
-32
-31
-30
-27
-24
-21
-21
-20
-18
-15
-13
-12
-14
-15
-14
-13
-13
-12
-13
-14
-15
-16
-18
-20
-19
-17
-17
-17
-17
-15
-17
-20
-21
-25
-26
-27
-29
-28
-29
-28
-30
-31
-28
-26
-26
-27
-26
-25
-26
-26
-27
-24
-22
-24
-24
-26
-27
-27
-27
-28
-27
-28
-28
-30
-29
-31
-32
-31
-31
-29
-29
-30
-31
-33
-36
-41
-40
-42
-41
-43
-44
-45
-48
-48
-46
-48
-50
-52
-51
-50
-49
-48
-49
-52
-52
-52
-53
-54
-55
-54
-52
-49
-49
-50
-53
-53
-52
-50
-49
-49
-49
-50
-52
-56
-57
-59
-58
-57
-57
-55
-56
-57
-56
-51
-49
-49
-47
-47
-47
-45
-42
-40
-43
-40
-39
-38
-41
-34
-39
-32
-35
-31
-31
-33
-25
-36
-28
-35
-32
-34
-35
-35
-35
-33
-34
-31
-33
-33
-34
-34
-35
-37
-36
-34
-31
-32
-34
-35
-35
-33
-34
-32
-34
-33
-33
-31
-30
-30
-32
-34
-35
-35
-33
-33
-34
-33
-32
-32
-36
-39
-40
-40
-42
-42
-44
-42
-41
-42
-42
-42
-42
-42
-43
-45
-45
-43
-40
-41
-40
-43
-45
-47
-48
-47
-49
-49
-52
-50
-52
-52
-49
-49
-46
-47
-49
-49
-48
-48
-48
-49
-48
-48
-47
-47
-44
-47
-46
-47
-46
-45
-45
-46
-45
-44
-43
-43
-41
-43
-41
-38
-37
-38
-36
-36
-34
-31
-29
-31
-31
-28
-26
-22
-21
-20
-19
-20
-23
-24
-24
-24
-22
-23
-23
-23
-25
-25
-23
-23
-20
-20
-18
-19
-19
-17
-18
-17
-18
-17
-16
-15
-15
-15
-16
-17
-18
-17
-18
-18
-17
-20
-20
-20
-20
-21
-20
-21
-19
-21
-22
-23
-25
-25
-26
-27
-28
-29
-28
-31
-29
-29
-28
-27
-28
-30
-29
-28
-27
-27
-31
-33
-33
-31
-32
-31
-34
-39
-42
-40
-39
-39
-38
-38
-38
-37
-41
-43
-45
-47
-47
-45
-43
-41
-41
-43
-42
-42
-44
-45
-43
-42
-41
-42
-43
-44
-43
-42
-43
-44
-42
-42
-42
-42
-43
-40
-36
-36
-36
-35
-34
-33
-35
-36
-33
-31
-30
-30
-33
-35
-34
-30
-30
-32
-31
-32
-32
-34
-36
-36
-37
-36
-35
-35
-34
-33
-31
-30
-30
-27
-25
-24
-24
-24
-22
-20
-19
-23
-26
-27
-25
-23
-23
-25
-25
-27
-27
-26
-27
-29
-27
-27
-24
-24
-24
-25
-27
-28
-27
-26
-28
-27
-29
-31
-30
-31
-35
-37
-37
-37
-36
-36
-34
-34
-33
-31
-30
-30
-30
-31
-32
-32
-32
-34
-37
-36
-35
-35
-37
-38
-39
-38
-37
-34
-33
-33
-35
-37
-38
-37
-37
-37
-37
-37
-35
-36
-36
-37
-34
-33
-32
-34
-33
-31
-30
-31
-32
-32
-29
-28
-28
-29
-30
-32
-30
-28
-26
-26
-23
-23
-23
-24
-22
-22
-21
-19
-17
-17
-16
-17
-17
-17
-17
-16
-17
-17
-18
-17
-16
-16
-16
-14
-14
-13
-14
-13
-11
-9
-6
-7
-8
-8
-6
-6
-6
-9
-10
-11
-8
-9
-10
-9
-9
-8
-8
-7
-7
-8
-11
-13
-12
-10
-11
-12
-14
-15
-16
-19
-20
-22
-24
-22
-20
-20
-19
-21
-22
-23
-23
-22
-21
-22
-22
-22
-23
-23
-24
-25
-26
-25
-23
-22
-26
-27
-27
-26
-28
-30
-30
-27
-25
-24
-23
-25
-24
-23
-23
-22
-23
-22
-21
-20
-21
-23
-24
-25
-24
-23
-24
-25
-23
-24
-24
-22
-24
-21
-19
-19
-16
-16
-16
-15
-14
-13
-12
-11
-10
-10
-12
-12
-12
-11
-12
-13
-13
-14
-13
-13
-14
-16
-18
-17
-15
-16
-15
-13
-13
-11
-10
-10
-9
-5
-5
-5
-5
-5
-1
1
-1
0
-1
-5
-6
-6
-6
-7
-7
-8
-10
-12
-13
-13
-12
-14
-14
-14
-13
-12
-11
-11
-12
-12
-12
-12
-13
-14
-14
-15
-17
-17
-20
-20
-21
-23
-24
-25
-27
-27
-28
-28
-28
-29
-27
-27
-27
-27
-26
-28
-30
-28
-27
-25
-22
-22
-25
-25
-26
-24
-24
-26
-26
-27
-27
-28
-30
-31
-30
-32
-32
-33
-31
-29
-28
-27
-27
-23
-24
-24
-24
-25
-24
-22
-23
-21
-21
-20
-20
-21
-22
-21
-22
-22
-22
-23
-24
-25
-25
-24
-25
-27
-28
-29
-31
-32
-29
-27
-24
-22
-22
-22
-20
-19
-17
-17
-16
-17
-17
-19
-19
-19
-18
-17
-19
-22
-25
-25
-25
-25
-26
-26
-26
-26
-26
-23
-24
-24
-27
-27
-25
-23
-22
-24
-25
-25
-24
-27
-30
-32
-32
-32
-30
-31
-31
-28
-28
-29
-32
-35
-35
-32
-32
-32
-33
-34
-36
-35
-35
-34
-34
-33
-34
-34
-33
-33
-36
-39
-39
-38
-36
-33
-33
-34
-37
-40
-40
-38
-36
-36
-36
-35
-36
-38
-38
-39
-37
-36
-32
-32
-33
-32
-30
-29
-26
-26
-27
-26
-26
-26
-27
-28
-29
-28
-29
-27
-27
-26
-28
-29
-27
-25
-24
-26
-27
-28
-28
-25
-25
-23
-25
-26
-29
-28
-27
-25
-23
-25
-23
-21
-23
-22
-22
-22
-21
-19
-16
-15
-14
-16
-16
-16
-14
-12
-11
-12
-14
-15
-16
-15
-16
-17
-18
-18
-18
-18
-17
-16
-18
-20
-21
-18
-17
-20
-20
-21
-22
-23
-23
-24
-24
-23
-25
-26
-26
-22
-21
-22
-24
-26
-24
-23
-23
-24
-24
-25
-26
-27
-27
-26
-22
-20
-21
-22
-24
-23
-21
-19
-21
-22
-22
-22
-20
-19
-19
-22
-23
-22
-23
-23
-22
-23
-22
-20
-22
-22
-25
-23
-22
-21
-20
-17
-15
-14
-13
-14
-15
-17
-17
-16
-14
-17
-18
-17
-15
-15
-15
-17
-18
-17
-17
-14
-15
-14
-12
-13
-17
-19
-19
-18
-17
-16
-14
-13
-14
-17
-17
-16
-14
-12
-12
-14
-13
-12
-11
-10
-11
-13
-13
-13
-11
-11
-13
-14
-16
-15
-15
-15
-13
-13
-14
-14
-16
-15
-14
-14
-16
-16
-16
-17
-17
-16
-13
-14
-15
-17
-18
-18
-18
-19
-19
-19
-18
-19
-22
-23
-24
-22
-20
-20
-21
-21
-22
-23
-21
-22
-22
-22
-23
-25
-26
-26
-25
-26
-27
-27
-31
-30
-28
-28
-29
-30
-33
-32
-30
-30
-30
-31
-31
-30
-31
-32
-31
-31
-32
-33
-29
-28
-25
-24
-27
-27
-25
-23
-21
-22
-23
-25
-26
-23
-23
-24
-26
-25
-26
-24
-23
-21
-21
-22
-21
-21
-22
-22
-20
-18
-17
-17
-18
-17
-19
-19
-19
-20
-18
-17
-17
-14
-13
-14
-15
-16
-18
-16
-15
-14
-13
-15
-13
-9
-8
-11
-12
-12
-11
-11
-11
-12
-12
-10
-11
-10
-11
-12
-13
-12
-12
-12
-12
-15
-15
-17
-18
-16
-16
-16
-17
-18
-20
-21
-20
-19
-17
-18
-17
-16
-16
-15
-16
-16
-16
-14
-15
-16
-17
-21
-22
-22
-22
-24
-25
-23
-23
-23
-23
-22
-21
-19
-20
-20
-19
-19
-20
-20
-19
-21
-21
-22
-22
-22
-23
-25
-26
-27
-27
-25
-24
-24
-23
-22
-20
-21
-22
-23
-23
-23
-22
-20
-19
-18
-19
-19
-18
-15
-13
-12
-11
-13
-14
-13
-15
-15
-11
-10
-10
-11
-12
-13
-14
-13
-12
-10
-11
-11
-11
-11
-11
-9
-9
-8
-8
-7
-4
-2
-3
-3
-4
-4
-2
-2
-2
-5
-6
-6
-6
-7
-7
-7
-8
-10
-11
-10
-7
-7
-6
-7
-7
-8
-7
-9
-10
-10
-9
-9
-9
-10
-10
-9
-9
-9
-9
-10
-7
-6
-6
-6
-6
-6
-5
-8
-8
-9
-10
-7
-7
-9
-10
-10
-11
-8
-7
-8
-9
-10
-10
-10
-7
-8
-6
-4
-4
-4
-5
-9
-10
-9
-8
-8
-9
-10
-10
-9
-8
-8
-9
-8
-7
-4
-2
-3
-4
-3
-1
-2
-3
-4
-3
-5
-3
-4
-1
1
1
1
-1
-2
-2
1
4
3
2
1
0
-2
-1
0
2
3
1
0
-2
-1
1
2
2
0
0
0
3
4
2
0
-2
-4
-1
0
-1
-1
-3
-5
-5
-4
-2
-2
-2
-3
0
1
1
0
-2
0
0
-2
-2
-3
-4
-5
-5
-5
-6
-4
-7
-8
-9
-9
-10
-8
-7
-8
-11
-12
-11
-10
-10
-12
-13
-15
-15
-14
-15
-15
-17
-18
-18
-17
-16
-15
-17
-17
-17
-15
-16
-19
-20
-20
-18
-16
-15
-17
-21
-20
-21
-22
-22
-22
-19
-18
-17
-19
-21
-20
-19
-18
-18
-18
-18
-18
-18
-19
-20
-22
-22
-23
-22
-19
-18
-17
-19
-19
-20
-19
-20
-20
-21
-22
-21
-19
-17
-15
-17
-17
-16
-14
-14
-16
-17
-15
-14
-14
-14
-13
-14
-16
-19
-19
-19
-17
-16
-15
-16
-18
-18
-21
-19
-18
-18
-17
-18
-18
-17
-17
-16
-16
-17
-18
-20
-21
-21
-21
-22
-23
-24
-26
-24
-23
-25
-24
-22
-23
-22
-23
-25
-26
-26
-26
-24
-24
-27
-27
-28
-27
-25
-26
-27
-30
-30
-28
-28
-29
-31
-33
-33
-31
-32
-32
-33
-33
-31
-29
-30
-30
-31
-29
-30
-29
-27
-27
-27
-27
-28
-27
-28
-30
-33
-34
-31
-29
-28
-29
-28
-29
-30
-32
-34
-34
-32
-29
-29
-30
-31
-32
-33
-33
-30
-29
-29
-30
-32
-32
-32
-32
-31
-31
-32
-34
-33
-33
-30
-29
-29
-31
-32
-31
-29
-29
-34
-35
-35
-35
-35
-34
-34
-30
-30
-31
-31
-32
-32
-31
-32
-30
-29
-30
-29
-30
-30
-32
-32
-31
-31
-29
-30
-33
-32
-30
-30
-33
-34
-32
-30
-28
-28
-30
-32
-31
-31
-32
-31
-29
-30
-32
-33
-33
-33
-33
-33
-35
-35
-33
-32
-31
-32
-33
-34
-35
-37
-37
-37
-37
-38
-38
-39
-39
-38
-41
-43
-44
-45
-42
-40
-41
-45
-44
-44
-43
-44
-46
-46
-47
-46
-44
-44
-46
-45
-46
-44
-42
-43
-43
-43
-43
-41
-38
-39
-39
-41
-42
-42
-42
-41
-43
-43
-44
-43
-42
-42
-40
-39
-39
-38
-37
-38
-38
-39
-38
-36
-35
-35
-37
-40
-41
-42
-42
-41
-44
-42
-40
-41
-43
-43
-44
-41
-40
-41
-40
-40
-41
-41
-41
-40
-40
-40
-42
-44
-43
-42
-40
-39
-39
-40
-41
-41
-40
-40
-41
-44
-47
-48
-46
-45
-45
-45
-47
-46
-45
-43
-42
-43
-45
-47
-45
-44
-44
-46
-48
-48
-46
-45
-46
-46
-48
-48
-52
-54
-54
-53
-50
-49
-51
-52
-54
-54
-51
-51
-50
-50
-52
-53
-53
-54
-53
-52
-53
-54
-55
-53
-51
-52
-54
-54
-53
-50
-52
-53
-53
-51
-49
-50
-51
-49
-49
-49
-50
-52
-53
-51
-50
-48
-49
-51
-52
-51
-49
-47
-50
-49
-48
-47
-44
-44
-46
-48
-49
-49
-47
-46
-48
-50
-48
-47
-48
-49
-51
-50
-49
-48
-46
-43
-44
-44
-46
-48
-47
-46
-47
-47
-46
-43
-41
-42
-45
-45
-46
-47
-47
-48
-46
-45
-46
-46
-47
-49
-49
-47
-47
-47
-48
-47
-47
-45
-44
-44
-47
-47
-45
-45
-42
-42
-44
-44
-47
-49
-48
-46
-44
-44
-44
-45
-45
-45
-46
-47
-45
-45
-44
-43
-42
-44
-44
-44
-45
-48
-48
-47
-46
-45
-46
-48
-48
-47
-46
-45
-47
-48
-46
-46
-42
-41
-41
-43
-42
-40
-40
-40
-39
-39
-38
-38
-41
-41
-42
-43
-43
-43
-44
-43
-42
-41
-41
-39
-40
-40
-41
-41
-40
-39
-39
-41
-42
-41
-41
-42
-42
-42
-42
-41
-42
-41
-41
-44
-43
-43
-41
-42
-44
-44
-41
-39
-39
-39
-40
-39
-39
-40
-39
-39
-40
-40
-40
-41
-41
-39
-40
-39
-39
-38
-38
-39
-40
-41
-39
-39
-40
-39
-42
-43
-46
-44
-43
-42
-44
-45
-46
-47
-45
-46
-46
-47
-48
-48
-49
-49
-50
-50
-50
-47
-47
-47
-50
-50
-49
-47
-46
-48
-49
-48
-49
-49
-47
-49
-49
-51
-49
-48
-47
-48
-49
-48
-48
-48
-48
-49
-49
-47
-46
-46
-44
-44
-44
-45
-46
-47
-48
-48
-48
-47
-46
-46
-48
-48
-47
-47
-46
-46
-47
-45
-43
-43
-43
-45
-44
-44
-44
-44
-43
-44
-44
-42
-42
-44
-44
-45
-45
-45
-45
-45
-46
-45
-45
-47
-48
-49
-51
-49
-47
-46
-47
-47
-45
-44
-42
-41
-44
-45
-46
-45
-45
-45
-44
-45
-46
-44
-44
-45
-47
-47
-46
-45
-46
-46
-45
-46
-45
-45
-44
-45
-46
-48
-49
-48
-47
-49
-51
-52
-52
-52
-52
-52
-50
-50
-49
-51
-51
-50
-49
-49
-46
-47
-47
-48
-47
-45
-44
-42
-46
-48
-49
-49
-47
-45
-46
-47
-49
-48
-47
-46
-46
-46
-46
-46
-47
-46
-46
-48
-47
-45
-43
-43
-44
-47
-48
-48
-46
-46
-46
-46
-47
-45
-47
-46
-48
-49
-47
-47
-47
-45
-45
-46
-46
-46
-48
-47
-46
-47
-48
-48
-48
-48
-50
-52
-53
-51
-48
-48
-49
-49
-50
-51
-51
-52
-52
-51
-50
-50
-50
-53
-52
-51
-49
-48
-50
-49
-49
-48
-47
-47
-48
-49
-48
-47
-48
-48
-48
-49
-48
-49
-49
-49
-48
-51
-51
-51
-50
-48
-49
-51
-50
-50
-47
-48
-48
-49
-49
-48
-49
-53
-53
-52
-49
-47
-47
-48
-49
-48
-46
-43
-42
-44
-46
-44
-43
-41
-42
-46
-48
-47
-45
-45
-44
-44
-44
-44
-42
-42
-41
-42
-43
-45
-45
-45
-44
-42
-41
-43
-44
-43
-45
-43
-42
-40
-41
-42
-41
-42
-43
-42
-42
-41
-41
-40
-43
-46
-46
-46
-46
-44
-42
-42
-43
-41
-41
-43
-47
-50
-50
-48
-45
-44
-44
-45
-48
-50
-50
-48
-46
-46
-47
-48
-48
-49
-50
-50
-49
-47
-48
-49
-49
-49
-48
-49
-51
-51
-50
-49
-48
-48
-47
-45
-45
-47
-49
-50
-49
-49
-50
-50
-50
-49
-52
-53
-54
-54
-54
-54
-56
-54
-52
-52
-54
-55
-55
-53
-53
-56
-58
-59
-59
-58
-56
-55
-56
-56
-58
-57
-54
-52
-52
-51
-52
-53
-54
-54
-54
-53
-52
-53
-54
-55
-55
-55
-54
-55
-53
-52
-51
-51
-51
-54
-54
-53
-53
-53
-53
-53
-56
-55
-56
-57
-57
-57
-57
-57
-58
-55
-53
-49
-47
-48
-52
-55
-56
-58
-56
-57
-56
-55
-52
-52
-52
-52
-55
-57
-55
-55
-54
-55
-55
-55
-52
-52
-53
-55
-54
-54
-53
-53
-54
-51
-51
-53
-57
-60
-58
-55
-53
-54
-56
-55
-52
-49
-50
-53
-53
-52
-50
-49
-51
-52
-52
-52
-52
-53
-55
-56
-54
-54
-53
-52
-52
-50
-50
-51
-53
-52
-51
-49
-50
-49
-46
-44
-47
-49
-50
-48
-47
-46
-47
-47
-48
-47
-46
-46
-45
-45
-46
-45
-44
-44
-43
-44
-42
-41
-42
-42
-41
-41
-42
-41
-45
-47
-47
-46
-44
-41
-41
-42
-43
-43
-42
-42
-41
-40
-40
-40
-40
-42
-43
-42
-41
-43
-41
-40
-39
-37
-38
-37
-36
-35
-37
-37
-37
-37
-37
-37
-37
-35
-35
-35
-35
-34
-34
-34
-35
-35
-34
-34
-35
-35
-36
-35
-34
-34
-34
-35
-35
-35
-35
-35
-33
-34
-32
-31
-33
-36
-36
-36
-35
-35
-35
-37
-37
-36
-34
-32
-31
-29
-29
-29
-30
-31
-32
-33
-32
-32
-33
-34
-35
-36
-33
-30
-30
-29
-30
-30
-29
-27
-29
-30
-30
-30
-30
-28
-29
-30
-29
-29
-28
-26
-27
-28
-28
-29
-28
-27
-26
-25
-24
-26
-26
-27
-28
-27
-26
-26
-26
-25
-24
-24
-25
-26
-26
-25
-24
-23
-24
-25
-23
-23
-24
-24
-24
-25
-23
-22
-22
-22
-23
-24
-24
-23
-23
-21
-22
-22
-21
-20
-20
-22
-21
-19
-19
-20
-22
-21
-20
-20
-22
-22
-23
-23
-22
-23
-24
-23
-23
-23
-23
-21
-20
-21
-22
-24
-24
-23
-24
-22
-20
-21
-21
-24
-25
-24
-25
-24
-25
-24
-24
-25
-25
-27
-28
-25
-24
-24
-23
-23
-22
-22
-23
-26
-28
-30
-31
-31
-29
-29
-29
-28
-27
-27
-27
-28
-30
-31
-30
-30
-29
-29
-30
-30
-30
-29
-30
-30
-29
-30
-29
-28
-28
-27
-25
-27
-30
-31
-30
-30
-30
-31
-32
-29
-28
-27
-28
-29
-28
-27
-25
-24
-24
-25
-24
-23
-23
-24
-25
-27
-27
-26
-25
-23
-24
-25
-26
-26
-26
-24
-22
-21
-22
-22
-22
-24
-26
-26
-24
-22
-20
-19
-21
-22
-23
-24
-26
-26
-27
-25
-24
-23
-24
-24
-23
-24
-25
-24
-22
-25
-25
-22
-20
-21
-24
-23
-24
-20
-21
-21
-22
-22
-21
-21
-21
-21
-20
-21
-21
-21
-21
-22
-23
-24
-23
-23
-23
-24
-25
-25
-24
-23
-20
-20
-23
-23
-23
-20
-19
-18
-20
-20
-17
-15
-18
-21
-21
-21
-20
-21
-22
-20
-19
-16
-17
-16
-17
-17
-14
-12
-14
-16
-16
-14
-13
-13
-13
-14
-12
-9
-7
-8
-7
-8
-9
-7
-7
-7
-8
-8
-9
-9
-9
-8
-8
-10
-11
-11
-6
-4
-6
-8
-10
-10
-6
-7
-8
-9
-10
-9
-8
-7
-5
-6
-7
-7
-7
-6
-7
-9
-9
-9
-8
-9
-8
-7
-5
-5
-6
-7
-6
-6
-6
-6
-7
-8
-8
-7
-5
-5
-6
-7
-8
-7
-6
-5
-5
-7
-9
-11
-11
-11
-11
-12
-12
-13
-13
-13
-10
-12
-13
-14
-15
-15
-14
-13
-14
-14
-13
-12
-13
-13
-13
-12
-11
-14
-14
-12
-12
-12
-14
-13
-13
-15
-14
-14
-13
-11
-13
-14
-14
-12
-13
-14
-15
-14
-13
-12
-11
-12
-12
-13
-12
-14
-15
-14
-16
-16
-14
-13
-12
-11
-11
-11
-12
-14
-15
-16
-16
-14
-12
-11
-13
-14
-13
-11
-10
-9
-10
-11
-10
-10
-10
-11
-11
-13
-13
-12
-12
-11
-10
-11
-12
-10
-10
-11
-13
-14
-15
-13
-14
-14
-15
-16
-16
-18
-17
-16
-17
-20
-22
-21
-19
-18
-17
-18
-19
-16
-16
-18
-20
-21
-21
-20
-19
-20
-20
-20
-20
-18
-19
-20
-20
-21
-21
-22
-21
-21
-20
-20
-19
-18
-18
-18
-20
-21
-20
-21
-22
-23
-22
-22
-22
-21
-19
-21
-20
-19
-20
-21
-21
-22
-23
-25
-27
-27
-25
-24
-24
-22
-21
-22
-20
-22
-23
-22
-23
-23
-21
-19
-19
-18
-19
-20
-19
-17
-19
-20
-20
-21
-21
-19
-18
-17
-18
-20
-23
-22
-20
-18
-19
-19
-21
-20
-19
-19
-20
-20
-18
-16
-16
-16
-17
-17
-18
-16
-16
-15
-14
-13
-12
-11
-12
-13
-15
-15
-14
-15
-14
-16
-15
-13
-12
-12
-15
-14
-13
-14
-14
-14
-13
-13
-13
-14
-14
-15
-15
-15
-15
-15
-14
-13
-12
-13
-14
-14
-14
-13
-12
-14
-16
-17
-17
-17
-15
-15
-15
-16
-15
-13
-14
-13
-14
-14
-13
-13
-17
-16
-15
-16
-17
-20
-20
-18
-17
-16
-16
-18
-18
-17
-16
-15
-17
-19
-19
-19
-17
-17
-18
-20
-21
-19
-18
-18
-18
-18
-18
-17
-16
-15
-15
-13
-13
-12
-11
-11
-12
-13
-15
-14
-13
-14
-17
-19
-18
-18
-18
-18
-20
-21
-20
-18
-14
-11
-10
-13
-15
-14
-14
-13
-13
-13
-13
-11
-10
-11
-11
-10
-10
-12
-12
-13
-13
-12
-11
-10
-9
-9
-10
-11
-12
-12
-11
-11
-11
-11
-12
-13
-14
-15
-12
-10
-10
-11
-15
-15
-14
-12
-13
-15
-17
-17
-16
-15
-18
-19
-20
-19
-19
-17
-18
-19
-19
-19
-20
-19
-18
-17
-19
-19
-18
-17
-17
-17
-19
-20
-18
-19
-18
-20
-21
-20
-19
-20
-25
-25
-23
-22
-20
-19
-19
-18
-17
-17
-16
-18
-19
-19
-18
-18
-20
-20
-19
-17
-18
-18
-19
-19
-16
-14
-14
-16
-17
-19
-19
-18
-17
-18
-18
-20
-20
-20
-19
-20
-21
-20
-19
-19
-19
-19
-18
-18
-17
-17
-18
-20
-21
-21
-20
-22
-22
-21
-19
-19
-20
-20
-19
-19
-18
-19
-21
-20
-19
-17
-17
-18
-19
-21
-21
-22
-21
-20
-18
-17
-19
-20
-21
-21
-23
-23
-23
-21
-19
-22
-24
-24
-23
-22
-23
-25
-26
-25
-23
-24
-23
-25
-25
-24
-25
-25
-24
-24
-26
-26
-27
-28
-28
-29
-29
-30
-29
-28
-27
-25
-26
-30
-30
-29
-29
-28
-28
-28
-26
-24
-25
-23
-24
-26
-26
-25
-25
-25
-24
-26
-24
-22
-19
-19
-20
-22
-24
-24
-22
-19
-19
-19
-20
-22
-22
-22
-21
-20
-19
-19
-17
-15
-14
-13
-14
-15
-14
-15
-18
-16
-16
-16
-15
-15
-17
-17
-19
-20
-20
-17
-12
-12
-13
-16
-15
-16
-18
-16
-14
-13
-14
-14
-14
-13
-12
-14
-16
-18
-16
-18
-18
-17
-15
-13
-15
-17
-18
-17
-14
-13
-13
-13
-13
-14
-13
-13
-13
-13
-12
-11
-11
-11
-12
-15
-14
-15
-14
-13
-15
-15
-14
-14
-17
-19
-19
-18
-17
-15
-16
-19
-20
-19
-19
-17
-17
-17
-19
-22
-20
-18
-16
-17
-19
-20
-18
-17
-17
-18
-20
-21
-19
-18
-17
-17
-20
-22
-21
-18
-17
-17
-18
-19
-19
-19
-20
-19
-19
-17
-18
-19
-21
-23
-21
-21
-21
-20
-20
-21
-20
-21
-23
-22
-22
-22
-23
-23
-21
-21
-19
-18
-19
-20
-21
-22
-23
-22
-22
-23
-24
-24
-26
-26
-25
-24
-25
-24
-24
-26
-24
-23
-25
-25
-27
-27
-27
-27
-27
-27
-26
-25
-28
-29
-28
-28
-27
-25
-26
-25
-26
-26
-26
-27
-26
-27
-27
-26
-27
-29
-31
-33
-31
-29
-30
-31
-31
-31
-32
-32
-32
-34
-34
-34
-35
-34
-34
-34
-33
-34
-34
-34
-36
-39
-39
-37
-34
-30
-30
-31
-34
-33
-33
-33
-33
-34
-34
-32
-33
-35
-38
-38
-36
-34
-32
-33
-33
-33
-33
-32
-35
-35
-34
-34
-36
-38
-40
-41
-39
-39
-39
-40
-39
-37
-38
-37
-37
-36
-35
-38
-40
-40
-38
-35
-33
-34
-36
-36
-36
-34
-35
-36
-38
-38
-37
-34
-33
-34
-36
-38
-37
-36
-36
-37
-36
-34
-33
-34
-36
-38
-39
-39
-38
-40
-41
-42
-42
-42
-42
-43
-42
-42
-44
-41
-40
-39
-39
-42
-44
-43
-42
-42
-41
-40
-39
-40
-40
-39
-39
-38
-39
-40
-39
-40
-40
-40
-41
-42
-41
-40
-40
-41
-41
-41
-39
-41
-43
-42
-42
-41
-41
-43
-42
-41
-40
-40
-38
-38
-37
-35
-37
-38
-38
-36
-36
-35
-36
-37
-38
-38
-38
-39
-39
-39
-39
-39
-38
-36
-37
-34
-34
-35
-33
-32
-35
-35
-34
-35
-35
-35
-36
-37
-37
-35
-35
-33
-33
-34
-34
-33
-32
-32
-34
-33
-31
-31
-32
-34
-33
-30
-29
-29
-28
-28
-27
-27
-25
-27
-29
-28
-27
-26
-27
-27
-27
-27
-27
-29
-29
-30
-29
-28
-26
-25
-25
-25
-29
-29
-30
-29
-28
-27
-25
-24
-21
-22
-25
-27
-28
-28
-26
-25
-23
-25
-29
-28
-27
-25
-25
-25
-25
-25
-26
-26
-26
-26
-26
-27
-28
-24
-22
-21
-21
-23
-23
-22
-21
-24
-25
-24
-23
-23
-23
-24
-23
-23
-23
-24
-27
-28
-27
-26
-26
-27
-26
-22
-20
-20
-22
-23
-22
-21
-20
-23
-24
-25
-23
-21
-23
-26
-26
-24
-22
-22
-22
-23
-25
-24
-22
-21
-22
-24
-22
-22
-23
-23
-24
-25
-23
-23
-25
-24
-22
-21
-22
-23
-23
-22
-22
-23
-27
-29
-28
-28
-28
-28
-29
-29
-28
-29
-29
-29
-29
-28
-27
-25
-26
-27
-28
-28
-26
-27
-28
-29
-28
-25
-24
-24
-25
-26
-27
-29
-29
-30
-31
-31
-29
-27
-26
-26
-29
-31
-31
-29
-28
-29
-29
-29
-29
-29
-28
-30
-30
-32
-33
-30
-29
-26
-26
-28
-32
-34
-34
-32
-32
-31
-32
-29
-31
-28
-36
-28
-28
-38
-20
-37
-21
-30
-25
-30
-29
-31
-31
-30
-26
-27
-25
-28
-26
-27
-25
-27
-28
-31
-29
-31
-28
-33
-29
-32
-31
-30
-28
-30
-33
-33
-34
-30
-30
-31
-32
-31
-30
-31
-32
-33
-33
-32
-31
-31
-31
-32
-29
-34
-35
-35
-33
-32
-31
-33
-36
-34
-33
-33
-33
-32
-28
-26
-26
-27
-30
-30
-29
-29
-31
-32
-32
-30
-28
-27
-26
-28
-29
-32
-31
-31
-31
-30
-30
-30
-31
-33
-31
-30
-29
-31
-32
-31
-29
-27
-30
-31
-30
-28
-28
-29
-30
-28
-29
-29
-27
-25
-23
-23
-24
-27
-25
-23
-22
-21
-21
-22
-22
-20
-20
-21
-19
-18
-18
-19
-20
-21
-22
-22
-22
-22
-21
-21
-21
-20
-22
-23
-22
-19
-19
-19
-19
-19
-19
-20
-20
-21
-21
-20
-21
-18
-17
-16
-16
-17
-18
-18
-18
-16
-17
-15
-13
-13
-12
-13
-15
-15
-16
-17
-17
-17
-17
-16
-15
-16
-16
-18
-16
-18
-17
-17
-15
-13
-15
-13
-18
-15
-15
-14
-13
-13
-14
-16
-17
-17
-16
-16
-16
-16
-13
-14
-13
-13
-14
-14
-13
-11
-10
-9
-10
-11
-10
-9
-8
-8
-10
-10
-10
-11
-13
-13
-12
-12
-11
-12
-13
-13
-12
-11
-12
-13
-14
-14
-13
-12
-13
-14
-14
-13
-14
-13
-14
-13
-12
-11
-11
-12
-14
-16
-18
-17
-17
-15
-13
-15
-17
-15
-14
-13
-11
-13
-16
-16
-15
-16
-16
-14
-11
-8
-9
-10
-12
-10
-9
-10
-12
-14
-13
-13
-12
-11
-11
-11
-10
-11
-11
-11
-9
-12
-13
-16
-17
-15
-15
-14
-12
-12
-13
-14
-15
-16
-16
-15
-16
-15
-17
-16
-15
-14
-14
-15
-17
-19
-18
-15
-15
-16
-16
-16
-16
-15
-16
-14
-15
-16
-18
-20
-19
-14
-14
-15
-18
-20
-20
-20
-21
-22
-22
-21
-20
-21
-21
-20
-21
-20
-22
-25
-24
-22
-22
-21
-22
-24
-23
-23
-24
-24
-22
-24
-25
-23
-20
-19
-17
-20
-21
-22
-20
-20
-21
-20
-19
-18
-17
-17
-20
-20
-20
-20
-17
-17
-18
-19
-20
-19
-17
-16
-18
-19
-20
-19
-17
-18
-20
-21
-20
-18
-18
-19
-20
-21
-21
-19
-18
-18
-20
-18
-18
-17
-18
-20
-20
-18
-17
-17
-18
-16
-16
-18
-17
-17
-18
-18
-18
-18
-17
-14
-14
-16
-16
-16
-16
-16
-19
-19
-17
-18
-18
-18
-18
-18
-17
-17
-17
-18
-18
-18
-17
-14
-14
-15
-17
-18
-18
-20
-21
-21
-21
-19
-18
-16
-17
-18
-19
-20
-20
-17
-14
-13
-14
-15
-15
-14
-13
-14
-15
-15
-14
-13
-13
-13
-14
-13
-12
-12
-13
-13
-12
-11
-12
-12
-13
-11
-11
-12
-13
-14
-14
-14
-13
-13
-15
-17
-18
-17
-17
-17
-18
-20
-18
-16
-16
-17
-18
-19
-19
-19
-21
-20
-19
-19
-19
-18
-17
-15
-16
-16
-15
-13
-12
-11
-9
-11
-10
-10
-10
-9
-8
-8
-10
-10
-10
-10
-11
-13
-15
-15
-14
-11
-10
-12
-13
-15
-15
-15
-15
-15
-16
-16
-15
-17
-19
-18
-19
-19
-21
-20
-20
-18
-19
-20
-20
-20
-17
-15
-16
-19
-19
-19
-18
-17
-16
-16
-17
-16
-17
-14
-13
-12
-14
-16
-16
-14
-14
-13
-10
-12
-16
-18
-19
-19
-17
-15
-15
-14
-17
-17
-18
-15
-14
-14
-13
-15
-15
-17
-16
-15
-14
-14
-17
-16
-14
-13
-15
-16
-15
-14
-13
-14
-10
-12
-9
-7
-8
-8
-11
-11
-11
-11
-9
-10
-9
-10
-10
-11
-10
-8
-8
-7
-8
-9
-9
-9
-10
-8
-9
-7
-6
-6
-6
-10
-11
-12
-10
-9
-8
-10
-9
-11
-13
-15
-14
-11
-8
-8
-8
-6
-7
-6
-8
-9
-11
-13
-13
-12
-11
-10
-10
-13
-14
-14
-14
-14
-13
-13
-13
-12
-11
-12
-12
-12
-11
-13
-14
-15
-14
-12
-12
-10
-17
-14
-19
-17
-18
-16
-15
-14
-15
-16
-16
-17
-17
-18
-18
-19
-17
-17
-16
-15
-14
-14
-14
-13
-14
-15
-14
-14
-14
-13
-16
-17
-16
-13
-11
-10
-13
-14
-14
-12
-12
-15
-17
-19
-19
-17
-14
-14
-14
-14
-15
-17
-16
-14
-14
-15
-15
-14
-14
-15
-15
-15
-13
-14
-15
-17
-16
-15
-15
-17
-17
-16
-13
-10
-10
-13
-14
-14
-13
-13
-15
-14
-14
-15
-14
-13
-11
-10
-11
-10
-9
-6
-7
-8
-8
-9
-9
-9
-9
-9
-6
-5
-6
-7
-8
-9
-9
-11
-12
-12
-10
-10
-9
-8
-7
-8
-7
-8
-9
-7
-9
-8
-10
-10
-12
-14
-14
-11
-9
-11
-12
-12
-10
-7
-7
-8
-9
-9
-9
-7
-7
-6
-6
-7
-5
-4
-5
-3
-2
-3
-1
-1
-2
-4
-3
-3
-3
-2
0
0
1
-1
-1
-3
-1
0
2
3
5
5
3
4
4
3
5
4
4
4
5
7
3
2
2
3
2
5
4
5
9
8
6
5
5
3
5
7
8
7
8
6
7
7
9
10
9
8
6
7
8
8
9
9
9
9
10
10
9
8
8
8
8
8
8
7
7
6
8
8
8
10
9
9
8
9
8
7
6
6
9
9
9
9
8
7
7
7
8
7
8
8
8
9
11
10
10
11
10
7
6
5
6
8
7
7
6
8
8
6
7
9
8
9
9
7
8
8
7
6
5
5
7
8
7
6
6
4
2
4
3
3
2
3
3
4
5
5
5
4
6
5
7
5
4
4
4
2
3
1
-2
-1
2
5
5
5
4
3
2
2
5
8
7
6
7
8
8
6
4
5
6
9
7
6
6
6
5
5
5
5
6
7
5
5
4
3
4
3
4
4
4
3
3
4
6
7
3
1
0
-3
-2
-3
-2
0
2
1
3
2
2
2
0
0
1
-1
-2
-3
-1
0
4
0
5
-11
-28
0
-29
-3
-8
-16
-1
-10
-1
-3
-6
2
-1
6
9
7
13
10
7
6
-2
-3
-5
-2
-2
-2
-5
-14
-7
-11
-9
-7
-10
-7
-6
-2
-1
1
4
6
7
7
4
5
6
6
7
7
7
7
6
5
5
4
4
4
4
1
1
3
4
4
4
2
4
6
8
8
9
8
7
7
6
6
6
9
10
12
11
10
10
7
5
3
4
3
4
4
3
2
3
3
2
5
6
4
2
4
5
7
9
8
6
6
7
8
8
7
9
8
8
7
7
8
7
7
8
8
7
7
7
10
10
9
10
10
12
12
9
8
8
9
10
9
8
6
7
6
6
5
5
4
4
6
6
3
1
1
2
2
2
1
0
2
1
3
4
4
3
0
-2
-1
1
3
1
3
3
2
2
1
2
4
5
6
4
4
4
6
8
8
6
4
3
1
2
1
6
2
4
3
1
5
4
5
2
1
-1
-1
1
1
2
1
0
2
0
0
1
0
1
1
1
1
1
3
1
3
3
2
3
3
3
4
2
2
0
-2
-4
-4
-3
-1
0
-1
-1
-3
-4
-5
-4
-4
-6
-6
-5
-3
-4
-7
-9
-7
-8
-7
-8
-10
-7
-5
-6
-8
-10
-11
-9
-7
-8
-9
-9
-7
-7
-10
-11
-13
-14
-16
-14
-12
-10
-9
-6
-6
-7
-8
-7
-7
-6
-5
-6
-7
-9
-10
-8
-8
-8
-7
-5
-5
-6
-8
-11
-13
-12
-11
-10
-12
-12
-11
-13
-13
-12
-10
-9
-9
-10
-11
-10
-10
-7
-6
-5
-7
-6
-6
-7
-6
-8
-8
-8
-8
-7
-4
-6
-7
-8
-10
-8
-7
-4
-4
-5
-4
-2
0
-1
-4
-6
-6
-4
-4
-5
-5
-6
-5
-6
-6
-7
-7
-7
-7
-7
-8
-10
-12
-12
-12
-13
-12
-14
-14
-16
-16
-15
-12
-9
-7
-8
-8
-8
-7
-7
-10
-11
-10
-10
-10
-10
-9
-7
-6
-8
-9
-8
-8
-9
-9
-9
-10
-10
-9
-10
-10
-12
-13
-13
-13
-12
-11
-9
-8
-12
-12
-14
-14
-11
-10
-12
-14
-14
-13
-13
-16
-17
-16
-14
-12
-12
-15
-17
-17
-16
-15
-13
-14
-14
-14
-13
-12
-10
-10
-11
-10
-11
-12
-12
-13
-13
-11
-10
-10
-9
-9
-9
-11
-13
-11
-10
-10
-10
-11
-10
-11
-9
-11
-12
-10
-8
-9
-10
-11
-10
-10
-11
-11
-13
-11
-9
-9
-10
-12
-13
-12
-13
-12
-14
-16
-16
-14
-11
-10
-9
-10
-13
-13
-14
-13
-12
-12
-10
-9
-7
-8
-9
-10
-11
-10
-9
-7
-9
-8
-7
-6
-6
-5
-7
-7
-4
-3
-2
-4
-6
-6
-4
-4
-6
-9
-9
-9
-9
-9
-8
-9
-9
-8
-9
-8
-7
-9
-6
-6
-6
-8
-9
-9
-10
-11
-10
-10
-10
-10
-10
-10
-11
-8
-9
-7
-7
-9
-11
-10
-10
-10
-11
-9
-8
-7
-5
-7
-7
-8
-9
-9
-9
-6
-5
-7
-11
-13
-12
-12
-13
-12
-11
-10
-8
-10
-12
-14
-13
-12
-10
-10
-11
-13
-11
-11
-10
-12
-13
-11
-9
-10
-12
-12
-11
-11
-12
-13
-13
-12
-11
-12
-12
-13
-13
-15
-16
-16
-14
-12
-14
-14
-16
-14
-14
-15
-16
-15
-13
-12
-14
-16
-18
-18
-16
-15
-16
-15
-14
-14
-14
-16
-18
-18
-19
-18
-16
-17
-16
-15
-16
-16
-17
-19
-16
-16
-16
-15
-19
-20
-19
-17
-17
-18
-16
-15
-16
-15
-14
-13
-15
-18
-19
-19
-17
-17
-19
-18
-18
-17
-16
-16
-16
-19
-19
-16
-14
-17
-21
-21
-20
-18
-15
-17
-18
-17
-16
-16
-16
-19
-18
-18
-17
-16
-16
-18
-20
-21
-22
-18
-16
-15
-14
-18
-17
-19
-19
-19
-18
-15
-13
-11
-13
-13
-15
-16
-19
-17
-16
-15
-13
-13
-14
-18
-18
-19
-18
-18
-17
-15
-15
-15
-15
-17
-18
-18
-18
-15
-13
-13
-13
-14
-13
-14
-14
-16
-16
-16
-13
-14
-16
-14
-14
-14
-15
-13
-13
-12
-10
-10
-10
-10
-11
-12
-12
-11
-12
-12
-12
-12
-12
-13
-13
-12
-13
-12
-12
-13
-14
-14
-14
-14
-16
-17
-17
-16
-16
-16
-17
-18
-19
-18
-19
-19
-18
-16
-14
-13
-13
-14
-15
-15
-13
-14
-15
-13
-13
-12
-11
-12
-14
-14
-14
-13
-12
-13
-12
-13
-12
-12
-13
-13
-14
-13
-11
-12
-13
-13
-15
-14
-12
-11
-9
-9
-13
-12
-12
-10
-10
-9
-11
-13
-15
-16
-17
-16
-14
-15
-15
-13
-12
-10
-9
-10
-9
-9
-8
-10
-11
-14
-12
-10
-9
-10
-10
-12
-12
-11
-11
-9
-10
-10
-9
-8
-8
-8
-10
-12
-12
-11
-11
-11
-9
-5
-5
-4
-7
-9
-8
-7
-4
-4
-4
-3
-5
-5
-5
-7
-7
-9
-12
-12
-12
-12
-10
-11
-11
-11
-13
-12
-11
-10
-8
-9
-8
-7
-7
-6
-7
-8
-8
-6
-6
-6
-5
-6
-6
-5
-6
-8
-10
-8
-6
-3
-3
-3
-5
-5
-7
-5
-4
-3
-3
-4
-5
-4
-5
-6
-6
-5
-5
-6
-7
-6
-4
-4
-5
-7
-7
-9
-9
-8
-6
-2
-3
-6
-9
-9
-6
-6
-7
-6
-7
-8
-7
-9
-8
-6
-7
-5
-5
-5
-6
-5
-6
-5
-3
-7
-3
-8
-3
-7
-7
-11
-10
-9
-10
-8
-8
-6
-7
-5
-8
-9
-8
-8
-8
-8
-7
-8
-9
-9
-11
-11
-14
-13
-13
-10
-10
-11
-11
-11
-11
-13
-14
-16
-15
-14
-13
-12
-13
-13
-12
-13
-14
-16
-17
-16
-15
-13
-12
-13
-17
-16
-16
-14
-12
-15
-17
-16
-19
-17
-16
-16
-18
-18
-17
-16
-17
-20
-22
-24
-24
-20
-17
-16
-17
-17
-18
-18
-21
-22
-20
-18
-17
-17
-20
-20
-19
-20
-21
-23
-24
-21
-16
-15
-14
-16
-17
-17
-16
-14
-15
-17
-18
-18
-18
-17
-18
-20
-23
-23
-20
-18
-17
-21
-24
-23
-22
-19
-18
-17
-18
-19
-19
-17
-16
-15
-16
-17
-17
-18
-18
-18
-18
-17
-20
-20
-20
-19
-17
-15
-15
-19
-20
-19
-19
-19
-18
-18
-18
-14
-17
-18
-18
-18
-18
-19
-18
-18
-13
-13
-13
-14
-16
-16
-19
-20
-20
-17
-16
-17
-17
-17
-18
-20
-21
-22
-20
-21
-19
-17
-18
-19
-22
-21
-19
-19
-19
-20
-22
-22
-20
-18
-15
-15
-16
-17
-19
-19
-16
-15
-17
-19
-19
-17
-16
-19
-21
-21
-19
-20
-20
-19
-20
-20
-20
-21
-22
-23
-23
-23
-20
-19
-22
-23
-24
-25
-25
-26
-28
-30
-30
-29
-29
-29
-29
-30
-29
-27
-27
-26
-28
-26
-25
-24
-25
-26
-26
-27
-25
-24
-23
-25
-27
-26
-23
-23
-22
-25
-27
-27
-26
-24
-24
-25
-27
-26
-26
-27
-27
-26
-27
-28
-27
-28
-29
-30
-30
-29
-29
-28
-29
-30
-29
-29
-29
-30
-30
-31
-30
-30
-28
-26
-26
-28
-30
-29
-27
-25
-27
-28
-28
-30
-29
-30
-28
-27
-24
-23
-26
-26
-28
-28
-30
-30
-30
-31
-28
-28
-31
-33
-33
-33
-33
-30
-29
-29
-28
-29
-31
-32
-31
-31
-30
-29
-28
-28
-26
-26
-28
-30
-30
-30
-29
-27
-28
-31
-32
-32
-30
-32
-32
-32
-30
-30
-29
-30
-33
-31
-31
-30
-33
-35
-35
-33
-31
-30
-31
-34
-35
-34
-32
-32
-31
-31
-32
-32
-32
-32
-30
-30
-32
-32
-34
-35
-34
-31
-28
-28
-26
-26
-27
-29
-31
-33
-32
-30
-29
-28
-29
-28
-28
-28
-28
-30
-30
-28
-27
-27
-29
-33
-32
-32
-32
-33
-32
-28
-28
-26
-27
-27
-29
-29
-30
-29
-29
-30
-29
-30
-28
-27
-30
-32
-31
-31
-30
-30
-33
-32
-30
-27
-25
-27
-29
-28
-25
-23
-23
-25
-26
-25
-23
-21
-22
-24
-27
-26
-25
-26
-28
-30
-30
-29
-28
-29
-27
-24
-22
-22
-23
-24
-25
-26
-27
-28
-28
-30
-28
-27
-28
-29
-29
-27
-23
-22
-24
-25
-26
-26
-26
-27
-29
-29
-28
-30
-30
-28
-26
-26
-25
-25
-25
-22
-22
-22
-23
-24
-23
-21
-21
-22
-22
-22
-22
-22
-21
-23
-23
-22
-20
-19
-20
-21
-23
-23
-21
-17
-17
-16
-16
-17
-16
-15
-15
-15
-15
-13
-13
-13
-13
-15
-14
-14
-14
-14
-13
-11
-11
-12
-14
-16
-14
-13
-13
-14
-14
-13
-13
-12
-12
-13
-14
-15
-14
-12
-13
-12
-11
-11
-10
-9
-12
-13
-11
-10
-8
-10
-10
-8
-6
-4
-5
-7
-7
-5
-5
-7
-8
-11
-10
-11
-11
-10
-8
-8
-7
-7
-9
-8
-8
-8
-6
-7
-7
-7
-7
-8
-10
-11
-10
-8
-9
-10
-9
-8
-9
-12
-13
-13
-11
-7
-4
-5
-8
-10
-9
-8
-7
-7
-7
-7
-7
-7
-6
-7
-6
-9
-10
-8
-7
-6
-6
-9
-12
-12
-12
-11
-10
-9
-7
-5
-4
-6
-7
-8
-8
-6
-5
-6
-2
-3
-6
-6
-7
-7
-6
-5
-7
-8
-8
-7
-7
-7
-9
-11
-12
-11
-10
-7
-6
-6
-4
-5
-6
-6
-7
-7
-8
-6
-5
-4
-4
-6
-8
-8
-10
-9
-8
-7
-5
-4
-5
-4
-1
-1
-2
-4
-4
-4
-5
-6
-4
-4
-3
-4
-5
-5
-6
-7
-5
-6
-5
-3
-4
-6
-7
-8
-7
-4
-3
-3
-3
-4
-4
-3
-5
-6
-6
-7
-5
-6
-5
-7
-7
-8
-9
-7
-6
-4
-1
-2
-2
-3
-4
-5
-7
-5
-4
-5
-5
-6
-6
-7
-6
-4
-4
-3
-3
-3
-2
-6
-10
-11
-9
-6
-5
-6
-6
-5
-6
-7
-9
-8
-8
-7
-7
-6
-5
-4
-5
-6
-6
-5
-4
-6
-5
-7
-7
-6
-7
-8
-10
-8
-6
-5
-5
-4
-3
-3
-4
-5
-5
-4
-4
-6
-5
-7
-7
-6
-6
-5
-4
-6
-8
-9
-7
-8
-7
-6
-5
-5
-6
-6
-8
-7
-6
-7
-7
-8
-8
-9
-8
-8
-8
-7
-9
-9
-8
-8
-7
-7
-6
-4
-2
-3
-5
-5
-6
-6
-6
-6
-6
-7
-8
-9
-8
-9
-9
-12
-12
-11
-9
-8
-9
-10
-11
-12
-13
-14
-16
-16
-12
-9
-10
-12
-14
-15
-15
-18
-19
-17
-15
-14
-17
-18
-18
-18
-19
-18
-16
-14
-13
-14
-16
-19
-17
-15
-16
-17
-17
-18
-16
-13
-13
-12
-13
-12
-13
-14
-15
-17
-17
-14
-14
-14
-14
-15
-13
-13
-13
-16
-17
-18
-16
-15
-16
-16
-16
-15
-14
-13
-12
-12
-16
-16
-19
-19
-20
-19
-18
-17
-14
-13
-14
-15
-15
-16
-14
-11
-9
-10
-8
-8
-8
-9
-11
-14
-11
-9
-6
-6
-5
-6
-8
-8
-9
-11
-11
-12
-12
-8
-8
-9
-9
-11
-11
-11
-12
-11
-10
-10
-11
-11
-12
-11
-10
-11
-11
-14
-14
-15
-16
-18
-18
-14
-9
-8
-9
-13
-14
-14
-14
-14
-13
-14
-14
-16
-17
-15
-15
-14
-14
-15
-15
-17
-16
-14
-12
-13
-14
-14
-15
-15
-14
-13
-14
-13
-10
-10
-10
-12
-13
-15
-15
-15
-15
-14
-14
-15
-17
-18
-17
-16
-15
-16
-18
-18
-19
-18
-16
-15
-15
-17
-17
-19
-17
-16
-14
-14
-14
-16
-19
-18
-15
-15
-15
-15
-15
-12
-11
-12
-13
-14
-15
-15
-15
-15
-15
-15
-14
-15
-17
-16
-18
-16
-14
-15
-14
-15
-15
-15
-17
-17
-19
-20
-18
-16
-17
-15
-16
-16
-17
-17
-18
-19
-20
-19
-20
-20
-20
-21
-23
-25
-24
-20
-18
-18
-20
-21
-23
-25
-26
-27
-29
-28
-25
-22
-23
-26
-28
-28
-27
-27
-28
-27
-29
-29
-30
-31
-30
-30
-29
-28
-27
-29
-30
-32
-32
-30
-29
-28
-28
-29
-29
-31
-31
-32
-33
-33
-31
-28
-29
-32
-32
-31
-29
-28
-30
-31
