502
597
656
672
641
605
563
493
401
305
243
212
198
171
141
106
83
24
-55
-164
-263
-353
-426
-467
-484
-507
-531
-531
-557
-590
-688
-780
-869
-932
-981
-963
-909
-771
-618
-332
3
298
502
574
664
721
654
482
315
196
224
197
189
166
220
250
238
94
-39
-229
-365
-553
-666
-702
-644
-581
-437
-269
-5
168
275
317
368
397
381
270
235
240
287
310
329
370
404
375
298
182
54
-118
-305
-438
-507
-515
-496
-427
-279
-108
33
131
199
277
329
327
314
327
385
450
517
575
635
664
648
607
561
475
358
237
154
97
66
31
9
17
23
8
-51
-121
-179
-235
-325
-386
-451
-475
-522
-561
-593
-626
-683
-758
-812
-850
-851
-858
-794
-711
-510
-235
76
330
490
612
737
773
657
474
270
207
136
65
-24
-22
45
117
79
-1
-103
-176
-302
-476
-608
-646
-614
-539
-438
-244
6
223
361
447
527
587
535
418
318
276
259
196
127
128
174
189
123
20
-75
-185
-330
-484
-579
-618
-589
-528
-404
-219
-24
135
283
405
520
565
544
503
503
529
538
504
489
499
543
544
491
416
359
288
212
98
32
-23
-37
-56
-41
-38
-36
-69
-76
-91
-117
-194
-278
-360
-406
-476
-577
-684
-774
-820
-870
-919
-949
-922
-849
-728
-571
-299
-37
242
407
554
676
761
671
542
353
292
218
120
-6
-31
12
92
32
-42
-109
-137
-219
-377
-527
-572
-565
-520
-469
-338
-121
99
264
389
507
622
628
546
457
411
362
254
110
49
58
63
-10
-107
-165
-201
-293
-429
-566
-634
-654
-634
-584
-444
-266
-48
156
372
561
706
763
787
778
763
692
582
491
456
453
424
362
337
355
366
311
226
168
129
77
9
-46
-57
-65
-86
-105
-106
-82
-82
-126
-166
-215
-265
-373
-500
-631
-726
-830
-901
-1003
-1014
-998
-901
-810
-660
-422
-97
175
376
484
631
734
697
540
361
267
234
128
4
-52
0
92
74
5
-40
-61
-114
-263
-422
-487
-502
-499
-485
-396
-197
14
175
301
446
606
668
599
514
476
442
307
105
-22
-41
-48
-128
-236
-262
-244
-269
-367
-476
-527
-542
-571
-584
-521
-360
-164
23
238
485
725
875
933
947
950
898
762
579
451
389
344
270
211
223
278
299
268
222
195
164
92
1
-78
-128
-163
-202
-220
-206
-169
-138
-126
-143
-146
-184
-272
-411
-565
-684
-821
-948
-1070
-1107
-1081
-959
-869
-630
-337
33
299
484
592
750
775
700
482
321
244
180
56
-47
-67
48
127
102
64
47
50
-31
-217
-362
-441
-481
-519
-550
-460
-270
-81
83
225
405
592
656
626
573
521
450
261
39
-108
-176
-237
-332
-415
-386
-337
-312
-353
-393
-384
-367
-399
-429
-414
-315
-174
-26
159
393
635
823
939
1025
1078
1051
925
755
611
496
356
208
108
102
134
144
133
152
200
222
178
106
41
-12
-78
-168
-234
-253
-242
-233
-206
-184
-143
-158
-211
-301
-416
-565
-735
-903
-1035
-1134
-1177
-1125
-1019
-791
-486
-144
187
447
663
860
938
885
729
556
448
307
130
-26
-81
-29
31
14
25
47
97
77
-47
-184
-278
-370
-451
-558
-571
-485
-351
-201
-45
157
406
561
632
657
666
624
446
192
-9
-147
-281
-455
-593
-594
-523
-464
-450
-417
-319
-216
-187
-211
-225
-195
-144
-99
-22
144
354
567
747
929
1103
1205
1183
1098
995
874
686
435
222
102
44
-24
-88
-81
26
125
172
167
183
213
213
133
39
-48
-96
-163
-216
-248
-248
-266
-277
-311
-336
-412
-540
-691
-813
-930
-1046
-1151
-1185
-1121
-963
-709
-417
-78
247
556
822
1024
1082
1045
916
796
644
446
206
29
-60
-77
-124
-152
-140
-67
-6
-25
-99
-150
-201
-263
-371
-460
-476
-420
-329
-229
-98
105
306
457
558
630
671
611
459
290
138
-24
-230
-433
-546
-585
-598
-610
-590
-495
-355
-235
-150
-93
-22
47
98
137
171
245
354
470
590
712
843
955
1019
1029
1004
944
840
677
507
356
219
101
9
-37
-26
2
45
101
170
226
250
251
238
193
113
18
-71
-164
-252
-341
-417
-480
-539
-612
-667
-737
-799
-869
-932
-990
-1009
-1010
-953
-852
-629
-364
-54
214
484
742
997
1096
1092
1012
959
855
659
386
192
75
-4
-151
-267
-296
-254
-237
-259
-293
-260
-228
-225
-268
-290
-266
-221
-208
-189
-139
-15
96
157
217
333
442
474
397
336
302
239
71
-139
-290
-356
-441
-546
-618
-577
-472
-372
-298
-193
-44
100
191
260
347
446
523
560
599
684
764
790
778
787
824
831
761
670
608
569
475
328
210
158
125
65
-4
-14
44
96
104
115
153
186
146
43
-63
-136
-228
-343
-487
-568
-621
-661
-733
-768
-787
-766
-792
-834
-842
-812
-752
-712
-620
-427
-153
98
300
480
726
952
1028
988
916
897
836
643
376
180
74
-27
-205
-352
-390
-349
-318
-342
-355
-287
-222
-202
-238
-251
-214
-186
-208
-234
-199
-75
19
55
115
254
401
448
394
365
376
342
186
-18
-159
-243
-361
-502
-603
-596
-525
-450
-379
-268
-111
50
166
261
373
500
603
648
684
760
843
868
848
838
875
886
821
709
625
566
465
299
143
46
-8
-72
-141
-167
-133
-83
-52
-33
-3
29
14
-51
-121
-172
-226
-304
-397
-448
-458
-461
-496
-539
-558
-546
-567
-622
-698
-719
-712
-700
-690
-575
-386
-121
86
281
503
762
923
960
902
876
839
712
478
249
124
54
-78
-233
-326
-313
-280
-305
-359
-352
-295
-255
-288
-334
-327
-279
-251
-266
-264
-181
-57
26
79
170
310
414
414
383
384
388
299
127
-29
-112
-193
-304
-431
-474
-431
-355
-304
-246
-135
26
160
252
332
436
549
614
650
707
782
831
835
821
832
832
776
666
570
508
418
276
131
31
-15
-73
-149
-198
-192
-155
-135
-132
-108
-62
-17
-4
-8
-7
1
-11
-40
-69
-89
-113
-157
-206
-246
-291
-347
-438
-499
-570
-610
-702
-751
-795
-760
-704
-560
-397
-166
48
282
508
721
837
890
881
879
818
674
466
295
168
50
-127
-271
-343
-349
-366
-412
-446
-406
-350
-314
-317
-305
-251
-185
-165
-167
-140
-60
1
22
51
135
228
271
270
312
383
417
361
288
246
219
134
10
-109
-168
-192
-217
-253
-238
-164
-50
56
156
267
401
510
578
613
665
693
692
659
640
621
582
497
423
375
328
240
136
52
3
-50
-115
-178
-196
-177
-146
-120
-74
-3
92
164
221
256
290
290
252
187
122
45
-36
-136
-225
-288
-344
-399
-459
-503
-537
-568
-629
-673
-714
-724
-729
-713
-610
-439
-239
-48
144
355
585
732
802
815
815
794
678
492
312
162
33
-131
-298
-378
-404
-417
-445
-459
-402
-322
-270
-243
-216
-154
-95
-81
-84
-65
-9
54
76
120
204
314
395
432
476
538
556
508
416
335
257
139
-6
-130
-199
-229
-254
-260
-221
-140
-43
41
119
205
276
325
338
344
341
330
305
285
285
300
302
294
304
326
339
319
284
261
243
197
134
74
43
20
-9
-23
-5
45
99
142
188
246
298
321
310
277
238
178
94
1
-74
-137
-204
-271
-326
-360
-394
-454
-517
-557
-572
-599
-637
-672
-665
-641
-595
-522
-397
-231
-69
73
222
385
506
561
563
570
575
518
397
273
191
135
40
-74
-141
-154
-149
-171
-209
-199
-156
-117
-114
-119
-81
-15
24
28
43
110
184
203
209
242
306
337
308
286
305
318
281
211
171
161
122
49
-26
-57
-65
-91
-135
-164
-159
-129
-112
-101
-78
-29
24
55
80
133
195
232
246
267
319
366
378
369
382
408
408
359
306
276
263
222
157
96
75
73
70
53
55
83
131
168
200
232
275
303
307
281
242
175
90
-14
-118
-221
-324
-427
-513
-579
-631
-672
-711
-728
-735
-740
-750
-760
-731
-686
-598
-481
-325
-150
32
213
398
574
694
772
809
844
829
759
629
506
385
258
97
-48
-156
-219
-275
-318
-329
-288
-231
-168
-116
-51
16
71
90
97
105
120
109
86
75
103
136
147
149
185
238
267
252
225
203
169
96
-2
-94
-167
-233
-288
-324
-322
-296
-253
-203
-131
-50
28
80
119
152
183
192
176
159
172
208
229
242
263
312
359
369
360
351
349
325
272
213
180
155
128
92
85
103
130
141
150
169
197
209
200
173
153
130
88
19
-55
-121
-182
-250
-317
-361
-383
-403
-432
-442
-448
-432
-436
-438
-445
-424
-417
-390
-376
-325
-263
-152
-40
93
210
344
459
570
621
649
653
657
622
548
442
357
280
198
86
-14
-76
-106
-145
-197
-232
-223
-206
-202
-204
-187
-148
-114
-107
-100
-76
-43
-24
-31
-22
8
41
52
51
74
120
151
151
144
153
159
129
71
15
-21
-54
-101
-141
-164
-163
-160
-151
-125
-77
-27
16
51
97
146
180
196
206
228
248
246
230
224
232
233
218
203
203
202
185
151
126
109
83
38
-1
-21
-24
-33
-40
-33
-1
39
71
96
125
161
185
187
171
158
141
113
64
18
-17
-45
-87
-132
-174
-196
-232
-279
-319
-345
-355
-376
-395
-405
-387
-368
-329
-261
-151
-44
60
156
274
378
446
470
491
497
485
420
344
274
220
142
56
-25
-66
-101
-139
-189
-218
-221
-215
-229
-235
-219
-178
-153
-150
-144
-112
-76
-61
-63
-37
9
38
44
58
101
146
160
160
172
197
198
165
121
90
63
22
-32
-74
-96
-107
-126
-139
-124
-91
-65
-57
-41
-4
34
37
19
11
33
46
35
18
30
67
94
101
108
142
178
202
208
226
248
261
252
240
231
232
219
207
203
222
241
250
249
261
284
299
291
274
267
265
250
208
163
122
85
32
-27
-81
-124
-166
-210
-248
-275
-305
-343
-377
-402
-420
-448
-475
-495
-473
-446
-381
-311
-202
-87
47
164
272
351
421
474
498
489
449
406
351
293
212
126
43
-24
-93
-151
-209
-247
-269
-268
-268
-253
-240
-211
-185
-153
-131
-108
-90
-67
-45
-18
4
19
32
61
101
134
148
162
182
199
189
157
114
71
17
-50
-118
-171
-217
-256
-279
-280
-259
-227
-195
-151
-94
-29
25
70
105
143
175
193
195
194
202
217
233
243
260
285
316
345
370
392
407
410
400
386
361
326
286
249
215
182
159
145
140
135
135
144
153
161
152
150
144
138
115
93
69
52
21
-16
-61
-101
-140
-175
-215
-251
-292
-323
-344
-359
-366
-380
-378
-383
-369
-365
-345
-335
-292
-240
-155
-77
6
80
167
245
298
337
362
385
382
350
303
257
203
135
47
-23
-86
-136
-195
-238
-261
-264
-271
-270
-261
-227
-194
-168
-150
-126
-93
-71
-67
-69
-55
-35
-26
-30
-24
1
29
39
43
55
73
83
76
70
67
62
46
31
26
28
23
20
26
47
70
86
102
128
159
175
181
188
203
221
232
237
244
258
268
275
274
276
276
274
265
252
246
240
229
214
207
207
204
192
178
168
160
139
110
81
61
39
17
-4
-14
-19
-20
-19
-11
-4
5
4
6
6
0
-16
-40
-70
-101
-138
-179
-220
-254
-276
-295
-306
-314
-318
-321
-319
-316
-305
-298
-282
-248
-198
-132
-67
-3
72
150
226
269
296
311
333
320
287
228
183
133
72
-3
-63
-111
-148
-193
-221
-229
-217
-205
-195
-175
-136
-105
-84
-74
-54
-27
-13
-13
-11
4
25
32
28
39
59
80
86
95
114
139
154
165
174
188
196
190
184
187
189
182
168
163
164
168
166
157
155
156
151
139
129
127
127
119
110
112
115
123
120
124
131
150
164
175
183
199
212
219
219
215
209
193
173
143
113
87
62
31
10
-12
-22
-31
-36
-39
-30
-22
-8
1
14
30
50
61
69
77
90
96
98
85
73
57
37
5
-24
-61
-90
-130
-163
-204
-232
-270
-290
-322
-330
-349
-347
-356
-348
-333
-296
-252
-194
-132
-57
23
93
157
208
250
280
298
295
283
253
224
177
129
75
27
-29
-77
-123
-149
-173
-185
-195
-188
-169
-144
-122
-93
-64
-33
-14
3
25
48
69
84
97
120
148
172
194
213
233
254
265
267
266
260
241
214
182
152
120
89
58
39
29
27
31
43
69
99
122
142
164
180
188
184
170
155
134
107
77
56
41
31
17
16
23
36
42
46
55
68
76
78
80
80
84
85
83
78
77
76
76
74
73
68
64
56
53
50
43
24
0
-24
-45
-69
-99
-127
-154
-172
-191
-208
-225
-241
-248
-259
-265
-276
-283
-292
-293
-286
-264
-230
-183
-127
-65
6
70
130
179
219
251
262
262
248
228
199
158
108
62
20
-23
-65
-100
-125
-141
-154
-156
-149
-134
-116
-90
-63
-37
-20
-6
4
15
21
18
14
12
21
34
49
63
85
110
139
152
164
173
181
181
174
166
155
137
118
106
103
104
98
104
113
134
149
158
164
175
182
185
173
160
143
120
92
59
31
6
-21
-46
-60
-61
-51
-44
-25
2
34
61
83
108
141
167
184
191
202
214
211
193
166
150
135
122
94
75
59
54
41
28
14
10
0
-22
-52
-78
-105
-138
-171
-207
-230
-255
-274
-293
-296
-292
-288
-284
-276
-261
-246
-233
-216
-191
-161
-119
-88
-39
-3
43
80
110
140
158
169
168
165
157
147
118
97
66
50
17
-10
-38
-56
-79
-94
-110
-109
-109
-101
-93
-76
-58
-36
-18
1
22
40
62
83
105
121
136
150
162
177
192
204
216
228
238
241
234
225
215
202
184
162
141
124
106
86
71
62
57
51
52
54
65
74
83
90
102
112
122
123
132
136
142
138
131
122
121
121
126
128
131
139
146
147
145
143
142
137
124
109
90
73
47
19
-9
-30
-57
-80
-113
-138
-160
-175
-198
-217
-231
-232
-239
-239
-255
-246
-248
-242
-245
-246
-244
-238
-230
-214
-190
-157
-122
-89
-44
-2
44
79
106
132
154
165
158
142
118
99
73
44
10
-17
-41
-56
-68
-71
-71
-68
-61
-51
-39
-28
-22
-12
-3
4
6
-2
-7
-8
-1
3
3
12
34
60
86
106
134
163
191
203
212
214
219
209
198
182
171
157
136
117
107
99
89
77
69
75
83
90
92
102
119
135
145
152
163
175
180
178
174
169
161
149
140
133
127
119
105
97
93
86
75
66
59
47
36
19
10
0
-9
-29
-46
-59
-66
-77
-89
-93
-98
-97
-103
-100
-104
-102
-112
-117
-126
-129
-141
-153
-172
-182
-197
-208
-223
-228
-233
-226
-222
-207
-187
-155
-126
-84
-55
-16
9
34
48
58
66
65
52
36
21
10
1
-16
-28
-41
-44
-49
-49
-52
-43
-40
-33
-33
-23
-15
-5
-3
3
13
34
48
58
67
87
109
128
137
150
162
173
179
182
187
196
199
195
192
196
195
189
181
174
172
168
156
151
149
155
152
143
138
137
135
130
122
122
118
117
109
104
105
107
103
97
96
102
102
98
92
92
89
88
78
73
66
58
44
30
16
3
-17
-37
-57
-67
-80
-90
-103
-108
-109
-111
-111
-113
-107
-105
-100
-101
-98
-101
-98
-104
-103
-116
-118
-131
-134
-147
-146
-152
-146
-146
-137
-130
-114
-103
-87
-73
-61
-51
-49
-43
-41
-35
-38
-35
-38
-34
-39
-32
-29
-15
-5
13
28
48
61
82
88
99
103
109
103
102
97
95
90
86
83
81
81
82
82
85
89
90
90
90
94
101
104
107
108
114
118
119
119
118
120
123
128
137
144
154
163
171
180
188
193
193
191
187
181
173
162
148
136
123
113
104
97
91
88
87
87
90
93
92
96
93
90
81
68
55
41
26
11
-5
-15
-26
-35
-47
-54
-62
-66
-74
-78
-83
-85
-92
-95
-100
-100
-107
-113
-116
-120
-123
-131
-133
-139
-138
-138
-135
-137
-132
-130
-124
-119
-113
-105
-90
-75
-61
-49
-40
-31
-23
-13
-8
1
7
20
23
29
30
41
45
55
54
59
59
66
63
62
53
53
45
39
26
17
12
6
4
2
9
15
26
28
43
52
72
80
93
101
113
116
122
124
131
135
143
148
157
164
172
175
176
178
180
179
178
177
177
176
173
170
167
168
164
158
146
138
127
116
103
93
82
72
60
48
40
35
33
28
25
20
16
10
0
-5
-11
-16
-30
-43
-56
-58
-71
-78
-90
-90
-95
-94
-98
-95
-92
-83
-85
-79
-72
-63
-59
-60
-60
-56
-54
-52
-57
-61
-64
-71
-80
-89
-91
-92
-95
-96
-95
-89
-79
-73
-67
-59
-48
-45
-41
-40
-37
-38
-38
-40
-36
-33
-29
-24
-19
-10
0
10
18
27
34
37
38
41
41
37
29
24
21
22
22
26
32
41
51
63
73
82
93
104
111
118
126
135
142
148
153
158
163
162
158
155
153
154
151
147
146
145
145
143
138
137
135
135
134
130
123
116
107
101
92
84
76
68
65
60
55
51
46
42
41
38
31
25
23
21
16
11
6
6
3
0
-4
-5
-4
-6
-9
-13
-14
-18
-23
-34
-42
-54
-62
-73
-83
-90
-93
-99
-98
-97
-95
-91
-86
-84
-82
-83
-83
-83
-83
-78
-73
-66
-60
-55
-49
-43
-42
-36
-39
-35
-35
-30
-31
-30
-31
-31
-33
-33
-31
-26
-19
-11
-7
2
16
26
37
41
51
58
69
72
73
75
82
84
86
89
93
94
93
90
90
90
91
87
84
83
84
81
78
77
77
81
82
86
92
102
109
117
128
138
148
157
165
172
174
172
168
164
159
151
140
126
115
106
93
82
73
65
55
51
44
41
36
32
25
19
10
3
-6
-14
-18
-21
-28
-35
-41
-48
-54
-58
-62
-66
-67
-65
-64
-65
-62
-60
-57
-57
-56
-54
-53
-53
-55
-58
-58
-57
-55
-52
-49
-47
-43
-39
-39
-42
-43
-42
-42
-45
-49
-54
-54
-55
-55
-55
-52
-48
-46
-43
-39
-32
-25
-18
-13
-5
1
6
11
14
14
15
19
17
16
15
16
17
15
12
10
11
16
20
27
31
39
44
49
55
62
71
77
82
87
93
100
104
106
108
114
122
131
135
136
137
137
138
136
131
126
122
120
120
119
116
113
111
108
105
102
96
88
79
68
59
49
39
28
20
9
1
-5
-10
-15
-17
-20
-20
-20
-23
-27
-31
-35
-39
-41
-44
-47
-48
-46
-41
-38
-33
-23
-14
-7
-2
1
0
-3
-8
-15
-23
-33
-43
-54
-61
-68
-74
-81
-82
-83
-81
-79
-76
-72
-64
-59
-55
-51
-45
-40
-34
-31
-28
-30
-33
-39
-46
-49
-49
-48
-50
-47
-46
-40
-34
-24
-19
-8
-1
8
15
22
24
28
29
36
42
48
50
55
61
70
81
85
92
98
102
104
106
105
107
105
103
98
97
96
94
88
83
78
76
70
68
65
69
74
78
80
85
89
92
92
90
91
92
92
87
81
73
65
55
44
33
24
12
3
-3
-5
-3
1
2
4
5
9
9
9
9
10
9
6
-1
-6
-6
-7
-10
-13
-14
-14
-16
-19
-23
-27
-30
-34
-39
-39
-40
-44
-50
-58
-63
-65
-66
-67
-70
-69
-70
-68
-63
-59
-53
-48
-43
-42
-38
-34
-29
-24
-18
-15
-13
-12
-15
-13
-13
-15
-18
-18
-17
-15
-15
-13
-11
-5
-2
3
9
14
20
24
28
32
36
39
40
40
39
43
45
45
45
45
49
50
53
55
62
64
64
62
62
63
66
64
62
61
66
66
67
64
66
66
69
70
72
73
76
81
82
83
84
84
82
77
71
64
55
48
42
36
33
31
29
26
21
19
17
17
14
12
9
8
5
-1
-8
-13
-18
-20
-25
-29
-30
-31
-32
-32
-35
-32
-28
-24
-23
-22
-23
-22
-20
-22
-28
-30
-32
-33
-36
-36
-34
-30
-25
-22
-21
-20
-20
-17
-18
-18
-16
-17
-17
-19
-18
-16
-14
-13
-12
-11
-8
-5
-3
0
3
6
4
4
4
6
8
6
7
9
11
12
18
20
26
30
35
35
39
41
42
42
46
49
54
58
63
67
73
80
85
89
94
97
99
98
94
88
81
77
79
80
78
79
80
81
81
79
75
73
73
73
70
65
60
54
50
48
43
36
32
30
32
33
30
26
24
26
24
21
20
20
21
21
19
19
19
22
24
24
25
26
27
31
31
32
33
30
27
25
24
22
17
12
10
11
10
7
2
-3
-7
-7
-10
-13
-14
-14
-13
-11
-8
-8
-6
-6
-4
-5
-2
-1
2
1
1
0
1
4
8
14
17
18
22
24
27
28
29
32
36
37
38
37
41
43
46
47
48
50
54
58
62
64
67
70
70
72
73
76
79
81
79
76
75
73
72
70
70
70
69
68
71
72
71
73
75
77
80
81
80
82
81
81
81
82
79
75
71
67
64
60
57
59
57
57
56
58
60
59
57
58
60
60
60
59
59
61
60
61
60
61
58
56
52
47
42
37
31
25
17
11
8
1
0
-1
-1
-2
-4
-6
-7
-6
-4
-2
0
1
2
4
6
7
8
7
7
10
14
17
17
16
16
16
17
16
13
12
12
12
11
14
18
21
23
25
28
34
39
42
45
45
47
49
50
50
48
45
44
45
49
48
45
41
38
34
33
31
30
30
34
38
43
46
51
55
58
61
65
71
73
74
71
68
68
68
67
67
68
69
70
67
65
65
66
62
61
58
59
57
53
49
47
46
46
46
45
46
49
50
52
56
54
52
48
43
38
33
26
20
14
9
5
3
1
-1
-5
-7
-7
-6
-5
-4
-3
-3
-3
-3
-1
3
9
12
14
14
16
16
15
13
10
6
4
3
0
-3
-5
-4
0
3
5
6
6
5
6
4
2
2
-1
-4
-5
-6
-5
-4
-4
-3
0
5
12
16
18
20
23
30
33
34
34
36
38
40
38
39
39
40
41
43
46
47
47
46
46
48
49
49
49
47
50
52
52
52
50
51
52
50
48
49
50
50
50
50
50
52
53
54
56
57
58
57
55
52
50
47
42
39
35
34
31
31
30
30
30
31
31
32
34
35
35
34
33
32
32
33
31
27
24
23
24
22
18
13
8
6
5
4
1
0
-2
-2
-2
-2
1
3
2
-1
-3
-4
-2
-2
0
-1
-5
-6
-7
-7
-5
-2
0
3
3
4
3
3
5
4
4
4
5
4
5
7
9
13
19
24
27
31
33
37
40
45
46
47
48
49
51
53
53
53
52
51
48
44
42
40
37
33
29
28
29
29
28
28
32
35
37
38
38
40
40
40
39
41
41
43
43
42
41
40
40
41
44
44
46
46
46
46
45
40
37
36
35
35
33
31
30
32
34
35
34
33
33
31
31
31
31
30
27
24
20
17
11
11
9
6
4
3
1
1
-3
-5
-6
-6
-6
-5
-4
-4
-2
-4
-7
-9
-11
-8
-5
-5
-7
-7
-7
-1
0
0
3
5
6
9
13
16
19
21
22
22
22
23
23
25
28
28
28
29
31
31
32
31
31
30
31
33
34
34
32
33
33
34
34
33
34
36
36
34
32
34
35
34
31
30
32
32
31
31
31
34
36
38
38
37
40
44
45
47
46
45
46
50
49
48
49
48
47
45
45
46
48
48
48
47
45
43
40
35
32
29
27
24
19
16
16
15
16
14
13
15
21
25
23
21
18
16
17
15
12
10
9
9
6
2
2
3
6
9
10
11
13
14
14
13
10
9
11
12
14
14
15
17
17
16
16
15
13
14
12
12
14
17
17
16
15
13
15
15
19
22
26
29
31
32
34
33
33
35
36
39
41
41
41
40
40
41
42
43
46
47
47
44
45
46
48
47
45
45
49
50
52
49
47
47
48
48
48
45
43
43
42
42
42
45
46
48
48
46
44
42
40
37
35
33
33
36
36
36
38
39
42
44
43
43
44
45
45
44
41
37
35
36
38
39
41
40
36
34
34
31
28
27
27
26
25
23
22
21
19
18
19
19
18
18
16
16
14
12
9
8
7
9
10
11
11
11
10
11
12
14
16
19
20
19
20
19
18
15
14
13
13
13
16
17
20
22
25
26
25
22
24
25
28
31
31
31
31
35
37
37
35
36
37
41
42
40
38
37
38
40
39
37
38
38
39
38
36
35
35
34
30
25
23
26
30
35
37
38
40
40
39
39
39
39
37
36
36
35
35
34
33
34
36
37
41
40
39
41
41
41
41
38
33
31
30
29
28
23
19
18
18
21
23
24
24
23
22
23
22
22
20
18
16
13
10
8
7
6
7
9
10
11
11
11
10
10
11
13
12
14
15
13
12
10
13
13
14
14
13
15
18
18
18
19
21
23
24
24
22
21
20
22
23
23
23
23
24
25
25
24
23
23
25
28
31
32
32
30
30
31
32
34
34
33
32
33
33
32
31
32
33
34
32
32
32
34
34
36
38
38
38
40
42
41
41
42
39
37
36
32
29
24
23
21
18
17
16
17
18
17
16
15
15
18
18
16
17
20
22
23
22
20
19
22
24
25
24
23
22
22
22
21
19
16
13
11
6
1
0
-1
0
-1
-1
-1
-1
-1
0
1
2
6
8
8
9
8
9
11
11
12
12
12
11
11
9
7
7
6
3
2
0
5
9
12
12
13
15
20
24
26
29
29
29
28
26
26
28
29
31
30
29
28
28
28
28
28
31
33
32
34
35
36
38
40
39
36
37
38
39
41
40
40
42
46
47
44
42
43
45
45
45
42
39
38
36
36
34
32
32
31
30
28
27
26
26
26
26
25
26
25
25
27
28
28
28
28
28
29
30
29
26
24
23
25
25
25
24
24
23
21
19
19
17
16
17
19
17
14
12
11
13
15
15
15
14
11
10
7
7
5
6
6
7
7
7
5
4
6
8
9
11
13
16
19
19
18
16
18
22
27
28
30
30
31
31
30
30
29
31
33
32
28
24
23
22
20
20
21
20
19
20
21
23
25
28
29
29
31
31
31
30
32
34
33
34
34
36
35
34
33
33
31
31
30
27
26
30
32
34
33
32
33
33
33
33
33
33
32
29
27
26
26
25
24
21
21
23
22
22
21
19
18
17
16
16
19
18
15
15
14
14
15
14
13
13
15
15
15
14
13
13
14
13
11
10
10
10
9
9
9
8
10
9
9
9
11
13
15
16
15
17
20
23
24
23
22
21
21
21
22
23
22
22
22
18
15
14
14
14
17
19
21
21
20
21
21
22
23
23
23
23
25
25
26
27
24
23
22
22
22
23
22
24
26
29
30
30
28
28
27
28
30
32
34
35
36
34
34
34
34
35
36
36
36
35
36
34
36
36
33
31
28
25
24
21
19
19
21
22
22
20
21
20
20
19
18
17
18
17
17
15
14
14
16
16
16
19
22
23
19
17
18
18
17
16
14
12
13
13
15
15
16
15
16
17
18
17
16
14
13
12
11
11
10
11
10
8
6
4
3
3
4
4
5
6
6
7
9
12
14
15
14
14
16
16
18
19
18
18
17
15
13
10
9
9
10
10
10
10
10
12
13
13
15
17
17
18
18
19
21
25
26
26
27
27
27
29
29
27
26
27
24
21
18
17
17
17
15
14
14
17
19
18
19
16
14
13
14
15
15
13
10
11
11
14
14
14
11
10
11
12
11
9
6
5
6
7
8
8
9
10
8
7
10
10
8
5
3
5
4
1
-3
-2
1
4
3
-1
-2
-2
-3
-3
-5
-6
-5
-5
-5
-6
-7
-7
-7
-6
-5
-3
-1
1
1
1
1
0
-1
-2
-1
0
1
2
-1
-1
1
-1
1
3
5
8
9
8
6
5
1
-1
0
1
1
-2
-2
-2
0
3
3
1
1
-2
-2
2
3
3
2
4
8
11
13
15
15
16
17
16
16
15
16
14
15
13
13
13
11
10
9
11
12
12
11
11
10
12
11
8
7
8
10
9
9
8
8
7
7
8
7
8
8
9
9
6
3
1
2
4
3
5
3
1
1
-1
-2
-1
-2
-1
0
2
2
2
0
-3
-3
-2
0
1
0
-1
0
-2
-3
-5
-10
-12
-11
-12
-12
-10
-9
-8
-7
-7
-4
-4
-5
-4
-3
-2
-3
-2
-4
-6
-7
-7
-6
-7
-5
-3
-3
-3
-4
-6
-4
-2
-2
0
-1
-5
-5
-5
-6
-4
-2
-3
-4
-4
-4
-5
-3
-3
-1
0
3
5
5
7
7
12
14
15
16
14
14
15
13
13
11
10
9
9
10
12
11
10
7
7
7
5
3
4
5
4
5
5
7
8
8
7
5
7
7
6
4
3
4
2
2
2
1
3
5
7
6
6
6
4
4
2
1
0
-1
-3
-2
-2
-1
-1
-2
-3
-1
3
5
3
2
2
3
3
2
2
2
2
3
4
4
4
3
2
-1
-2
-2
1
1
-1
-1
1
5
5
7
5
4
4
6
7
8
7
7
6
4
4
4
3
4
5
4
4
6
8
11
12
11
14
14
12
10
10
10
10
10
9
9
14
17
17
15
13
12
16
18
18
15
15
16
17
18
16
16
13
12
12
16
19
16
13
12
12
14
11
9
7
4
6
8
7
9
10
13
13
12
11
11
9
8
9
8
8
8
8
7
6
5
5
4
2
2
1
-1
-1
-3
-3
-1
-2
-3
-3
-3
1
3
3
4
2
3
4
4
4
1
-1
0
2
3
2
2
4
5
7
7
4
4
4
5
4
2
0
0
1
5
4
4
4
7
9
10
9
9
8
4
3
2
1
1
1
0
1
4
5
3
4
6
8
9
10
9
9
7
7
8
9
9
9
12
14
16
16
15
14
12
11
9
8
8
8
7
6
6
7
11
12
12
12
12
11
11
10
10
10
10
8
5
6
8
7
8
10
9
10
9
8
6
5
6
5
3
3
1
1
2
2
3
4
6
5
4
4
6
7
6
4
3
5
7
5
2
3
2
2
2
2
3
3
2
2
2
2
1
2
3
5
7
6
6
8
9
8
6
5
5
3
4
3
2
2
1
0
1
1
1
0
-1
-2
1
2
1
-1
-2
1
1
3
2
0
1
5
7
9
9
10
11
11
10
9
7
6
7
7
10
10
10
8
7
6
6
8
10
9
6
6
6
5
6
5
3
2
5
8
10
10
7
5
4
5
6
3
1
2
2
2
5
4
2
2
1
1
0
0
0
-1
0
0
0
0
1
4
4
5
6
6
6
6
5
4
5
7
5
5
4
3
1
-1
-4
-3
-2
-1
-1
-3
-2
0
0
1
0
0
1
2
3
2
3
4
7
8
6
7
6
7
9
6
5
6
6
6
6
6
6
6
5
5
4
5
5
3
3
4
5
3
4
6
7
8
8
9
10
13
12
12
11
12
12
12
8
7
5
7
8
8
9
10
9
10
11
12
12
11
10
9
9
8
7
6
5
5
5
6
9
9
5
4
3
5
6
7
6
6
7
9
11
12
13
13
13
12
11
10
8
6
6
6
4
1
2
4
5
6
8
7
8
9
9
9
11
8
6
5
2
2
1
0
0
1
2
2
2
1
2
1
2
1
0
-4
-4
-4
-2
0
-1
-2
0
0
2
2
0
-1
2
0
0
-1
0
2
0
0
0
1
0
-1
0
1
1
2
2
1
0
-1
-1
-2
-1
1
2
4
4
2
2
1
0
1
2
2
2
2
1
1
1
1
0
-1
0
2
2
1
0
-1
-1
-3
-2
-1
1
4
4
3
3
4
4
3
3
4
4
5
3
1
0
2
3
1
0
-2
-1
-1
0
-1
-1
-1
0
-3
-3
-3
-2
-3
-6
-7
-5
-1
-2
-3
-2
-1
0
0
-3
-5
-5
-5
-3
-1
-1
-2
-3
-3
-5
-6
-9
-10
-9
-6
-6
-7
-10
-12
-11
-9
-9
-8
-6
-4
-4
-4
-5
-5
-5
-6
-8
-7
-6
-7
-9
-11
-11
-9
-9
-10
-12
-10
-8
-7
-5
-8
-9
-8
-8
-8
-8
-8
-8
-8
-9
-9
-7
-7
-6
-8
-8
-7
-8
-10
-11
-12
-11
-11
-9
-10
-9
-10
-13
-15
-15
-15
-13
-12
-11
-13
-14
-13
-13
-13
-15
-13
-12
-12
-11
-10
-9
-11
-12
-14
-14
-16
-16
-15
-15
-16
-16
-17
-15
-14
-14
-12
-12
-14
-13
-12
-12
-11
-10
-9
-11
-11
-13
-12
-13
-12
-13
-13
-12
-11
-10
-14
-16
-15
-17
-17
-16
-16
-14
-14
-12
-14
-16
-17
-15
-12
-9
-9
-10
-11
-13
-14
-14
-13
-12
-15
-20
-22
-20
-17
-17
-20
-20
-19
-17
-16
-14
-12
-13
-11
-10
-10
-10
-11
-13
-14
-11
-8
-8
-10
-11
-12
-10
-7
-7
-10
-10
-11
-11
-11
-10
-10
-12
-11
-9
-7
-7
-7
-8
-10
-9
-10
-11
-10
-8
-8
-9
-10
-12
-10
-9
-6
-7
-7
-7
-6
-7
-10
-13
-12
-13
-14
-13
-12
-11
-9
-10
-9
-10
-10
-8
-6
-5
-7
-7
-7
-8
-8
-8
-9
-8
-9
-11
-13
-12
-14
-16
-17
-13
-13
-13
-15
-15
-16
-16
-17
-17
-14
-14
-13
-14
-14
-13
-12
-17
-20
-22
-21
-22
-22
-22
-21
-18
-17
-15
-17
-16
-17
-18
-18
-16
-13
-13
-14
-17
-16
-14
-15
-18
-16
-14
-12
-12
-14
-15
-16
-16
-16
-15
-15
-17
-19
-22
-22
-18
-19
-17
-17
-17
-18
-17
-16
-15
-13
-11
-13
-15
-16
-16
-16
-16
-14
-15
-14
-12
-11
-10
-12
-15
-17
-16
-15
-16
-17
-17
-17
-16
-15
-15
-14
-15
-15
-14
-14
-15
-16
-14
-14
-14
-14
-13
-14
-15
-17
-20
-20
-16
-14
-15
-15
-19
-20
-20
-19
-18
-18
-17
-20
-22
-21
-21
-20
-20
-19
-19
-20
-21
-21
-21
-23
-23
-21
-21
-21
-20
-20
-21
-20
-18
-17
-17
-19
-20
-23
-23
-22
-22
-21
-20
-20
-21
-21
-21
-21
-20
-21
-22
-21
-22
-23
-23
-23
-23
-24
-26
-25
-24
-25
-26
-27
-25
-22
-21
-22
-25
-28
-31
-27
-23
-20
-20
-23
-24
-24
-22
-20
-18
-19
-22
-23
-22
-23
-24
-22
-23
-24
-24
-22
-21
-21
-21
-21
-20
-21
-21
-22
-22
-22
-23
-25
-27
-30
-31
-30
-27
-24
-23
-25
-29
-29
-26
-23
-23
-25
-27
-26
-26
-27
-28
-27
-27
-29
-28
-26
-28
-29
-30
-28
-27
-27
-27
-27
-25
-25
-26
-27
-27
-26
-25
-26
-26
-27
-26
-25
-25
-26
-28
-27
-28
-27
-29
-28
-27
-28
-29
-30
-29
-28
-27
-28
-29
-28
-28
-28
-29
-30
-30
-26
-26
-29
-28
-27
-25
-26
-29
-31
-30
-31
-32
-32
-31
-31
-31
-30
-30
-31
-29
-28
-26
-25
-23
-25
-27
-26
-25
-24
-22
-22
-24
-24
-23
-23
-23
-24
-25
-25
-25
-26
-25
-26
-27
-27
-28
-28
-28
-26
-23
-21
-20
-21
-22
-25
-26
-27
-25
-23
-22
-23
-25
-26
-25
-22
-24
-24
-24
-25
-23
-23
-24
-25
-24
-24
-23
-23
-22
-22
-24
-26
-26
-25
-23
-23
-25
-24
-23
-23
-23
-22
-24
-26
-25
-26
-24
-24
-25
-27
-27
-26
-24
-25
-25
-26
-25
-25
-26
-25
-24
-24
-26
-26
-27
-26
-27
-28
-30
-31
-29
-30
-31
-32
-33
-32
-33
-33
-33
-32
-31
-29
-31
-31
-31
-32
-31
-31
-32
-33
-33
-33
-32
-32
-34
-36
-34
-34
-32
-31
-31
-32
-32
-31
-30
-32
-32
-32
-32
-31
-29
-30
-32
-34
-35
-35
-34
-35
-36
-35
-34
-32
-32
-33
-35
-35
-37
-37
-34
-33
-32
-34
-35
-36
-37
-36
-35
-35
-33
-32
-35
-37
-36
-36
-35
-35
-34
-35
-34
-33
-34
-34
-33
-34
-32
-31
-33
-33
-35
-35
-34
-34
-32
-33
-34
-34
-33
-33
-32
-33
-33
-33
-32
-33
-32
-34
-34
-36
-39
-38
-37
-37
-38
-38
-36
-34
-34
-34
-34
-33
-31
-30
-32
-34
-35
-32
-31
-31
-32
-34
-33
-31
-29
-30
-32
-32
-32
-31
-31
-30
-32
-32
-32
-32
-31
-30
-29
-28
-29
-30
-31
-31
-31
-30
-30
-30
-28
-26
-26
-26
-28
-32
-33
-30
-28
-27
-26
-26
-25
-26
-27
-29
-28
-27
-26
-25
-23
-24
-25
-25
-25
-25
-24
-25
-24
-22
-19
-20
-22
-23
-23
-23
-25
-25
-23
-21
-20
-21
-20
-21
-21
-20
-22
-22
-20
-22
-22
-21
-19
-19
-20
-18
-15
-16
-19
-22
-25
-27
-26
-25
-25
-26
-28
-26
-26
-25
-24
-24
-22
-23
-25
-26
-26
-26
-25
-27
-27
-27
-28
-30
-31
-31
-29
-27
-27
-27
-28
-30
-29
-30
-30
-30
-31
-30
-29
-29
-29
-29
-29
-29
-27
-28
-29
-28
-29
-28
-30
-33
-36
-38
-38
-35
-34
-35
-37
-39
-39
-36
-36
-35
-35
-36
-33
-35
-35
-35
-34
-33
-33
-33
-34
-33
-32
-31
-32
-32
-32
-30
-28
-26
-27
-26
-29
-28
-28
-29
-28
-29
-30
-30
-30
-28
-29
-29
-28
-30
-30
-30
-27
-27
-26
-27
-28
-29
-29
-31
-29
-28
-29
-30
-31
-32
-32
-31
-31
-33
-32
-32
-31
-29
-26
-25
-27
-30
-33
-33
-32
-31
-32
-32
-31
-28
-27
-30
-32
-32
-32
-32
-32
-33
-33
-31
-31
-31
-33
-33
-36
-36
-35
-34
-32
-32
-34
-35
-36
-36
-35
-37
-40
-38
-38
-37
-37
-37
-37
-35
-35
-38
-39
-40
-39
-39
-38
-38
-40
-43
-44
-45
-43
-44
-42
-41
-40
-41
-40
-39
-38
-41
-42
-41
-40
-39
-39
-40
-40
-40
-42
-42
-42
-38
-37
-38
-36
-35
-32
-30
-32
-33
-33
-32
-32
-33
-32
-30
-29
-31
-31
-34
-34
-31
-30
-28
-30
-33
-33
-31
-29
-30
-28
-29
-30
-29
-28
-28
-28
-29
-30
-29
-28
-28
-30
-30
-29
-29
-29
-31
-33
-34
-34
-33
-32
-31
-30
-30
-31
-32
-31
-28
-27
-27
-27
-29
-29
-28
-28
-28
-29
-30
-31
-32
-34
-31
-29
-28
-30
-30
-29
-29
-29
-30
-33
-34
-34
-34
-31
-29
-30
-31
-32
-33
-34
-35
-34
-33
-34
-35
-35
-34
-36
-37
-36
-36
-36
-33
-33
-35
-35
-32
-32
-32
-33
-35
-35
-35
-35
-37
-37
-36
-32
-34
-35
-34
-35
-37
-35
-35
-36
-34
-34
-33
-33
-33
-35
-35
-34
-34
-33
-32
-30
-28
-27
-28
-30
-32
-31
-30
-29
-30
-30
-30
-31
-31
-31
-30
-29
-28
-27
-27
-28
-29
-30
-28
-27
-27
-25
-25
-26
-27
-26
-24
-24
-25
-26
-24
-25
-26
-30
-31
-29
-30
-29
-29
-29
-27
-28
-29
-30
-28
-27
-26
-27
-28
-27
-29
-30
-30
-29
-27
-30
-30
-30
-30
-33
-33
-33
-33
-32
-31
-31
-30
-31
-30
-31
-34
-35
-36
-36
-35
-35
-36
-36
-33
-32
-34
-36
-37
-35
-35
-32
-31
-32
-34
-35
-34
-35
-36
-35
-34
-33
-31
-32
-34
-35
-34
-32
-32
-34
-36
-35
-33
-31
-32
-33
-33
-34
-36
-36
-37
-33
-32
-32
-34
-35
-33
-31
-30
-32
-33
-34
-32
-31
-29
-29
-29
-29
-30
-31
-30
-30
-29
-30
-29
-29
-30
-31
-30
-28
-27
-30
-31
-31
-30
-29
-30
-33
-32
-32
-30
-27
-28
-30
-33
-32
-33
-33
-32
-33
-35
-36
-34
-34
-34
-33
-34
-34
-33
-34
-35
-37
-36
-37
-35
-35
-35
-36
-36
-35
-34
-34
-34
-34
-35
-37
-37
-37
-37
-36
-36
-38
-36
-35
-35
-36
-36
-36
-37
-36
-37
-36
-37
-37
-37
-37
-41
-42
-40
-42
-45
-44
-41
-37
-37
-37
-40
-40
-40
-38
-37
-36
-37
-35
-34
-36
-34
-35
-36
-36
-34
-36
-35
-36
-35
-33
-33
-32
-32
-32
-33
-32
-30
-29
-30
-31
-31
-32
-30
-30
-33
-32
-32
-34
-34
-33
-33
-33
-33
-32
-33
-33
-33
-33
-31
-30
-30
-28
-29
-27
-26
-26
-26
-27
-28
-26
-27
-28
-28
-30
-28
-28
-27
-28
-29
-29
-28
-27
-29
-28
-28
-30
-30
-30
-29
-28
-28
-27
-27
-27
-26
-27
-26
-26
-26
-28
-29
-28
-28
-29
-30
-32
-34
-34
-33
-32
-32
-32
-31
-30
-31
-33
-33
-34
-33
-32
-33
-33
-34
-34
-33
-32
-31
-31
-31
-31
-34
-32
-34
-35
-35
-35
-32
-31
-31
-33
-33
-33
-33
-33
-31
-30
-29
-29
-29
-30
-31
-31
-29
-26
-25
-25
-29
-29
-30
-27
-26
-26
-25
-26
-25
-26
-28
-30
-29
-27
-26
-28
-27
-25
-23
-23
-25
-27
-29
-27
-24
-26
-28
-30
-31
-28
-28
-28
-26
-25
-26
-24
-23
-23
-22
-22
-21
-24
-25
-25
-24
-26
-26
-27
-26
-29
-29
-30
-31
-30
-30
-29
-29
-30
-33
-33
-34
-34
-35
-36
-37
-37
-36
-36
-35
-35
-35
-34
-35
-37
-34
-30
-31
-34
-37
-37
-34
-36
-39
-39
-39
-37
-37
-37
-37
-35
-35
-35
-36
-35
-34
-33
-34
-36
-36
-34
-34
-35
-37
-35
-35
-33
-33
-33
-33
-36
-37
-36
-32
-31
-32
-36
-40
-41
-38
-36
-36
-37
-38
-40
-38
-37
-37
-38
-37
-34
-31
-31
-33
-35
-35
-35
-36
-34
-35
-34
-35
-36
-36
-35
-34
-35
-35
-35
-34
-34
-36
-36
-35
-33
-34
-37
-39
-37
-35
-34
-35
-34
-31
-29
-28
-32
-32
-33
-33
-35
-37
-35
-32
-29
-30
-32
-33
-35
-35
-36
-37
-35
-34
-33
-34
-33
-34
-35
-37
-37
-37
-35
-35
-35
-35
-35
-33
-32
-31
-33
-36
-37
-37
-37
-37
-38
-37
-36
-34
-35
-37
-39
-39
-38
-37
-39
-38
-37
-33
-35
-35
-37
-37
-33
-31
-31
-33
-35
-33
-32
-35
-34
-39
-38
-36
-36
-37
-38
-36
-32
-29
-30
-32
-33
-33
-31
-29
-30
-30
-29
-28
-29
-30
-29
-27
-26
-25
-26
-27
-27
-28
-29
-29
-29
-29
-29
-30
-31
-31
-31
-29
-30
-31
-33
-32
-30
-27
-26
-27
-28
-28
-28
-27
-29
-31
-30
-28
-25
-25
-26
-27
-27
-27
-28
-32
-32
-29
-27
-26
-25
-26
-25
-24
-26
-27
-28
-28
-26
-25
-25
-26
-27
-27
-28
-26
-24
-24
-25
-26
-25
-27
-26
-27
-28
-29
-28
-29
-29
-28
-27
-26
-27
-30
-31
-31
-29
-30
-29
-28
-28
-26
-28
-29
-30
-29
-29
-27
-26
-27
-30
-30
-29
-29
-28
-28
-28
-27
-28
-30
-30
-28
-25
-25
-28
-28
-28
-27
-27
-26
-26
-26
-23
-24
-23
-25
-27
-27
-26
-23
-23
-24
-24
-24
-25
-24
-22
-23
-23
-24
-26
-28
-26
-24
-22
-21
-23
-22
-21
-22
-23
-25
-25
-23
-23
-24
-23
-23
-22
-22
-23
-23
-22
-22
-22
-23
-24
-24
-23
-21
-19
-17
-20
-22
-21
-24
-23
-23
-24
-25
-26
-25
-23
-22
-21
-21
-22
-23
-23
-22
-22
-22
-24
-26
-26
-25
-26
-28
-29
-28
-25
-25
-24
-27
-28
-30
-31
-32
-29
-28
-29
-30
-31
-31
-31
-30
-30
-30
-33
-34
-34
-33
-32
-32
-32
-32
-33
-33
-34
-32
-30
-30
-31
-33
-35
-35
-34
-35
-35
-36
-37
-35
-35
-33
-32
-31
-31
-30
-31
-31
-34
-34
-34
-32
-32
-34
-33
-30
-30
-30
-34
-37
-36
-34
-32
-33
-34
-35
-35
-34
-34
-34
-35
-34
-34
-35
-35
-34
-34
-33
-33
-33
-34
-32
-32
-36
-37
-37
-37
-35
-38
-38
-35
-33
-32
-35
-38
-35
-32
-33
-35
-39
-39
-37
-35
-34
-36
-37
-35
-36
-36
-36
-34
-33
-32
-34
-34
-35
-36
-35
-37
-36
-37
-38
-38
-38
-37
-37
-36
-39
-40
-40
-40
-40
-40
-40
-40
-35
-36
-37
-38
-38
-36
-36
-37
-36
-35
-35
-34
-35
-37
-39
-39
-38
-37
-37
-38
-36
-36
-36
-36
-37
-34
-31
-33
-34
-34
-34
-32
-30
-30
-29
-30
-32
-31
-33
-33
-32
-31
-31
-31
-30
-32
-32
-33
-33
-30
-30
-30
-30
-27
-27
-28
-28
-29
-30
-30
-27
-28
-30
-31
-31
-29
-31
-31
-30
-29
-29
-30
-30
-31
-30
-32
-30
-31
-31
-30
-30
-31
-33
-33
-34
-34
-35
-35
-34
-32
-30
-31
-31
-30
-34
-35
-33
-31
-30
-28
-28
-28
-30
-32
-32
-31
-29
-28
-28
-31
-32
-34
-32
-32
-34
-33
-34
-34
-34
-35
-37
-37
-35
-33
-32
-33
-36
-38
-37
-36
-36
-36
-37
-36
-34
-33
-36
-37
-37
-37
-36
-36
-36
-36
-35
-33
-35
-37
-37
-37
-34
-31
-32
-31
-34
-36
-36
-36
-32
-33
-36
-37
-37
-34
-29
-29
-30
-33
-33
-33
-34
-36
-37
-37
-35
-34
-36
-36
-35
-33
-34
-35
-38
-38
-37
-34
-32
-32
-32
-35
-37
-39
-41
-41
-39
-38
-36
-37
-37
-37
-38
-38
-37
-38
-37
-37
-38
-41
-42
-41
-39
-37
-38
-42
-42
-41
-41
-41
-42
-43
-43
-41
-42
-39
-39
-40
-39
-41
-40
-38
-39
-39
-41
-41
-38
-40
-40
-39
-40
-41
-39
-40
-41
-40
-40
-41
-42
-42
-40
-38
-37
-37
-39
-40
-41
-41
-40
-40
-40
-39
-39
-37
-36
-37
-38
-40
-39
-38
-35
-35
-37
-38
-40
-39
-38
-38
-37
-35
-34
-34
-34
-33
-35
-33
-33
-33
-34
-33
-32
-32
-32
-33
-32
-33
-33
-34
-33
-31
-30
-32
-33
-32
-31
-31
-32
-33
-35
-33
-30
-28
-27
-27
-28
-30
-31
-31
-33
-31
-30
-30
-31
-32
-34
-33
-32
-31
-30
-29
-30
-30
-31
-31
-30
-29
-30
-31
-31
-29
-28
-28
-30
-30
-31
-31
-29
-28
-28
-30
-28
-28
-28
-29
-31
-31
-29
-27
-26
-26
-27
-28
-27
-27
-27
-27
-24
-23
-22
-22
-24
-23
-22
-21
-21
-21
-19
-17
-17
-18
-21
-22
-22
-25
-26
-23
-20
-16
-18
-19
-21
-18
-17
-19
-18
-15
-15
-16
-17
-18
-18
-16
-17
-18
-20
-18
-17
-17
-20
-19
-18
-15
-12
-13
-16
-14
-15
-14
-14
-15
-16
-16
-16
-13
-13
-14
-14
-15
-14
-15
-16
-16
-14
-12
-14
-16
-14
-13
-12
-13
-17
-19
-18
-16
-16
-17
-19
-20
-20
-21
-22
-23
-21
-21
-19
-20
-22
-22
-18
-18
-19
-21
-22
-21
-22
-23
-24
-22
-19
-19
-22
-21
-19
-18
-18
-19
-22
-23
-20
-19
-21
-20
-17
-18
-20
-20
-22
-19
-16
-15
-16
-17
-19
-20
-19
-20
-21
-21
-20
-22
-21
-21
-21
-19
-19
-20
-21
-21
-19
-19
-19
-19
-20
-20
-17
-16
-17
-21
-21
-20
-17
-15
-14
-15
-15
-16
-17
-18
-20
-20
-18
-16
-13
-13
-13
-14
-16
-16
-16
-14
-15
-16
-16
-13
-14
-15
-17
-18
-18
-17
-19
-19
-19
-18
-18
-19
-20
-22
-23
-20
-19
-18
-20
-23
-23
-23
-22
-22
-23
-21
-21
-22
-21
-21
-19
-17
-18
-20
-20
-21
-20
-21
-20
-17
-19
-19
-20
-21
-20
-18
-19
-23
-24
-23
-22
-21
-21
-23
-23
-23
-24
-24
-23
-23
-24
-24
-24
-23
-23
-24
-24
-25
-27
-27
-26
-27
-26
-26
-24
-22
-23
-23
-25
-27
-26
-25
-25
-24
-24
-22
-21
-20
-21
-22
-22
-22
-22
-21
-20
-21
-22
-20
-21
-23
-24
-26
-25
-24
-22
-23
-23
-25
-25
-23
-20
-20
-20
-21
-23
-23
-22
-20
-21
-22
-21
-21
-21
-20
-20
-21
-21
-19
-19
-20
-18
-17
-16
-17
-17
-18
-19
-19
-19
-19
-18
-18
-20
-21
-22
-21
-19
-19
-20
-20
-21
-21
-22
-21
-19
-20
-23
-24
-25
-23
-21
-21
-19
-20
-22
-23
-24
-24
-24
-24
-24
-24
-23
-25
-24
-23
-23
-22
-23
-23
-22
-22
-21
-19
-19
-21
-21
-22
-22
-21
-20
-20
-21
-23
-21
-18
-19
-21
-22
-21
-21
-19
-19
-19
-17
-18
-20
-21
-21
-19
-17
-18
-21
-22
-19
-15
-16
-16
-16
-16
-16
-14
-14
-16
-15
-15
-15
-15
-15
-14
-13
-14
-15
-15
-15
-15
-15
-13
-16
-16
-13
-11
-12
-13
-13
-13
-11
-11
-13
-15
-16
-15
-13
-12
-12
-12
-9
-10
-11
-11
-12
-11
-12
-13
-12
-11
-10
-10
-12
-13
-12
-12
-9
-11
-15
-15
-14
-12
-11
-12
-11
-10
-10
-10
-13
-13
-13
-12
-14
-15
-16
-16
-17
-18
-17
-16
-15
-14
-16
-16
-17
-18
-16
-17
-18
-16
-15
-15
-17
-18
-20
-19
-17
-20
-21
-20
-20
-19
-19
-21
-25
-23
-22
-20
-17
-16
-18
-18
-17
-16
-16
-18
-18
-18
-17
-15
-18
-21
-22
-20
-19
-18
-18
-19
-18
-17
-17
-18
-19
-18
-17
-17
-19
-20
-19
-19
-19
-18
-19
-18
-21
-22
-20
-18
-15
-15
-17
-18
-16
-16
-15
-18
-20
-20
-17
-15
-18
-19
-19
-16
-16
-17
-18
-20
-20
-19
-19
-20
-20
-18
-18
-16
-16
-17
-19
-21
-21
-20
-18
-17
-17
-18
-19
-20
-21
-22
-21
-21
-20
-19
-19
-20
-20
-20
-19
-20
-18
-18
-16
-16
-16
-17
-17
-18
-17
-19
-19
-18
-17
-17
-16
-15
-15
-16
-16
-16
-17
-17
-18
-15
-15
-15
-16
-15
-14
-13
-12
-13
-13
-11
-10
-10
-11
-12
-11
-10
-10
-9
-9
-10
-11
-13
-12
-12
-11
-11
-12
-13
-11
-8
-8
-8
-11
-12
-13
-12
-11
-11
-9
-10
-10
-10
-10
-9
-6
-5
-6
-9
-9
-8
-9
-8
-11
-11
-10
-7
-8
-8
-12
-12
-9
-7
-6
-7
-7
-9
-9
-7
-8
-8
-9
-9
-8
-5
-3
-6
-9
-10
-8
-6
-5
-5
-5
-4
-4
-4
-5
-6
-6
-4
-3
-3
-1
-1
0
-1
-3
-2
-2
-3
-5
-4
-2
-1
-2
-5
-8
-10
-8
-6
-4
-3
-6
-8
-7
-8
-7
-8
-10
-11
-11
-10
-10
-9
-9
-8
-7
-5
-6
-8
-7
-7
-6
-4
-5
-6
-5
-5
-5
-5
-5
-5
-4
-4
-5
-6
-6
-8
-7
-7
-4
0
1
0
-1
-1
-1
0
-2
-2
-2
-3
-1
-2
-5
-6
-4
-3
-3
-7
-8
-7
-7
-8
-9
-9
-5
-4
-3
-5
-7
-8
-8
-8
-6
-4
-4
-7
-8
-9
-9
-6
-8
-7
-10
-8
-6
-5
-6
-7
-5
-5
-6
-7
-6
-6
-6
-8
-7
-5
-5
-3
-4
-5
-4
-6
-6
-5
-6
-7
-8
-10
-10
-8
-7
-8
-10
-12
-11
-9
-7
-6
-6
-8
-7
-6
-8
-9
-9
-9
-10
-10
-9
-9
-11
-11
-9
-8
-7
-7
-8
-9
-8
-9
-11
-13
-13
-13
-14
-15
-15
-16
-17
-16
-17
-15
-12
-12
-11
-11
-13
-11
-9
-9
-9
-9
-10
-10
-10
-10
-11
-12
-12
-11
-9
-9
-8
-10
-10
-10
-7
-7
-5
-6
-7
-6
-6
-6
-7
-9
-11
-11
-11
-11
-11
-10
-10
-10
-10
-11
-11
-11
-11
-12
-9
-10
-10
-11
-11
-9
-8
-8
-9
-11
-9
-6
-8
-7
-9
-9
-8
-8
-6
-6
-6
-7
-7
-9
-10
-9
-11
-9
-8
-8
-9
-9
-10
-10
-10
-11
-9
-8
-7
-9
-11
-12
-12
-8
-4
-4
-7
-8
-8
-6
-6
-6
-6
-5
-4
-6
-6
-5
-4
-6
-8
-10
-8
-6
-5
-5
-4
-4
-4
-5
-5
-4
-5
-5
-6
-3
-2
-3
-7
-10
-8
-6
-6
-5
-4
-2
-2
-4
-5
-5
-3
-3
-3
-3
-3
-3
-3
0
1
0
-1
-1
-1
3
1
2
0
-2
-1
2
0
-3
-2
-1
1
2
1
0
0
3
3
2
-1
-2
-1
2
2
0
-3
-3
-2
-2
-2
0
0
0
0
1
0
2
3
2
1
0
0
0
0
0
1
2
3
4
5
3
2
1
1
3
5
3
2
3
3
1
1
1
2
2
0
0
2
4
4
2
0
0
-1
-1
-2
-3
-3
-2
1
1
-1
-3
-3
-2
-4
-5
-3
-2
-1
-3
-5
-4
-3
-3
-5
-6
-7
-7
-7
-5
-5
-6
-7
-7
-7
-8
-8
-11
-12
-13
-11
-10
-8
-9
-8
-9
-11
-10
-11
-11
-13
-15
-13
-11
-10
-10
-13
-15
-16
-16
-17
-17
-17
-15
-16
-15
-16
-16
-14
-15
-16
-17
-18
-16
-15
-15
-14
-14
-16
-17
-18
-20
-20
-21
-21
-21
-19
-19
-17
-17
-16
-18
-18
-19
-21
-22
-23
-21
-20
-19
-19
-20
-22
-21
-19
-20
-20
-20
-19
-20
-21
-24
-25
-24
-22
-22
-23
-24
-23
-22
-20
-21
-24
-27
-28
-26
-23
-23
-24
-27
-26
-28
-29
-31
-29
-27
-28
-28
-28
-27
-26
-25
-27
-27
-27
-27
-27
-26
-23
-21
-22
-27
-29
-26
-24
-22
-22
-24
-24
-22
-21
-19
-19
-21
-24
-23
-25
-27
-26
-25
-22
-21
-21
-23
-23
-23
-24
-23
-21
-22
-22
-24
-24
-24
-25
-26
-27
-27
-24
-23
-24
-23
-22
-23
-19
-18
-19
-21
-21
-23
-23
-20
-20
-19
-17
-19
-19
-19
-19
-18
-16
-16
-13
-12
-12
-13
-12
-13
-14
-14
-14
-14
-16
-15
-15
-13
-11
-11
-12
-14
-14
-12
-8
-7
-9
-10
-12
-11
-13
-12
-11
-11
-12
-14
-13
-12
-10
-9
-9
-11
-11
-10
-9
-8
-10
-8
-6
-7
-6
-6
-9
-9
-7
-6
-5
-4
-5
-6
-4
-1
-2
-4
-3
-3
-2
-2
-2
-2
-2
-2
0
0
0
0
-1
-1
0
1
2
2
0
0
-2
-4
-4
-4
-2
1
2
0
-1
0
-1
-1
-1
-1
-1
-1
1
2
1
-2
-3
0
2
3
2
3
2
3
2
0
1
0
-2
-2
-3
1
2
2
0
0
-1
-1
-1
0
1
1
0
-2
-1
-2
-4
-5
-7
-6
-4
-3
-1
-2
-1
-1
-2
-1
0
0
-2
-3
-3
-4
-3
-3
-2
-1
-2
-4
-6
-6
-5
-1
0
-2
-3
-3
-1
-2
-5
-6
-5
-3
-1
1
0
-1
-1
-1
-1
-1
0
0
0
-1
-1
-3
-3
-2
-3
-2
-1
-1
-1
-1
1
2
0
-2
-3
-2
-1
0
-3
-4
-3
-2
-2
0
0
-1
-4
-5
-4
-1
0
1
-1
-2
-1
-2
-2
-3
-4
-3
-3
-3
-2
-3
-3
-1
-3
-2
-1
-1
-2
-3
-4
-3
-3
-4
-5
-5
-6
-5
-6
-6
-6
-5
-6
-5
-4
-5
-6
-4
-5
-5
-6
-8
-9
-8
-7
-6
-7
-8
-7
-6
-5
-5
-5
-6
-6
-6
-6
-8
-7
-5
-2
-3
-4
-6
-7
-8
-8
-7
-6
-3
0
-1
-3
-4
-5
-5
-5
-4
-4
-2
-3
-3
-1
-2
-1
-3
-4
-4
-2
-2
-3
-3
-3
-1
1
0
-2
-3
-5
-3
-2
-2
-2
-1
1
2
0
-1
-1
0
1
0
0
1
1
-2
-2
-4
-3
-3
-2
-1
0
0
-1
-2
-2
0
0
-2
-2
1
2
2
0
-1
-2
0
-3
-4
-6
-4
0
0
0
-1
-1
-1
1
1
0
1
-1
-2
-4
-3
-2
-1
-2
-1
0
0
-1
-1
0
2
7
7
5
2
2
2
3
0
-1
-2
-1
0
-1
-3
-3
-1
-1
-2
-1
0
1
1
0
0
0
1
-1
-2
2
2
-1
-3
-1
0
1
-1
-1
0
2
3
3
4
2
3
2
2
3
3
3
4
4
5
4
5
4
3
4
4
5
5
4
5
6
4
5
4
1
2
2
5
6
3
1
0
3
4
5
3
2
3
3
5
5
2
0
-1
0
-1
-2
-2
-2
-4
-4
-4
-5
-5
-5
-6
-8
-7
-8
-6
-2
-3
-3
-4
-6
-7
-9
-8
-5
-6
-8
-9
-9
-9
-9
-9
-12
-13
-12
-9
-7
-6
-7
-9
-10
-10
-9
-9
-11
-13
-12
-11
-11
-12
-14
-14
-15
-12
-14
-15
-14
-13
-13
-14
-14
-16
-16
-14
-13
-13
-14
-15
-14
-15
-15
-18
-19
-18
-16
-14
-15
-14
-15
-14
-17
-19
-21
-18
-15
-14
-17
-18
-19
-19
-19
-19
-18
-18
-19
-22
-23
-22
-20
-19
-20
-21
-23
-26
-25
-23
-25
-23
-23
-21
-22
-24
-25
-25
-24
-23
-23
-25
-23
-23
-24
-24
-24
-24
-23
-23
-25
-25
-23
-23
-20
-21
-21
-22
-23
-24
-25
-23
-20
-19
-19
-20
-24
-25
-23
-20
-19
-21
-23
-25
-23
-21
-21
-21
-21
-23
-22
-22
-22
-23
-23
-21
-21
-20
-21
-20
-20
-22
-21
-24
-25
-24
-24
-24
-23
-25
-26
-24
-25
-24
-24
-24
-24
-23
-22
-21
-20
-22
-24
-25
-25
-21
-23
-24
-24
-23
-21
-21
-20
-20
-18
-19
-18
-17
-18
-18
-21
-21
-20
-20
-20
-18
-18
-19
-19
-19
-19
-20
-18
-18
-16
-15
-18
-19
-20
-19
-20
-21
-22
-22
-20
-19
-19
-20
-19
-17
-16
-18
-18
-20
-22
-21
-19
-20
-19
-19
-18
-18
-19
-16
-14
-14
-15
-17
-16
-17
-16
-16
-16
-16
-13
-12
-11
-12
-14
-14
-13
-12
-11
-12
-11
-10
-10
-9
-11
-12
-10
-10
-9
-8
-7
-9
-10
-10
-11
-11
-10
-10
-10
-9
-10
-9
-8
-8
-10
-11
-10
-11
-14
-14
-13
-12
-10
-13
-14
-14
-13
-12
-11
-11
-11
-10
-10
-8
-9
-10
-11
-10
-8
-9
-10
-12
-13
-12
-10
-9
-8
-8
-9
-10
-10
-11
-9
-7
-6
-6
-6
-9
-10
-9
-6
-5
-6
-5
-6
-7
-5
-4
-6
-7
-6
-2
1
-1
-4
-5
-4
-3
-4
-6
-7
-6
-5
-4
-6
-7
-5
-4
-4
-3
-4
-4
-1
0
0
-2
-2
-2
-1
-1
-2
-2
-2
-1
-3
-4
-4
-1
0
-1
-1
-1
0
1
2
-1
0
0
1
2
1
-1
-2
0
-1
-1
-2
-4
-4
-2
0
-1
-4
-4
-5
-6
-7
-9
-9
-8
-8
-6
-5
-4
-7
-10
-11
-8
-6
-5
-9
-11
-11
-8
-5
-7
-8
-8
-8
-9
-8
-8
-8
-6
-5
-5
-4
-5
-6
-9
-8
-5
-6
-6
-8
-8
-7
-6
-5
-5
-5
-5
-3
-3
-6
-6
-6
-5
-4
-6
-6
-4
-5
-5
-7
-6
-5
-5
-4
-3
-4
-2
-2
-1
-2
-4
-4
-5
-5
-7
-8
-7
-7
-7
-5
-5
-4
-3
-5
-6
-6
-4
-4
-5
-6
-10
-7
-5
-6
-7
-6
-5
-5
-6
-7
-8
-6
-3
-2
-3
-5
-4
-5
-8
-8
-6
-5
-5
-6
-8
-7
-5
-6
-7
-6
-6
-5
-5
-6
-8
-7
-9
-8
-7
-5
-4
-5
-6
-6
-8
-8
-9
-10
-6
-5
-4
-5
-8
-9
-8
-6
-5
-4
-4
-5
-5
-3
-4
-5
-3
-2
-3
-5
-8
-6
-3
-3
-2
-5
-3
-1
-3
-3
-3
-2
-1
1
3
1
1
-1
-1
-1
-2
-2
-2
0
-2
-2
-1
3
4
3
0
0
-1
-1
0
1
2
2
1
-3
-3
-1
4
4
3
3
2
3
3
2
2
4
4
6
3
1
0
0
3
4
4
3
2
2
3
4
2
1
1
1
2
3
2
0
0
1
2
2
1
-1
0
-2
-4
-5
-3
0
1
1
1
-1
-3
-3
-3
-1
0
-1
-1
0
0
0
-3
-3
-2
-3
-5
-7
-8
-6
-4
-3
-3
-5
-6
-7
-7
-8
-10
-10
-9
-8
-8
-6
-6
-7
-7
-6
-6
-7
-9
-9
-9
-9
-11
-12
-12
-9
-11
-13
-12
-11
-10
-11
-12
-13
-13
-13
-12
-12
-13
-14
-17
-17
-15
-14
-12
-11
-14
-17
-19
-17
-15
-17
-18
-18
-14
-13
-14
-17
-19
-21
-20
-21
-22
-21
-19
-19
-20
-21
-20
-19
-19
-21
-22
-23
-23
-23
-21
-20
-21
-22
-24
-27
-26
-26
-26
-26
-26
-27
-27
-27
-27
-25
-26
-27
-28
-28
-27
-27
-28
-27
-28
-27
-27
-24
-24
-24
-26
-27
-25
-23
-22
-21
-23
-25
-25
-26
-25
-27
-25
-24
-22
-22
-22
-25
-24
-23
-23
-22
-23
-23
-25
-23
-22
-25
-27
-31
-32
-31
-29
-28
-29
-27
-25
-23
-22
-24
-26
-26
-27
-26
-26
-27
-26
-24
-23
-21
-22
-24
-25
-25
-23
-22
-22
-24
-25
-27
-26
-26
-26
-24
-22
-22
-23
-24
-24
-23
-22
-22
-22
-23
-22
-25
-23
-21
-23
-25
-25
-24
-24
-24
-25
-23
-21
-20
-20
-21
-21
-21
-20
-21
-21
-21
-22
-21
-19
-19
-22
-20
-22
-20
-20
-21
-24
-25
-23
-20
-20
-22
-23
-23
-23
-21
-20
-21
-20
-21
-18
-18
-21
-23
-22
-21
-17
-15
-16
-18
-19
-19
-18
-16
-16
-17
-18
-16
-15
-16
-16
-18
-17
-15
-14
-16
-19
-20
-20
-18
-16
-17
-14
-14
-17
-19
-19
-17
-16
-16
-17
-19
-18
-18
-17
-18
-18
-17
-15
-16
-18
-22
-21
-19
-17
-16
-19
-21
-21
-20
-20
-21
-20
-20
-17
-16
-17
-19
-20
-20
-20
-24
-27
-26
-25
-24
-24
-26
-27
-27
-27
-26
-26
-24
-23
-24
-26
-27
-27
-27
-27
-28
-29
-29
-29
-29
-29
-31
-29
-27
-25
-24
-26
-30
-31
-31
-29
-30
-30
-31
-31
-31
-31
-31
-32
-32
-31
-30
-31
-32
-32
-30
-32
-32
-35
-34
-32
-31
-30
-30
-33
-34
-33
-32
-34
-35
-37
-38
-34
-32
-31
-30
-32
-35
-34
-33
-33
-35
-37
-34
-29
-29
-29
-32
-33
-34
-35
-36
-37
-37
-36
-32
-31
-31
-33
-32
-33
-35
-37
-38
-38
-34
-33
-34
-33
-33
-34
-36
-36
-36
-36
-37
-38
-39
-36
-35
-35
-36
-39
-40
-38
-33
-32
-34
-35
-36
-36
-37
-38
-39
-36
-33
-34
-35
-37
-37
-37
-37
-37
-34
-31
-33
-34
-36
-37
-34
-32
-34
-36
-37
-39
-39
-37
-36
-36
-36
-36
-35
-36
-34
-33
-34
-34
-32
-33
-33
-34
-36
-35
-35
-35
-35
-36
-34
-31
-30
-31
-31
-33
-34
-31
-30
-31
-31
-29
-28
-28
-29
-30
-30
-29
-28
-28
-30
-31
-30
-29
-29
-29
-30
-31
-31
-29
-28
-28
-30
-31
-30
-29
-28
-29
-31
-32
-31
-30
-31
-32
-31
-33
-34
-34
-33
-31
-32
-34
-34
-32
-31
-29
-28
-28
-27
-28
-30
-32
-30
-29
-29
-29
-31
-33
-33
-32
-30
-29
-30
-30
-30
-28
-28
-30
-31
-31
-31
-31
-29
-31
-32
-32
-33
-33
-32
-31
-30
-29
-30
-30
-31
-32
-33
-36
-35
-32
-30
-32
-34
-37
-37
-36
-36
-37
-40
-39
-39
-37
-35
-36
-36
-36
-36
-34
-35
-38
-37
-37
-36
-35
-36
-37
-37
-33
-32
-32
-34
-34
-37
-35
-31
-30
-30
-30
-30
-31
-29
-28
-31
-31
-30
-30
-31
-32
-31
-29
-30
-31
-32
-33
-32
-33
-35
-37
-33
-31
-32
-32
-32
-32
-33
-33
-32
-31
-30
-29
-30
-31
-29
-29
-31
-34
-35
-34
-33
-31
-31
-29
-29
-29
-30
-33
-34
-33
-33
-34
-34
-34
-33
-33
-34
-34
-33
-32
-31
-30
-34
-35
-32
-32
-31
-32
-34
-35
-33
-31
-30
-32
-34
-34
-35
-34
-34
-36
-35
-34
-34
-32
-31
-33
-34
-33
-33
-32
-31
-32
-33
-33
-35
-35
-35
-36
-35
-36
-35
-35
-35
-33
-35
-35
-32
-33
-34
-34
-36
-35
-36
-37
-38
-39
-41
-41
-39
-38
-37
-38
-39
-38
-35
-33
-35
-38
-36
-34
-33
-35
-36
-36
-37
-37
-38
-39
-37
-35
-34
-35
-35
-35
-34
-33
-34
-35
-37
-39
-38
-37
-36
-34
-33
-33
-33
-34
-37
-36
-34
-32
-35
-38
-37
-35
-35
-36
-36
-38
-39
-39
-41
-41
-40
-39
-37
-39
-39
-37
-38
-37
-39
-39
-38
-37
-38
-41
-43
-44
-43
-39
-40
-40
-40
-43
-43
-43
-41
-41
-42
-42
-42
-44
-45
-45
-46
-46
-45
-44
-43
-45
-46
-45
-47
-45
-44
-46
-46
-48
-49
-49
-49
-50
-51
-50
-49
-49
-49
-52
-52
-50
-47
-47
-48
-49
-49
-47
-46
-45
-44
-43
-43
-45
-46
-45
-45
-44
-45
-44
-44
-43
-43
-42
-42
-43
-43
-44
-44
-43
-41
-40
-39
-41
-41
-42
-42
-44
-45
-46
-46
-43
-43
-41
-40
-40
-43
-46
-44
-42
-41
-39
-40
-39
-38
-38
-36
-37
-38
-39
-39
-37
-36
-35
-35
-35
-37
-35
-35
-34
-33
-33
-29
-30
-32
-35
-36
-34
-32
-31
-30
-33
-34
-33
-30
-30
-31
-33
-34
-33
-33
-32
-34
-35
-36
-36
-36
-36
-35
-36
-36
-34
-31
-30
-32
-34
-34
-33
-32
-34
-37
-39
-41
-38
-36
-35
-33
-30
-30
-33
-35
-34
-34
-32
-32
-33
-32
-33
-34
-36
-36
-34
-31
-32
-36
-38
-37
-36
-32
-34
-36
-36
-36
-35
-34
-34
-35
-36
-35
-33
-31
-31
-32
-33
-33
-33
-33
-34
-32
-34
-33
-33
-35
-36
-35
-34
-32
-32
-32
-33
-34
-33
-31
-33
-35
-35
-33
-31
-30
-31
-32
-33
-34
-32
-31
-32
-33
-33
-34
-33
-33
-36
-39
-38
-38
-39
-38
-37
-36
-35
-35
-38
-37
-37
-36
-37
-37
-38
-38
-40
-41
-41
-41
-41
-40
-41
-41
-40
-39
-37
-39
-42
-46
-46
-44
-43
-43
-43
-42
-41
-41
-41
-43
-45
-44
-44
-46
-46
-46
-46
-48
-47
-45
-44
-41
-42
-40
-43
-46
-48
-46
-48
-48
-47
-44
-44
-46
-46
-46
-44
-45
-47
-50
-50
-48
-47
-46
-45
-45
-45
-44
-47
-49
-51
-50
-50
-49
-50
-50
-48
-48
-47
-47
-48
-51
-53
-53
-51
-49
-47
-46
-45
-45
-44
-45
-46
-47
-47
-47
-46
-46
-46
-44
-44
-47
-47
-46
-46
-46
-47
-47
-46
-44
-43
-42
-42
-42
-43
-45
-45
-46
-45
-42
-40
-42
-43
-42
-41
-41
-41
-42
-43
-42
-41
-42
-41
-41
-41
-41
-40
-39
-40
-41
-42
-43
-42
-42
-41
-43
-46
-46
-44
-42
-40
-39
-41
-42
-42
-43
-42
-41
-40
-40
-41
-43
-45
-45
-44
-41
-41
-42
-44
-45
-42
-39
-40
-40
-39
-38
-37
-37
-38
-39
-39
-39
-37
-37
-37
-39
-41
-41
-39
-36
-36
-39
-40
-41
-38
-37
-38
-40
-41
-38
-36
-35
-37
-39
-38
-37
-34
-32
-34
-35
-38
-38
-39
-37
-37
-36
-37
-35
-34
-33
-32
-32
-32
-33
-34
-33
-32
-32
-34
-32
-31
-31
-31
-31
-30
-31
-33
-34
-33
-33
-33
-33
-35
-36
-36
-35
-33
-32
-33
-34
-34
-33
-31
-33
-34
-33
-32
-29
-29
-31
-36
-35
-33
-30
-30
-31
-33
-33
-31
-30
-32
-33
-34
-34
-32
-32
-32
-34
-35
-35
-36
-36
-34
-34
-34
-33
-33
-34
-35
-35
-34
-35
-36
-39
-40
-38
-37
-35
-35
-35
-37
-38
-39
-42
-40
-40
-38
-38
-39
-40
-42
-41
-41
-41
-42
-40
-42
-43
-43
-43
-43
-40
-42
-42
-42
-42
-41
-40
-41
-42
-42
-43
-43
-42
-42
-43
-44
-45
-44
-43
-42
-42
-44
-45
-44
-42
-41
-40
-41
-41
-40
-39
-37
-38
-38
-40
-39
-39
-38
-38
-38
-38
-39
-39
-38
-38
-36
-34
-34
-35
-36
-38
-37
-37
-35
-36
-36
-35
-38
-40
-42
-41
-37
-36
-36
-37
-38
-35
-35
-36
-37
-39
-40
-38
-39
-38
-37
-40
-40
-42
-41
-39
-41
-40
-42
-43
-41
-41
-42
-41
-41
-41
-42
-44
-45
-46
-48
-49
-46
-44
-41
-39
-42
-42
-43
-42
-43
-44
-45
-44
-43
-44
-44
-44
-46
-47
-47
-46
-45
-46
-46
-46
-44
-45
-47
-50
-50
-52
-50
-50
-49
-48
-51
-51
-49
-47
-49
-50
-52
-50
-47
-47
-47
-48
-48
-48
-49
-49
-54
-54
-52
-49
-49
-49
-50
-49
-48
-49
-51
-51
-52
-49
-46
-46
-49
-50
-50
-48
-48
-48
-49
-52
-53
-50
-48
-48
-47
-48
-51
-51
-51
-52
-51
-51
-51
-51
-51
-50
-48
-51
-53
-55
-54
-54
-53
-52
-52
-52
-51
-52
-52
-50
-47
-48
-49
-49
-49
-49
-50
-51
-53
-52
-52
-51
-51
-50
-49
-48
-49
-50
-50
-50
-49
-48
-49
-49
-49
-48
-49
-49
-51
-52
-50
-49
-47
-48
-49
-50
-50
-49
-49
-51
-52
-51
-50
-49
-50
-52
-53
-52
-51
-48
-48
-47
-44
-44
-44
-43
-42
-45
-47
-48
-51
-49
-46
-45
-44
-44
-44
-47
-47
-46
-44
-44
-45
-44
-45
-45
-44
-43
-43
-43
-43
-44
-44
-43
-42
-43
-46
-45
-44
-42
-40
-42
-45
-44
-43
-39
-37
-38
-42
-42
-42
-43
-45
-46
-45
-42
-39
-39
-40
-41
-42
-40
-42
-42
-41
-41
-40
-39
-38
-36
-36
-38
-41
-39
-36
-36
-37
-38
-37
-36
-37
-39
-39
-38
-34
-36
-38
-41
-42
-43
-42
-40
-39
-38
-36
-37
-38
-40
-41
-40
-39
-36
-38
-39
-38
-37
-38
-37
-35
-35
-35
-36
-40
-41
-40
-39
-38
-35
-36
-37
-38
-37
-38
-38
-39
-40
-38
-34
-34
-37
-38
-39
-37
-37
-37
-41
-42
-38
-38
-37
-38
-37
-37
-37
-37
-38
-40
-40
-41
-43
-40
-39
-40
-41
-38
-38
-37
-39
-42
-41
-38
-36
-36
-36
-39
-41
-40
-37
-38
-40
-41
-39
-38
-36
-36
-37
-39
-41
-43
-42
-40
-39
-38
-38
-39
-40
-39
-38
-37
-37
-37
-36
-36
-35
-33
-34
-34
-36
-37
-36
-36
-36
-35
-34
-34
-34
-33
-34
-34
-33
-34
-32
-33
-32
-33
-32
-34
-36
-35
-34
-34
-36
-37
-37
-34
-33
-33
-32
-31
-30
-29
-30
-31
-31
-31
-30
-30
-30
-31
-33
-33
-34
-33
-32
-31
-31
-30
-30
-30
-28
-28
-30
-31
-30
-28
-28
-29
-30
-27
-27
-27
-28
-30
-29
-30
-31
-29
-30
-28
-27
-26
-26
-25
-27
-28
-27
-28
-28
-26
-25
-25
-27
-29
-31
-30
-30
-29
-29
-30
-27
-28
-28
-27
-28
-28
-27
-28
-28
-27
-26
-25
-27
-27
-26
-25
-23
-23
-24
-26
-26
-26
-27
-26
-26
-25
-23
-23
-24
-24
-24
-24
-24
-25
-27
-27
-28
-26
-27
-27
-26
-25
-25
-27
-28
-29
-27
-25
-24
-25
-26
-29
-28
-28
-25
-24
-24
-25
-24
-24
-26
-26
-26
-25
-26
-25
-26
-28
-27
-26
-26
-26
-25
-25
-25
-22
-21
-24
-25
-26
-22
-22
-23
-27
-28
-27
-25
-23
-26
-29
-30
-29
-27
-26
-26
-27
-27
-29
-28
-29
-30
-29
-31
-33
-32
-32
-30
-31
-32
-33
-31
-30
-31
-33
-34
-34
-34
-34
-34
-35
-36
-36
-37
-36
-35
-35
-34
-34
-34
-36
-38
-40
-38
-33
-32
-35
-38
-38
-39
-36
-35
-37
-38
-40
-39
-38
-37
-35
-35
-35
-34
-33
-34
-37
-37
-38
-36
-35
-35
-33
-34
-34
-35
-35
-35
-35
-33
-31
-32
-35
-37
-37
-35
-31
-29
-31
-32
-31
-29
-31
-33
-34
-34
-33
-34
-33
-32
-33
-33
-33
-33
-34
-35
-37
-37
-37
-35
-32
-30
-31
-31
-33
-33
-33
-35
-36
-35
-34
-35
-35
-35
-35
-35
-34
-34
-36
-36
-34
-35
-35
-36
-37
-36
-34
-34
-34
-35
-36
-37
-37
-37
-36
-37
-39
-40
-39
-37
-40
-40
-42
-40
-39
-40
-38
-38
-40
-40
-39
-37
-36
-34
-35
-35
-39
-40
-41
-40
-41
-42
-42
-39
-37
-38
-39
-39
-36
-37
-36
-36
-36
-36
-38
-38
-36
-37
-36
-36
-37
-38
-39
-39
-39
-37
-35
-33
-35
-38
-40
-42
-40
-40
-38
-35
-32
-31
-34
-36
-39
-38
-36
-34
-34
-34
-34
-34
-32
-32
-34
-38
-38
-36
-33
-34
-34
-33
-31
-30
-30
-32
-33
-35
-34
-31
-31
-32
-32
-31
-30
-31
-32
-33
-32
-30
-29
-31
-33
-33
-33
-34
-34
-35
-36
-37
-38
-37
-36
-38
-40
-40
-36
-33
-37
-41
-42
-40
-39
-38
-41
-44
-42
-38
-38
-37
-40
-40
-37
-36
-36
-39
-38
-40
-40
-40
-42
-40
-37
-36
-37
-40
-38
-38
-36
-35
-35
-35
-35
-37
-39
-38
-37
-34
-34
-34
-35
-33
-31
-33
-37
-38
-38
-36
-35
-35
-37
-37
-35
-35
-36
-35
-37
-35
-36
-37
-37
-38
-40
-41
-41
-39
-37
-36
-36
-36
-35
-35
-40
-44
-42
-40
-37
-36
-40
-41
-41
-40
-39
-40
-41
-40
-40
-39
-38
-38
-39
-39
-40
-40
-38
-39
-39
-39
-37
-36
-38
-41
-41
-39
-37
-36
-38
-40
-39
-36
-36
-36
-38
-38
-38
-38
-39
-40
-40
-40
-39
-35
-35
-35
-34
-35
-35
-36
-37
-40
-43
-44
-41
-40
-39
-39
-39
-40
-41
-41
-42
-40
-38
-37
-38
-39
-40
-41
-42
-43
-39
-40
-39
-38
-40
-41
-41
-41
-41
-40
-40
-41
-40
-41
-40
-41
-41
-39
-38
-39
-41
-42
-42
-42
-42
-41
-40
-40
-40
-40
-41
-42
-41
-39
-40
-40
-42
-39
-36
-36
-38
-41
-40
-40
-42
-43
-40
-39
-39
-42
-46
-44
-43
-42
-42
-41
-42
-43
-43
-45
-42
-42
-42
-41
-42
-42
-43
-44
-45
-44
-43
-42
-42
-40
-41
-44
-44
-46
-46
-45
-45
-44
-41
-41
-43
-45
-45
-45
-46
-47
-46
-44
-44
-46
-44
-44
-44
-43
-45
-46
-44
-44
-46
-47
-48
-47
-46
-47
-49
-48
-48
-48
-48
-47
-47
-47
-48
-47
-44
-42
-42
-42
-44
-45
-44
-43
-43
-44
-45
-44
-43
-42
-43
-42
-38
-38
-39
-40
-42
-42
-42
-42
-42
-44
-44
-43
-45
-46
-47
-45
-41
-39
-40
-43
-43
-43
-41
-41
-41
-42
-43
-42
-44
-44
-43
-41
-40
-40
-41
-41
-38
-40
-42
-42
-43
-41
-38
-37
-37
-38
-38
-37
-35
-36
-37
-37
-36
-35
-35
-37
-37
-37
-33
-33
-33
-35
-34
-35
-33
-33
-32
-32
-29
-26
-27
-26
-28
-27
-28
-29
-29
-30
-29
-27
-25
-22
-23
-24
-25
-24
-23
-23
-24
-27
-26
-24
-23
-22
-22
-22
-21
-20
-21
-22
-22
-22
-22
-22
-21
-21
-22
-25
-25
-23
-23
-23
-26
-26
-23
-23
-22
-23
-24
-25
-24
-24
-23
-25
-26
-27
-27
-25
-23
-21
-20
-19
-22
-22
-21
-21
-24
-23
-21
-22
-21
-22
-23
-23
-22
-21
-20
-22
-25
-24
-21
-20
-21
-20
-21
-20
-20
-21
-22
-22
-21
-18
-17
-20
-21
-21
-21
-20
-20
-20
-22
-23
-23
-24
-23
-20
-21
-20
-21
-22
-21
-22
-21
-22
-23
-23
-23
-22
-21
-21
-24
-23
-25
-26
-23
-22
-22
-22
-21
-22
-23
-22
-23
-24
-25
-26
-26
-25
-23
-20
-20
-21
-22
-23
-22
-22
-24
-23
-23
-22
-21
-21
-21
-21
-22
-24
-25
-23
-21
-19
-22
-25
-24
-25
-26
-26
-29
-28
-24
-22
-22
-24
-26
-25
-24
-24
-27
-27
-23
-24
-25
-26
-24
-24
-26
-27
-29
-28
-24
-25
-26
-29
-28
-29
-27
-26
-26
-26
-25
-24
-27
-28
-30
-29
-28
-28
-29
-31
-29
-28
-27
-26
-28
-30
-28
-29
-29
-29
-30
-29
-26
-27
-28
-28
-29
-29
-28
-29
-29
-30
-30
-29
-27
-27
-29
-30
-30
-30
-28
-28
-28
-26
-27
-27
-27
-29
-30
-28
-25
-22
-20
-22
-24
-25
-22
-22
-25
-28
-27
-26
-24
-23
-26
-28
-29
-27
-25
-25
-25
-23
-23
-21
-22
-23
-25
-25
-24
-23
-24
-25
-24
-23
-22
-22
-21
-21
-21
-22
-22
-19
-19
-20
-21
-22
-22
-23
-22
-23
-22
-23
-24
-25
-24
-23
-21
-21
-20
-19
-18
-18
-20
-21
-22
-21
-21
-20
-19
-19
-20
-21
-20
-20
-20
-20
-17
-17
-19
-19
-19
-20
-21
-21
-22
-19
-18
-17
-16
-17
-17
-18
-18
-15
-14
-14
-14
-14
-16
-18
-18
-19
-19
-19
-18
-17
-17
-17
-18
-17
-17
-17
-18
-19
-17
-15
-17
-18
-18
-17
-16
-15
-14
-15
-18
-18
-17
-16
-16
-14
-16
-17
-16
-15
-14
-16
-17
-19
-19
-18
-16
-16
-18
-18
-18
-16
-17
-17
-16
-18
-18
-14
-11
-11
-13
-15
-17
-18
-16
-18
-18
-17
-14
-14
-16
-17
-16
-16
-17
-18
-17
-18
-17
-16
-17
-15
-16
-17
-18
-20
-20
-19
-18
-16
-17
-17
-16
-17
-17
-17
-16
-16
-17
-18
-18
-17
-18
-21
-22
-20
-21
-22
-21
-21
-21
-19
-18
-19
-20
-20
-20
-21
-18
-20
-20
-19
-16
-16
-16
-18
-19
-19
-19
-18
-17
-18
-19
-20
-22
-20
-19
-18
-20
-21
-20
-19
-18
-20
-23
-21
-18
-19
-21
-22
-21
-18
-16
-17
-17
-17
-17
-18
-19
-19
-17
-16
-15
-16
-16
-14
-15
-14
-15
-16
-17
-17
-16
-14
-15
-18
-19
-19
-17
-14
-12
-13
-16
-17
-15
-15
-16
-15
-14
-14
-13
-14
-14
-14
-15
-16
-21
-22
-20
-16
-12
-10
-11
-15
-16
-15
-15
-15
-17
-16
-15
-14
-14
-15
-14
-12
-13
-15
-16
-18
-17
-16
-16
-15
-14
-15
-15
-18
-19
-20
-20
-18
-17
-18
-20
-20
-21
-20
-19
-20
-22
-21
-20
-18
-19
-19
-16
-15
-15
-20
-22
-22
-21
-20
-20
-21
-21
-20
-19
-18
-19
-21
-22
-22
-18
-19
-18
-18
-16
-15
-17
-19
-21
-22
-18
-18
-17
-17
-16
-17
-17
-18
-16
-16
-17
-17
-18
-15
-12
-13
-15
-18
-19
-19
-18
-18
-18
-18
-14
-12
-13
-15
-15
-15
-12
-14
-14
-12
-11
-12
-13
-14
-13
-12
-11
-12
-12
-11
-11
-12
-13
-14
-12
-11
-11
-10
-10
-10
-10
-12
-11
-10
-9
-9
-9
-9
-8
-8
-9
-9
-9
-7
-6
-6
-8
-8
-7
-7
-8
-8
-10
-11
-10
-9
-8
-7
-6
-8
-7
-6
-6
-7
-8
-10
-10
-9
-10
-11
-11
-9
-7
-6
-7
-9
-11
-12
-10
-8
-6
-8
-9
-11
-11
-10
-9
-10
-11
-11
-8
-5
-5
-6
-8
-8
-7
-7
-6
-6
-4
-3
-4
-4
-5
-4
-6
-5
-2
-4
-4
-5
-4
-3
0
1
-2
-2
-3
-3
-3
-5
-5
-3
0
-2
-2
-4
-4
-2
-2
-5
-5
-5
-3
-2
0
-2
-2
-6
-8
-7
-3
1
-1
-3
-4
-3
-1
-3
-6
-5
-3
0
-1
-3
-3
-3
-4
-3
-2
-3
-4
-6
-6
-6
-6
-4
-3
-2
-2
-2
-1
-3
-3
-5
-2
1
3
2
1
1
-2
-3
-1
-1
1
1
-1
-3
-2
0
0
-1
-2
-2
0
1
0
-4
-5
-6
-6
-5
-4
-1
-1
-1
-4
-5
-4
-2
-1
-1
-3
-6
-6
-3
-3
-4
-5
-4
-3
-1
1
1
0
-1
-1
-1
0
2
1
1
3
2
1
0
-1
-2
-2
-3
-4
-3
-2
-4
-5
-5
-6
-5
-4
-5
-3
-3
-4
-6
-8
-6
-4
-5
-7
-7
-8
-7
-7
-9
-8
-9
-10
-10
-11
-9
-10
-8
-7
-7
-10
-11
-11
-9
-10
-10
-11
-11
-10
-11
-11
-11
-8
-9
-9
-10
-10
-11
-13
-13
-13
-11
-10
-11
-13
-13
-14
-12
-11
-12
-13
-13
-13
-12
-13
-14
-13
-13
-13
-12
-12
-12
-11
-10
-8
-7
-8
-11
-12
-12
-10
-9
-11
-13
-15
-13
-11
-10
-10
-12
-12
-12
-13
-13
-13
-14
-15
-14
-14
-13
-14
-15
-15
-14
-13
-12
-11
-10
-11
-13
-13
-13
-11
-10
-12
-13
-13
-11
-9
-10
-12
-11
-10
-10
-10
-11
-12
-13
-14
-14
-15
-17
-15
-15
-15
-18
-18
-17
-16
-12
-11
-12
-12
-13
-13
-13
-14
-17
-17
-13
-11
-11
-13
-15
-17
-18
-16
-17
-15
-15
-16
-14
-13
-13
-11
-13
-16
-16
-17
-16
-14
-13
-12
-12
-12
-13
-16
-16
-15
-14
-15
-14
-9
-10
-10
-10
-12
-10
-8
-8
-9
-10
-9
-7
-8
-8
-11
-9
-8
-11
-12
-11
-9
-7
-5
-5
-4
-5
-7
-8
-9
-7
-6
-6
-7
-6
-6
-6
-6
-7
-7
-6
-6
-7
-6
-6
-7
-9
-11
-11
-9
-7
-5
-3
-4
-5
-6
-7
-5
-4
-6
-4
-3
-1
-1
-2
-4
-7
-6
-4
-3
-6
-7
-8
-8
-5
-4
-5
-5
-7
-7
-8
-9
-8
-5
-5
-8
-8
-4
-4
-5
-7
-8
-8
-6
-6
-8
-10
-9
-8
-7
-8
-8
-9
-8
-5
-5
-7
-7
-6
-4
-3
-5
-6
-6
-5
-6
-6
-7
-8
-9
-7
-8
-7
-4
-4
-7
-7
-7
-4
-2
-4
-7
-11
-11
-9
-7
-7
-6
-6
-7
-7
-7
-8
-7
-5
-7
-7
-4
-6
-6
-9
-9
-9
-8
-5
-4
-4
-6
-8
-6
-5
-4
-5
-8
-10
-8
-7
-7
-9
-13
-13
-12
-10
-9
-10
-13
-13
-12
-11
-10
-10
-12
-12
-12
-12
-14
-14
-14
-12
-11
-11
-12
-14
-15
-14
-12
-11
-12
-14
-14
-14
-12
-13
-15
-16
-16
-15
-13
-13
-15
-16
-16
-17
-18
-17
-16
-15
-13
-14
-16
-17
-18
-18
-17
-17
-16
-17
-15
-15
-18
-17
-15
-16
-13
-13
-12
-12
-11
-13
-14
-14
-14
-14
-13
-12
-14
-13
-12
-13
-13
-13
-12
-12
-14
-15
-13
-13
-13
-13
-16
-15
-14
-14
-15
-16
-16
-15
-15
-13
-14
-17
-17
-16
-16
-15
-15
-16
-16
-15
-12
-12
-14
-17
-17
-16
-15
-16
-16
-15
-15
-17
-16
-16
-15
-15
-16
-14
-14
-14
-16
-20
-19
-17
-16
-14
-13
-16
-17
-15
-16
-16
-15
-13
-14
-14
-16
-14
-13
-13
-16
-18
-19
-18
-16
-17
-18
-17
-16
-15
-15
-15
-16
-16
-16
-14
-15
-17
-17
-17
-16
-16
-17
-18
-14
-15
-16
-18
-18
-17
-16
-14
-14
-14
-16
-17
-17
-15
-13
-12
-13
-16
-16
-15
-14
-14
-15
-15
-14
-13
-13
-13
-13
-15
-15
-14
-14
-12
-12
-13
-13
-11
-11
-13
-13
-14
-12
-9
-9
-11
-12
-12
-11
-11
-13
-15
-16
-14
-14
-11
-11
-9
-8
-9
-11
-13
-12
-11
-10
-10
-10
-9
-11
-11
-12
-13
-12
-11
-12
-13
-11
-10
-12
-11
-12
-12
-10
-12
-13
-14
-14
-14
-12
-10
-10
-12
-12
-13
-12
-13
-12
-13
-13
-13
-13
-13
-12
-11
-12
-12
-13
-14
-13
-11
-11
-11
-13
-15
-16
-15
-15
-14
-14
-12
-10
-10
-13
-15
-14
-13
-12
-12
-11
-12
-13
-16
-17
-17
-16
-15
-14
-14
-14
-13
-16
-18
-19
-18
-15
-13
-14
-14
-16
-16
-16
-17
-18
-19
-18
-15
-13
-15
-18
-18
-18
-17
-19
-18
-15
-14
-16
-18
-16
-14
-12
-10
-13
-16
-18
-17
-14
-15
-16
-17
-16
-15
-15
-16
-16
-15
-14
-14
-13
-14
-14
-14
-15
-16
-15
-17
-16
-15
-13
-12
-13
-14
-15
-14
-15
-16
-17
-16
-14
-12
-11
-10
-11
-13
-16
-16
-15
-12
-12
-13
-12
-12
-10
-10
-11
-14
-15
-17
-19
-17
-15
-14
-15
-16
-14
-14
-13
-14
-17
-16
-14
-14
-16
-17
-17
-15
-16
-14
-15
-17
-16
-16
-16
-16
-17
-16
-15
-18
-18
-19
-19
-18
-17
-14
-13
-14
-14
-15
-16
-18
-19
-20
-21
-18
-17
-18
-17
-18
-21
-20
-20
-19
-19
-19
-19
-19
-19
-19
-20
-20
-18
-17
-17
-18
-18
-19
-19
-19
-18
-18
-17
-19
-20
-19
-18
-17
-17
-18
-19
-20
-20
-20
-21
-20
-19
-19
-17
-18
-19
-19
-20
-19
-17
-15
-14
-18
-17
-15
-15
-15
-17
-16
-15
-16
-17
-17
-14
-13
-13
-15
-15
-14
-13
-13
-11
-12
-12
-13
-13
-12
-12
-10
-11
-14
-14
-14
-14
-11
-11
-11
-12
-13
-13
-13
-11
-11
-11
-13
-13
-13
-11
-11
-12
-10
-11
-11
-11
-9
-8
-8
-9
-8
-9
-9
-9
-8
-6
-7
-10
-11
-10
-8
-8
-6
-6
-8
-9
-10
-9
-8
-6
-4
-3
-5
-5
-8
-12
-11
-9
-9
-9
-9
-9
-10
-9
-8
-9
-9
-10
-12
-12
-12
-10
-7
-9
-8
-8
-8
-9
-10
-9
-7
-5
-5
-7
-9
-7
-6
-7
-9
-7
-6
-4
-3
-3
-5
-4
-3
-2
-1
-1
-3
-6
-7
-7
-4
-3
2
2
-1
-3
-5
-5
-5
-1
-1
-1
0
0
-2
-3
-3
-1
0
1
1
1
0
1
0
-1
-1
-1
-1
-3
-5
-4
-2
-1
-3
-4
-3
-2
1
-1
-2
-5
-3
-2
-3
-3
-5
-6
-2
-1
-3
-4
-4
-4
-3
-3
-4
-4
-1
-1
-3
-2
-2
-2
-4
-7
-6
-3
-3
-2
-2
0
0
-2
-3
-2
-3
-3
-4
-6
-7
-5
-5
-4
-4
-4
-5
-5
-5
-7
-6
-6
-4
-4
-4
-4
-4
-5
-7
-5
-4
-3
-1
-2
-3
-4
-3
-3
-1
0
-1
-3
-4
-2
1
1
0
-3
0
4
5
3
1
1
-1
-1
-1
0
0
-1
-2
0
1
1
-1
-3
-3
-1
1
3
2
2
2
2
2
1
1
1
2
3
4
1
-1
0
3
2
2
1
-1
-3
-4
-2
-2
-1
0
-1
-1
0
-1
0
-2
-1
0
-2
-2
-3
-3
-1
-1
-4
-3
-3
-3
-7
-7
-5
-3
-2
-3
0
0
2
0
0
2
4
3
3
2
1
-2
-1
-2
-1
0
-1
-1
-1
-2
1
3
4
3
2
1
0
0
-1
-1
0
2
0
-3
-5
-3
0
2
3
2
1
1
1
1
2
3
5
6
5
4
4
4
4
4
2
2
1
2
2
3
6
8
7
3
3
4
6
6
5
4
6
6
5
3
2
4
5
6
7
