-244
-259
-277
-292
-303
-314
-313
-309
-271
-233
-212
-200
-190
-169
-132
-101
-73
-46
-24
-2
30
63
84
98
92
101
119
140
157
159
161
171
184
189
197
187
178
161
151
153
148
129
109
92
79
66
45
25
12
6
8
15
21
24
24
29
39
46
48
50
67
87
108
120
130
141
158
174
189
203
210
228
236
255
277
280
287
284
282
289
285
284
276
270
265
260
254
246
231
216
209
201
197
182
172
166
158
150
137
125
107
95
83
73
62
44
23
10
-11
-24
-44
-61
-85
-102
-113
-140
-146
-184
-204
-227
-254
-266
-285
-307
-311
-331
-337
-328
-305
-252
-236
-224
-219
-202
-162
-130
-98
-78
-45
-29
16
49
74
93
87
87
113
131
158
163
162
179
188
206
210
204
191
175
160
163
163
143
125
103
97
82
58
32
16
7
6
6
16
18
21
28
31
40
41
43
54
66
80
97
110
128
141
160
176
187
200
208
218
232
246
256
262
263
271
278
277
271
263
253
245
241
232
224
212
203
196
192
183
174
161
150
141
129
121
106
96
83
77
69
58
46
22
-3
-19
-43
-56
-80
-96
-112
-131
-145
-176
-196
-228
-252
-280
-298
-325
-338
-347
-360
-359
-346
-312
-267
-254
-252
-233
-221
-182
-141
-124
-86
-54
-32
17
49
57
87
61
78
106
113
141
148
150
179
189
197
212
190
179
158
136
142
137
117
107
89
83
73
41
19
-2
-10
-14
-11
-3
1
8
17
23
33
36
36
50
56
74
86
92
111
134
153
181
194
207
222
224
241
249
254
264
270
281
289
288
286
276
267
257
247
236
229
223
216
213
213
210
202
194
177
166
145
128
117
101
101
93
89
80
60
41
11
-10
-35
-56
-75
-100
-106
-138
-147
-178
-199
-228
-260
-286
-319
-336
-363
-369
-380
-369
-336
-294
-259
-254
-247
-234
-207
-175
-143
-127
-75
-55
-15
39
51
81
81
70
92
108
118
142
136
162
186
198
220
222
201
189
158
146
146
118
108
97
89
94
65
43
26
9
1
-9
-13
-9
-10
2
15
33
44
46
54
64
71
80
77
84
103
124
153
179
196
216
228
234
246
251
255
258
263
273
278
280
280
276
270
259
247
229
210
200
190
189
190
178
182
174
153
154
115
113
96
83
77
58
50
37
19
5
-27
-50
-76
-101
-118
-142
-161
-192
-207
-243
-261
-289
-319
-341
-371
-388
-390
-406
-385
-353
-318
-278
-287
-267
-248
-211
-176
-149
-130
-90
-54
-23
31
39
68
66
65
88
105
108
118
116
144
174
186
207
207
199
186
161
142
134
99
89
76
75
72
44
25
11
3
-7
-16
-28
-25
-28
-12
-2
10
21
29
42
64
73
81
80
78
99
110
134
156
175
199
217
232
250
253
261
263
265
266
258
260
259
256
254
244
235
228
213
204
187
177
163
154
145
142
134
121
115
101
97
84
72
55
35
17
-4
-23
-51
-73
-98
-116
-133
-149
-180
-205
-241
-270
-294
-328
-346
-379
-393
-404
-410
-389
-347
-301
-283
-274
-268
-240
-203
-179
-153
-132
-99
-63
-21
28
50
70
63
64
83
98
106
106
108
130
160
181
198
198
193
181
166
159
144
111
88
69
60
55
31
20
12
10
4
-3
-10
-15
-17
-10
1
8
14
20
37
58
75
87
96
101
112
121
134
147
161
181
194
212
230
242
255
264
271
272
265
252
245
235
224
211
198
192
186
180
175
167
154
139
122
111
97
82
74
69
67
57
49
33
16
-7
-31
-58
-81
-105
-123
-145
-166
-196
-219
-248
-277
-310
-336
-359
-384
-395
-407
-394
-358
-300
-281
-260
-261
-242
-195
-176
-145
-125
-84
-46
5
46
72
80
78
74
85
98
100
98
104
123
147
176
185
194
195
189
174
162
147
122
93
76
65
56
35
13
10
6
8
-6
-12
-16
-18
-17
-9
-5
3
16
32
55
67
77
82
93
109
122
130
145
154
177
188
196
209
215
228
247
255
264
264
258
258
243
228
208
191
177
163
151
145
134
130
121
106
94
71
51
38
33
29
24
4
-2
-23
-31
-58
-79
-108
-131
-168
-183
-211
-243
-271
-311
-354
-370
-558
-470
-514
-605
-330
-430
-321
-198
-176
-154
-94
-82
-56
3
35
62
140
211
252
284
308
312
277
258
204
159
138
52
59
5
30
63
50
36
54
29
-4
-23
-70
-99
-124
-166
-185
-154
-130
-116
-78
-30
-1
48
49
51
77
66
61
78
114
147
180
235
272
309
323
318
327
323
296
270
243
230
222
219
208
221
227
227
228
222
209
175
149
121
108
88
73
69
84
92
95
90
86
69
40
11
-24
-38
-87
-89
-93
-94
-94
-120
-145
-161
-182
-253
-264
-350
-373
-400
-463
-467
-479
-509
-478
-469
-462
-385
-343
-191
-114
-7
93
201
284
335
310
373
394
382
415
387
436
442
393
358
335
245
173
24
-34
-87
-151
-211
-252
-224
-164
-169
-162
-142
-121
-102
-141
-148
-117
-114
-110
-88
-36
58
76
90
151
191
219
189
154
162
143
110
99
107
152
161
188
237
273
290
291
272
303
294
265
264
260
272
295
285
296
329
323
314
306
293
270
238
200
181
174
150
131
136
136
140
116
110
92
57
14
-27
-63
-78
-117
-127
-117
-124
-106
-139
-139
-164
-190
-261
-281
-372
-368
-444
-463
-468
-457
-438
-435
-413
-378
-341
-314
-218
-74
65
189
293
441
589
626
583
555
542
526
481
405
385
348
333
264
209
138
37
-113
-222
-292
-327
-377
-429
-398
-283
-176
-120
-92
-30
54
79
57
62
84
104
99
109
191
250
254
251
281
310
279
182
100
66
39
-3
-40
-9
52
115
165
227
305
339
340
343
368
381
373
353
379
433
463
458
447
461
452
400
331
278
219
165
80
51
29
30
19
5
22
25
-5
-29
-55
-82
-104
-158
-161
-139
-130
-109
-125
-86
-99
-113
-163
-228
-278
-329
-419
-461
-478
-528
-507
-538
-508
-466
-435
-420
-353
-281
-70
72
194
322
441
604
676
619
590
568
544
535
417
383
356
311
265
178
89
31
-126
-241
-306
-349
-364
-422
-437
-297
-171
-80
-36
6
128
200
184
169
167
195
193
145
182
226
247
233
213
242
251
168
72
2
-14
-26
-85
-104
-39
50
131
181
253
352
409
419
424
443
460
442
406
420
455
464
435
422
434
432
370
283
214
166
102
16
-40
-41
-34
-28
-35
-4
30
37
6
-14
-27
-43
-93
-119
-119
-99
-96
-109
-94
-95
-109
-176
-235
-305
-352
-461
-520
-594
-589
-603
-601
-597
-523
-457
-363
-267
-74
108
263
366
478
615
692
656
581
557
550
557
462
388
340
348
277
183
49
-22
-146
-266
-382
-413
-412
-409
-412
-300
-135
-5
59
94
197
295
308
254
229
237
263
217
200
219
263
270
243
215
222
166
75
-26
-86
-101
-128
-157
-116
-11
103
190
252
364
464
517
512
498
506
510
471
444
435
451
449
426
415
411
378
311
234
164
110
40
-30
-70
-66
-43
-25
5
43
98
120
108
79
63
46
11
-38
-53
-78
-68
-105
-111
-133
-150
-217
-291
-380
-458
-551
-647
-703
-740
-720
-722
-664
-598
-454
-322
-80
88
300
424
569
680
759
710
655
572
559
547
471
395
331
335
302
215
70
-25
-163
-257
-397
-452
-470
-452
-436
-309
-162
32
124
208
311
421
441
407
326
311
298
255
208
185
208
233
224
208
193
141
71
-40
-115
-162
-203
-243
-230
-137
4
107
198
321
465
558
577
557
573
570
541
474
439
433
445
417
408
395
400
359
298
228
169
94
20
-44
-60
-51
-30
-6
56
133
196
210
202
197
179
150
72
12
-32
-48
-83
-123
-164
-190
-230
-297
-392
-492
-566
-665
-743
-809
-846
-841
-773
-716
-586
-461
-216
57
294
451
597
735
879
878
776
673
595
589
521
402
314
292
275
237
105
8
-112
-241
-376
-478
-528
-517
-534
-447
-285
-78
87
192
311
470
552
544
471
410
398
333
253
194
178
194
188
163
171
144
93
-10
-108
-158
-201
-255
-285
-257
-130
8
102
215
363
530
641
669
680
685
674
633
566
515
480
439
421
407
409
388
338
285
240
180
100
6
-47
-53
-41
-28
1
73
175
243
271
278
275
268
218
137
70
8
-32
-85
-127
-154
-191
-253
-315
-392
-473
-571
-662
-750
-797
-830
-848
-799
-712
-589
-459
-245
32
333
507
668
786
965
1014
938
768
680
620
585
409
274
205
212
163
59
-99
-169
-275
-386
-512
-578
-579
-552
-520
-377
-179
24
181
290
448
592
646
605
525
465
435
337
246
169
152
159
152
122
112
70
35
-46
-112
-164
-213
-249
-240
-183
-57
64
185
334
495
645
739
765
773
761
731
672
578
495
441
408
392
360
326
304
273
247
180
97
26
-31
-64
-74
-74
-31
32
113
206
277
328
341
316
294
253
175
75
-11
-71
-101
-153
-217
-284
-319
-373
-428
-529
-603
-680
-725
-778
-799
-791
-730
-641
-512
-312
-25
266
492
675
844
1021
1091
1025
861
728
631
543
366
205
87
86
58
-14
-149
-232
-318
-372
-492
-573
-618
-590
-543
-421
-268
-56
117
281
446
614
708
712
635
569
513
424
293
156
85
75
70
37
6
-2
12
-13
-70
-133
-169
-194
-216
-208
-145
-35
93
227
392
579
734
825
864
883
872
813
706
583
487
413
349
289
237
212
208
182
143
86
37
-11
-50
-80
-83
-66
-18
44
139
240
317
359
372
372
351
278
172
72
1
-62
-136
-226
-289
-338
-368
-447
-512
-588
-638
-700
-751
-807
-797
-757
-672
-561
-356
-51
246
490
692
892
1099
1181
1088
926
777
683
556
335
141
39
21
-9
-125
-230
-282
-343
-421
-530
-604
-599
-606
-579
-468
-294
-85
79
224
434
632
747
743
675
644
605
484
321
161
87
59
2
-56
-84
-73
-53
-90
-129
-144
-164
-195
-235
-223
-144
-60
38
165
349
556
711
810
889
942
950
878
756
651
547
441
330
241
189
155
115
94
69
55
22
-24
-52
-58
-56
-44
-19
56
168
271
349
400
446
480
447
366
279
189
120
25
-82
-157
-213
-266
-316
-398
-459
-525
-595
-660
-733
-784
-802
-787
-733
-636
-522
-278
21
306
545
736
937
1123
1159
1057
894
750
658
494
273
88
-22
-44
-111
-231
-313
-361
-410
-467
-565
-587
-574
-566
-508
-391
-217
-10
122
276
474
655
754
741
686
680
627
508
334
181
114
59
-32
-105
-141
-119
-107
-146
-164
-157
-150
-175
-217
-196
-118
-47
26
139
322
527
681
793
893
976
1002
944
842
737
629
490
350
235
164
104
43
2
-4
-2
-16
-45
-48
-27
1
13
35
109
213
304
361
413
480
523
490
420
352
306
239
109
-5
-99
-139
-223
-322
-437
-474
-532
-572
-678
-726
-763
-764
-775
-749
-688
-555
-387
-122
148
399
617
809
989
1116
1082
966
825
702
594
389
175
13
-54
-122
-216
-346
-383
-423
-438
-501
-529
-512
-470
-445
-351
-242
-74
62
189
346
520
628
686
660
662
645
566
429
276
163
95
6
-87
-145
-159
-147
-166
-181
-170
-153
-153
-167
-156
-93
-47
-4
69
212
379
521
613
726
840
921
917
859
792
726
620
483
336
221
131
47
-16
-44
-56
-60
-60
-35
17
55
80
111
173
256
311
342
378
425
467
459
409
364
328
275
181
78
0
-68
-147
-246
-342
-415
-470
-541
-612
-677
-721
-746
-766
-765
-718
-650
-536
-365
-111
131
353
528
730
914
1041
999
910
806
732
602
400
182
46
-34
-121
-236
-337
-374
-382
-408
-449
-458
-428
-392
-365
-304
-202
-76
20
115
237
382
482
534
536
560
561
508
401
291
205
142
56
-37
-103
-130
-135
-155
-171
-163
-143
-125
-116
-94
-52
-11
35
113
225
338
425
506
612
727
801
807
779
764
733
655
519
374
262
184
94
3
-64
-86
-67
-39
-10
27
80
136
190
237
278
301
320
332
361
378
369
332
297
269
258
189
109
30
-29
-89
-171
-284
-378
-433
-513
-561
-668
-687
-744
-723
-745
-692
-651
-540
-481
-294
-81
135
328
469
639
828
923
876
785
684
641
516
310
100
-23
-74
-134
-263
-332
-356
-334
-347
-366
-366
-304
-303
-267
-232
-136
-49
-9
32
143
261
351
359
356
414
457
429
333
235
197
161
78
-21
-86
-98
-107
-142
-164
-143
-116
-95
-97
-53
5
52
72
119
205
310
364
416
497
599
660
666
644
642
625
556
436
329
243
167
74
-10
-44
-32
-21
-5
27
90
155
188
211
246
293
321
315
318
347
370
363
322
297
283
259
203
123
52
6
-63
-149
-252
-334
-402
-467
-541
-617
-656
-682
-699
-719
-712
-693
-622
-583
-487
-331
-113
76
263
408
606
766
837
788
715
641
584
436
249
80
2
-49
-134
-233
-273
-263
-242
-269
-294
-261
-233
-222
-232
-211
-152
-100
-99
-57
18
133
197
219
251
328
375
370
303
268
258
229
145
52
4
2
-35
-88
-123
-99
-68
-72
-85
-42
22
73
84
116
202
287
331
354
406
489
539
530
504
498
496
448
354
271
234
203
148
82
64
81
106
103
114
148
201
227
249
267
302
325
330
335
352
361
346
312
287
266
233
174
85
41
-16
-76
-170
-253
-325
-368
-437
-508
-569
-617
-640
-678
-705
-732
-704
-687
-627
-573
-442
-284
-91
77
255
421
593
696
732
700
668
620
538
386
239
125
71
-14
-104
-183
-194
-185
-198
-228
-235
-208
-189
-199
-206
-184
-160
-136
-137
-97
-31
36
77
118
178
262
296
296
289
307
317
280
200
152
121
88
9
-70
-101
-95
-103
-119
-120
-69
-9
26
65
126
202
253
278
314
369
407
414
389
393
401
383
333
283
265
267
237
200
175
186
205
201
193
208
233
256
255
266
291
315
323
321
340
360
364
337
309
287
266
196
124
39
-3
-62
-140
-231
-296
-346
-397
-465
-535
-563
-597
-612
-658
-666
-674
-646
-656
-614
-601
-511
-409
-260
-117
64
217
405
543
656
691
694
674
635
548
423
275
175
93
-12
-103
-181
-202
-221
-238
-262
-235
-221
-196
-209
-178
-156
-127
-143
-127
-98
-37
-20
1
27
102
171
212
235
272
307
323
296
255
230
189
129
48
-20
-61
-102
-154
-180
-179
-136
-115
-85
-30
63
146
214
255
325
375
408
399
385
376
370
334
306
272
272
270
263
252
265
274
285
277
280
292
300
293
285
283
300
305
302
307
321
340
333
303
276
245
194
124
47
-19
-78
-138
-215
-276
-326
-368
-425
-460
-505
-518
-544
-569
-596
-600
-618
-612
-622
-608
-589
-540
-469
-337
-204
-40
102
279
440
588
645
675
680
681
627
516
379
277
191
79
-35
-137
-182
-224
-259
-294
-284
-256
-221
-216
-165
-119
-68
-60
-60
-44
-1
1
4
-17
10
55
89
110
146
192
256
284
288
297
280
246
176
100
30
-43
-126
-181
-216
-203
-196
-168
-113
-20
81
171
227
306
370
427
444
436
426
429
409
377
331
300
286
278
264
259
266
278
284
293
309
322
328
328
334
347
349
337
324
313
307
284
247
201
161
110
55
-10
-57
-108
-145
-186
-228
-259
-298
-334
-387
-420
-464
-485
-540
-560
-589
-587
-595
-591
-596
-566
-541
-495
-420
-321
-193
-58
78
230
376
494
564
605
642
644
605
519
418
340
256
124
12
-97
-155
-211
-262
-294
-273
-246
-205
-185
-131
-80
-47
-46
-52
-53
-51
-69
-90
-93
-76
-42
-22
17
71
134
181
213
232
267
267
235
178
130
87
32
-56
-117
-151
-157
-170
-168
-129
-51
24
96
166
255
338
394
426
446
467
472
452
417
380
355
336
300
271
255
262
276
286
298
324
351
377
383
380
365
339
302
269
230
196
157
128
105
83
61
30
0
-31
-56
-96
-122
-174
-206
-251
-276
-328
-359
-400
-426
-463
-490
-511
-523
-536
-562
-562
-569
-550
-547
-501
-438
-316
-209
-66
63
231
371
506
563
627
650
665
607
520
422
357
256
141
27
-51
-95
-161
-214
-240
-225
-220
-220
-229
-168
-140
-117
-142
-134
-108
-82
-116
-127
-127
-77
-48
-45
-18
48
126
181
199
229
280
288
268
211
182
143
78
-11
-64
-99
-105
-149
-147
-104
-34
30
88
160
267
347
398
435
472
518
519
491
462
449
427
392
340
331
327
325
299
281
286
303
290
273
252
261
264
246
223
216
220
219
195
171
160
150
124
73
34
1
-24
-63
-100
-124
-142
-162
-203
-229
-273
-285
-348
-386
-447
-476
-531
-557
-598
-602
-600
-591
-566
-530
-443
-350
-218
-97
68
207
373
478
581
623
672
674
661
589
515
426
347
241
128
29
-56
-123
-196
-237
-267
-260
-271
-256
-244
-196
-186
-172
-182
-157
-141
-128
-142
-126
-99
-52
-20
10
61
121
180
212
238
264
291
270
238
189
161
111
51
-16
-43
-56
-64
-83
-68
-18
43
100
155
226
307
383
436
487
525
559
566
558
534
508
461
408
350
306
264
222
186
169
174
185
196
208
230
253
271
280
282
279
272
259
248
230
210
180
150
115
86
42
2
-40
-79
-112
-144
-188
-223
-270
-301
-347
-374
-427
-457
-492
-509
-517
-530
-522
-507
-458
-418
-357
-322
-229
-134
-9
87
202
300
420
492
531
541
547
536
491
420
341
280
210
126
31
-28
-93
-145
-211
-248
-261
-254
-276
-285
-267
-224
-194
-182
-167
-125
-77
-55
-39
-26
11
29
33
36
62
81
96
98
124
155
174
157
143
146
153
128
88
58
53
55
50
55
85
131
178
228
285
356
408
446
475
508
525
521
487
459
428
392
335
280
239
214
184
157
149
163
189
207
229
257
290
308
317
323
330
326
308
279
254
231
198
157
111
73
32
-15
-66
-105
-137
-170
-200
-234
-254
-272
-294
-318
-333
-343
-351
-350
-356
-338
-318
-289
-271
-236
-203
-168
-153
-128
-89
-28
24
75
133
200
266
313
334
351
378
377
360
305
265
222
172
90
24
-40
-86
-144
-187
-209
-210
-210
-212
-196
-159
-116
-102
-91
-86
-55
-50
-56
-64
-53
-44
-37
-39
-10
31
61
78
103
147
186
199
194
206
220
229
209
199
204
221
215
206
214
247
272
282
292
317
346
361
365
375
396
405
399
381
378
371
350
319
297
288
276
257
238
240
249
258
251
251
257
270
264
256
243
242
228
203
173
156
141
114
78
45
22
-6
-41
-85
-108
-133
-156
-180
-191
-190
-177
-176
-168
-156
-133
-128
-124
-131
-125
-127
-145
-173
-187
-196
-203
-222
-242
-241
-205
-165
-122
-64
-2
83
142
195
220
268
280
297
267
247
213
196
145
98
44
9
-33
-80
-118
-146
-154
-179
-194
-204
-177
-166
-147
-147
-114
-84
-54
-47
-31
-11
9
16
24
53
77
99
104
135
167
203
206
222
241
276
273
262
256
270
277
269
255
259
280
286
297
302
327
350
370
381
399
410
418
411
409
402
387
359
322
296
273
242
202
176
160
151
131
114
111
118
127
133
143
163
174
180
176
177
169
152
124
94
70
43
18
-20
-44
-56
-64
-72
-77
-74
-67
-63
-66
-73
-70
-80
-97
-116
-139
-155
-182
-199
-227
-235
-259
-271
-284
-280
-266
-238
-200
-155
-84
-16
54
112
165
203
243
255
258
233
211
185
158
111
63
21
-11
-42
-78
-106
-123
-127
-134
-131
-124
-104
-94
-81
-70
-46
-31
-27
-24
-11
7
12
15
24
51
68
83
101
135
171
199
217
248
287
315
332
345
371
391
395
382
378
382
390
377
365
367
375
378
370
365
371
369
355
337
323
308
278
244
213
191
162
131
106
100
106
105
107
117
136
156
170
175
188
197
203
199
190
180
167
148
126
104
84
54
28
2
-12
-27
-34
-38
-37
-29
-37
-30
-50
-41
-71
-78
-114
-129
-164
-190
-231
-256
-273
-291
-306
-326
-318
-316
-284
-268
-214
-164
-97
-45
14
63
111
154
179
204
207
217
206
209
185
165
126
95
51
17
-20
-51
-80
-106
-111
-112
-102
-103
-91
-82
-61
-59
-52
-47
-31
-22
-20
-12
12
47
74
103
137
190
233
269
295
333
362
379
377
384
397
404
394
377
374
381
380
357
341
332
334
320
308
294
293
282
267
251
250
240
225
208
199
190
171
147
128
125
122
121
110
113
123
136
143
152
160
170
176
175
177
177
172
159
147
136
122
100
78
59
50
24
12
-19
-24
-51
-57
-88
-100
-123
-143
-161
-184
-194
-223
-237
-265
-279
-300
-318
-335
-347
-356
-347
-333
-298
-252
-192
-126
-55
8
68
122
169
202
228
231
228
218
205
184
152
116
81
48
12
-24
-56
-79
-103
-117
-124
-122
-113
-104
-83
-62
-37
-18
4
30
49
59
70
85
101
113
124
142
168
194
221
248
278
305
330
350
375
388
398
394
390
382
375
360
343
327
316
306
293
281
270
262
247
235
222
212
196
182
168
162
153
140
130
120
115
108
99
89
89
90
97
102
115
130
149
167
179
191
198
200
192
173
147
122
89
54
14
-15
-46
-66
-103
-123
-151
-157
-180
-194
-217
-232
-249
-268
-280
-298
-299
-312
-312
-326
-317
-329
-311
-317
-290
-279
-239
-208
-162
-111
-67
-12
22
79
107
152
156
176
174
181
159
133
102
68
37
-3
-26
-55
-73
-96
-94
-91
-70
-63
-45
-30
-8
8
16
22
30
41
40
40
39
45
53
66
80
102
126
155
183
217
253
284
312
332
359
372
382
378
369
351
335
307
286
262
243
223
212
205
202
199
195
195
191
193
187
180
167
155
135
122
106
96
85
81
81
87
99
110
122
135
149
161
169
166
162
154
146
130
109
82
58
33
9
-18
-50
-81
-113
-141
-167
-192
-216
-236
-243
-249
-254
-261
-263
-262
-256
-258
-263
-275
-275
-289
-288
-305
-296
-288
-265
-236
-199
-148
-108
-53
-20
30
62
94
113
126
137
145
147
137
118
97
81
48
28
-7
-25
-44
-56
-62
-59
-53
-38
-21
0
22
30
45
53
61
59
50
39
39
34
39
45
59
83
109
141
177
206
235
262
278
298
302
306
304
304
301
296
284
278
268
268
260
251
250
245
242
234
223
215
206
193
185
173
166
149
133
121
115
104
93
83
78
77
74
80
83
93
101
109
114
120
116
106
91
75
59
37
10
-13
-39
-57
-83
-114
-134
-155
-157
-179
-185
-206
-205
-217
-223
-232
-234
-241
-246
-255
-258
-265
-267
-281
-288
-291
-294
-285
-280
-258
-233
-192
-162
-116
-79
-33
1
31
51
68
79
77
72
60
52
32
18
-3
-12
-19
-23
-24
-19
-13
2
11
20
29
37
46
47
47
46
46
42
37
29
26
24
26
26
30
43
61
78
100
124
145
170
193
217
240
258
269
277
275
279
273
269
262
255
257
252
245
238
234
233
228
214
206
193
182
165
146
128
113
96
81
69
64
65
61
61
60
65
68
71
65
67
66
61
48
34
21
6
-9
-25
-42
-56
-79
-104
-123
-147
-160
-187
-200
-216
-221
-231
-236
-243
-244
-249
-252
-258
-263
-263
-271
-275
-280
-279
-274
-272
-263
-249
-229
-208
-183
-160
-128
-104
-84
-70
-51
-37
-26
-14
-8
2
6
12
12
18
16
13
5
2
1
-3
-4
-2
5
10
13
10
13
14
19
17
11
8
9
6
1
-1
4
11
24
33
50
68
86
99
116
131
144
154
161
176
185
196
203
211
218
230
235
236
233
234
230
228
224
218
214
201
190
179
169
157
142
124
115
103
90
72
56
47
37
28
16
10
8
8
6
4
1
-2
-10
-19
-31
-40
-54
-73
-86
-102
-113
-133
-147
-161
-166
-177
-187
-201
-206
-211
-222
-224
-233
-232
-238
-242
-248
-246
-252
-253
-265
-264
-261
-257
-256
-253
-245
-228
-213
-194
-175
-153
-129
-114
-99
-86
-72
-60
-56
-52
-47
-40
-43
-44
-43
-38
-34
-37
-34
-30
-21
-18
-18
-19
-14
-10
-6
-8
-3
1
6
6
5
13
17
20
22
29
38
43
45
49
57
67
76
85
99
110
123
132
146
158
168
171
178
186
194
198
202
206
210
213
214
211
210
209
201
188
177
164
154
134
115
96
79
64
47
34
25
20
13
8
0
-6
-17
-25
-36
-46
-58
-69
-81
-89
-101
-115
-126
-141
-144
-155
-158
-170
-168
-176
-173
-173
-173
-175
-184
-191
-202
-209
-221
-226
-241
-244
-253
-253
-257
-256
-254
-245
-238
-229
-221
-212
-198
-194
-181
-175
-166
-158
-155
-149
-145
-142
-133
-124
-113
-102
-93
-81
-70
-59
-49
-42
-35
-30
-28
-23
-20
-12
-4
5
4
4
-2
1
2
3
7
12
16
22
24
29
35
43
53
57
60
62
69
73
77
80
88
94
103
110
120
128
138
146
157
164
175
183
188
191
189
188
187
183
177
170
160
151
138
124
108
92
75
63
53
45
38
30
22
13
2
-14
-31
-46
-61
-75
-89
-107
-118
-131
-137
-142
-148
-147
-147
-145
-150
-149
-153
-151
-158
-164
-166
-168
-173
-181
-191
-197
-198
-202
-202
-202
-199
-201
-195
-195
-195
-204
-206
-210
-209
-212
-216
-217
-217
-209
-206
-201
-199
-192
-183
-172
-162
-151
-137
-123
-108
-98
-86
-78
-66
-56
-48
-41
-39
-35
-32
-26
-23
-19
-21
-16
-15
-10
-5
2
7
15
22
29
37
39
44
47
50
49
49
50
52
53
59
62
68
72
79
88
96
105
112
120
134
141
147
151
156
162
164
162
156
150
143
136
127
122
115
110
102
94
86
78
70
57
45
28
12
-9
-31
-54
-72
-89
-102
-115
-123
-130
-140
-144
-154
-155
-159
-162
-164
-166
-167
-163
-167
-167
-173
-169
-171
-167
-172
-171
-173
-173
-174
-183
-185
-191
-190
-197
-197
-206
-206
-214
-211
-218
-215
-216
-215
-208
-205
-198
-197
-188
-187
-173
-170
-157
-152
-143
-139
-134
-133
-126
-118
-113
-104
-98
-85
-75
-58
-50
-33
-23
-9
-7
2
4
9
12
13
11
9
7
6
10
16
24
28
35
42
50
55
61
64
71
74
79
81
85
82
86
85
87
93
98
103
109
115
120
126
127
136
140
149
152
151
145
142
131
119
102
89
76
57
39
21
10
-1
-10
-20
-25
-36
-42
-54
-63
-73
-83
-94
-106
-118
-132
-137
-149
-151
-163
-160
-167
-164
-167
-162
-162
-157
-155
-154
-154
-158
-159
-160
-158
-162
-164
-169
-171
-177
-181
-185
-184
-187
-187
-190
-189
-187
-188
-187
-190
-183
-181
-175
-174
-171
-165
-160
-152
-151
-148
-148
-143
-144
-137
-131
-117
-106
-95
-82
-71
-53
-40
-27
-18
-7
3
10
16
17
24
26
28
29
30
29
30
33
31
36
36
41
41
47
47
54
59
64
68
73
80
85
93
97
105
108
110
111
112
112
113
115
115
120
121
122
123
120
119
114
105
96
84
72
63
53
42
34
26
15
9
2
-6
-18
-31
-40
-53
-65
-81
-94
-108
-119
-132
-141
-150
-156
-163
-166
-168
-166
-164
-161
-160
-158
-157
-153
-153
-152
-154
-151
-150
-148
-147
-148
-146
-149
-152
-156
-155
-155
-153
-156
-151
-152
-152
-153
-153
-152
-156
-158
-164
-165
-165
-161
-160
-152
-147
-136
-126
-113
-101
-89
-80
-68
-56
-48
-39
-35
-28
-25
-17
-13
-6
-3
6
13
23
26
35
36
44
46
49
49
49
50
52
58
59
66
63
68
69
78
80
84
88
91
95
97
98
97
99
99
98
95
91
88
84
77
76
73
72
68
63
63
64
68
66
65
63
61
53
44
29
17
0
-16
-33
-48
-60
-75
-85
-96
-101
-110
-117
-125
-130
-131
-136
-138
-142
-143
-144
-146
-147
-151
-153
-154
-151
-148
-144
-144
-146
-145
-144
-141
-141
-141
-139
-136
-131
-130
-133
-130
-133
-131
-134
-137
-142
-147
-150
-150
-145
-140
-134
-130
-121
-112
-102
-98
-95
-92
-88
-84
-81
-79
-77
-72
-63
-57
-55
-49
-44
-35
-24
-14
-6
3
11
16
22
27
30
35
36
44
48
54
56
59
62
66
68
71
72
74
76
76
80
79
78
73
73
71
71
66
63
59
55
52
47
46
47
51
54
57
60
66
67
65
61
55
49
41
29
15
4
-8
-19
-31
-38
-46
-50
-57
-62
-68
-71
-78
-86
-94
-100
-105
-113
-117
-124
-128
-138
-141
-147
-149
-151
-152
-149
-146
-140
-139
-131
-131
-124
-125
-120
-124
-124
-130
-133
-135
-139
-143
-150
-149
-151
-145
-144
-138
-134
-125
-121
-112
-108
-98
-98
-96
-97
-96
-96
-96
-100
-99
-97
-94
-89
-87
-81
-75
-70
-65
-57
-51
-40
-30
-21
-11
-1
10
20
27
35
40
43
45
47
50
46
44
41
45
46
46
43
46
49
51
52
51
54
55
55
49
44
39
37
31
27
24
22
19
20
20
21
25
23
21
21
20
15
10
4
0
-5
-8
-14
-17
-25
-33
-40
-44
-47
-49
-52
-51
-53
-58
-61
-70
-79
-87
-95
-103
-113
-119
-128
-131
-135
-141
-142
-140
-139
-137
-134
-134
-135
-133
-132
-128
-128
-127
-128
-125
-128
-126
-124
-123
-121
-118
-114
-114
-109
-113
-110
-112
-105
-106
-105
-109
-108
-110
-110
-109
-108
-103
-99
-90
-90
-84
-83
-74
-74
-63
-59
-53
-49
-46
-38
-31
-26
-24
-19
-16
-11
-8
-4
3
11
18
21
24
29
32
33
34
35
36
36
37
36
37
38
35
33
32
31
31
28
23
21
19
15
15
12
7
4
0
-3
-7
-8
-15
-16
-22
-19
-21
-21
-26
-27
-28
-25
-23
-22
-22
-23
-24
-27
-31
-38
-44
-53
-60
-70
-78
-88
-96
-107
-110
-115
-115
-121
-119
-122
-122
-126
-125
-126
-127
-128
-129
-128
-133
-127
-135
-130
-132
-125
-122
-120
-120
-116
-113
-110
-108
-108
-104
-106
-102
-106
-102
-104
-102
-107
-108
-113
-112
-112
-113
-108
-102
-98
-94
-89
-85
-80
-78
-72
-69
-63
-63
-59
-55
-50
-46
-43
-41
-37
-35
-31
-29
-25
-21
-16
-13
-7
0
6
9
13
15
18
22
21
25
26
30
29
30
25
25
21
18
14
15
11
12
9
5
4
-3
-3
-15
-15
-27
-27
-35
-34
-39
-40
-41
-37
-40
-40
-40
-41
-35
-37
-32
-33
-33
-37
-36
-41
-42
-49
-56
-64
-69
-75
-80
-85
-88
-92
-94
-97
-97
-100
-104
-106
-106
-104
-107
-105
-108
-108
-114
-115
-117
-117
-116
-114
-115
-114
-113
-113
-112
-110
-103
-100
-97
-98
-99
-101
-98
-99
-97
-98
-99
-103
-104
-103
-101
-98
-92
-90
-83
-76
-71
-64
-60
-55
-50
-46
-44
-43
-44
-45
-45
-45
-43
-44
-41
-40
-36
-30
-26
-20
-12
-8
-1
2
7
13
16
15
17
16
18
18
18
15
16
15
16
16
14
13
15
15
11
11
5
3
-4
-10
-17
-21
-27
-30
-37
-37
-40
-39
-41
-42
-40
-39
-37
-37
-36
-38
-36
-36
-36
-37
-38
-40
-42
-46
-47
-49
-49
-52
-53
-53
-55
-60
-64
-69
-71
-72
-77
-79
-81
-80
-84
-84
-86
-85
-86
-86
-89
-89
-90
-92
-97
-104
-106
-106
-106
-107
-105
-105
-98
-96
-94
-93
-90
-87
-82
-80
-78
-78
-78
-78
-82
-81
-81
-77
-76
-75
-74
-71
-67
-63
-60
-54
-47
-43
-38
-38
-36
-35
-34
-34
-33
-33
-34
-37
-38
-36
-34
-30
-27
-22
-15
-8
-4
4
10
15
19
21
16
12
7
4
-1
-1
-2
-3
0
-2
-2
-3
-2
-3
-3
-6
-10
-17
-21
-29
-34
-42
-45
-48
-48
-51
-53
-55
-55
-54
-55
-50
-44
-38
-36
-34
-38
-39
-43
-43
-45
-48
-53
-57
-63
-65
-68
-71
-70
-72
-73
-72
-72
-74
-77
-79
-79
-79
-81
-84
-87
-92
-95
-97
-97
-96
-95
-97
-97
-95
-94
-94
-98
-97
-99
-99
-99
-98
-100
-101
-99
-97
-91
-90
-87
-84
-80
-78
-76
-74
-71
-69
-69
-69
-69
-64
-64
-58
-58
-57
-58
-56
-57
-55
-52
-53
-51
-52
-49
-46
-44
-45
-43
-41
-36
-33
-32
-28
-24
-21
-20
-17
-13
-9
-6
-3
-2
0
-1
-2
-1
-3
-4
-9
-12
-17
-22
-24
-26
-30
-32
-33
-35
-38
-41
-42
-42
-40
-41
-41
-43
-43
-45
-45
-46
-46
-46
-44
-44
-46
-47
-48
-48
-49
-48
-50
-52
-55
-56
-55
-56
-58
-60
-58
-58
-57
-59
-59
-63
-63
-67
-71
-75
-77
-79
-81
-82
-84
-87
-89
-92
-93
-94
-96
-98
-98
-97
-97
-95
-96
-96
-95
-93
-91
-90
-87
-86
-84
-84
-84
-85
-84
-83
-82
-78
-77
-75
-72
-70
-67
-63
-64
-63
-63
-63
-63
-64
-65
-63
-63
-60
-56
-52
-48
-46
-43
-41
-41
-39
-35
-34
-31
-31
-29
-28
-27
-25
-22
-19
-17
-17
-17
-17
-17
-20
-22
-24
-25
-25
-26
-27
-27
-28
-31
-34
-35
-36
-37
-41
-43
-44
-44
-46
-49
-47
-47
-48
-48
-46
-47
-48
-49
-51
-51
-50
-50
-53
-54
-53
-51
-51
-48
-49
-49
-47
-48
-48
-49
-53
-56
-56
-58
-61
-64
-66
-68
-70
-75
-78
-81
-83
-84
-85
-88
-91
-92
-91
-91
-91
-92
-91
-92
-91
-93
-94
-93
-94
-95
-95
-95
-94
-94
-93
-94
-92
-92
-90
-88
-86
-85
-84
-84
-84
-85
-82
-80
-79
-77
-74
-73
-68
-65
-62
-66
-67
-66
-63
-61
-61
-64
-65
-64
-61
-57
-56
-56
-56
-55
-54
-53
-52
-52
-51
-51
-50
-47
-48
-49
-48
-46
-45
-43
-43
-43
-43
-41
-41
-43
-47
-51
-53
-55
-59
-61
-62
-62
-60
-59
-61
-63
-65
-66
-65
-64
-65
-65
-66
-66
-67
-66
-68
-69
-69
-71
-71
-70
-69
-72
-75
-79
-81
-80
-82
-84
-88
-89
-90
-90
-90
-93
-93
-93
-93
-96
-98
-100
-101
-102
-104
-104
-104
-104
-105
-107
-111
-110
-110
-111
-114
-114
-114
-116
-116
-118
-118
-117
-116
-116
-114
-114
-112
-111
-110
-111
-108
-104
-101
-99
-99
-98
-95
-92
-90
-87
-86
-85
-88
-86
-86
-85
-85
-84
-82
-80
-78
-79
-76
-74
-72
-71
-70
-69
-67
-65
-62
-60
-60
-59
-58
-58
-57
-58
-57
-57
-55
-54
-57
-58
-58
-59
-60
-62
-63
-65
-66
-66
-64
-63
-63
-65
-67
-67
-69
-69
-69
-67
-66
-65
-63
-64
-66
-67
-68
-69
-68
-70
-72
-73
-76
-76
-78
-79
-80
-79
-78
-80
-81
-80
-79
-80
-82
-82
-82
-83
-84
-86
-85
-86
-87
-90
-91
-93
-92
-91
-93
-97
-100
-101
-100
-101
-102
-105
-108
-110
-109
-108
-107
-107
-108
-107
-107
-106
-105
-103
-102
-101
-99
-96
-94
-91
-93
-93
-90
-89
-87
-87
-86
-86
-84
-84
-82
-83
-82
-80
-78
-74
-71
-71
-70
-71
-72
-73
-70
-70
-69
-66
-63
-60
-60
-61
-60
-56
-54
-54
-56
-57
-56
-55
-54
-56
-57
-58
-57
-55
-54
-54
-57
-58
-56
-54
-53
-56
-58
-57
-54
-51
-51
-50
-49
-48
-47
-48
-48
-49
-51
-54
-55
-56
-58
-60
-62
-64
-64
-63
-64
-67
-70
-72
-70
-68
-66
-65
-66
-65
-63
-62
-63
-69
-73
-73
-74
-76
-77
-80
-84
-86
-88
-88
-88
-88
-89
-88
-88
-87
-89
-91
-95
-97
-96
-96
-97
-95
-95
-95
-93
-91
-92
-92
-91
-90
-88
-88
-90
-89
-89
-87
-86
-86
-87
-87
-86
-85
-83
-84
-84
-81
-76
-72
-70
-71
-73
-70
-67
-65
-65
-65
-66
-63
-60
-59
-56
-55
-55
-57
-57
-58
-58
-58
-56
-53
-53
-52
-54
-57
-57
-56
-56
-57
-58
-59
-57
-57
-55
-56
-54
-50
-46
-47
-50
-53
-53
-49
-49
-50
-54
-50
-51
-54
-56
-55
-57
-57
-56
-59
-58
-59
-59
-58
-59
-61
-64
-67
-69
-72
-71
-70
-74
-74
-72
-71
-69
-73
-77
-79
-81
-79
-79
-81
-81
-85
-87
-89
-93
-92
-92
-93
-93
-93
-92
-91
-91
-90
-90
-91
-91
-91
-89
-88
-90
-93
-92
-92
-92
-92
-91
-91
-89
-87
-86
-84
-82
-81
-80
-78
-76
-78
-79
-79
-77
-74
-72
-70
-71
-71
-69
-66
-64
-63
-65
-66
-66
-66
-65
-64
-64
-62
-59
-56
-56
-54
-55
-55
-51
-50
-47
-48
-50
-52
-55
-53
-53
-53
-55
-55
-56
-54
-52
-53
-51
-52
-50
-49
-48
-46
-46
-46
-45
-45
-45
-44
-43
-40
-39
-39
-39
-42
-43
-45
-44
-45
-46
-49
-52
-53
-56
-58
-59
-59
-60
-61
-64
-68
-69
-70
-69
-68
-66
-65
-68
-70
-70
-70
-69
-67
-68
-68
-71
-75
-76
-77
-78
-79
-81
-83
-82
-81
-80
-81
-82
-81
-78
-77
-78
-80
-80
-80
-78
-78
-78
-77
-77
-77
-76
-77
-75
-76
-78
-78
-79
-77
-77
-79
-78
-76
-73
-72
-70
-69
-69
-70
-70
-68
-65
-65
-63
-61
-61
-62
-62
-62
-61
-57
-56
-56
-55
-55
-55
-55
-53
-55
-56
-57
-58
-60
-58
-59
-60
-60
-60
-61
-62
-65
-63
-60
-60
-59
-58
-55
-54
-52
-49
-48
-49
-50
-51
-51
-50
-51
-53
-55
-58
-58
-58
-58
-62
-64
-67
-68
-70
-70
-71
-74
-76
-76
-77
-76
-76
-77
-78
-80
-79
-76
-75
-75
-79
-81
-80
-81
-82
-85
-88
-88
-88
-88
-90
-93
-95
-96
-97
-98
-99
-100
-101
-100
-99
-98
-98
-97
-97
-94
-94
-91
-91
-90
-90
-91
-92
-96
-98
-96
-92
-90
-92
-96
-95
-97
-97
-97
-97
-98
-97
-95
-92
-92
-91
-88
-86
-84
-81
-81
-82
-79
-80
-79
-78
-80
-81
-81
-81
-80
-80
-82
-84
-84
-84
-82
-79
-80
-81
-81
-81
-81
-79
-81
-83
-83
-81
-77
-77
-75
-72
-71
-70
-68
-69
-70
-71
-71
-70
-71
-71
-75
-76
-75
-75
-76
-75
-77
-76
-77
-80
-83
-83
-81
-81
-82
-84
-85
-85
-85
-84
-83
-84
-83
-84
-86
-88
-90
-90
-90
-89
-90
-91
-94
-96
-100
-101
-102
-104
-105
-105
-107
-107
-106
-104
-104
-105
-106
-106
-104
-103
-101
-99
-98
-98
-98
-99
-99
-100
-100
-101
-102
-101
-99
-100
-100
-101
-100
-100
-99
-99
-101
-100
-99
-99
-97
-97
-96
-95
-92
-91
-89
-89
-89
-88
-88
-87
-88
-89
-90
-91
-90
-90
-92
-93
-91
-92
-91
-91
-90
-87
-86
-87
-89
-88
-85
-81
-79
-77
-77
-76
-76
-76
-76
-77
-78
-78
-78
-78
-78
-77
-77
-79
-78
-78
-77
-76
-77
-79
-78
-75
-75
-75
-75
-76
-77
-76
-76
-78
-80
-80
-80
-79
-81
-82
-84
-85
-86
-86
-88
-89
-89
-91
-91
-92
-91
-93
-93
-91
-90
-92
-92
-94
-93
-93
-95
-93
-92
-92
-92
-93
-91
-92
-92
-93
-93
-92
-93
-93
-94
-93
-91
-90
-89
-89
-90
-88
-89
-90
-91
-90
-88
-88
-87
-89
-88
-87
-88
-87
-86
-86
-85
-83
-84
-84
-87
-87
-86
-85
-83
-83
-83
-83
-81
-81
-80
-79
-79
-78
-76
-76
-74
-73
-72
-71
-72
-70
-70
-70
-71
-70
-69
-68
-67
-66
-65
-63
-65
-69
-70
-69
-66
-63
-64
-66
-66
-67
-66
-65
-66
-68
-66
-65
-64
-64
-64
-66
-65
-60
-60
-60
-60
-60
-62
-63
-63
-66
-69
-71
-72
-71
-70
-72
-73
-76
-77
-77
-75
-74
-73
-73
-73
-71
-71
-73
-74
-74
-74
-76
-75
-77
-78
-79
-78
-78
-78
-80
-80
-82
-80
-81
-80
-79
-80
-81
-81
-80
-82
-81
-81
-82
-82
-80
-78
-79
-78
-77
-77
-76
-76
-78
-78
-79
-78
-77
-75
-74
-76
-76
-74
-71
-70
-70
-74
-74
-71
-69
-69
-69
-70
-69
-68
-70
-70
-71
-69
-65
-63
-63
-64
-65
-66
-69
-69
-68
-66
-66
-65
-64
-64
-61
-58
-57
-58
-58
-57
-57
-56
-57
-58
-59
-59
-60
-62
-63
-61
-58
-57
-57
-57
-57
-56
-57
-58
-59
-58
-58
-58
-59
-61
-61
-60
-60
-61
-61
-62
-62
-63
-63
-64
-63
-64
-66
-67
-65
-65
-66
-67
-67
-68
-67
-66
-67
-69
-69
-70
-69
-68
-69
-69
-70
-70
-70
-70
-71
-70
-70
-68
-68
-68
-68
-67
-65
-63
-61
-61
-63
-64
-66
-67
-65
-65
-65
-65
-64
-65
-66
-65
-62
-60
-56
-57
-59
-61
-61
-59
-59
-61
-63
-63
-62
-59
-57
-57
-57
-57
-58
-56
-55
-54
-54
-55
-54
-52
-52
-54
-56
-56
-53
-49
-46
-46
-45
-45
-44
-43
-43
-41
-41
-39
-38
-39
-41
-45
-47
-47
-47
-48
-49
-48
-48
-48
-46
-47
-47
-47
-48
-48
-51
-52
-52
-51
-51
-53
-51
-51
-52
-54
-55
-55
-56
-58
-58
-57
-57
-57
-57
-57
-56
-58
-58
-59
-59
-58
-58
-58
-59
-60
-60
-59
-58
-57
-58
-59
-59
-58
-57
-58
-60
-60
-60
-58
-58
-59
-59
-59
-59
-58
-58
-57
-58
-59
-60
-59
-58
-58
-59
-59
-58
-55
-54
-56
-58
-59
-59
-57
-56
-55
-56
-57
-56
-56
-55
-54
-55
-56
-54
-53
-51
-51
-53
-52
-50
-52
-53
-52
-51
-50
-51
-52
-51
-52
-54
-53
-49
-47
-46
-46
-47
-47
-46
-45
-46
-44
-44
-46
-47
-48
-49
-50
-51
-51
-51
-50
-51
-52
-53
-52
-52
-51
-50
-48
-47
-48
-48
-47
-47
-47
-48
-50
-50
-49
-48
-48
-48
-49
-50
-51
-51
-55
-56
-55
-53
-53
-55
-58
-57
-55
-53
-53
-54
-54
-56
-56
-55
-56
-56
-56
-56
-55
-56
-58
-59
-61
-62
-64
-62
-59
-60
-59
-60
-59
-58
-58
-56
-56
-57
-56
-55
-53
-52
-51
-52
-53
-53
-53
-51
-53
-52
-52
-53
-52
-51
-51
-51
-51
-51
-50
-49
-49
-50
-51
-51
-51
-50
-48
-46
-46
-48
-47
-46
-44
-43
-45
-47
-48
-47
-44
-44
-45
-44
-42
-41
-42
-43
-43
-42
-42
-43
-43
-44
-43
-43
-45
-46
-46
-47
-47
-50
-52
-48
-46
-44
-46
-49
-50
-50
-49
-48
-50
-51
-52
-50
-51
-52
-52
-53
-53
-53
-52
-55
-55
-54
-54
-54
-54
-56
-55
-55
-57
-56
-56
-54
-54
-54
-53
-55
-57
-55
-54
-55
-55
-54
-54
-54
-55
-57
-57
-58
-59
-61
-61
-59
-59
-59
-59
-59
-57
-56
-57
-57
-58
-58
-58
-57
-54
-52
-53
-57
-59
-58
-58
-57
-55
-55
-52
-50
-51
-54
-54
-54
-53
-51
-50
-51
-51
-52
-52
-51
-51
-50
-47
-47
-47
-46
-45
-47
-46
-45
-45
-45
-44
-43
-42
-42
-40
-42
-45
-48
-48
-45
-43
-43
-45
-47
-46
-45
-42
-42
-41
-40
-40
-40
-40
-40
-40
-42
-41
-39
-38
-39
-41
-42
-41
-40
-42
-44
-44
-43
-43
-42
-44
-46
-46
-47
-45
-46
-46
-47
-48
-47
-46
-46
-47
-48
-50
-50
-50
-50
-47
-46
-46
-47
-47
-49
-51
-53
-51
-50
-49
-48
-50
-51
-54
-52
-51
-52
-51
-53
-54
-51
-51
-50
-51
-52
-51
-51
-51
-49
-48
-49
-51
-52
-54
-52
-50
-51
-51
-51
-51
-51
-52
-52
-51
-50
-50
-50
-52
-52
-50
-52
-54
-54
-52
-51
-50
-50
-49
-49
-49
-50
-52
-54
-54
-52
-49
-48
-48
-50
-50
-49
-49
-49
-49
-49
-50
-51
-50
-50
-50
-53
-53
-51
-50
-48
-48
-51
-50
-48
-47
-47
-50
-53
-54
-50
-47
-47
-49
-50
-52
-53
-52
-54
-55
-56
-56
-54
-54
-54
-56
-57
-56
-53
-52
-52
-54
-54
-54
-54
-54
-54
-55
-54
-55
-55
-54
-55
-55
-54
-52
-51
-49
-51
-53
-55
-55
-53
-53
-54
-56
-56
-55
-54
-55
-56
-55
-55
-53
-55
-56
-57
-57
-56
-54
-53
-54
-54
-54
-53
-53
-55
-54
-55
-55
-54
-54
-54
-53
-54
-53
-49
-47
-49
-50
-50
-48
-47
-47
-49
-49
-49
-49
-46
-47
-48
-46
-45
-46
-45
-47
-46
-47
-47
-47
-48
-48
-48
-47
-46
-45
-45
-44
-44
-45
-45
-44
-44
-43
-41
-42
-44
-46
-47
-44
-44
-44
-44
-44
-43
-42
-43
-44
-43
-42
-40
-37
-38
-39
-40
-40
-40
-42
-41
-40
-39
-37
-35
-35
-36
-36
-38
-36
-35
-35
-34
-34
-35
-35
-34
-36
-38
-40
-39
-36
-37
-39
-40
-39
-38
-39
-40
-37
-37
-36
-39
-40
-39
-38
-36
-38
-40
-41
-39
-38
-37
-37
-36
-34
-35
-38
-40
-41
-41
-38
-37
-35
-34
-35
-33
-31
-33
-33
-31
-31
-32
-32
-32
-31
-31
-29
-28
-26
-26
-27
-26
-29
-29
-28
-27
-27
-26
-25
-24
-22
-22
-24
-26
-24
-23
-22
-21
-20
-20
-19
-19
-18
-18
-19
-22
-22
-22
-23
-22
-24
-26
-24
-24
-24
-23
-24
-23
-24
-24
-22
-22
-22
-22
-22
-22
-20
-19
-20
-21
-24
-25
-22
-20
-18
-21
-25
-25
-22
-20
-20
-22
-23
-22
-21
-21
-20
-22
-24
-24
-24
-23
-24
-24
-22
-20
-20
-22
-21
-21
-21
-21
-23
-24
-23
-21
-22
-21
-22
-26
-26
-26
-25
-25
-25
-27
-27
-26
-23
-23
-25
-25
-25
-23
-21
-22
-24
-26
-25
-23
-22
-24
-25
-26
-27
-24
-23
-24
-26
-27
-28
-27
-25
-26
-25
-26
-27
-28
-28
-27
-27
-26
-25
-25
-25
-24
-23
-24
-24
-23
-22
-24
-25
-24
-24
-23
-23
-22
-23
-23
-23
-24
-23
-21
-21
-21
-21
-23
-23
-22
-20
-21
-22
-23
-22
-20
-19
-22
-22
-23
-21
-20
-24
-27
-26
-27
-25
-26
-29
-28
-28
-28
-28
-28
-28
-29
-29
-29
-28
-29
-30
-29
-30
-30
-30
-31
-28
-26
-26
-26
-28
-28
-29
-28
-31
-32
-30
-30
-29
-29
-32
-31
-31
-29
-30
-28
-29
-30
-31
-34
-33
-33
-32
-31
-31
-32
-30
-31
-31
-31
-32
-30
-30
-28
-29
-29
-31
-31
-30
-31
-29
-29
-30
-31
-33
-34
-32
-30
-28
-27
-27
-28
-27
-27
-27
-24
-24
-26
-28
-31
-30
-29
-25
-25
-25
-25
-25
-24
-25
-26
-27
-29
-29
-28
-26
-24
-26
-26
-25
-26
-26
-26
-29
-28
-27
-27
-26
-28
-29
-28
-26
-29
-28
-29
-29
-28
-29
-30
-31
-31
-32
-33
-32
-32
-31
-32
-32
-32
-32
-32
-32
-32
-33
-32
-32
-32
-30
-30
-28
-27
-29
-31
-30
-28
-27
-27
-29
-28
-28
-28
-27
-29
-30
-29
-29
-31
-30
-30
-29
-27
-27
-27
-27
-26
-27
-28
-30
-29
-29
-28
-28
-31
-31
-30
-29
-30
-32
-32
-30
-31
-33
-34
-36
-38
-37
-37
-35
-34
-32
-33
-34
-34
-34
-32
-31
-32
-30
-29
-29
-28
-27
-30
-31
-29
-26
-26
-26
-27
-27
-27
-28
-28
-30
-28
-27
-28
-29
-30
-31
-28
-25
-26
-27
-27
-25
-24
-23
-24
-25
-28
-27
-29
-30
-30
-31
-30
-30
-30
-31
-31
-30
-32
-33
-35
-35
-32
-30
-33
-33
-34
-34
-32
-32
-33
-34
-37
-39
-36
-35
-34
-34
-35
-36
-36
-37
-39
-38
-40
-38
-40
-42
-43
-45
-45
-44
-43
-42
-42
-43
-45
-45
-45
-45
-44
-41
-40
-40
-40
-41
-40
-43
-43
-42
-41
-43
-46
-46
-46
-44
-45
-47
-49
-50
-50
-49
-48
-47
-48
-48
-47
-46
-45
-43
-43
-45
-45
-44
-43
-42
-42
-44
-46
-45
-40
-40
-43
-45
-48
-48
-47
-44
-44
-45
-46
-45
-45
-47
-47
-46
-45
-45
-45
-44
-42
-42
-43
-43
-41
-42
-42
-44
-43
-42
-41
-41
-42
-44
-46
-45
-46
-47
-45
-44
-43
-42
-43
-41
-38
-38
-39
-38
-40
-41
-42
-42
-40
-40
-41
-42
-42
-43
-43
-44
-43
-41
-40
-42
-44
-45
-43
-43
-43
-44
-44
-42
-43
-47
-49
-49
-48
-46
-46
-47
-45
-44
-45
-47
-48
-47
-48
-46
-44
-45
-47
-48
-47
-47
-48
-51
-53
-53
-52
-51
-53
-53
-54
-52
-51
-50
-50
-50
-48
-48
-48
-50
-52
-51
-49
-49
-49
-51
-51
-50
-50
-51
-52
-54
-53
-52
-49
-48
-47
-48
-47
-47
-47
-47
-49
-50
-49
-50
-48
-47
-47
-47
-46
-45
-43
-42
-44
-44
-43
-43
-40
-41
-41
-43
-45
-44
-42
-43
-46
-47
-47
-47
-46
-47
-48
-46
-44
-42
-42
-40
-39
-40
-42
-40
-38
-36
-37
-39
-40
-40
-40
-42
-43
-42
-41
-40
-40
-41
-42
-43
-41
-40
-41
-42
-43
-43
-42
-39
-39
-39
-39
-40
-41
-41
-43
-43
-41
-40
-36
-36
-36
-38
-39
-39
-40
-40
-40
-39
-38
-40
-41
-42
-43
-41
-40
-40
-40
-40
-42
-40
-38
-36
-36
-39
-37
-37
-39
-37
-39
-40
-41
-41
-40
-39
-41
-43
-44
-44
-41
-40
-38
-39
-37
-39
-37
-36
-36
-35
-36
-37
-36
-34
-33
-33
-32
-31
-33
-31
-34
-36
-36
-34
-33
-33
-34
-37
-38
-36
-36
-38
-37
-35
-36
-34
-34
-36
-36
-35
-34
-35
-34
-35
-34
-33
-32
-31
-31
-30
-31
-34
-34
-32
-30
-32
-36
-36
-36
-34
-35
-37
-41
-40
-38
-34
-34
-33
-35
-37
-36
-33
-33
-35
-35
-36
-38
-39
-39
-39
-38
-39
-40
-40
-40
-44
-44
-46
-46
-44
-45
-44
-45
-46
-46
-45
-44
-44
-43
-45
-44
-44
-45
-48
-46
-46
-45
-42
-45
-47
-49
-49
-48
-48
-46
-47
-48
-47
-47
-47
-47
-47
-44
-43
-43
-44
-47
-45
-41
-41
-40
-41
-41
-39
-37
-38
-41
-43
-44
-40
-39
-42
-44
-45
-43
-41
-41
-39
-40
-40
-41
-41
-40
-42
-41
-42
-41
-39
-38
-37
-37
-38
-37
-34
-38
-39
-39
-38
-35
-36
-36
-36
-35
-35
-34
-37
-38
-35
-33
-30
-32
-35
-37
-34
-32
-29
-29
-30
-29
-29
-30
-32
-33
-34
-35
-34
-35
-36
-36
-34
-34
-33
-33
-32
-33
-34
-33
-33
-34
-33
-34
-32
-30
-31
-32
-30
-31
-31
-31
-31
-31
-32
-32
-33
-32
-31
-31
-32
-31
-30
-31
-30
-31
-31
-33
-34
-32
-31
-30
-30
-30
-31
-31
-32
-32
-32
-31
-30
-32
-30
-28
-30
-31
-34
-35
-34
-30
-31
-34
-34
-32
-30
-31
-31
-30
-28
-26
-26
-29
-31
-32
-31
-31
-30
-30
-30
-30
-30
-28
-28
-30
-28
-27
-27
-27
-28
-28
-28
-28
-28
-29
-28
-28
-28
-30
-29
-26
-27
-28
-30
-31
-31
-30
-28
-29
-31
-30
-30
-30
-30
-31
-30
-32
-32
-32
-31
-30
-31
-32
-32
-35
-36
-34
-34
-33
-32
-30
-30
-29
-32
-32
-32
-33
-34
-34
-33
-30
-29
-27
-26
-27
-27
-27
-30
-32
-33
-35
-34
-34
-32
-32
-31
-32
-31
-32
-31
-31
-29
-30
-32
-30
-29
-27
-27
-30
-32
-34
-35
-32
-34
-33
-34
-37
-37
-37
-35
-34
-32
-32
-31
-31
-33
-32
-33
-33
-32
-33
-32
-31
-29
-29
-31
-33
-35
-35
-35
-34
-36
-35
-33
-32
-33
-33
-34
-34
-31
-32
-34
-37
-39
-37
-35
-32
-33
-37
-37
-36
-35
-35
-33
-32
-33
-35
-35
-33
-31
-31
-32
-33
-35
-37
-35
-35
-36
-37
-38
-39
-37
-36
-36
-36
-35
-34
-34
-32
-33
-33
-34
-35
-36
-37
-36
-36
-39
-38
-38
-37
-35
-35
-38
-39
-37
-37
-36
-36
-36
-36
-36
-35
-36
-37
-35
-36
-37
-37
-37
-37
-40
-43
-46
-44
-39
-36
-34
-35
-39
-42
-44
-46
-44
-40
-40
-42
-43
-44
-45
-44
-42
-42
-42
-40
-41
-42
-44
-45
-46
-42
-40
-39
-39
-38
-38
-42
-42
-39
-38
-38
-43
-45
-42
-38
-35
-37
-40
-44
-45
-44
-44
-42
-40
-39
-38
-39
-42
-39
-41
-42
-43
-43
-41
-39
-39
-38
-40
-39
-38
-40
-38
-39
-38
-40
-40
-40
-40
-41
-40
-36
-36
-36
-40
-42
-41
-39
-40
-42
-41
-41
-41
-40
-41
-40
-39
-39
-39
-41
-41
-43
-43
-42
-41
-40
-38
-38
-37
-38
-38
-35
-34
-34
-36
-38
-38
-40
-44
-42
-41
-40
-36
-37
-37
-36
-38
-38
-38
-37
-37
-39
-39
-38
-37
-37
-37
-34
-33
-34
-39
-38
-34
-32
-29
-31
-32
-34
-35
-36
-37
-36
-35
-34
-33
-32
-33
-36
-37
-35
-37
-38
-38
-38
-40
-40
-41
-41
-39
-41
-41
-41
-41
-41
-40
-39
-40
-41
-42
-44
-46
-46
-45
-43
-43
-44
-44
-42
-43
-45
-44
-43
-41
-41
-43
-42
-39
-38
-38
-35
-35
-37
-36
-36
-38
-38
-40
-40
-40
-40
-40
-38
-35
-34
-38
-39
-38
-36
-33
-32
-34
-35
-35
-34
-36
-38
-37
-39
-37
-37
-37
-37
-37
-37
-36
-39
-41
-42
-42
-41
-41
-41
-40
-41
-43
-44
-46
-44
-43
-44
-47
-47
-46
-42
-42
-42
-43
-42
-41
-40
-39
-41
-42
-44
-46
-44
-47
-49
-46
-44
-41
-40
-43
-44
-42
-39
-40
-39
-40
-40
-38
-37
-39
-40
-41
-43
-45
-43
-44
-45
-46
-43
-41
-41
-39
-41
-42
-40
-40
-38
-37
-40
-41
-39
-38
-36
-35
-37
-41
-41
-40
-39
-39
-41
-45
-45
-45
-44
-41
-42
-42
-42
-42
-42
-42
-41
-41
-42
-42
-44
-44
-43
-44
-44
-43
-40
-37
-38
-41
-40
-38
-40
-40
-41
-40
-37
-36
-36
-37
-36
-36
-37
-36
-36
-34
-35
-39
-42
-42
-41
-42
-40
-40
-41
-40
-40
-39
-39
-35
-36
-37
-36
-39
-38
-37
-38
-39
-39
-41
-43
-44
-43
-41
-38
-39
-41
-41
-39
-37
-38
-36
-36
-36
-34
-36
-37
-37
-39
-40
-39
-39
-38
-40
-40
-42
-42
-41
-45
-44
-42
-41
-40
-37
-38
-42
-40
-36
-37
-39
-39
-39
-42
-40
-40
-40
-37
-36
-39
-39
-40
-37
-32
-31
-31
-30
-31
-34
-35
-35
-32
-32
-33
-34
-37
-35
-38
-39
-35
-33
-32
-31
-29
-29
-30
-29
-29
-27
-27
-28
-29
-29
-30
-28
-26
-27
-27
-28
-30
-31
-34
-32
-28
-28
-25
-24
-23
-20
-20
-24
-26
-27
-29
-28
-26
-29
-29
-31
-32
-29
-28
-26
-25
-24
-23
-22
-22
-21
-21
-21
-22
-22
-24
-21
-21
-22
-21
-20
-16
-17
-20
-18
-21
-18
-16
-17
-17
-19
-17
-14
-13
-16
-16
-14
-17
-15
-12
-15
-15
-17
-16
-18
-15
-12
-15
-14
-13
-15
-18
-18
-18
-18
-15
-15
-17
-15
-14
-17
-18
-18
-19
-18
-17
-15
-13
-13
-15
-16
-15
-18
-16
-11
-12
-13
-12
-13
-16
-18
-19
-21
-22
-20
-16
-17
-15
-17
-18
-16
-14
-18
-19
-18
-19
-19
-17
-16
-18
-18
-20
-21
-20
-20
-19
-17
-18
-17
-16
-19
-19
-18
-16
-17
-17
-15
-17
-19
-18
-16
-15
-15
-13
-17
-19
-18
-15
-15
-17
-16
-17
-12
-14
-17
-18
-20
-22
-21
-19
-22
-26
-24
-23
-20
-19
-21
-22
-23
-23
-24
-22
-20
-20
-21
-24
-23
-23
-21
-24
-25
-23
-22
-22
-22
-23
-22
-24
-25
-26
-26
-24
-21
-20
-21
-20
-20
-20
-20
-20
-23
-21
-20
-21
-21
-21
-21
-20
-19
-22
-22
-23
-23
-19
-19
-20
-18
-19
-21
-17
-23
-24
-24
-24
-23
-25
-22
-25
-24
-26
-28
-23
-23
-25
-28
-26
-27
-25
-25
-25
-25
-28
-27
-27
-26
-29
-27
-28
-26
-26
-23
-23
-24
-22
-22
-21
-22
-24
-25
-23
-23
-20
-19
-21
-23
-21
-21
-19
-20
-20
-19
-18
-21
-22
-22
-24
-23
-18
-21
-22
-22
-24
-23
-23
-21
-18
-17
-18
-17
-17
-16
-17
-18
-19
-20
-16
-17
-22
-18
-15
-17
-17
-19
-18
-20
-20
-19
-22
-18
-19
-20
-19
-21
-20
-19
-18
-19
-20
-18
-17
-20
-17
-20
-23
-20
-18
-18
-18
-15
-16
-18
-19
-19
-18
-20
-17
-18
-18
-19
-21
-23
-25
-23
-22
-19
-20
-22
-19
-20
-21
-18
-18
-21
-20
-21
-22
-21
-24
-23
-20
-18
-17
-20
-23
-24
-21
-17
-19
-18
-18
-19
-21
-21
-20
-21
-19
-20
-24
-27
-29
-27
-26
-28
-27
-27
-30
-27
-24
-28
-27
-28
-26
-25
-26
-23
-25
-28
-26
-25
-25
-28
-25
-28
-30
-29
-29
-30
-27
-28
-27
-27
-29
-26
-28
-27
-27
-25
-24
-29
-31
-29
-31
-33
-29
-29
-32
-28
-28
-27
-30
-29
-30
-36
-34
-29
-27
-25
-27
-28
-28
-28
-29
-29
-28
-27
-28
-27
-30
-30
-31
-33
-32
-29
-29
-32
-31
-29
-29
-29
-30
-30
-31
-30
-28
-30
-31
-29
-29
-29
-31
-29
-30
-35
-34
-32
-32
-34
-32
-32
-36
-38
-33
-30
-31
-28
-29
-31
-32
-30
-28
-29
-31
-31
-33
-35
-31
-27
-30
-34
-32
-29
-30
-30
-29
-30
-34
-31
-31
-33
-32
-32
-34
-38
-35
-33
-34
-38
-37
-37
-36
-36
-35
-35
-36
-32
-29
-30
-29
-30
-30
-35
-34
-31
-34
-35
-36
-36
-39
-40
-38
-36
-36
-38
-38
-36
-39
-33
-32
-33
-33
-35
-33
-36
-36
-34
-32
-34
-33
-31
-33
-36
-34
-32
-34
-37
-37
-35
-34
-32
-33
-35
-37
-36
-33
-34
-34
-32
-36
-37
-38
-35
-33
-37
-37
-37
-37
-38
-36
-33
-37
-38
-33
-37
-38
-33
-33
-36
-40
-39
-38
-40
-36
-34
-37
-36
-33
-33
-34
-36
-32
-32
-36
-36
-36
-39
-37
-36
-36
-35
-35
-36
-38
-41
-40
-38
-38
-39
-35
-37
-40
-36
-34
-34
-33
-32
-34
-36
-37
-34
-33
-33
-35
-33
-33
-32
-31
-31
-34
-35
-31
-28
-30
-28
-28
-35
-31
-31
-34
-34
-28
-25
-26
-29
-27
-29
-29
-28
-29
-32
-35
-33
-30
-31
-25
-25
-29
-30
-28
-26
-27
-28
-29
-30
-31
-26
-27
-28
-23
-22
-23
-28
-26
-24
-24
-21
-18
-19
-20
-19
-16
-20
-19
-16
-16
-15
-13
-12
-18
-20
-19
-20
-22
-17
-18
-18
-12
-12
-12
-12
-13
-13
-13
-13
-11
-12
-14
-17
-16
-12
-10
-11
-13
-18
-15
-13
-14
-15
-15
-14
-15
-16
-14
-16
-20
-15
-16
-19
-15
-12
-14
-15
-13
-13
-15
-12
-12
-12
-13
-15
-13
-12
-12
-11
-13
-16
-17
-14
-14
-17
-14
-13
-16
-13
-11
-12
-13
-10
-6
-9
-8
-7
-10
-13
-12
-9
-13
-14
-11
-15
-19
-17
-16
-16
-14
-12
-10
-13
-13
-15
-21
-22
-20
-19
-20
-17
-16
-13
-15
-15
-13
-17
-17
-14
-17
-19
-19
-16
-14
-15
-15
-14
-17
-19
-17
-20
-22
-18
-16
-17
-14
-12
-15
-17
-16
-14
-17
-15
-11
-14
-15
-13
-10
-14
-12
-11
-15
-15
-14
-16
-16
-15
-15
-15
-19
-19
-16
-16
-16
-15
-16
-16
-14
-13
-12
-14
-14
-18
-16
-10
-7
-9
-15
-17
-16
-20
-14
-11
-18
-16
-15
-15
-17
-15
-13
-19
-19
-17
-19
-22
-21
-19
-21
-19
-15
-17
-17
-17
-17
-13
-15
-14
-12
-19
-21
-19
-18
-18
-17
-15
-20
-22
-18
-18
-21
-17
-18
-21
-24
-22
-21
-23
-19
-22
-25
-22
-21
-24
-25
-24
-24
-25
-23
-23
-23
-24
-23
-25
-26
-24
-22
-20
-17
-18
-21
-20
-18
-15
-18
-20
-19
-21
-23
-15
-16
-19
-16
-19
-19
-17
-18
-21
-23
-21
-17
-19
-17
-18
-15
-16
-14
-14
-18
-14
-15
-16
-18
-18
-18
-19
-19
-18
-16
-18
-13
-10
-17
-10
-8
-13
-9
-10
-9
-9
-8
-5
-10
-9
-6
-11
-12
-11
-12
-12
-11
-9
-10
-12
-13
-11
-13
-14
-10
-10
-8
-10
-10
-8
-10
-9
-10
-10
-9
-7
-8
-7
-10
-11
-13
-14
-13
-14
-11
-10
-12
-7
-7
-9
-11
-15
-17
-18
-18
-11
-12
-12
-8
-10
-12
-8
-11
-12
-14
-14
-11
-11
-10
-9
-15
-15
-13
-11
-10
-9
-10
-12
-14
-13
-11
-15
-15
-15
-13
-11
-9
-8
-11
-11
-12
-10
-5
-8
-8
-8
-10
-10
-13
-11
-11
-10
-9
-11
-9
-10
-8
-6
-6
-9
-9
-8
-8
-6
-4
-6
-6
-3
-4
-8
-9
-10
-13
-13
-12
-12
-10
-5
-5
-10
-7
-4
-10
-9
-11
-12
-9
-12
-13
-13
-9
-10
-13
-14
-15
-15
-12
-12
-10
-11
-12
-10
-11
-9
-6
-10
-12
-11
-14
-11
-12
-8
-7
-10
-9
-12
-12
-11
-10
-12
-15
-10
-10
-13
-10
-9
-9
-11
-9
-8
-7
-10
-9
-11
-12
-9
-8
-8
-11
-10
-7
-10
-9
-5
-13
-15
-15
-16
-15
-13
-11
-16
-14
-16
-18
-11
-8
-8
-9
-10
-12
-13
-12
-12
-13
-13
-11
-11
-10
-11
-13
-13
-17
-18
-19
-17
-16
-18
-14
-14
-10
-7
-6
-7
-10
-12
-16
-12
-12
-15
-11
-11
-14
-12
-9
-15
-15
-12
-15
-15
-9
-7
-10
-12
-11
-16
-17
-14
-15
-16
-14
-12
-15
-15
-12
-18
-17
-14
-17
-15
-14
-15
-18
-17
-15
-17
-18
-18
-20
-23
-23
-21
-22
-18
-16
-19
-18
-20
-20
-19
-20
-18
-18
-19
-21
-19
-19
-19
-18
-22
-21
-21
-22
-20
-25
-23
-22
-20
-18
-22
-22
-25
-27
-24
-26
-23
-21
-24
-20
-19
-20
-20
-22
-25
-23
-19
-24
-21
-24
-25
-22
-25
-21
-19
-21
-22
-25
-24
-23
-23
-26
-23
-23
-24
-25
-25
-26
-23
-17
-19
-17
-19
-21
-25
-23
-19
-19
-20
-22
-20
-20
-19
-17
-17
-17
-15
-15
-20
-21
-20
-21
-17
-14
-18
-24
-23
-18
-18
-15
-19
-22
-21
-20
-17
-18
-19
-18
-17
-17
-16
-14
-14
-15
-15
-16
-15
-15
-16
-11
-9
-9
-11
-9
-9
-11
-10
-12
-13
-9
-8
-8
-6
-10
-7
-9
-9
-6
-6
-7
-6
-7
-9
-6
-6
-7
-9
-11
-11
-13
-12
-8
-11
-8
-5
-4
-6
-6
-7
-9
-8
-5
-6
-6
-6
-6
-7
-7
-8
-14
-11
-8
-7
-5
-2
-3
-2
0
-3
-2
-3
-3
-6
-7
-3
-3
-1
0
-2
0
3
6
3
4
3
-2
0
2
0
1
2
3
0
2
2
0
4
6
3
4
4
2
0
-3
-3
1
-1
0
2
1
0
-3
-3
-4
-3
-2
0
0
0
2
2
0
4
1
3
2
2
3
-2
1
2
0
0
4
6
6
6
5
3
2
4
2
1
4
5
4
1
3
0
-2
2
4
5
5
5
0
-2
2
2
4
6
7
7
4
6
8
4
4
7
7
8
10
10
8
5
6
7
6
6
5
6
8
11
14
11
8
12
9
7
8
7
6
5
6
9
11
10
12
9
8
8
6
7
8
7
12
15
12
11
10
7
4
10
7
7
11
8
6
5
11
16
12
16
15
10
15
12
10
9
9
10
14
19
17
15
17
12
10
14
11
13
13
12
13
12
19
13
13
16
11
12
15
13
15
16
15
16
17
20
20
19
18
13
11
12
11
14
14
12
16
13
10
10
8
8
10
8
7
9
10
7
10
13
9
8
8
10
10
13
18
13
11
16
12
11
13
13
13
17
21
16
18
21
14
17
14
13
13
15
17
13
17
16
8
12
12
11
13
15
17
15
18
16
12
15
15
13
16
14
14
18
20
19
19
21
15
12
20
15
16
19
19
17
14
20
17
18
26
18
17
20
20
23
22
24
21
18
23
21
21
27
21
19
20
20
23
21
21
15
17
24
21
25
24
24
22
23
28
21
21
25
22
25
27
28
27
29
31
26
24
24
21
24
28
30
30
28
29
31
32
30
28
27
24
29
28
25
24
23
25
26
25
24
29
24
23
24
23
24
26
29
30
25
25
24
24
26
26
26
23
26
27
27
29
28
29
28
22
24
27
26
26
24
24
21
22
27
23
25
29
25
24
28
28
25
25
24
22
24
28
26
25
23
21
22
22
22
19
20
21
21
25
26
24
21
20
21
19
23
22
21
21
22
23
21
22
22
16
15
16
16
15
14
13
14
14
16
17
16
21
20
20
18
21
21
21
24
22
25
26
21
21
20
21
20
19
18
17
24
25
20
18
16
19
17
20
21
16
15
13
13
13
11
11
12
9
9
12
12
13
12
13
13
15
17
13
11
11
14
14
9
7
8
12
13
12
10
9
10
10
13
12
12
14
9
4
8
11
9
12
12
8
6
6
4
1
3
3
3
4
5
7
5
6
7
4
6
2
3
8
5
6
3
1
0
4
6
3
3
4
2
4
8
7
5
5
9
8
8
7
2
1
2
3
4
1
3
3
2
5
3
-3
-2
2
-1
4
4
1
4
4
1
4
6
5
4
3
3
4
3
3
3
2
5
1
5
0
0
3
4
5
5
3
5
5
8
9
9
9
8
8
10
11
9
10
10
10
11
7
9
7
4
6
6
9
9
9
6
7
9
9
8
4
6
-1
3
8
1
1
-1
1
5
6
6
2
2
3
2
4
1
3
5
6
7
6
9
7
5
5
4
2
5
3
4
5
7
7
6
7
6
4
7
8
4
1
1
3
6
8
5
-1
3
5
2
1
2
2
4
5
2
4
5
6
4
2
1
4
4
2
3
4
3
5
3
4
5
9
10
10
8
6
7
7
3
6
8
7
10
9
7
6
6
4
6
11
12
10
10
9
11
10
9
8
9
12
13
13
17
17
15
15
13
12
12
12
13
12
11
11
11
12
8
6
8
6
9
11
6
8
13
11
9
9
6
7
10
13
12
12
11
9
8
9
8
8
8
10
12
13
13
12
11
10
7
5
11
13
9
12
11
10
12
10
8
8
7
9
8
10
10
8
11
9
5
6
9
9
12
12
11
13
13
13
10
8
11
11
13
9
13
14
12
12
8
7
11
12
11
12
11
10
15
14
12
12
8
10
9
10
13
12
12
14
13
12
15
16
16
17
20
17
15
17
16
14
12
12
13
16
17
18
17
17
15
17
18
19
19
20
19
16
15
15
15
19
19
17
15
14
14
16
18
17
17
16
18
19
21
20
18
17
18
16
14
15
14
16
18
16
17
17
16
15
16
17
18
22
23
21
19
16
18
17
15
18
17
15
17
17
16
15
18
22
19
17
17
18
21
22
21
19
18
18
20
18
18
19
17
17
16
16
17
21
21
22
24
23
23
21
21
21
23
23
17
16
17
20
23
25
23
22
23
25
23
25
24
23
25
27
30
30
29
25
23
27
26
25
26
24
25
25
25
26
27
31
27
26
26
25
26
24
24
28
28
29
28
24
23
27
26
26
24
24
25
25
28
26
25
23
25
26
30
30
27
28
28
28
29
29
30
31
32
32
32
36
33
31
32
34
33
32
30
29
31
32
31
31
33
34
34
35
38
36
35
34
32
34
34
36
33
31
33
35
35
37
34
33
35
36
39
36
35
35
40
41
37
36
34
32
33
36
34
32
33
34
34
36
37
38
36
34
34
34
36
36
34
34
33
34
34
34
34
32
30
31
29
34
36
37
36
33
35
36
37
35
34
34
36
38
40
38
37
37
36
35
34
36
34
34
35
35
35
37
37
37
36
36
38
38
37
34
35
35
38
35
33
33
34
34
31
30
33
38
37
37
37
35
37
38
36
37
40
41
40
37
35
35
33
36
36
37
38
37
37
37
34
33
36
36
37
37
35
33
34
35
34
34
33
31
31
31
30
31
31
31
27
28
31
34
33
32
30
25
27
29
26
28
29
31
32
32
28
27
29
31
28
29
29
31
32
30
30
29
27
28
30
32
31
29
28
28
28
30
33
33
33
30
29
30
30
30
30
27
29
30
30
32
30
27
28
27
27
26
25
25
25
27
27
26
26
27
30
26
24
24
26
24
26
26
25
26
23
23
24
26
28
29
29
28
28
29
29
29
29
31
31
33
33
29
28
28
29
30
29
31
31
31
32
32
32
30
29
27
27
26
24
23
19
22
21
20
23
25
28
33
33
33
32
32
36
36
38
37
34
32
30
30
31
26
23
20
18
19
18
18
18
18
21
23
23
25
27
27
29
28
26
23
22
21
18
18
17
15
17
19
21
23
24
23
22
22
24
26
28
29
26
25
24
20
21
19
14
13
16
16
19
19
20
21
23
23
24
26
26
24
19
16
15
15
14
15
14
11
12
13
13
17
16
16
16
16
16
18
18
19
15
14
15
15
16
16
13
8
7
9
9
11
12
11
14
15
11
10
14
15
17
17
15
15
18
16
13
12
11
14
18
19
18
13
13
15
16
19
19
17
15
14
14
13
14
15
14
15
15
15
14
13
11
12
13
14
14
14
14
13
16
17
15
15
15
15
16
16
13
13
15
15
15
13
11
14
15
14
11
8
11
12
12
12
12
12
10
8
9
8
9
9
9
10
9
10
10
7
7
7
6
6
6
4
5
7
6
7
9
8
5
5
3
3
4
6
8
7
6
7
7
7
5
5
5
6
6
8
7
7
9
8
7
7
7
9
11
12
11
9
10
9
9
8
7
8
11
10
9
8
6
7
7
6
7
6
6
7
8
9
8
7
8
7
7
6
5
4
5
4
5
7
8
6
4
6
6
10
9
8
7
7
8
7
7
6
6
6
8
8
7
6
7
7
5
5
3
4
5
6
7
8
8
7
9
8
7
6
6
6
7
10
12
13
12
11
11
11
10
9
10
7
9
10
13
13
11
8
9
13
16
17
15
12
11
12
14
13
12
12
13
13
13
12
11
12
12
11
13
15
14
13
11
12
14
14
16
14
9
10
12
11
12
11
11
12
13
15
14
13
13
16
16
15
14
14
15
16
15
15
15
14
13
15
15
17
16
14
14
14
17
18
19
18
16
17
16
16
17
16
17
18
18
20
19
20
21
22
21
19
19
17
17
17
19
19
17
14
13
15
16
18
16
15
15
15
18
18
17
16
17
18
18
18
16
15
15
16
18
18
18
18
17
18
18
18
18
20
21
22
22
20
18
17
19
22
22
22
21
21
27
28
27
26
24
24
25
23
21
21
23
23
24
23
23
22
20
21
21
24
25
26
24
22
23
22
22
23
23
24
26
25
24
22
22
22
22
23
24
25
28
28
29
28
28
27
26
27
26
26
28
28
27
27
26
25
26
28
28
28
27
26
28
28
27
31
30
29
30
30
32
33
32
30
32
32
32
30
28
29
29
31
31
29
30
31
31
33
33
32
32
32
32
33
34
33
32
32
32
33
33
31
29
29
29
29
31
30
31
29
30
33
31
32
32
32
34
35
35
36
37
37
36
37
38
38
39
40
40
38
37
36
36
38
40
40
39
38
39
40
41
42
41
40
40
41
42
40
40
40
41
43
43
41
42
42
42
41
41
39
39
41
39
39
39
39
38
36
37
37
38
39
38
38
38
38
38
39
40
41
42
42
41
42
42
43
43
43
41
43
45
45
45
43
43
46
47
48
48
47
47
49
51
53
53
54
49
47
46
47
49
49
49
48
45
46
48
50
50
51
50
50
50
47
44
43
43
43
43
42
41
42
45
44
43
45
46
49
50
50
47
47
45
45
47
49
48
46
45
46
48
47
47
47
50
50
49
47
46
47
47
48
46
47
47
47
47
48
49
51
52
51
48
45
44
44
44
45
46
47
47
47
46
47
45
46
43
42
45
45
45
44
42
40
41
41
44
44
43
43
43
45
46
47
44
42
41
43
45
47
46
43
43
46
45
46
45
46
47
46
45
44
45
45
44
44
47
47
48
45
43
42
43
42
39
37
36
37
38
37
37
39
38
36
36
37
38
38
37
36
33
34
34
33
34
32
29
30
32
33
33
31
31
30
31
32
32
32
31
31
32
34
34
33
31
31
33
31
31
30
28
28
28
32
30
32
30
28
26
29
28
27
27
26
27
27
28
26
25
24
25
23
23
21
22
24
25
25
23
20
21
20
20
22
18
17
17
18
18
19
17
15
16
18
18
17
18
21
21
19
18
17
17
19
19
18
18
19
21
22
22
24
23
21
21
20
20
21
19
16
16
18
20
22
20
17
18
20
21
21
21
19
18
17
16
16
16
17
17
16
19
17
19
20
19
20
19
16
16
16
19
18
16
15
15
16
17
17
16
14
15
17
21
21
19
16
16
16
16
17
16
14
13
13
13
15
16
15
15
15
16
15
16
15
13
14
16
13
14
16
16
17
17
16
16
15
15
15
16
16
17
19
18
17
16
16
18
17
16
13
12
14
18
19
18
17
15
14
12
12
15
19
19
17
15
16
18
19
19
18
17
17
17
14
15
15
15
16
18
19
19
18
18
16
16
18
18
20
22
23
21
22
20
16
16
17
17
17
17
17
17
19
18
19
16
16
15
16
16
16
17
17
19
20
20
19
17
15
13
14
17
19
19
17
17
17
16
15
14
15
16
17
18
19
19
17
14
11
14
14
14
14
13
11
11
12
11
13
14
14
15
16
15
13
12
12
12
14
15
14
13
12
12
12
13
12
12
14
14
14
14
14
12
10
10
9
11
12
13
13
13
12
10
10
9
9
9
12
14
13
13
13
12
10
12
11
8
10
12
15
13
12
11
14
15
15
13
16
19
19
19
18
17
16
16
16
16
17
16
15
14
16
18
16
15
14
13
13
13
14
15
14
14
12
13
12
12
13
14
15
16
15
15
13
11
13
13
14
13
11
9
10
10
10
10
10
11
14
15
14
13
12
13
13
13
14
14
12
12
14
14
15
14
12
10
10
11
11
12
13
11
10
9
9
9
11
10
11
10
11
9
8
9
11
10
10
10
11
12
11
9
8
7
8
10
11
10
11
13
13
11
9
10
10
10
10
9
8
8
7
8
9
8
9
10
11
9
8
7
7
7
7
9
10
9
10
10
9
8
9
9
12
13
12
9
8
9
10
9
8
8
11
13
13
11
9
10
12
13
10
8
8
11
12
11
8
7
8
9
9
10
9
11
11
9
8
9
8
9
9
10
12
12
10
8
8
9
10
12
13
13
11
11
9
11
11
9
8
8
10
12
12
12
12
12
11
10
11
8
10
10
10
9
8
7
7
9
10
10
11
13
12
13
11
10
9
12
13
12
12
12
13
14
13
11
11
11
12
12
14
15
17
17
14
13
11
12
11
11
11
10
12
13
12
11
9
9
11
12
10
10
8
9
8
11
10
9
9
8
13
9
14
12
12
12
9
11
12
12
15
11
11
10
12
14
13
17
16
18
17
16
17
14
13
11
13
14
18
16
15
17
15
16
14
13
15
15
14
14
13
15
18
19
16
14
18
17
17
15
13
14
16
17
17
15
13
13
15
17
15
14
14
12
14
15
13
14
15
13
11
9
10
10
10
9
8
10
12
13
12
10
9
9
6
6
5
6
7
7
6
5
5
5
6
7
6
7
7
5
4
3
2
3
4
3
3
4
4
3
1
0
-3
-2
2
3
3
1
1
-1
-2
-3
-3
-4
-4
-4
-4
-5
-4
-3
-4
-4
-6
-6
-4
-2
-2
-2
-2
-2
-5
-6
-6
-6
-3
-1
-1
-2
-5
-7
-5
-5
-6
-8
-7
-8
-9
-8
-8
-7
-7
-7
-6
-4
-4
-4
-5
-7
-9
-9
-7
-7
-8
-9
-10
-9
-7
-8
-10
-7
-5
-4
-5
-5
-6
-5
-1
-3
-4
-5
-8
-9
-8
-4
-3
-2
-3
-6
-8
-9
-9
-8
-6
-5
-4
-4
-5
-4
-5
-6
-7
-9
-9
-7
-7
-7
-9
-12
-13
-11
-11
-11
-10
-11
-11
-10
-11
-9
-10
-10
-10
-11
-11
-12
-13
-15
-14
-15
-12
-12
-15
-15
-13
-11
-10
-11
-14
-16
-13
-13
-13
-14
-14
-13
-12
-10
-11
-13
-15
-15
-14
-11
-10
-11
-12
-13
-12
-11
-10
-10
-12
-14
-13
-13
-11
-10
-11
-13
-12
-10
-10
-12
-13
-15
-14
-11
-12
-14
-13
-13
-14
-13
-14
-15
-15
-13
-14
-13
-15
-18
-18
-19
-17
-16
-16
-16
-17
-16
-16
-17
-17
-16
-16
-14
-15
-15
-16
-17
-16
-15
-17
-18
-19
-19
-19
-18
-19
-20
-19
-19
-19
-20
-20
-19
-20
-20
-21
-21
-22
-21
-20
-18
-17
-17
-17
-19
-20
-21
-21
-21
-21
-22
-24
-25
-22
-20
-20
-22
-21
-22
-20
-19
-21
-22
-23
-22
-22
-24
-25
-24
-24
-26
-26
-26
-26
-24
-26
-28
-28
-29
-26
-26
-27
-29
-31
-31
-28
-25
-26
-27
-28
-28
-27
-26
-28
-28
-28
-28
-28
-26
-27
-27
-28
-29
-29
-28
-27
-27
-27
-25
-25
-25
-26
-27
-29
-27
-26
-25
-25
-24
-27
-27
-28
-27
-27
-27
-27
-28
-28
-28
-27
-26
-27
-30
-31
-31
-30
-28
-28
-27
-27
-28
-29
-31
-32
-31
-27
-24
-26
-29
-30
-29
-28
-28
-30
-29
-28
-28
-30
-31
-31
-30
-27
-30
-31
-32
-31
-30
-31
-32
-34
-35
-34
-35
-36
-35
-36
-36
-38
-38
-39
-39
-38
-38
-37
-36
-34
-36
-40
-40
-37
-36
-37
-37
-37
-35
-34
-35
-37
-37
-36
-35
-34
-35
-34
-34
-33
-36
-36
-36
-36
-35
-35
-35
-34
-35
-34
-33
-32
-32
-31
-33
-33
-34
-32
-31
-31
-30
-31
-32
-34
-33
-33
-32
-32
-33
-34
-34
-32
-32
-33
-36
-36
-35
-34
-32
-33
-35
-36
-38
-37
-39
-37
-36
-33
-34
-36
-36
-38
-38
-35
-36
-37
-37
-37
-37
-35
-33
-34
-35
-37
-37
-36
-33
-31
-31
-32
-32
-31
-30
-33
-35
-33
-31
-29
-29
-29
-28
-29
-28
-27
-27
-29
-29
-30
-29
-27
-28
-28
-28
-29
-30
-29
-28
-28
-28
-30
-30
-30
-30
-31
-32
-30
-29
-29
-28
-25
-26
-26
-29
-31
-29
-26
-26
-27
-26
-27
-26
-26
-28
-27
-26
-27
-26
-25
-26
-26
-26
-26
-25
-24
-23
-23
-26
-25
-24
-22
-20
-21
-22
-21
-19
-19
-22
-21
-19
-18
-18
-19
-20
-20
-16
-15
-18
-18
-18
-17
-16
-15
-15
-15
-16
-16
-15
-15
-14
-12
-14
-15
-14
-15
-15
-16
-15
-13
-10
-10
-11
-13
-15
-16
-14
-11
-9
-10
-12
-12
-12
-11
-11
-9
-10
-10
-9
-10
-9
-8
-9
-9
-10
-10
-11
-11
-8
-6
-7
-8
-7
-6
-5
-6
-7
-8
-8
-8
-8
-9
-9
-8
-7
-8
-8
-8
-8
-6
-6
-4
-5
-5
-6
-6
-5
-5
-5
-8
-7
-6
-6
-5
-6
-4
-3
-1
-3
-4
-7
-8
-7
-7
-5
-3
-4
-5
-5
-7
-9
-11
-10
-8
-9
-9
-8
-8
-10
-10
-12
-12
-9
-9
-8
-6
-7
-7
-7
-7
-8
-9
-8
-8
-8
-12
-13
-11
-10
-11
-11
-11
-11
-12
-12
-12
-11
-11
-8
-6
-8
-11
-11
-11
-11
-10
-10
-10
-8
-7
-7
-7
-7
-8
-9
-9
-7
-5
-5
-8
-8
-7
-5
-6
-6
-7
-6
-6
-6
-5
-7
-8
-8
-5
-3
-3
-4
-6
-6
-3
-2
-2
-3
-4
-5
-4
-5
-6
-5
-5
-4
-4
-6
-6
-6
-6
-6
-6
-7
-9
-10
-10
-10
-10
-7
-8
-10
-10
-10
-11
-12
-12
-14
-14
-12
-10
-9
-8
-7
-7
-7
-9
-12
-12
-13
-12
-13
-13
-12
-10
-9
-10
-12
-13
-13
-13
-12
-10
-9
-11
-11
-11
-11
-10
-9
-9
-10
-9
-10
-11
-9
-9
-11
-11
-13
-13
-12
-12
-12
-11
-8
-5
-5
-6
-9
-11
-9
-6
-7
-9
-12
-12
-11
-10
-10
-13
-15
-15
-14
-14
-12
-12
-13
-15
-15
-14
-13
-13
-14
-15
-15
-14
-14
-13
-14
-14
-16
-17
-17
-17
-17
-16
-17
-18
-19
-17
-17
-19
-18
-18
-17
-16
-17
-18
-17
-17
-19
-18
-16
-17
-16
-18
-21
-21
-18
-18
-19
-19
-20
-20
-18
-17
-18
-18
-19
-20
-19
-19
-18
-17
-18
-20
-21
-21
-20
-21
-20
-21
-20
-18
-17
-17
-16
-17
-18
-17
-20
-18
-17
-17
-17
-17
-17
-16
-15
-15
-17
-18
-17
-18
-16
-17
-17
-18
-18
-17
-17
-17
-19
-20
-18
-18
-19
-21
-20
-18
-16
-17
-17
-16
-16
-17
-18
-19
-15
-15
-17
-18
-17
-16
-16
-16
-17
-18
-19
-16
-15
-13
-14
-15
-13
-14
-15
-14
-14
-14
-13
-10
-10
-12
-15
-15
-16
-13
-11
-12
-13
-11
-11
-11
-12
-14
-14
-12
-11
-11
-12
-13
-12
-11
-10
-11
-12
-11
-10
-10
-11
-12
-12
-11
-11
-13
-12
-13
-13
-13
-12
-10
-10
-12
-12
-12
-12
-9
-9
-10
-12
-13
-14
-13
-14
-12
-13
-13
-14
-14
-13
-12
-12
-13
-15
-15
-13
-11
-10
-9
-10
-12
-13
-12
-10
-9
-10
-11
-13
-12
-11
-10
-10
-10
-10
-11
-11
-10
-10
-11
-10
-9
-11
-11
-8
-7
-8
-12
-16
-16
-13
-11
-12
-15
-15
-15
-14
-13
-11
-11
-13
-14
-16
-17
-19
-19
-16
-16
-16
-14
-15
-16
-16
-15
-15
-15
-17
-18
-16
-14
-13
-13
-14
-17
-15
-14
-16
-16
-19
-20
-21
-21
-20
-20
-19
-19
-16
-15
-14
-14
-15
-13
-14
-16
-17
-19
-16
-17
-18
-19
-18
-16
-16
-16
-15
-16
-14
-13
-15
-14
-15
-15
-16
-18
-18
-18
-19
-17
-18
-17
-15
-15
-17
-20
-21
-24
-21
-19
-18
-18
-19
-19
-20
-20
-23
-24
-23
-21
-21
-22
-22
-23
-21
-21
-21
-22
-24
-24
-23
-22
-20
-20
-20
-20
-21
-23
-24
-23
-24
-24
-26
-25
-26
-25
-25
-25
-24
-22
-22
-24
-26
-27
-27
-26
-26
-27
-28
-28
-28
-26
-25
-26
-28
-26
-25
-22
-23
-24
-25
-24
-24
-24
-22
-23
-22
-23
-23
-23
-22
-20
-19
-19
-18
-19
-22
-21
-20
-18
-18
-19
-22
-21
-20
-19
-18
-17
-17
-21
-22
-20
-18
-15
-13
-14
-14
-14
-15
-18
-18
-16
-14
-11
-9
-9
-8
-11
-13
-13
-13
-14
-13
-12
-12
-12
-12
-12
-11
-11
-10
-9
-8
-8
-9
-10
-9
-7
-6
-7
-9
-9
-8
-8
-8
-7
-7
-7
-9
-10
-10
-9
-7
-7
-7
-10
-11
-9
-7
-7
-9
-10
-9
-8
-9
-10
-9
-7
-7
-6
-8
-7
-7
-8
-7
-7
-6
-6
-8
-10
-9
-9
-10
-9
-9
-7
-10
-13
-12
-8
-7
-6
-6
-10
-10
-8
-7
-5
-3
-5
-5
-7
-7
-7
-7
-7
-8
-9
-8
-5
-4
-4
-6
-6
-5
-3
-2
-1
-1
-1
0
-1
-1
-1
-3
-4
-4
-4
-3
-1
1
2
2
2
1
-1
0
0
2
2
2
-1
-3
-2
-3
-1
0
2
3
5
3
2
0
0
0
1
3
5
6
5
5
5
4
4
4
4
4
3
3
4
6
6
6
5
4
7
9
8
9
8
8
8
10
9
8
8
8
9
9
7
5
6
7
7
8
8
5
4
5
6
7
5
5
5
5
5
5
6
8
6
2
0
2
3
3
3
2
1
4
3
3
3
3
2
0
0
1
2
3
2
2
1
0
-1
-1
0
2
2
1
0
-1
0
2
1
0
-1
-3
-2
-2
-1
0
-1
-2
1
1
2
-2
-6
-6
-5
-2
-1
-2
-2
-3
-3
-3
-2
-1
0
-1
-1
0
1
0
-3
-3
-2
-3
-3
-3
-2
0
0
-1
-1
-1
-1
-1
-1
2
3
1
0
0
1
1
1
1
1
1
1
3
3
1
0
-1
-1
3
2
0
-3
-3
-2
0
1
1
0
0
2
4
6
3
2
1
2
4
4
3
2
1
2
5
5
4
1
2
3
1
3
3
0
0
-2
-1
1
1
-1
1
1
1
1
0
3
5
4
0
-1
-1
0
2
1
0
-1
-1
1
2
1
1
2
5
5
7
6
4
4
5
4
3
4
6
7
6
7
5
4
5
5
5
6
5
5
5
8
7
5
3
4
4
