-71
-70
-71
-72
-73
-76
-73
-74
-76
-76
-76
-76
-75
-75
-76
-76
-76
-75
-76
-75
-76
-76
-75
-73
-70
-69
-68
-68
-71
-72
-73
-73
-73
-72
-74
-73
-72
-70
-69
-72
-73
-74
-75
-75
-75
-76
-74
-73
-73
-74
-75
-74
-74
-75
-77
-75
-75
-73
-72
-74
-76
-74
-73
-74
-75
-78
-77
-75
-72
-70
-72
-74
-76
-78
-75
-74
-72
-73
-74
-75
-77
-76
-74
-73
-73
-72
-71
-69
-68
-70
-72
-73
-73
-73
-74
-73
-71
-71
-70
-70
-74
-75
-76
-77
-75
-71
-68
-66
-67
-69
-70
-69
-69
-71
-71
-70
-67
-65
-67
-71
-68
-66
-65
-66
-67
-68
-69
-70
-71
-72
-72
-73
-74
-74
-74
-72
-71
-72
-74
-74
-74
-74
-74
-74
-75
-76
-77
-78
-79
-77
-75
-74
-73
-71
-72
-70
-70
-72
-70
-71
-68
-68
-68
-70
-70
-70
-69
-70
-66
-65
-68
-66
-69
-67
-69
-68
-67
-68
-66
-66
-67
-68
-70
-73
-72
-70
-67
-67
-66
-67
-69
-70
-71
-72
-70
-68
-68
-70
-71
-69
-69
-71
-70
-69
-68
-66
-66
-64
-66
-66
-66
-68
-64
-63
-60
-59
-61
-62
-63
-63
-63
-64
-63
-61
-60
-62
-61
-62
-63
-61
-62
-61
-61
-60
-61
-61
-62
-61
-62
-63
-62
-63
-62
-64
-66
-68
-69
-68
-67
-63
-63
-62
-63
-64
-64
-63
-64
-63
-62
-64
-65
-66
-64
-62
-61
-63
-63
-63
-62
-63
-62
-62
-61
-63
-63
-64
-63
-62
-62
-61
-60
-61
-63
-61
-62
-63
-62
-62
-64
-63
-63
-63
-62
-63
-62
-63
-66
-66
-69
-69
-67
-65
-63
-63
-63
-63
-62
-64
-61
-59
-59
-59
-58
-58
-57
-59
-59
-57
-57
-54
-55
-57
-56
-58
-57
-57
-59
-57
-56
-55
-55
-55
-54
-54
-58
-59
-59
-58
-56
-57
-57
-56
-57
-57
-60
-60
-59
-57
-56
-58
-61
-63
-64
-64
-61
-62
-62
-63
-61
-57
-59
-63
-68
-69
-66
-64
-62
-63
-65
-68
-69
-67
-67
-68
-68
-68
-66
-65
-65
-65
-68
-69
-68
-70
-71
-72
-70
-69
-69
-68
-67
-67
-66
-65
-65
-67
-70
-69
-66
-67
-67
-66
-66
-66
-66
-67
-67
-68
-66
-65
-64
-64
-64
-63
-65
-64
-63
-63
-63
-60
-58
-59
-62
-62
-59
-54
-52
-54
-55
-56
-54
-53
-54
-56
-55
-51
-49
-49
-51
-51
-50
-48
-49
-52
-51
-51
-49
-49
-50
-51
-54
-53
-53
-53
-52
-53
-52
-54
-57
-57
-57
-56
-57
-60
-63
-61
-61
-61
-61
-62
-62
-63
-64
-66
-67
-67
-69
-69
-71
-73
-75
-76
-76
-75
-76
-76
-76
-79
-81
-83
-83
-80
-81
-82
-84
-83
-86
-87
-90
-91
-89
-88
-89
-90
-91
-91
-89
-89
-89
-87
-87
-86
-84
-82
-83
-83
-82
-80
-77
-73
-70
-69
-69
-70
-68
-65
-59
-57
-56
-55
-53
-50
-47
-45
-45
-42
-39
-36
-32
-31
-33
-34
-32
-28
-26
-24
-25
-25
-24
-24
-24
-23
-23
-22
-23
-23
-22
-20
-23
-25
-25
-25
-25
-26
-25
-27
-30
-32
-36
-41
-42
-44
-42
-45
-49
-54
-59
-62
-64
-66
-68
-72
-79
-83
-86
-89
-94
-98
-104
-108
-112
-114
-121
-122
-127
-131
-131
-139
-140
-145
-150
-150
-155
-158
-161
-165
-164
-168
-168
-170
-168
-167
-168
-165
-166
-160
-157
-153
-147
-137
-128
-117
-106
-96
-86
-75
-67
-58
-51
-42
-28
-20
-8
-5
2
12
18
26
31
35
39
44
49
51
53
56
57
57
56
56
54
54
52
50
48
45
43
39
34
31
28
25
22
17
13
11
8
2
-2
-5
-8
-12
-18
-24
-29
-33
-38
-45
-52
-58
-63
-66
-74
-82
-91
-98
-106
-113
-124
-132
-140
-145
-152
-160
-169
-179
-185
-196
-201
-210
-219
-223
-232
-236
-235
-243
-243
-249
-251
-245
-242
-227
-214
-198
-183
-174
-163
-145
-127
-107
-91
-77
-61
-44
-27
-11
0
8
16
19
27
31
38
41
42
49
50
51
51
47
41
34
25
24
18
9
4
-5
-12
-19
-32
-39
-46
-54
-57
-64
-67
-71
-72
-72
-71
-74
-75
-80
-81
-79
-77
-78
-79
-75
-68
-61
-55
-51
-49
-44
-41
-36
-32
-30
-25
-19
-15
-10
-5
2
4
6
3
0
2
5
4
1
2
2
7
9
10
12
13
13
10
7
8
9
9
11
12
18
19
16
15
9
6
2
0
-3
-7
-11
-15
-23
-32
-43
-54
-62
-70
-79
-90
-99
-106
-113
-122
-134
-145
-154
-160
-172
-183
-188
-197
-200
-208
-215
-220
-226
-226
-227
-227
-219
-211
-201
-191
-185
-177
-168
-159
-148
-137
-125
-110
-96
-86
-78
-69
-60
-53
-47
-42
-39
-31
-27
-22
-17
-13
-10
-6
-5
-5
-8
-9
-10
-10
-7
-3
-4
-6
-10
-15
-15
-16
-14
-16
-13
-6
-1
5
8
14
19
20
23
32
42
50
57
59
60
64
69
71
75
78
79
80
78
75
74
70
65
59
53
46
42
33
25
18
12
5
-1
-9
-17
-25
-33
-41
-50
-58
-65
-73
-83
-90
-100
-110
-118
-125
-133
-141
-150
-158
-166
-173
-181
-187
-194
-199
-205
-213
-219
-225
-229
-234
-240
-241
-241
-244
-241
-240
-228
-211
-199
-183
-176
-158
-147
-133
-113
-100
-78
-62
-50
-29
-18
-6
4
4
8
14
20
24
29
28
33
36
37
43
41
43
35
25
23
20
17
13
3
0
-10
-20
-28
-38
-42
-47
-50
-53
-52
-52
-51
-51
-49
-46
-46
-44
-45
-42
-38
-35
-30
-23
-14
-1
5
13
20
25
32
40
47
56
66
72
80
81
85
86
87
87
85
82
80
74
72
66
64
62
58
59
53
51
45
42
39
38
37
33
29
24
19
14
9
0
-8
-18
-29
-38
-49
-58
-68
-78
-85
-95
-103
-114
-125
-136
-145
-155
-167
-182
-191
-199
-206
-210
-217
-225
-232
-239
-245
-241
-236
-223
-210
-198
-185
-174
-162
-151
-135
-128
-111
-97
-82
-61
-49
-35
-24
-20
-13
-6
-4
5
6
12
19
25
27
31
34
32
30
24
23
18
14
11
8
3
1
-6
-8
-12
-16
-19
-27
-25
-27
-20
-18
-13
-10
-7
-6
-3
-1
5
12
18
26
33
40
48
57
66
78
83
89
90
95
104
107
107
108
108
109
109
105
102
96
91
82
75
66
62
56
52
50
47
41
35
30
22
18
11
3
-2
-8
-13
-18
-30
-43
-62
-78
-89
-100
-109
-116
-125
-134
-141
-150
-158
-173
-185
-198
-207
-214
-222
-227
-234
-236
-243
-248
-252
-255
-249
-240
-226
-210
-194
-186
-169
-154
-137
-113
-106
-87
-76
-65
-40
-32
-20
-10
-11
-2
4
7
17
17
21
26
28
32
34
31
30
24
18
20
12
8
-1
-9
-11
-16
-23
-30
-40
-42
-44
-43
-40
-45
-39
-32
-27
-22
-23
-20
-14
-9
0
2
4
14
22
33
45
54
66
77
78
85
90
96
103
105
109
112
116
118
117
113
107
103
97
87
81
75
74
76
72
67
64
60
57
54
46
38
32
27
27
23
16
9
-3
-10
-20
-28
-39
-53
-66
-75
-83
-88
-93
-102
-112
-126
-142
-153
-169
-180
-187
-202
-209
-223
-226
-237
-247
-256
-268
-279
-279
-278
-262
-245
-236
-219
-217
-197
-188
-173
-157
-148
-130
-115
-97
-73
-54
-45
-33
-35
-23
-17
-9
-7
2
10
20
26
27
34
25
25
14
12
9
8
4
5
-1
-5
-10
-19
-24
-34
-34
-36
-33
-32
-26
-22
-11
-6
-3
-1
3
13
18
24
30
38
52
71
81
98
107
116
124
128
136
137
143
147
150
156
159
157
157
148
139
127
118
112
104
94
84
78
72
67
55
45
36
27
18
8
-4
-11
-17
-23
-33
-43
-55
-67
-77
-94
-108
-123
-131
-139
-143
-152
-160
-171
-184
-196
-207
-218
-227
-239
-249
-253
-265
-269
-284
-292
-296
-296
-293
-282
-264
-249
-233
-220
-207
-189
-173
-154
-136
-124
-97
-85
-62
-44
-36
-22
-22
-18
-11
-4
5
13
15
25
31
38
42
39
34
31
24
20
19
11
8
-1
-6
-13
-19
-27
-34
-42
-46
-47
-46
-39
-34
-29
-27
-23
-19
-18
-17
-10
-4
7
14
21
34
48
65
79
85
93
103
109
123
130
138
145
145
152
157
154
151
144
135
131
125
117
109
100
95
94
88
80
75
65
58
48
38
32
27
21
14
7
-1
-10
-22
-38
-54
-67
-79
-92
-106
-113
-117
-127
-139
-151
-163
-179
-189
-206
-221
-231
-252
-252
-267
-277
-287
-304
-315
-323
-331
-322
-310
-293
-270
-267
-254
-245
-226
-211
-188
-175
-159
-133
-122
-91
-70
-58
-45
-42
-38
-23
-19
-9
-4
4
17
27
37
39
43
32
32
22
24
26
21
18
12
7
-2
-7
-15
-20
-27
-28
-30
-23
-22
-18
-11
-3
8
13
19
21
29
36
50
59
75
94
106
122
132
141
154
163
168
178
180
186
187
189
190
186
183
173
162
151
142
134
126
117
109
98
90
79
69
57
44
31
20
11
5
-3
-14
-25
-34
-48
-59
-75
-94
-108
-124
-135
-143
-151
-161
-167
-180
-190
-203
-217
-229
-238
-254
-262
-271
-287
-286
-301
-312
-319
-334
-332
-320
-315
-288
-272
-263
-234
-233
-201
-185
-166
-147
-129
-103
-87
-62
-42
-26
-12
-8
-10
3
8
19
23
34
45
60
64
63
64
49
51
40
36
39
32
28
23
10
6
-9
-23
-28
-36
-33
-35
-29
-26
-20
-20
-13
-8
-3
4
3
12
22
34
47
60
76
95
105
118
125
134
142
152
164
170
180
185
192
194
195
190
183
172
162
152
146
141
137
131
125
117
106
94
81
71
58
52
44
38
31
19
7
-8
-22
-38
-53
-70
-88
-106
-118
-128
-140
-149
-161
-177
-189
-211
-228
-246
-263
-279
-288
-296
-311
-315
-340
-346
-358
-364
-364
-352
-335
-304
-284
-273
-252
-239
-205
-187
-165
-155
-128
-107
-86
-52
-40
-17
-10
-8
-3
9
11
23
26
39
55
65
73
72
68
57
52
35
36
25
22
18
11
4
-4
-17
-30
-35
-41
-39
-42
-33
-32
-20
-17
-8
-2
1
6
9
20
34
58
72
94
106
121
134
149
161
175
184
188
199
202
217
224
230
231
223
214
209
199
192
183
169
162
152
147
138
131
117
105
90
79
68
56
42
27
18
8
-4
-20
-40
-59
-80
-96
-109
-124
-136
-145
-163
-176
-191
-214
-228
-247
-269
-280
-300
-309
-321
-336
-340
-354
-365
-370
-383
-376
-361
-338
-304
-288
-268
-253
-230
-198
-177
-148
-133
-107
-85
-64
-31
-15
4
9
8
17
27
36
47
53
63
75
90
92
94
84
68
60
46
48
40
31
23
14
10
2
-13
-27
-38
-40
-38
-36
-30
-25
-15
-10
-4
3
8
14
23
37
50
70
85
104
117
133
144
158
168
177
188
195
212
220
227
230
230
232
233
226
220
209
201
197
188
178
166
161
153
148
136
124
108
96
86
74
64
51
39
21
2
-18
-38
-56
-75
-90
-107
-122
-141
-162
-176
-205
-216
-238
-260
-273
-305
-318
-343
-358
-367
-385
-395
-403
-416
-412
-404
-384
-345
-325
-303
-285
-270
-233
-207
-175
-147
-126
-94
-68
-43
-18
-7
5
8
14
28
43
54
61
69
78
89
87
86
83
71
65
53
46
43
27
17
3
-11
-16
-30
-43
-53
-60
-61
-62
-56
-45
-35
-27
-19
-9
5
16
20
31
43
60
80
93
113
128
146
164
176
187
199
207
214
222
227
237
242
249
253
250
243
235
223
215
204
196
189
179
169
158
148
139
126
113
97
80
64
47
31
11
-7
-29
-46
-67
-86
-102
-129
-148
-175
-200
-216
-242
-253
-278
-303
-317
-350
-364
-388
-412
-423
-443
-451
-455
-456
-442
-418
-385
-353
-333
-314
-301
-267
-236
-198
-164
-135
-97
-74
-37
-14
7
19
12
19
32
49
67
72
80
93
97
108
102
96
80
66
52
46
39
27
17
-5
-15
-33
-50
-64
-81
-88
-87
-86
-73
-64
-53
-43
-40
-27
-19
-5
6
22
38
52
67
85
105
121
141
149
163
175
186
195
204
212
226
232
239
243
242
243
231
220
211
203
196
189
177
169
163
154
145
133
120
103
92
80
66
51
34
17
2
-13
-27
-47
-68
-95
-116
-134
-162
-178
-206
-231
-250
-278
-304
-332
-353
-380
-399
-420
-443
-459
-466
-469
-454
-425
-393
-363
-347
-331
-311
-274
-244
-207
-182
-148
-108
-78
-33
-12
7
18
15
22
42
54
74
87
100
117
126
131
124
116
98
87
68
66
58
45
29
5
-6
-23
-39
-60
-77
-86
-87
-86
-74
-68
-54
-43
-39
-24
-13
-3
5
16
28
50
70
92
116
134
151
162
174
185
196
205
214
224
235
249
259
264
264
260
250
239
225
215
208
199
190
186
179
169
159
147
134
120
105
87
74
58
45
33
15
2
-18
-38
-60
-89
-107
-137
-156
-179
-210
-229
-251
-285
-300
-339
-364
-385
-418
-433
-455
-462
-462
-449
-426
-386
-366
-352
-338
-324
-289
-256
-221
-194
-155
-119
-83
-44
-11
5
21
20
24
51
65
88
97
111
126
145
147
150
142
121
112
93
88
81
65
48
31
8
-1
-28
-51
-70
-85
-86
-87
-78
-74
-61
-54
-43
-35
-24
-22
-16
-4
8
33
52
72
96
116
133
151
154
163
175
182
201
211
225
237
245
253
256
250
238
226
212
203
192
185
177
172
166
156
148
140
124
110
96
82
69
51
34
17
7
-5
-18
-38
-59
-81
-106
-125
-152
-182
-200
-227
-247
-274
-302
-329
-351
-371
-400
-415
-437
-443
-427
-402
-359
-342
-328
-328
-312
-279
-247
-215
-191
-157
-128
-91
-46
-26
-3
2
-10
10
26
51
72
84
103
121
145
150
155
140
128
116
103
104
99
88
71
49
33
16
-4
-27
-53
-65
-76
-71
-65
-61
-51
-49
-44
-34
-26
-27
-25
-24
-9
15
30
48
72
90
108
121
125
139
149
161
176
191
209
222
231
236
238
233
226
214
207
200
195
187
178
171
169
165
160
149
134
126
113
102
87
71
56
41
31
18
4
-16
-40
-66
-89
-114
-133
-159
-184
-210
-237
-257
-283
-314
-342
-374
-395
-411
-428
-423
-410
-371
-333
-314
-302
-299
-278
-249
-217
-193
-157
-125
-97
-56
-23
-1
21
11
5
22
33
63
78
94
111
135
154
164
170
157
147
128
124
120
115
103
84
64
48
30
8
-16
-37
-49
-60
-54
-55
-46
-38
-35
-25
-16
-12
-13
-12
-12
2
13
30
48
69
87
104
117
126
134
140
148
159
178
197
214
227
237
240
234
221
203
190
182
175
169
164
163
163
162
155
143
131
114
103
93
82
69
53
44
32
22
19
-13
-30
-62
-93
-102
-139
-153
-183
-207
-225
-249
-271
-307
-333
-367
-394
-403
-422
-412
-389
-355
-310
-298
-283
-274
-254
-221
-193
-166
-137
-92
-71
-18
10
28
51
31
25
36
46
69
86
95
118
138
154
164
167
155
146
127
120
122
114
105
80
66
46
30
6
-22
-40
-56
-67
-64
-61
-53
-40
-39
-26
-17
-11
-6
-6
-8
1
12
31
56
70
90
103
114
121
127
130
141
151
166
182
196
212
218
222
215
200
184
170
162
156
149
147
142
137
133
126
119
108
97
88
78
66
55
43
31
26
15
11
-10
-31
-60
-90
-111
-134
-161
-182
-210
-236
-260
-284
-313
-339
-374
-401
-410
-420
-408
-376
-338
-312
-291
-286
-279
-231
-207
-176
-143
-119
-81
-40
-3
25
53
52
43
45
49
72
88
98
119
134
157
174
180
177
164
145
127
128
123
119
104
75
58
44
27
5
-18
-44
-59
-65
-66
-56
-48
-45
-37
-28
-12
1
0
-3
-1
7
23
46
64
85
103
113
126
134
137
145
149
160
175
188
202
213
221
223
216
197
180
170
155
147
136
129
125
121
120
115
104
91
76
66
54
38
21
11
3
-1
-5
-14
-32
-59
-85
-114
-129
-150
-174
-197
-223
-252
-265
-293
-326
-354
-388
-410
-417
-412
-378
-338
-306
-290
-286
-262
-236
-199
-163
-150
-105
-75
-34
17
43
68
82
64
58
74
75
102
115
121
152
165
180
197
188
178
163
144
144
140
131
117
95
73
59
42
17
-10
-37
-53
-63
-62
-62
-55
-48
-49
-33
-18
-9
-1
-6
-6
8
19
38
61
80
97
115
126
137
146
151
156
164
177
189
198
206
216
223
219
206
190
174
162
147
131
124
116
110
107
104
97
87
73
58
42
28
17
2
-8
-16
-19
-25
-36
-57
-82
-103
-129
-151
-174
-202
-223
-244
-269
-286
-314
-340
-366
-390
-404
-413
-377
-337
-296
-277
-276
-264
-233
-194
-159
-133
-104
-67
-33
19
58
80
96
82
67
78
91
100
114
117
141
165
183
196
192
179
164
145
138
137
125
115
94
75
64
50
24
-5
-29
-51
-62
-68
-71
-66
-54
-49
-40
-23
-7
7
15
12
17
25
37
61
83
106
123
132
147
166
171
175
176
180
193
204
212
218
220
219
214
202
191
170
152
131
116
101
90
85
77
74
70
59
44
33
5
-12
-25
-42
-45
-51
-56
-67
-78
-100
-127
-152
-178
-207
-228
-255
-281
-297
-321
-338
-361
-382
-403
-417
-415
-383
-336
-302
-282
-281
-263
-226
-182
-143
-117
-87
-52
-11
44
86
102
113
91
84
97
101
119
123
130
154
181
198
207
201
181
168
144
138
135
120
109
84
68
57
43
23
-4
-28
-52
-68
-81
-87
-82
-72
-62
-50
-30
-15
5
18
18
28
36
50
73
94
118
135
155
178
198
209
212
212
218
227
234
239
241
242
241
237
227
219
199
179
157
139
125
111
95
79
71
58
52
43
30
14
-5
-27
-41
-53
-65
-76
-89
-103
-120
-142
-164
-190
-216
-237
-260
-284
-303
-330
-357
-378
-400
-418
-423
-416
-374
-326
-291
-269
-267
-246
-207
-167
-134
-102
-66
-28
27
78
119
144
144
126
122
128
131
143
144
155
179
203
220
233
225
214
195
172
165
150
130
111
89
74
65
48
30
8
-13
-35
-57
-76
-88
-93
-93
-86
-71
-45
-18
7
24
37
50
57
68
83
104
124
143
169
198
223
243
255
262
274
282
288
290
286
278
271
264
260
254
244
226
205
187
168
145
125
101
81
67
51
34
19
-7
-27
-41
-54
-67
-78
-96
-115
-135
-156
-189
-213
-242
-269
-286
-309
-322
-344
-365
-387
-408
-425
-430
-445
-415
-371
-328
-288
-275
-266
-231
-182
-150
-110
-81
-45
2
62
107
142
161
149
141
137
147
151
165
165
183
204
229
249
245
238
220
203
189
179
154
137
107
89
76
63
44
24
2
-18
-31
-55
-76
-95
-106
-112
-105
-89
-59
-33
-7
16
33
51
59
70
87
109
125
144
161
195
229
257
276
292
306
314
323
319
316
304
297
289
289
284
267
250
232
219
207
185
161
131
106
83
66
45
16
-10
-32
-49
-55
-67
-83
-104
-127
-156
-181
-213
-248
-278
-309
-333
-350
-372
-394
-409
-432
-439
-455
-463
-458
-431
-383
-339
-312
-304
-279
-247
-203
-149
-126
-74
-31
16
82
134
167
181
176
153
162
165
168
173
169
190
220
240
260
261
247
243
218
205
187
163
132
107
80
62
48
27
15
-1
-10
-28
-50
-75
-93
-107
-118
-122
-112
-97
-71
-39
-10
27
48
67
87
107
131
147
155
171
194
221
251
272
293
314
337
356
363
357
348
334
324
316
301
279
257
237
228
213
196
178
146
131
112
88
60
23
-23
-53
-77
-90
-108
-117
-140
-166
-182
-216
-247
-291
-336
-374
-411
-444
-478
-506
-535
-553
-564
-588
-541
-524
-463
-373
-336
-272
-232
-227
-159
-129
-99
-46
-14
77
179
232
333
372
375
398
346
327
304
242
206
148
121
131
127
122
186
166
143
176
86
66
29
-73
-103
-185
-214
-193
-199
-151
-129
-103
-41
-28
-23
-19
-39
-37
-44
-34
13
78
131
215
290
357
422
433
457
449
419
377
323
280
259
236
244
255
292
304
306
300
277
261
218
162
130
109
94
116
114
140
164
162
152
151
94
38
-16
-117
-142
-210
-248
-254
-280
-291
-301
-359
-389
-458
-558
-622
-728
-800
-840
-916
-880
-846
-782
-623
-424
-256
-45
69
176
318
348
347
355
367
418
490
505
609
663
695
683
599
498
379
153
-23
-159
-294
-325
-363
-358
-285
-219
-187
-125
-151
-169
-204
-258
-275
-273
-268
-199
-123
-25
110
197
284
317
288
267
227
151
86
3
-30
-9
10
49
106
145
204
226
227
239
203
160
132
113
134
175
187
246
310
372
420
427
416
397
348
299
260
226
214
197
211
261
285
304
308
268
276
217
143
116
41
5
-10
-81
-69
-81
-141
-114
-171
-202
-194
-286
-322
-351
-484
-478
-573
-649
-646
-743
-765
-749
-825
-770
-746
-726
-559
-427
-221
-1
134
283
472
517
610
563
532
568
553
542
575
534
572
545
442
407
249
88
-91
-276
-399
-447
-546
-524
-519
-444
-331
-260
-192
-127
-122
-83
-70
-86
-52
-61
-18
37
105
185
271
306
347
332
319
276
186
75
-12
-71
-88
-97
-96
-40
42
142
215
282
325
360
351
340
324
326
317
320
346
407
464
512
537
552
547
484
411
312
238
157
83
52
47
58
82
98
131
154
136
111
71
17
-46
-122
-182
-210
-215
-250
-220
-213
-173
-172
-202
-263
-311
-436
-522
-637
-744
-788
-871
-914
-874
-830
-755
-555
-362
-114
118
252
385
542
581
576
520
475
497
503
500
523
559
599
582
496
413
271
59
-147
-343
-481
-533
-610
-628
-548
-423
-275
-154
-90
-10
46
78
74
33
19
14
23
69
136
209
296
329
352
371
343
274
154
10
-87
-158
-212
-232
-223
-153
-45
68
201
312
393
448
463
473
471
423
375
350
365
414
447
490
529
568
568
530
445
358
237
123
28
-36
-65
-64
-59
-10
59
112
150
161
139
124
57
-34
-96
-165
-195
-212
-215
-195
-144
-157
-136
-184
-247
-310
-423
-555
-652
-798
-870
-912
-954
-928
-850
-648
-350
-84
121
336
508
712
743
654
569
509
448
448
363
385
457
481
519
510
425
321
109
-120
-283
-475
-595
-707
-753
-666
-522
-370
-164
-49
95
221
275
300
262
160
107
54
39
73
91
154
230
291
366
392
337
245
97
-27
-123
-229
-309
-344
-317
-192
-38
124
291
432
552
647
669
653
581
484
410
360
335
345
359
414
478
519
540
514
444
346
217
93
-4
-91
-142
-148
-99
-24
80
169
252
312
316
267
215
111
12
-100
-185
-232
-226
-241
-215
-198
-218
-225
-301
-377
-498
-646
-813
-932
-1059
-1087
-1101
-975
-729
-426
-118
191
449
707
882
892
837
725
626
534
436
334
331
353
420
447
440
385
310
141
-35
-254
-439
-590
-719
-777
-732
-613
-432
-247
-86
131
316
451
491
458
393
348
245
154
72
48
72
112
143
209
245
249
194
95
6
-86
-208
-325
-387
-391
-309
-215
-82
101
314
503
651
729
788
791
733
635
533
457
401
349
329
354
397
432
436
427
406
346
241
137
28
-35
-102
-139
-117
-44
45
156
228
305
352
345
287
201
85
-12
-102
-206
-253
-300
-329
-339
-385
-427
-457
-551
-628
-775
-886
-989
-1055
-1094
-1011
-857
-570
-273
25
335
628
847
993
980
926
871
737
651
500
398
367
355
342
328
240
215
103
-22
-177
-343
-485
-579
-697
-701
-648
-544
-388
-250
-73
151
325
445
508
490
511
458
368
264
172
116
104
55
57
57
73
64
20
-34
-55
-110
-174
-260
-297
-275
-220
-157
-64
83
273
460
600
714
785
825
806
747
669
592
501
424
359
331
313
296
278
265
252
231
174
128
78
34
-9
-40
-51
-3
29
97
139
200
231
242
210
169
103
46
-53
-133
-207
-285
-346
-433
-490
-551
-584
-648
-734
-814
-873
-929
-933
-933
-833
-644
-354
-105
190
436
697
918
1003
971
944
845
795
640
482
394
329
286
229
104
56
-1
-122
-231
-386
-476
-539
-639
-696
-663
-617
-459
-376
-245
-39
159
316
439
451
530
549
502
425
319
252
222
119
52
17
-8
4
-52
-107
-95
-96
-126
-175
-240
-205
-164
-139
-101
-8
143
332
434
550
661
757
801
789
729
715
654
571
470
384
332
274
204
156
129
105
92
56
55
59
41
20
25
38
93
103
117
144
190
197
199
140
130
106
66
-10
-79
-168
-202
-291
-394
-471
-540
-604
-655
-764
-791
-849
-879
-903
-905
-762
-541
-308
-86
181
428
746
910
943
921
915
856
817
585
469
357
307
247
119
13
-9
-120
-191
-316
-414
-450
-540
-631
-643
-597
-506
-416
-381
-206
-18
185
323
393
453
582
578
568
461
388
341
264
143
81
7
10
-41
-111
-116
-96
-93
-111
-165
-157
-110
-110
-95
-73
26
162
260
346
474
587
694
728
732
757
756
694
608
503
437
367
257
166
92
50
36
0
2
21
41
58
70
105
153
163
168
177
213
233
219
174
158
149
131
70
-4
-44
-92
-129
-235
-319
-409
-459
-556
-637
-726
-797
-822
-886
-906
-903
-785
-579
-342
-107
160
394
715
876
952
919
905
878
803
633
449
333
297
226
117
2
-50
-97
-172
-267
-375
-406
-467
-533
-580
-548
-469
-389
-352
-229
-69
150
282
349
415
527
594
593
498
426
387
328
220
100
26
9
-42
-114
-141
-127
-82
-90
-123
-100
-39
-8
-14
-22
65
178
255
293
368
491
625
662
677
709
759
751
672
557
488
405
300
168
72
32
-5
-38
-36
-3
55
90
115
172
228
249
245
236
252
272
234
198
168
166
153
113
34
14
-43
-71
-151
-247
-301
-361
-436
-509
-583
-651
-673
-740
-796
-794
-779
-695
-499
-356
-87
122
338
592
769
824
848
794
778
716
556
370
273
193
147
27
-83
-88
-123
-163
-227
-298
-289
-304
-389
-402
-382
-305
-251
-226
-161
9
142
251
298
366
469
525
485
443
385
361
292
168
78
31
-7
-56
-126
-143
-101
-83
-87
-88
-47
26
51
49
96
176
264
298
314
392
508
565
578
569
620
672
644
554
487
446
403
284
167
99
65
32
-12
-22
29
73
110
149
219
287
318
313
330
348
351
306
237
203
170
129
72
5
-54
-73
-143
-177
-259
-299
-354
-410
-474
-532
-577
-635
-671
-733
-712
-699
-634
-515
-355
-165
63
195
439
594
711
742
711
706
676
556
402
264
208
150
48
-55
-93
-88
-116
-155
-214
-189
-188
-220
-247
-227
-181
-129
-143
-102
-23
92
159
196
236
318
381
396
368
344
323
287
204
126
72
38
-13
-79
-114
-99
-79
-69
-68
-33
42
92
119
157
220
286
331
343
400
471
514
507
508
539
585
563
499
447
432
401
318
214
172
144
117
68
36
71
114
133
158
200
276
316
323
327
341
355
327
251
210
173
146
74
17
-56
-54
-93
-149
-199
-247
-276
-298
-384
-437
-493
-555
-595
-672
-698
-700
-702
-658
-514
-376
-152
10
179
390
609
667
722
693
683
678
552
373
301
205
178
66
-53
-52
-88
-110
-136
-201
-162
-137
-201
-186
-184
-138
-104
-128
-135
-48
3
75
83
113
212
294
310
322
293
330
332
274
210
167
128
99
14
-39
-52
-59
-57
-62
-41
33
78
109
164
219
299
343
360
397
450
472
475
458
471
487
473
434
409
380
362
307
244
205
166
131
110
94
117
132
145
174
222
271
303
310
330
347
362
327
286
240
213
165
109
42
4
-42
-74
-126
-166
-196
-230
-294
-327
-406
-454
-506
-583
-652
-695
-748
-757
-742
-676
-548
-390
-192
-24
185
376
539
615
696
690
699
636
535
405
353
251
175
59
-14
-54
-85
-126
-150
-170
-154
-161
-174
-158
-148
-141
-148
-148
-137
-86
-65
-23
5
72
134
200
230
286
307
354
348
341
312
282
224
172
94
38
-18
-62
-95
-99
-82
-41
0
42
104
171
235
277
305
342
384
407
404
403
414
424
415
380
357
342
312
271
226
199
192
165
148
148
169
194
205
227
265
302
336
359
384
405
402
379
348
321
285
234
176
114
71
20
-25
-81
-135
-192
-240
-301
-369
-443
-500
-561
-597
-646
-657
-693
-673
-679
-679
-607
-524
-420
-252
-129
47
236
388
500
585
657
678
685
598
505
424
351
263
143
35
-1
-70
-82
-141
-174
-157
-153
-178
-167
-170
-139
-132
-144
-145
-109
-78
-45
-31
8
80
127
175
214
260
318
345
323
313
295
279
227
156
91
62
24
-15
-64
-68
-51
-35
-29
-3
48
117
153
194
253
319
368
378
386
419
432
414
375
340
337
315
273
238
225
233
235
221
227
240
265
281
294
323
357
366
376
376
399
400
394
353
342
314
291
226
163
90
50
-30
-105
-186
-260
-315
-390
-452
-523
-532
-594
-613
-649
-641
-641
-630
-654
-634
-640
-580
-527
-442
-311
-179
-14
161
330
443
552
627
668
692
648
543
491
397
316
206
84
18
-42
-105
-142
-203
-200
-198
-227
-220
-200
-182
-151
-157
-153
-100
-64
-38
-25
1
63
113
125
154
176
228
254
244
251
275
276
260
209
169
138
81
11
-55
-91
-104
-127
-144
-124
-75
-7
46
96
177
264
323
356
373
403
423
410
378
350
352
343
307
285
277
293
301
296
315
337
357
354
349
367
384
380
378
377
400
409
386
355
338
302
254
171
92
24
-34
-110
-176
-247
-284
-333
-386
-428
-460
-488
-504
-553
-573
-582
-609
-600
-637
-608
-599
-583
-538
-421
-333
-154
-60
84
260
412
467
547
555
604
619
527
455
393
348
294
178
79
51
-41
-72
-153
-193
-184
-190
-238
-201
-189
-121
-106
-109
-86
-29
-9
5
-28
-7
34
47
57
73
114
172
207
212
249
263
272
231
195
158
128
56
-7
-72
-83
-102
-122
-135
-90
-27
42
79
128
205
289
337
355
387
432
458
445
424
423
438
416
381
360
366
370
343
323
339
360
378
376
384
424
443
437
424
404
401
379
318
273
229
188
150
81
29
-10
-51
-106
-145
-212
-229
-268
-329
-376
-397
-444
-444
-514
-526
-546
-557
-568
-574
-577
-534
-547
-483
-405
-276
-145
-39
78
228
370
435
477
527
584
600
559
458
444
406
353
235
138
78
41
-49
-110
-163
-142
-140
-164
-171
-126
-85
-67
-87
-92
-49
-23
-29
-55
-40
-2
31
21
46
82
150
179
192
212
261
265
249
204
177
154
104
31
-17
-41
-49
-77
-97
-66
-11
37
73
123
207
304
352
387
435
498
527
518
486
487
485
456
396
370
372
383
363
360
382
421
427
417
413
439
441
404
361
341
334
306
247
204
180
178
137
80
48
21
-10
-51
-122
-148
-168
-224
-256
-313
-330
-355
-394
-461
-456
-487
-492
-516
-545
-553
-514
-546
-512
-441
-361
-204
-112
3
161
303
402
499
533
619
640
615
558
521
471
429
316
222
164
91
19
-50
-114
-123
-137
-183
-181
-171
-132
-114
-123
-127
-93
-86
-77
-101
-94
-72
-53
-53
-19
23
89
126
155
199
252
282
282
261
246
223
164
103
37
-4
-38
-74
-94
-71
-35
16
63
129
218
305
366
416
466
523
549
547
533
524
516
492
448
423
413
403
381
366
372
381
372
365
361
371
368
334
311
306
300
278
245
221
217
209
178
148
127
97
62
10
-37
-76
-117
-181
-215
-258
-277
-311
-350
-394
-411
-458
-487
-534
-566
-567
-585
-582
-588
-535
-458
-336
-237
-78
53
236
368
479
548
632
662
689
653
597
552
489
414
314
212
133
60
-33
-90
-158
-166
-188
-208
-216
-185
-169
-134
-149
-143
-128
-116
-129
-140
-146
-114
-91
-74
-34
22
100
156
197
235
289
314
318
280
256
219
173
99
35
-8
-23
-51
-59
-41
8
68
121
181
267
356
418
459
498
543
566
561
533
514
497
467
418
385
358
340
310
289
285
297
297
295
297
321
335
339
334
339
340
335
304
284
261
239
205
168
125
90
47
-9
-44
-97
-125
-181
-214
-262
-279
-338
-368
-428
-458
-494
-530
-559
-573
-580
-557
-549
-515
-470
-403
-292
-192
-47
82
216
349
481
529
622
624
658
637
590
505
462
372
311
205
108
60
-14
-73
-139
-183
-196
-187
-239
-212
-219
-182
-177
-180
-188
-151
-156
-136
-141
-117
-75
-53
-25
21
74
124
161
169
218
243
260
236
218
196
183
130
94
53
47
35
24
34
81
124
165
198
257
340
395
430
455
502
542
550
519
498
478
453
395
344
312
295
264
240
237
265
287
299
314
351
390
402
393
392
395
384
346
301
273
249
210
159
115
74
45
-15
-61
-99
-131
-177
-207
-258
-270
-305
-346
-375
-405
-413
-434
-460
-480
-463
-466
-446
-443
-420
-375
-342
-284
-201
-115
-1
86
180
314
388
451
506
511
561
550
480
452
401
349
288
173
116
55
-32
-88
-161
-194
-200
-250
-267
-244
-239
-205
-211
-209
-163
-141
-138
-133
-134
-95
-80
-87
-66
-38
12
52
70
123
186
222
244
245
263
270
238
199
174
161
149
107
84
103
132
158
175
207
274
329
356
383
414
458
468
457
449
450
443
411
368
353
341
320
289
273
292
302
297
292
311
343
361
349
351
359
362
332
292
261
233
184
128
79
44
19
-40
-68
-102
-108
-143
-162
-208
-200
-225
-249
-274
-302
-300
-316
-325
-352
-333
-345
-319
-346
-327
-325
-305
-309
-290
-262
-196
-131
-70
18
99
212
266
326
373
428
436
426
366
356
324
274
205
124
73
28
-43
-101
-136
-167
-169
-208
-217
-210
-200
-204
-204
-211
-176
-164
-163
-151
-123
-87
-64
-63
-36
17
57
88
97
137
181
210
212
223
233
249
233
222
221
220
203
175
163
180
196
197
212
244
307
356
386
416
463
502
524
520
517
510
487
441
396
364
337
294
252
239
249
251
233
225
243
266
261
242
236
252
250
224
202
183
174
145
108
80
70
31
-11
-52
-71
-88
-114
-157
-166
-163
-174
-184
-216
-210
-218
-209
-247
-230
-269
-247
-282
-296
-306
-318
-336
-361
-357
-347
-272
-241
-157
-80
26
126
193
246
315
360
379
376
340
338
305
252
190
128
71
18
-64
-115
-148
-178
-196
-225
-223
-192
-179
-168
-151
-136
-104
-103
-108
-100
-90
-89
-94
-103
-75
-35
-5
31
63
115
166
192
217
246
266
277
264
258
270
271
261
250
255
284
303
311
329
361
401
423
435
460
479
491
479
468
466
451
407
361
323
298
261
208
174
162
158
149
135
146
178
196
212
224
247
266
259
244
241
227
212
164
131
99
85
34
5
-34
-47
-72
-99
-117
-124
-118
-136
-138
-159
-143
-165
-166
-198
-191
-222
-229
-271
-285
-312
-329
-367
-390
-397
-376
-340
-291
-219
-135
-34
49
120
179
250
275
298
267
262
239
225
175
145
106
84
44
-1
-27
-49
-59
-91
-114
-130
-117
-135
-132
-144
-133
-130
-128
-138
-125
-111
-108
-107
-105
-71
-40
-6
21
71
126
187
219
259
297
337
355
356
363
369
361
338
324
325
338
326
328
344
380
401
413
414
440
452
445
422
407
395
370
329
286
261
235
202
162
148
146
148
134
138
155
182
195
202
218
245
255
248
238
232
222
198
164
144
118
95
45
33
3
5
-29
-35
-44
-30
-38
-53
-69
-83
-86
-129
-160
-209
-218
-274
-292
-357
-363
-398
-406
-445
-463
-466
-433
-395
-341
-271
-196
-89
-11
76
136
224
259
316
299
312
303
299
257
213
163
130
82
17
-19
-58
-65
-103
-125
-144
-122
-136
-132
-149
-137
-129
-133
-143
-133
-109
-93
-87
-83
-26
15
64
81
128
181
239
257
285
315
350
364
355
370
380
385
364
354
356
375
361
359
363
387
399
404
401
421
423
412
391
372
357
319
268
218
193
163
133
99
95
99
109
110
130
155
186
197
206
221
236
235
218
209
208
199
179
160
143
137
113
82
56
39
16
-6
-39
-53
-70
-85
-111
-126
-149
-168
-208
-247
-269
-301
-332
-369
-399
-421
-437
-459
-481
-481
-462
-434
-374
-318
-228
-152
-65
16
78
155
200
238
252
259
250
248
232
198
171
134
105
64
19
-17
-43
-73
-88
-118
-116
-111
-117
-115
-110
-103
-95
-100
-105
-89
-76
-70
-67
-49
-13
24
55
94
138
185
223
250
283
317
334
341
348
361
380
379
379
383
396
405
402
399
402
405
392
385
368
359
338
314
287
273
248
217
188
167
155
140
120
105
106
103
106
109
129
144
159
166
190
209
222
220
221
222
219
202
176
164
132
110
62
43
15
0
-30
-56
-65
-88
-102
-140
-157
-189
-216
-257
-289
-319
-341
-369
-387
-409
-411
-429
-439
-451
-450
-431
-401
-358
-312
-234
-171
-81
-24
45
99
159
184
216
217
229
226
208
188
163
146
110
81
35
30
2
-12
-48
-68
-83
-89
-109
-120
-119
-115
-108
-110
-94
-76
-54
-56
-37
-19
16
29
52
74
108
140
165
199
236
275
294
318
337
370
374
374
375
379
383
373
363
363
372
360
352
348
352
346
331
309
297
279
255
225
204
188
170
145
128
123
124
117
111
115
125
135
135
143
153
166
165
172
173
188
181
169
153
142
121
83
50
15
-8
-38
-68
-88
-103
-119
-150
-169
-193
-209
-246
-287
-312
-333
-347
-385
-394
-417
-405
-429
-435
-453
-441
-417
-387
-336
-283
-206
-143
-65
-8
59
116
157
190
208
218
223
214
194
173
154
121
86
40
17
-6
-28
-48
-65
-71
-70
-70
-75
-63
-66
-62
-66
-61
-56
-53
-61
-60
-52
-37
-14
2
31
62
99
134
167
205
244
272
296
320
342
363
367
368
373
384
380
375
367
371
368
361
347
345
344
335
326
314
308
296
278
255
240
213
187
154
131
115
104
90
88
89
99
110
119
139
154
167
174
176
177
172
158
137
116
88
63
34
3
-23
-46
-64
-85
-104
-125
-149
-174
-202
-226
-259
-281
-319
-333
-355
-369
-383
-399
-400
-409
-405
-413
-391
-384
-341
-305
-249
-185
-123
-68
-12
40
89
121
139
146
155
152
148
136
110
97
75
60
44
29
11
4
-14
-16
-20
-20
-27
-34
-40
-41
-41
-48
-48
-49
-44
-47
-43
-41
-26
-16
3
20
51
79
105
142
180
220
247
276
297
317
329
331
331
330
327
326
323
327
329
333
333
337
339
342
342
334
329
318
303
285
263
240
216
189
168
148
135
120
111
111
110
111
114
119
128
136
137
138
138
137
128
113
93
77
48
22
-2
-21
-34
-53
-70
-82
-96
-116
-137
-162
-188
-211
-237
-259
-278
-295
-310
-325
-336
-342
-357
-360
-367
-354
-346
-324
-294
-263
-216
-181
-126
-92
-43
-13
17
49
62
82
80
85
82
81
67
58
44
30
16
6
1
-2
-2
-4
3
2
13
14
15
14
8
1
-4
-5
-6
-8
-8
-5
7
25
42
65
89
118
143
173
191
214
227
241
256
263
270
274
274
277
284
288
296
301
309
313
323
330
337
339
338
338
337
334
324
310
294
278
258
238
221
203
184
167
157
150
143
133
133
128
128
120
112
103
96
89
79
70
54
41
22
12
0
-7
-27
-37
-57
-67
-89
-106
-131
-152
-171
-193
-205
-226
-230
-250
-253
-273
-278
-289
-292
-301
-304
-305
-301
-296
-282
-250
-216
-170
-134
-89
-49
-7
16
46
55
72
68
65
56
46
41
24
22
9
14
6
10
10
15
19
30
37
48
56
58
61
59
64
57
62
55
59
57
64
66
74
83
98
114
131
152
170
186
195
208
212
222
219
222
223
233
235
245
251
262
269
279
293
303
315
319
329
334
340
334
331
324
316
303
286
268
249
231
212
196
179
164
150
141
133
129
120
117
108
101
83
65
48
33
20
4
-11
-23
-33
-45
-58
-72
-83
-97
-105
-123
-128
-144
-151
-165
-167
-180
-186
-201
-206
-216
-223
-229
-234
-235
-242
-237
-237
-224
-213
-194
-179
-148
-123
-94
-75
-56
-34
-19
-6
-5
4
-3
4
-5
-4
-8
-10
-15
-13
-9
-8
-3
-6
2
8
21
26
40
46
60
67
72
73
76
79
80
81
83
89
94
108
116
130
144
160
173
187
193
203
204
205
205
202
202
198
200
202
210
214
219
224
237
251
264
276
283
294
301
308
305
301
294
291
281
269
253
236
220
206
194
182
169
157
146
135
129
118
104
84
66
46
29
7
-9
-25
-38
-50
-62
-75
-89
-97
-109
-111
-122
-127
-137
-138
-143
-144
-148
-151
-153
-153
-153
-157
-162
-168
-169
-174
-176
-186
-184
-184
-177
-174
-162
-153
-138
-124
-108
-90
-77
-63
-57
-41
-36
-26
-31
-32
-34
-35
-38
-44
-45
-47
-45
-46
-40
-32
-19
-8
5
18
37
51
63
72
82
90
97
100
107
110
119
126
133
140
146
156
162
173
176
185
187
194
196
194
193
186
188
183
183
184
191
193
196
202
209
221
235
247
258
267
273
284
286
288
282
279
271
265
253
240
227
216
203
190
180
167
152
134
117
100
85
62
42
26
11
2
-10
-19
-32
-42
-59
-68
-81
-91
-104
-116
-123
-128
-129
-133
-135
-137
-134
-133
-130
-130
-125
-126
-126
-129
-130
-131
-131
-136
-135
-135
-136
-136
-135
-129
-124
-111
-107
-100
-95
-88
-85
-78
-73
-70
-65
-63
-60
-59
-57
-60
-61
-62
-58
-56
-44
-36
-21
-6
9
22
38
55
73
87
98
109
119
128
132
135
133
137
139
144
147
151
154
159
168
177
181
181
181
179
180
173
171
165
167
166
171
178
189
198
206
214
223
233
239
243
247
251
255
257
253
248
240
234
224
217
204
196
188
179
164
151
141
127
111
94
78
60
45
26
17
4
-8
-22
-38
-49
-65
-79
-94
-103
-114
-117
-125
-130
-136
-135
-138
-136
-133
-129
-124
-121
-114
-111
-102
-103
-99
-104
-101
-106
-109
-118
-122
-130
-134
-137
-141
-137
-144
-140
-144
-132
-131
-125
-126
-118
-114
-112
-112
-114
-112
-113
-108
-108
-95
-87
-70
-59
-40
-24
0
17
35
47
62
73
83
95
98
104
105
112
112
118
121
128
128
131
133
136
140
143
149
151
157
155
159
155
160
162
168
170
174
176
178
184
185
192
194
201
204
212
213
219
220
225
227
228
221
213
208
202
200
189
179
168
160
146
136
121
109
93
77
64
50
40
27
15
1
-10
-24
-38
-53
-68
-81
-91
-100
-110
-117
-120
-120
-121
-119
-119
-109
-101
-93
-89
-85
-86
-86
-88
-88
-89
-95
-99
-105
-110
-116
-121
-130
-134
-140
-141
-144
-142
-143
-145
-143
-142
-137
-135
-134
-131
-125
-120
-115
-111
-103
-94
-83
-74
-67
-57
-43
-25
-10
3
15
28
43
59
74
85
91
98
104
108
112
116
119
126
131
139
145
151
157
161
164
166
171
171
172
168
167
166
166
165
163
161
163
168
170
174
178
183
186
192
198
205
210
214
213
214
215
212
208
202
195
187
182
174
162
147
130
117
102
93
84
77
67
58
43
31
16
3
-6
-18
-31
-44
-49
-58
-62
-70
-73
-79
-79
-83
-83
-84
-82
-81
-79
-78
-75
-75
-78
-80
-83
-83
-86
-86
-90
-93
-98
-97
-100
-102
-105
-104
-104
-101
-99
-100
-97
-98
-98
-104
-106
-113
-114
-120
-121
-123
-119
-113
-107
-100
-86
-70
-57
-41
-26
-10
5
21
29
39
50
62
72
77
84
90
96
103
110
113
118
124
132
137
139
141
146
154
158
159
159
158
158
161
163
167
170
170
171
170
174
179
180
181
182
184
191
196
196
195
196
196
195
194
191
186
182
179
172
167
158
149
140
132
121
110
100
91
80
70
63
57
48
38
29
21
13
3
-6
-16
-27
-34
-40
-45
-50
-56
-61
-63
-64
-65
-65
-66
-70
-70
-72
-72
-74
-75
-75
-76
-77
-82
-83
-84
-83
-84
-86
-89
-90
-92
-94
-98
-100
-103
-101
-105
-109
-111
-110
-105
-105
-103
-97
-88
-82
-73
-67
-60
-52
-42
-34
-23
-14
-6
2
10
21
32
43
52
61
70
76
81
83
86
86
90
94
99
103
107
114
120
128
129
133
135
139
145
148
149
149
148
144
142
141
145
148
150
152
155
156
158
156
163
168
171
171
168
166
164
162
159
154
149
147
140
134
129
121
114
108
100
97
92
86
78
67
57
46
35
24
15
8
1
-6
-11
-18
-23
-26
-29
-34
-36
-38
-40
-41
-42
-43
-43
-44
-43
-44
-43
-47
-50
-50
-51
-52
-58
-63
-67
-70
-71
-73
-75
-75
-76
-77
-81
-85
-87
-85
-83
-79
-80
-80
-75
-72
-68
-62
-55
-51
-45
-36
-26
-18
-12
-9
-4
1
10
13
17
19
23
31
36
47
57
69
75
82
86
92
100
107
111
114
116
119
123
123
126
127
131
133
134
132
134
135
136
133
130
129
130
131
131
131
132
133
135
137
138
140
144
146
149
151
154
156
157
155
150
145
141
138
128
119
109
100
94
87
78
70
64
57
52
48
41
35
29
23
15
9
1
-3
-7
-12
-16
-19
-22
-24
-28
-31
-33
-35
-38
-39
-40
-42
-44
-48
-51
-54
-54
-57
-58
-59
-58
-57
-60
-64
-69
-73
-73
-76
-79
-83
-87
-85
-82
-76
-75
-73
-71
-65
-59
-49
-42
-36
-31
-26
-23
-20
-16
-15
-14
-12
-7
1
6
10
17
28
34
41
47
52
61
66
73
74
76
79
84
88
88
91
88
83
80
79
84
87
86
87
86
87
84
83
82
80
82
81
79
81
79
82
84
85
89
91
94
97
102
108
112
110
107
105
103
99
94
84
81
77
69
61
53
46
42
39
32
28
21
17
12
7
4
-1
-7
-14
-17
-22
-26
-31
-36
-36
-38
-41
-44
-46
-49
-52
-52
-53
-53
-51
-50
-51
-54
-57
-61
-64
-67
-70
-73
-76
-79
-79
-76
-75
-74
-74
-70
-68
-66
-64
-63
-57
-57
-58
-59
-61
-60
-61
-59
-54
-48
-46
-45
-41
-38
-34
-30
-27
-22
-15
-9
-3
3
14
24
30
37
42
46
49
48
48
49
54
52
51
51
53
59
61
59
58
61
62
62
59
54
53
52
53
55
55
54
54
58
60
60
65
70
75
79
82
88
89
90
89
89
90
87
84
80
76
73
68
61
55
49
45
42
39
36
32
31
28
22
18
14
8
0
-7
-13
-19
-23
-30
-36
-38
-39
-40
-43
-42
-43
-42
-45
-45
-47
-46
-44
-44
-43
-46
-51
-52
-48
-47
-45
-40
-40
-40
-42
-44
-43
-44
-46
-45
-45
-45
-45
-44
-42
-41
-40
-38
-37
-35
-33
-32
-31
-31
-30
-26
-23
-17
-14
-10
-6
-2
9
18
24
28
32
37
44
50
54
52
55
56
59
60
60
59
60
61
58
55
53
53
52
53
55
55
54
54
53
54
56
57
55
54
53
56
58
61
62
64
66
70
74
77
83
82
79
75
72
76
78
74
69
64
60
58
52
48
47
46
43
38
33
31
26
23
19
12
4
-1
-6
-8
-9
-10
-15
-22
-27
-31
-33
-35
-36
-35
-34
-33
-31
-28
-28
-27
-26
-26
-27
-27
-26
-24
-26
-27
-29
-31
-32
-33
-35
-37
-35
-34
-31
-28
-26
-27
-31
-30
-28
-27
-25
-23
-19
-18
-15
-12
-13
-13
-10
-9
-3
-1
4
8
14
18
23
30
33
36
38
40
41
45
46
48
47
45
46
46
46
47
46
45
45
47
48
48
49
48
46
44
42
40
39
39
38
40
42
43
43
46
50
53
55
57
60
61
63
64
65
65
66
67
68
68
65
59
54
51
46
39
35
34
35
35
31
25
19
17
13
10
6
-1
-3
-6
-11
-15
-16
-17
-19
-21
-23
-25
-28
-28
-27
-27
-24
-24
-23
-23
-21
-20
-20
-21
-22
-23
-24
-24
-23
-22
-22
-20
-20
-20
-21
-20
-19
-16
-16
-14
-13
-14
-12
-12
-14
-11
-7
-5
-4
-6
-5
-4
0
3
1
2
6
12
17
21
24
26
27
33
34
37
41
45
46
47
48
46
46
45
41
40
41
40
39
37
35
34
35
36
38
39
39
40
41
42
42
41
43
44
47
48
50
51
51
51
50
51
53
53
51
53
53
52
53
52
50
48
45
39
37
36
34
31
26
21
20
17
16
12
9
9
8
7
3
-2
-7
-8
-10
-13
-16
-21
-25
-26
-25
-23
-25
-27
-26
-24
-23
-22
-23
-23
-23
-23
-22
-22
-21
-19
-21
-22
-21
-17
-14
-14
-15
-13
-12
-12
-13
-14
-12
-12
-13
-14
-15
-13
-11
-11
-11
-11
-9
-5
-1
3
7
8
8
9
11
14
18
19
20
26
31
32
30
29
31
31
30
29
26
25
28
28
27
27
26
27
30
30
29
27
26
27
28
28
29
31
32
33
34
33
30
29
29
29
31
34
34
32
32
30
32
33
31
29
25
23
22
20
18
17
18
16
16
14
11
9
7
8
6
4
-2
-6
-9
-11
-12
-13
-18
-20
-24
-25
-29
-32
-32
-36
-39
-41
-39
-39
-39
-41
-41
-39
-37
-33
-33
-31
-29
-28
-27
-27
-29
-28
-28
-30
-31
-31
-33
-34
-34
-32
-31
-30
-26
-25
-24
-23
-22
-22
-22
-20
-20
-20
-18
-15
-13
-11
-8
-7
-4
-4
-1
0
1
6
9
8
9
11
12
12
13
13
12
13
11
10
10
9
10
10
10
12
13
12
14
14
14
14
14
12
13
15
13
10
6
8
7
11
10
11
11
9
11
10
11
9
9
7
9
10
12
12
12
11
10
8
5
3
3
3
2
0
-3
-6
-10
-10
-14
-17
-17
-18
-20
-22
-27
-28
-29
-31
-31
-34
-36
-36
-36
-34
-33
-34
-34
-33
-29
-27
-27
-29
-32
-31
-29
-28
-24
-24
-26
-28
-29
-26
-23
-20
-20
-18
-17
-17
-16
-15
-14
-14
-14
-14
-15
-14
-13
-12
-11
-11
-8
-9
-7
-7
-6
-4
-2
0
-1
-1
4
7
8
9
11
13
15
15
14
13
14
14
14
14
15
11
11
12
14
16
17
17
17
18
20
21
21
20
20
19
17
18
21
21
21
21
19
17
16
14
14
15
15
16
14
11
14
17
21
20
18
16
14
14
10
7
6
6
5
3
0
-4
-5
-7
-8
-8
-9
-9
-10
-10
-11
-14
-14
-16
-17
-18
-21
-22
-23
-25
-27
-28
-28
-27
-25
-23
-25
-26
-26
-25
-20
-18
-17
-15
-15
-15
-14
-13
-13
-12
-12
-13
-14
-15
-14
-10
-10
-12
-12
-11
-8
-8
-9
-9
-8
-8
-8
-8
-9
-6
-3
-2
-1
-1
0
2
3
2
1
2
2
4
6
8
11
9
9
10
12
13
13
13
13
12
12
12
14
17
18
17
18
19
18
21
21
22
23
22
19
17
16
14
13
12
8
6
5
6
6
6
5
5
3
2
3
8
11
10
8
5
5
6
4
2
0
-1
2
0
-3
-7
-11
-14
-16
-15
-15
-16
-17
-19
-19
-19
-20
-22
-23
-22
-22
-23
-25
-26
-25
-23
-23
-23
-22
-17
-17
-18
-20
-20
-20
-20
-21
-23
-23
-19
-20
-18
-18
-19
-18
-19
-19
-18
-16
-17
-18
-18
-18
-17
-15
-10
-9
-7
-6
-5
-1
0
-1
-1
0
2
1
2
2
2
4
3
2
0
1
4
8
8
9
12
16
18
17
19
19
22
24
24
22
25
28
28
25
25
26
29
27
24
20
21
25
22
18
12
10
9
10
10
10
9
6
8
11
11
12
12
13
14
17
16
12
11
9
9
10
12
11
9
8
6
1
-2
-2
-2
-4
-5
-7
-7
-7
-10
-10
-7
-5
-6
-10
-11
-9
-6
-3
-5
-7
-8
-5
-5
-6
-7
-10
-10
-9
-7
-6
-7
-9
-8
-6
-4
-3
-5
-6
-5
-2
1
-1
0
1
2
5
5
6
7
9
12
11
12
14
14
15
14
17
16
14
12
11
13
18
19
18
17
20
24
27
26
25
27
30
32
33
33
35
37
39
37
37
38
38
37
35
36
40
41
38
36
36
36
36
32
30
30
30
31
29
26
27
26
24
24
23
24
27
27
28
27
27
28
28
26
27
25
24
20
18
19
17
17
13
10
8
5
6
6
6
5
6
5
3
4
5
7
12
12
9
9
10
11
11
9
7
9
11
12
11
9
10
11
11
11
6
2
3
6
7
9
8
8
10
13
13
12
12
13
12
14
14
13
14
14
14
11
9
10
12
16
18
19
20
22
24
26
23
22
22
22
26
27
29
29
28
27
27
30
32
35
37
38
38
39
37
36
36
37
37
34
33
33
36
39
36
32
29
29
29
31
31
29
31
28
27
27
24
23
24
23
22
20
20
20
20
17
14
13
14
16
16
16
14
13
12
12
11
9
8
6
5
7
10
8
6
5
6
8
9
8
6
5
6
5
4
3
3
4
5
5
3
1
0
-2
-3
-2
-2
-1
0
0
0
0
1
-1
-4
-4
-2
1
2
3
3
3
3
3
5
6
7
4
3
2
4
6
6
9
11
11
13
12
13
15
15
14
14
15
16
20
19
21
22
23
25
23
22
23
24
23
22
22
22
23
26
27
29
28
28
28
28
28
28
30
31
30
28
25
25
26
27
26
25
25
24
21
19
17
18
17
17
17
17
18
16
17
16
17
18
18
16
15
15
16
18
16
14
13
14
12
12
7
5
4
5
4
4
6
6
6
4
5
5
5
6
5
1
2
3
1
1
3
4
5
5
4
4
4
3
4
6
7
7
6
4
3
6
7
6
5
4
3
5
5
4
6
6
6
7
5
4
5
6
6
5
6
8
10
10
10
8
7
9
11
13
13
10
11
14
17
18
17
17
17
17
18
20
21
20
19
17
16
16
15
15
15
15
15
15
14
12
13
14
13
12
12
12
11
11
13
13
9
7
3
4
4
4
4
1
0
-2
-1
0
0
3
3
3
3
5
4
1
-4
-8
-9
-7
-7
-6
-8
-9
-8
-10
-12
-14
-16
-16
-14
-14
-14
-15
-16
-12
-11
-11
-14
-15
-16
-16
-16
-17
-17
-16
-15
-15
-13
-13
-14
-15
-17
-17
-15
-15
-15
-15
-15
-15
-13
-14
-15
-16
-17
-17
-16
-15
-14
-12
-13
-13
-14
-13
-12
-11
-10
-10
-10
-6
-6
-7
-6
-6
-6
-5
-4
-2
0
0
1
2
2
0
2
2
2
3
2
0
0
-1
-1
1
0
1
2
0
0
0
0
2
2
1
1
1
0
1
-1
-2
-1
-1
-3
-3
-4
-4
-4
-4
-3
-1
-2
-1
-2
-3
-3
-3
-4
-4
-3
-3
-4
-6
-7
-7
-6
-7
-9
-9
-8
-8
-7
-6
-6
-5
-7
-10
-14
-13
-11
-9
-8
-12
-14
-15
-14
-15
-16
-14
-12
-10
-11
-14
-17
-17
-16
-16
-15
-15
-12
-11
-13
-11
-13
-15
-16
-15
-12
-12
-13
-13
-13
-12
-12
-13
-15
-16
-14
-10
-9
-8
-8
-8
-8
-8
-7
-5
-6
-4
-5
-3
-2
-2
0
1
2
2
2
4
5
5
5
7
6
5
4
2
3
5
4
4
4
5
3
4
2
3
4
5
7
11
12
11
8
6
7
5
4
5
5
5
5
4
6
7
5
4
4
2
1
1
1
3
4
3
3
3
3
4
3
2
2
0
0
-1
-3
-6
-7
-4
-3
-3
-2
-4
-7
-8
-7
-4
-4
-3
-5
-6
-6
-3
-4
-7
-9
-11
-10
-7
-5
-5
-6
-6
-6
-4
-2
-3
-4
-4
-3
-2
-4
-7
-6
-5
-5
-6
-8
-8
-4
0
0
-2
-3
-1
-3
-2
-2
-2
0
1
2
2
0
0
1
3
4
6
7
9
9
7
7
6
6
7
8
8
10
8
8
7
5
6
6
6
7
5
6
7
7
6
4
7
7
9
10
9
9
10
10
8
9
8
8
7
5
4
3
1
4
3
3
4
3
2
1
1
3
4
4
2
2
0
0
2
0
-3
-5
-8
-7
-5
-7
-8
-10
-11
-11
-10
-10
-12
-11
-11
-10
-9
-11
-10
-12
-12
-10
-9
-9
-12
-14
-14
-12
-13
-14
-12
-10
-9
-10
-13
-13
-11
-8
-6
-9
-10
-11
-10
-10
-10
-13
-14
-12
-11
-12
-12
-13
-14
-13
-11
-9
-7
-8
-8
-6
-5
-5
-4
-3
-3
-3
-4
-3
-2
-2
-1
-1
-2
-2
-1
0
3
3
4
2
-1
0
1
1
1
2
-1
-3
-4
-3
1
1
-2
-4
-4
-4
-2
-1
-1
0
1
1
2
0
-2
-3
-4
-4
-3
-4
-5
-6
-7
-6
-3
-2
0
-3
-4
-4
-6
-6
-7
-7
-7
-6
-9
-11
-12
-13
-14
-16
-17
-15
-14
-12
-13
-15
-16
-14
-12
-13
-14
-14
-15
-14
-15
-17
-16
-17
-16
-16
-19
-20
-19
-18
-16
-15
-15
-15
-15
-16
-18
-16
-16
-14
-13
-15
-16
-16
-17
-18
-18
-18
-15
-13
-15
-15
-17
-16
-15
-15
-15
-16
-16
-15
-14
-13
-12
-14
-14
-12
-11
-11
-11
-12
-13
-13
-12
-12
-11
-11
-11
-11
-11
-9
-8
-7
-7
-6
-7
-7
-10
-9
-9
-10
-12
-13
-11
-10
-8
-9
-9
-9
-9
-11
-10
-10
-10
-8
-10
-9
-9
-10
-11
-10
-12
-11
-12
-10
-8
-8
-10
-10
-10
-10
-9
-11
-10
-12
-12
-12
-12
-12
-12
-14
-17
-17
-17
-17
-16
-16
-16
-16
-14
-16
-16
-16
-17
-14
-14
-13
-12
-11
-13
-15
-17
-19
-17
-18
-18
-18
-22
-19
-18
-19
-16
-18
-17
-17
-16
-13
-13
-10
-12
-12
-11
-13
-11
-15
-16
-15
-15
-13
-13
-14
-16
-17
-14
-14
-14
-15
-14
-11
-10
-8
-11
-10
-10
-12
-11
-9
-10
-9
-9
-10
-9
-7
-6
-6
-7
-8
-9
-10
-8
-8
-9
-10
-9
-8
-7
-7
-8
-9
-10
-8
-10
-10
-11
-9
-9
-8
-6
-6
-5
-6
-7
-7
-5
-6
-10
-12
-11
-11
-11
-10
-11
-11
-10
-10
-13
-14
-14
-12
-12
-15
-18
-18
-15
-17
-16
-18
-20
-20
-19
-17
-17
-18
-20
-19
-20
-22
-25
-25
-24
-22
-21
-19
-19
-20
-19
-20
-20
-21
-22
-21
-22
-20
-19
-21
-23
-23
-23
-21
-20
-21
-22
-22
-21
-22
-20
-22
-21
-22
-22
-21
-19
-20
-21
-22
-22
-20
-21
-23
-22
-20
-17
-16
-18
-19
-19
-17
-17
-16
-16
-14
-13
-14
-13
-14
-14
-14
-11
-14
-16
-16
-13
-12
-13
-15
-15
-15
-15
-15
-13
-12
-12
-15
-17
-18
-18
-16
-13
-14
-16
-18
-15
-12
-13
-16
-20
-19
-17
-14
-16
-21
-20
-22
-23
-20
-20
-17
-15
-15
-18
-17
-17
-18
-18
-19
-17
-16
-19
-21
-22
-21
-20
-20
-19
-19
-19
-21
-20
-20
-19
-19
-18
-19
-20
-22
-22
-23
-22
-22
-20
-20
-21
-21
-21
-21
-22
-25
-26
-23
-22
-22
-24
-25
-25
-24
-26
-25
-24
-23
-23
-23
-23
-24
-24
-24
-24
-24
-24
-24
-22
-21
-21
-26
-26
-24
-23
-21
-21
-21
-20
-18
-19
-20
-21
-20
-19
-18
-17
-16
-15
-12
-14
-16
-18
-18
-18
-18
-16
-16
-15
-15
-18
-17
-16
-18
-19
-18
-19
-18
-19
-19
-18
-17
-16
-16
-17
-18
-18
-18
-19
-19
-19
-18
-16
-19
-18
-17
-18
-20
-20
-22
-20
-20
-20
-22
-23
-24
-24
-22
-25
-26
-25
-23
-24
-27
-29
-28
-26
-26
-27
-30
-29
-27
-27
-28
-29
-29
-28
-28
-28
-28
-27
-26
-24
-27
-27
-27
-26
-25
-27
-27
-28
-26
-25
-24
-24
-26
-25
-24
-24
-22
-22
-24
-24
-24
-23
-24
-24
-24
-27
-28
-27
-26
-23
-23
-22
-23
-20
-20
-22
-22
-21
-24
-24
-24
-22
-21
-24
-26
-27
-27
-27
-29
-29
-25
-23
-22
-22
-23
-22
-22
-24
-22
-22
-21
-22
-23
-23
-23
-21
-22
-22
-20
-20
-21
-23
-26
-26
-25
-22
-20
-22
-22
-25
-25
-24
-25
-24
-25
-23
-21
-20
-19
-20
-20
-19
-20
-23
-25
-27
-28
-24
-23
-25
-26
-27
-27
-28
-27
-26
-26
-25
-26
-27
-26
-25
-25
-25
-26
-28
-29
-28
-26
-26
-26
-26
-27
-28
-27
-28
-28
-29
-28
-27
-27
-26
-26
-26
-25
-26
-27
-26
-24
-23
-22
-24
-25
-24
-23
-24
-22
-21
-19
-18
-19
-18
-18
-16
-16
-16
-15
-16
-15
-19
-18
-20
-17
-13
-11
-13
-15
-18
-16
-15
-18
-16
-14
-14
-11
-11
-11
-11
-11
-12
-12
-11
-10
-6
-5
-6
-9
-11
-12
-9
-10
-11
-9
-9
-9
-10
-15
-14
-11
-8
-9
-11
-13
-11
-10
-11
-10
-12
-10
-8
-10
-11
-11
-13
-13
-13
-11
-11
-11
-9
-9
-8
-8
-10
-13
-15
-16
-15
-14
-16
-13
-10
-8
-8
-11
-12
-12
-12
-10
-9
-12
-12
-10
-11
-9
-10
-10
-12
-11
-12
-12
-14
-13
-14
-13
-11
-10
-11
-9
-9
-8
-8
-11
-11
-10
-8
-7
-8
-10
-9
-8
-8
-8
-8
-6
-6
-4
-4
-5
-4
-4
-3
-4
-6
-6
-4
-4
-5
-6
-8
-7
-5
-6
-4
-3
-4
-3
-4
-4
-4
-3
-3
-1
0
-1
-1
-1
-1
-3
-5
-6
-4
-5
-6
-6
-4
-3
0
-1
-3
-5
-5
-2
-2
0
0
0
0
-1
-1
-3
-4
-4
-5
-6
-5
-5
-4
-4
-5
-5
-5
-4
-3
-4
-5
-7
-9
-9
-9
-9
-7
-5
-5
-7
-7
-7
-5
-7
-6
-7
-8
-7
-6
-6
-8
-7
-6
-6
-7
-8
-10
-9
-9
-9
-11
-11
-10
-7
-5
-3
-4
-5
-3
-3
-5
-5
-6
-5
-5
-6
-7
-7
-6
-5
-4
-7
-9
-8
-4
-1
-1
-2
-4
-6
-8
-8
-8
-8
-6
-4
-4
-4
-5
-6
-7
-6
-5
-4
-5
-5
-6
-5
-2
-2
-5
-6
-6
-3
-2
-2
-2
-5
-4
-4
-3
-5
-7
-6
-4
-4
-3
-6
-6
-5
-3
-4
-4
-6
-7
-6
-6
-4
-3
-3
-5
-5
-5
-5
-7
-10
-9
-10
-9
-8
-8
-9
-9
-10
-12
-11
-11
-10
-9
-9
-7
-8
-10
-10
-10
-11
-11
-12
-10
-10
-8
-9
-12
-12
-11
-12
-12
-13
-12
-13
-14
-13
-16
-16
-16
-15
-17
-17
-19
-18
-18
-17
-16
-16
-14
-18
-17
-18
-17
-16
-16
-15
-15
-17
-20
-20
-20
-21
-19
-22
-18
-16
-14
-15
-17
-18
-19
-15
-11
-12
-10
-11
-12
-12
-14
-18
-20
-20
-17
-15
-12
-14
-16
-16
-17
-15
-14
-15
-14
-9
-11
-14
-12
-18
-18
-16
-17
-14
-15
-17
-14
-16
-16
-16
-18
-18
-16
-18
-16
-14
-18
-18
-15
-17
-16
-17
-21
-16
-15
-20
-21
-21
-21
-19
-19
-22
-21
-21
-18
-20
-22
-24
-25
-24
-24
-25
-28
-29
-28
-27
-28
-26
-23
-20
-21
-23
-25
-25
-23
-23
-23
-23
-20
-17
-17
-18
-20
-21
-22
-24
-23
-22
-21
-22
-22
-24
-23
-22
-25
-26
-25
-22
-20
-20
-21
-22
-23
-26
-27
-27
-25
-23
-26
-27
-26
-29
-30
-28
-27
-24
-25
-25
-24
-22
-24
-23
-23
-22
-22
-24
-27
-27
-24
-23
-23
-23
-25
-26
-26
-26
-24
-21
-20
-18
-20
-21
-19
-19
-18
-19
-20
-21
-21
-21
-19
-17
-20
-18
-19
-18
-17
-19
-19
-19
-19
-18
-15
-16
-17
-17
-16
-18
-20
-20
-19
-17
-14
-14
-16
-19
-20
-20
-20
-22
-23
-23
-21
-20
-20
-19
-19
-18
-20
-22
-24
-24
-25
-26
-25
-25
-24
-23
-24
-26
-24
-23
-21
-20
-21
-21
-22
-21
-22
-24
-22
-22
-22
-23
-24
-25
-27
-26
-23
-22
-22
-22
-23
-21
-20
-19
-21
-22
-23
-23
-23
-21
-22
-22
-22
-23
-22
-23
-21
-20
-20
-18
-17
-17
-18
-21
-20
-21
-19
-17
-18
-20
-19
-20
-21
-20
-20
-21
-20
-21
-21
-21
-20
-19
-17
-16
-17
-19
-21
-21
-22
-20
-18
-18
-19
-19
-19
-18
-19
-19
-20
-20
-19
-16
-16
-16
-16
-18
-18
-19
-18
-17
-16
-17
-16
-15
-16
-18
-18
-21
-21
-23
-25
-25
-23
-23
-22
-21
-23
-25
-22
-19
-19
-21
-22
-25
-27
-26
-26
-24
-25
-25
-27
-29
-28
-29
-28
-28
-28
-25
-25
-26
-27
-26
-26
-24
-26
-26
-26
-26
-26
-24
-24
-25
-25
-25
-23
-20
-22
-24
-27
-29
-26
-24
-25
-25
-25
-25
-26
-27
-28
-28
-27
-26
-26
-26
-26
-24
-25
-24
-22
-25
-24
-24
-25
-25
-22
-22
-23
-24
-25
-23
-21
-22
-20
-22
-21
-19
-19
-21
-22
-20
-20
-19
-20
-21
-20
-18
-20
-20
-21
-22
-21
-21
-22
-22
-21
-19
-18
-17
-18
-19
-20
-19
-17
-17
-18
-21
-21
-20
-20
-21
-22
-21
-21
-18
-20
-22
-24
-23
-20
-21
-20
-19
-20
-21
-21
-19
-19
-21
-22
-21
-20
-16
-16
-17
-20
-21
-23
-24
-23
-23
-21
-21
-22
-22
-22
-23
-22
-24
-26
-25
-22
-19
-18
-20
-24
-25
-25
-25
-25
-26
-24
-21
-19
-22
-22
-22
-25
-24
-23
-24
-25
-25
-27
-28
-28
-26
-26
-27
-30
-30
-26
-24
-24
-27
-27
-26
-25
-25
-26
-28
-28
-29
-29
-29
-28
-28
-27
-27
-28
-28
-27
-26
-27
-26
-27
-27
-26
-25
-26
-27
-27
-26
-27
-25
-23
-23
-25
-26
-26
-24
-22
-23
-24
-23
-21
-19
-20
-25
-27
-26
-24
-24
-23
-22
-22
-23
-24
-26
-27
-29
-32
-32
-30
-28
-28
-30
-29
-30
-31
-28
-27
-26
-26
-27
-28
-30
-32
-32
-31
-30
-31
-33
-35
-33
-31
-32
-34
-37
-35
-35
-32
-29
-29
-30
-31
-30
-29
-30
-32
-34
-36
-35
-34
-34
-32
-31
-33
-34
-33
-34
-31
-32
-34
-35
-34
-33
-32
-32
-32
-34
-36
-34
-34
-33
-33
-32
-30
-27
-29
-28
-28
-29
-32
-33
-34
-32
-30
-28
-29
-32
-32
-30
-29
-27
-27
-28
-28
-27
-27
-28
-29
-29
-29
-30
-31
-30
-29
-28
-27
-27
-26
-26
-29
-30
-29
-28
-27
-26
-26
-29
-27
-25
-24
-25
-26
-25
-24
-24
-26
-25
-26
-25
-25
-24
-25
-24
-26
-27
-28
-28
-27
-26
-25
-24
-24
-25
-25
-24
-24
-25
-25
-24
-25
-24
-24
-25
-26
-25
-26
-26
-27
-26
-27
-26
-26
-29
-30
-31
-28
-25
-25
-26
-26
-28
-28
-28
-27
-26
-28
-28
-28
-27
-28
-29
-30
-30
-31
-32
-31
-28
-27
-30
-29
-30
-28
-26
-26
-25
-27
-28
-27
-23
-23
-24
-25
-26
-28
-29
-29
-29
-28
-28
-27
-28
-29
-28
-27
-28
-30
-31
-31
-30
-28
-27
-27
-29
-31
-31
-30
-29
-31
-30
-31
-30
-30
-29
-29
-29
-30
-30
-28
-27
-26
-28
-28
-28
-28
-28
-29
-29
-30
-29
-28
-27
-26
-28
-30
-30
-31
-29
-29
-30
-30
-32
-31
-31
-30
-30
-32
-32
-31
-30
-30
-30
-30
-31
-32
-31
-29
-32
-35
-36
-33
-32
-33
-34
-35
-35
-36
-36
-36
-35
-35
-35
-36
-37
-35
-34
-33
-32
-32
-35
-37
-38
-36
-35
-36
-36
-37
-37
-38
-38
-38
-41
-41
-41
-40
-41
-41
-41
-41
-42
-40
-37
-34
-33
-34
-38
-42
-40
-39
-38
-41
-43
-44
-44
-43
-41
-42
-44
-46
-42
-40
-43
-44
-44
-42
-44
-42
-40
-40
-42
-43
-41
-40
-38
-43
-45
-47
-44
-41
-42
-45
-47
-47
-45
-45
-44
-45
-44
-45
-42
-40
-41
-43
-45
-48
-49
-48
-46
-46
-47
-44
-44
-43
-44
-46
-46
-45
-44
-43
-45
-47
-49
-48
-46
-47
-49
-50
-48
-48
-45
-45
-45
-46
-49
-51
-50
-49
-48
-48
-49
-49
-47
-46
-46
-44
-47
-49
-51
-51
-50
-49
-48
-49
-48
-47
-47
-51
-53
-53
-51
-51
-51
-50
-49
-48
-49
-51
-53
-52
-52
-52
-53
-55
-56
-54
-53
-52
-50
-49
-49
-50
-50
-50
-47
-47
-49
-49
-48
-47
-49
-51
-51
-53
-53
-52
-52
-52
-52
-52
-53
-54
-53
-49
-49
-49
-51
-50
-56
-48
-53
-51
-50
-54
-50
-46
-46
-45
-47
-49
-49
-54
-51
-51
-51
-51
-51
-51
-51
-50
-52
-49
-48
-48
-45
-46
-43
-44
-47
-49
-49
-48
-45
-42
-43
-44
-46
-44
-44
-42
-43
-43
-43
-45
-45
-46
-46
-44
-44
-44
-43
-44
-42
-44
-46
-44
-42
-41
-42
-44
-45
-45
-45
-45
-44
-44
-44
-43
-43
-41
-39
-40
-42
-41
-44
-44
-43
-42
-42
-43
-44
-47
-48
-45
-43
-42
-43
-45
-44
-42
-44
-42
-41
-42
-43
-43
-42
-41
-43
-44
-43
-40
-37
-37
-41
-44
-45
-44
-43
-44
-43
-40
-37
-36
-42
-47
-46
-43
-40
-40
-41
-45
-45
-43
-44
-43
-42
-40
-41
-41
-41
-40
-41
-41
-42
-44
-43
-43
-41
-41
-43
-43
-43
-42
-42
-39
-39
-39
-38
-40
-39
-40
-41
-42
-40
-41
-41
-38
-39
-38
-39
-39
-38
-39
-40
-40
-41
-42
-39
-39
-41
-41
-40
-40
-39
-40
-41
-42
-45
-45
-41
-38
-38
-41
-44
-46
-45
-43
-43
-42
-45
-46
-46
-42
-42
-42
-41
-41
-41
-40
-39
-40
-40
-42
-44
-45
-45
-44
-42
-41
-43
-43
-43
-41
-39
-38
-38
-39
-39
-41
-41
-40
-40
-41
-41
-42
-42
-42
-44
-47
-48
-46
-43
-42
-41
-43
-44
-45
-45
-46
-44
-43
-43
-42
-40
-39
-41
-40
-38
-36
-37
-39
-38
-39
-38
-39
-38
-37
-37
-37
-40
-40
-40
-38
-36
-36
-35
-35
-37
-39
-40
-42
-41
-39
-39
-37
-37
-39
-41
-43
-41
-39
-39
-39
-38
-38
-37
-38
-38
-39
-40
-39
-38
-37
-34
-34
-34
-32
-31
-28
-28
-28
-29
-32
-32
-33
-32
-31
-30
-30
-31
-29
-28
-29
-29
-30
-28
-27
-26
-28
-30
-30
-31
-31
-32
-31
-31
-27
-26
-26
-29
-30
-32
-34
-34
-33
-32
-32
-34
-34
-32
-31
-30
-29
-28
-28
-27
-26
-28
-26
-27
-26
-26
-26
-28
-30
-30
-30
-26
-24
-25
-26
-28
-27
-26
-25
-25
-25
-25
-22
-22
-23
-24
-26
-26
-25
-25
-24
-24
-25
-24
-22
-19
-19
-21
-24
-24
-24
-22
-21
-20
-22
-22
-23
-23
-22
-21
-20
-20
-19
-20
-19
-19
-20
-22
-23
-23
-22
-23
-23
-22
-21
-21
-20
-20
-22
-21
-20
-20
-20
-18
-19
-19
-20
-22
-22
-20
-18
-20
-20
-22
-23
-20
-15
-14
-16
-18
-17
-17
-16
-17
-19
-20
-20
-18
-16
-17
-16
-15
-16
-15
-15
-16
-16
-14
-15
-16
-15
-16
-16
-15
-14
-15
-15
-15
-14
-14
-15
-15
-16
-17
-16
-16
-17
-18
-18
-17
-16
-13
-14
-16
-16
-16
-18
-21
-19
-19
-18
-16
-16
-17
-17
-18
-18
-19
-18
-18
-17
-16
-14
-14
-15
-17
-18
-16
-14
-14
-17
-17
-16
-14
-12
-12
-14
-17
-15
-15
-17
-17
-18
-18
-16
-15
-15
-14
-15
-15
-17
-17
-16
-16
-16
-18
-20
-24
-23
-21
-18
-19
-20
-22
-21
-21
-22
-22
-23
-21
-19
-18
-19
-19
-22
-22
-22
-22
-23
-23
-22
-23
-25
-22
-23
-23
-21
-21
-22
-22
-23
-24
-23
-22
-23
-24
-24
-25
-25
-24
-26
-26
-25
-24
-24
-26
-27
-29
-29
-29
-31
-29
-27
-27
-25
-24
-25
-26
-26
-27
-28
-27
-28
-29
-27
-28
-28
-29
-31
-28
-27
-27
-27
-28
-29
-31
-30
-27
-28
-28
-30
-30
-31
-29
-29
-29
-29
-30
-30
-32
-31
-31
-31
-31
-32
-32
-30
-29
-30
-31
-32
-34
-33
-34
-33
-31
-33
-33
-32
-30
-28
-30
-30
-29
-30
-31
-30
-33
-33
-34
-33
-32
-32
-32
-32
-32
-34
-32
-33
-33
-33
-31
-32
-33
-32
-32
-33
-32
-32
-32
-33
-31
-33
-31
-33
-33
-32
-32
-31
-31
-30
-30
-33
-32
-32
-31
-32
-32
-29
-29
-28
-30
-30
-28
-29
-30
-30
-30
-27
-26
-26
-29
-30
-28
-28
-29
-30
-29
-27
-26
-26
-28
-29
-28
-26
-27
-26
-27
-26
-25
-26
-29
-32
-34
-34
-32
-30
-28
-28
-29
-30
-29
-28
-28
-28
-28
-28
-28
-27
-28
-29
-28
-28
-28
-27
-27
-29
-28
-28
-26
-28
-28
-29
-31
-31
-29
-27
-27
-26
-26
-29
-31
-31
-29
-26
-26
-27
-30
-29
-29
-30
-29
-31
-30
-31
-31
-32
-32
-33
-33
-34
-33
-34
-34
-33
-32
-30
-31
-32
-34
-32
-31
-31
-32
-32
-32
-33
-32
-33
-32
-31
-31
-32
-33
-35
-34
-33
-34
-33
-35
-36
-35
-33
-30
-32
-33
-33
-32
-31
-33
-32
-31
-32
-33
-34
-35
-32
-33
-35
-37
-38
-37
-34
-34
-36
-38
-39
-37
-37
-35
-34
-34
-35
-34
-36
-37
-37
-38
-36
-37
-38
-40
-41
-39
-36
-35
-35
-37
-36
-36
-34
-33
-34
-35
-36
-36
-40
-41
-42
-42
-39
-36
-36
-39
-39
-42
-41
-39
-38
-38
-40
-38
-40
-39
-39
-37
-39
-42
-41
-41
-41
-42
-41
-42
-42
-42
-43
-41
-38
-37
-36
-37
-36
-36
-36
-39
-40
-41
-41
-41
-39
-38
-39
-40
-40
-41
-39
-36
-36
-39
-40
-39
-38
-38
-39
-42
-44
-43
-42
-41
-42
-43
-41
-39
-36
-36
-39
-42
-43
-41
-39
-39
-41
-41
-40
-39
-39
-41
-42
-39
-36
-34
-36
-38
-38
-39
-38
-39
-40
-39
-38
-40
-42
-41
-41
-41
-40
-40
-37
-36
-37
-40
-41
-39
-38
-38
-39
-39
-40
-39
-40
-41
-41
-37
-37
-38
-37
-34
-35
-39
-41
-40
-38
-38
-41
-42
-42
-41
-39
-38
-34
-37
-39
-40
-39
-37
-35
-37
-37
-37
-38
-38
-41
-41
-41
-39
-40
-38
-37
-37
-36
-36
-37
-35
-33
-33
-32
-33
-33
-33
-31
-30
-32
-34
-34
-36
-34
-36
-37
-35
-34
-32
-32
-31
-32
-34
-36
-36
-37
-37
-36
-34
-33
-33
-34
-36
-37
-35
-32
-34
-34
-35
-33
-31
-29
-28
-29
-31
-30
-30
-29
-30
-31
-30
-29
-29
-27
-27
-27
-29
-30
-28
-26
-24
-26
-27
-27
-27
-27
-29
-32
-33
-31
-28
-28
-29
-30
-28
-27
-27
-28
-30
-31
-31
-31
-29
-29
-29
-29
-28
-26
-27
-27
-25
-25
-27
-27
-28
-26
-26
-27
-29
-27
-26
-24
-24
-23
-23
-25
-25
-26
-25
-23
-24
-25
-25
-26
-26
-28
-29
-31
-31
-30
-28
-29
-31
-31
-31
-30
-28
-27
-31
-30
-30
-28
-30
-31
-34
-32
-30
-29
-27
-27
-27
-28
-29
-29
-30
-30
-31
-30
-31
-30
-29
-29
-27
-30
-30
-30
-30
-29
-28
-27
-28
-30
-33
-32
-32
-32
-32
-32
-31
-30
-28
-30
-29
-30
-32
-32
-33
-32
-31
-31
-32
-33
-31
-31
-32
-32
-29
-28
-30
-30
-30
-29
-30
-30
-32
-30
-29
-29
-30
-29
-27
-29
-29
-31
-32
-33
-34
-34
-33
-32
-31
-32
-34
-33
-35
-36
-38
-36
-32
-30
-33
-35
-35
-33
-30
-31
-34
-36
-35
-34
-34
-34
-33
-34
-34
-34
-35
-35
-34
-32
-31
-31
-30
-31
-33
-34
-35
-34
-35
-35
-34
-33
-33
-34
-36
-35
-35
-34
-34
-35
-36
-35
-34
-35
-36
-39
-37
-36
-36
-37
-39
-39
-37
-38
-39
-38
-38
-39
-39
-38
-38
-39
-39
-40
-40
-40
-39
-39
-40
-37
-36
-35
-36
-36
-37
-36
-35
-33
-36
-38
-37
-38
-39
-40
-39
-41
-40
-40
-39
-39
-38
-37
-37
-35
-32
-33
-36
-37
-38
-40
-38
-37
-36
-36
-37
-38
-40
-41
-39
-42
-40
-38
-39
-38
-41
-43
-43
-40
-40
-41
-41
-44
-46
-43
-42
-43
-43
-44
-43
-40
-39
-40
-41
-41
-39
-38
-41
-42
-44
-43
-43
-42
-40
-40
-40
-40
-40
-39
-38
-38
-39
-40
-39
-40
-40
-41
-43
-42
-43
-43
-42
-44
-44
-43
-42
-41
-43
-44
-44
-44
-46
-45
-43
-41
-43
-46
-47
-45
-42
-41
-44
-46
-44
-41
-39
-40
-41
-42
-42
-41
-42
-46
-46
-45
-42
-41
-42
-44
-44
-43
-42
-39
-39
-40
-43
-45
-45
-44
-45
-46
-45
-44
-44
-45
-51
-52
-49
-46
-42
-43
-46
-47
-46
-46
-44
-45
-46
-45
-42
-43
-43
-45
-46
-48
-48
-45
-44
-44
-45
-48
-47
-46
-46
-46
-50
-51
-49
-44
-44
-46
-48
-49
-48
-50
-51
-49
-48
-45
-45
-47
-49
-50
-49
-47
-45
-45
-46
-48
-49
-48
-47
-46
-46
-46
-47
-48
-49
-49
-47
-44
-43
-43
-46
-46
-47
-48
-47
-47
-46
-45
-46
-46
-47
-49
-49
-48
-48
-49
-49
-49
-50
-51
-54
-56
-56
-54
-54
-54
-54
-55
-55
-55
-55
-55
-54
-52
-51
-53
-53
-55
-54
-52
-52
-54
-56
-54
-54
-53
-52
-53
-55
-55
-53
-55
-55
-55
-58
-58
-57
-56
-56
-55
-54
-55
-54
-55
-55
-55
-56
-57
-57
-57
-58
-59
-59
-59
-56
-55
-59
-62
-61
-61
-59
-57
-57
-58
-60
-60
-57
-59
-59
-59
-58
-57
-57
-59
-63
-63
-61
-59
-58
-57
-59
-61
-62
-62
-63
-62
-62
-63
-64
-63
-62
-62
-64
-66
-65
-63
-62
-62
-62
-60
-58
-56
-56
-59
-62
-63
-61
-61
-60
-60
-58
-56
-56
-59
-62
-63
-60
-59
-60
-61
-60
-59
-59
-60
-61
-61
-64
-62
-63
-62
-62
-61
-61
-62
-63
-62
-61
-62
-62
-62
-61
-61
-62
-65
-65
-64
-62
-62
-63
-65
-67
-66
-65
-62
-62
-63
-64
-63
-61
-59
-60
-60
-60
-61
-62
-61
-63
-60
-60
-63
-66
-65
-65
-62
-63
-64
-63
-62
-61
-60
-60
-60
-61
-64
-66
-66
-65
-63
-60
-61
-63
-64
-65
-66
-63
-60
-57
-55
-56
-57
-57
-59
-61
-63
-63
-61
-60
-60
-60
-58
-58
-58
-60
-60
-59
-58
-58
-57
-58
-58
-59
-58
-58
-56
-55
-55
-53
-53
-54
-57
-58
-58
-59
-60
-60
-58
-57
-56
-56
-56
-56
-57
-56
-56
-55
-55
-54
-56
-55
-54
-54
-53
-55
-55
-57
-58
-58
-56
-56
-57
-57
-59
-58
-56
-56
-57
-56
-55
-53
-53
-54
-56
-55
-53
-52
-55
-56
-58
-57
-54
-53
-52
-55
-56
-55
-52
-50
-52
-53
-54
-55
-56
-54
-54
-52
-51
-51
-50
-52
-53
-54
-53
-54
-54
-53
-53
-54
-53
-53
-52
-53
-55
-55
-55
-55
-53
-53
-52
-53
-56
-57
-56
-55
-54
-54
-55
-53
-51
-54
-55
-54
-54
-51
-52
-53
-51
-49
-49
-50
-51
-52
-51
-51
-51
-50
-51
-49
-50
-52
-50
-47
-45
-46
-46
-49
-49
-50
-51
-50
-48
-46
-45
-48
-53
-52
-51
-51
-48
-47
-48
-48
-48
-48
-48
-47
-47
-48
-47
-46
-47
-48
-50
-49
-47
-46
-45
-47
-48
-47
-45
-45
-44
-46
-48
-49
-50
-50
-49
-48
-47
-45
-46
-48
-50
-51
-49
-48
-46
-48
-49
-50
-50
-50
-50
-52
-51
-50
-48
-45
-45
-47
-48
-50
-48
-49
-48
-47
-49
-47
-45
-46
-47
-49
-51
-51
-51
-50
-51
-50
-49
-50
-50
-50
-50
-51
-50
-48
-49
-50
-50
-48
-47
-47
-48
-48
-47
-47
-47
-47
-46
-45
-46
-47
-47
-48
-45
-42
-45
-46
-46
-46
-45
-46
-49
-48
-47
-43
-41
-43
-45
-46
-48
-46
-46
-45
-45
-45
-45
-44
-44
-45
-46
-46
-44
-44
-44
-46
-48
-47
-48
-48
-47
-45
-43
-43
-43
-44
-44
-42
-41
-41
-41
-42
-44
-43
-43
-45
-44
-44
-45
-45
-45
-47
-45
-46
-46
-47
-49
-47
-47
-46
-45
-45
-46
-48
-50
-52
-50
-49
-48
-46
-47
-50
-50
-48
-46
-46
-45
-45
-45
-43
-45
-43
-44
-43
-43
-42
-42
-43
-43
-41
-40
-41
-42
-44
-44
-41
-39
-40
-41
-42
-42
-42
-41
-40
-40
-41
-40
-42
-43
-45
-46
-47
-45
-42
-38
-37
-38
-39
-41
-40
-38
-39
-40
-42
-41
-37
-36
-37
-38
-39
-39
-35
-35
-33
-33
-33
-34
-36
-36
-36
-35
-35
-34
-31
-31
-32
-33
-33
-36
-35
-35
-36
-37
-38
-38
-36
-35
-36
-39
-39
-39
-37
-38
-36
-37
-37
-35
-36
-36
-36
-37
-38
-38
-35
-31
-30
-31
-33
-32
-33
-32
-35
-34
-33
-32
-30
-32
-32
-31
-31
-32
-33
-37
-36
-34
-34
-34
-36
-37
-37
-37
-39
-39
-41
-42
-41
-38
-38
-36
-37
-38
-38
-38
-37
-39
-41
-41
-40
-38
-35
-36
-37
-36
-35
-35
-36
-37
-39
-38
-37
-37
-36
-36
-36
-35
-35
-36
-37
-39
-39
-38
-37
-38
-41
-42
-43
-41
-39
-38
-40
-42
-41
-41
-39
-39
-41
-40
-39
-39
-39
-39
-38
-38
-39
-38
-37
-36
-38
-38
-38
-35
-33
-35
-38
-37
-38
-38
-38
-39
-37
-37
-38
-41
-42
-40
-36
-35
-39
-41
-38
-36
-34
-36
-41
-42
-42
-41
-41
-41
-42
-42
-41
-42
-43
-42
-42
-41
-40
-42
-43
-43
-44
-43
-43
-42
-42
-41
-39
-38
-37
-40
-43
-44
-44
-43
-42
-41
-41
-42
-43
-42
-43
-41
-43
-44
-45
-46
-45
-44
-43
-43
-42
-39
-38
-40
-43
-43
-42
-41
-42
-41
-40
-39
-41
-41
-41
-40
-38
-41
-42
-43
-43
-40
-38
-39
-39
-39
-39
-36
-36
-38
-41
-42
-42
-40
-38
-38
-40
-42
-41
-40
-41
-42
-41
-40
-38
-37
-37
-41
-42
-41
-39
-37
-38
-41
-42
-40
-38
-38
-38
-40
-40
-38
-36
-34
-35
-35
-35
-33
-32
-32
-35
-36
-34
-35
-36
-36
-36
-36
-35
-37
-37
-37
-37
-37
-38
-39
-38
-37
-38
-40
-39
-37
-36
-38
-38
-37
-34
-35
-37
-40
-40
-40
-40
-38
-36
-35
-35
-34
-35
-34
-36
-36
-39
-40
-40
-40
-37
-38
-40
-38
-37
-36
-36
-39
-38
-40
-40
-40
-38
-38
-40
-41
-41
-40
-37
-36
-36
-39
-39
-39
-38
-38
-37
-38
-36
-35
-36
-37
-38
-39
-40
-40
-42
-41
-38
-37
-36
-36
-36
-36
-37
-39
-40
-40
-39
-39
-38
-36
-36
-36
-38
-38
-38
-38
-38
-38
-39
-38
-39
-38
-39
-39
-41
-42
-41
-41
-38
-37
-37
-35
-33
-33
-35
-38
-40
-37
-36
-37
-38
-39
-39
-39
-41
-39
-39
-38
-38
-38
-38
-39
-39
-37
-38
-40
-43
-42
-41
-40
-42
-45
-44
-41
-39
-39
-41
-44
-44
-42
-39
-39
-42
-43
-42
-42
-40
-41
-42
-41
-39
-37
-37
-37
-38
-41
-43
-44
-41
-39
-42
-43
-43
-41
-38
-36
-37
-41
-43
-43
-44
-45
-47
-47
-47
-47
-47
-48
-48
-49
-49
-49
-50
-50
-50
-50
-48
-47
-45
-44
-43
-46
-46
-48
-49
-47
-45
-45
-45
-47
-45
-44
-43
-44
-45
-45
-43
-40
-40
-41
-43
-44
-42
-43
-43
-44
-41
-40
-42
-46
-47
-45
-44
-47
-49
-48
-48
-45
-44
-43
-43
-45
-49
-49
-49
-49
-47
-47
-49
-49
-51
-50
-51
-51
-51
-49
-48
-47
-47
-51
-52
-52
-50
-48
-49
-51
-52
-51
-52
-52
-51
-52
-51
-51
-51
-50
-52
-53
-53
-54
-53
-51
-48
-51
-55
-55
-54
-54
-54
-54
-54
-52
-53
-55
-54
-53
-52
-51
-52
-53
-55
-55
-55
-54
-53
-52
-52
-51
-51
-51
-51
-51
-52
-54
-54
-54
-53
-53
-52
-54
-53
-53
-54
-52
-53
-53
-54
-56
-57
-56
-57
-54
-56
-58
-58
-58
-57
-55
-53
-55
-56
-59
-58
-56
-56
-56
-57
-58
-58
-57
-56
-53
-53
-54
-57
-58
-58
-56
-54
-53
-54
-55
-55
-54
-52
-53
-54
-53
-54
-53
-51
-53
-52
-52
-54
-53
-52
-50
-49
-48
-49
-52
-52
-52
-50
-51
-50
-51
-52
-51
-50
-51
-50
-49
-47
-46
-47
-47
-52
-51
-51
-48
-46
-47
-47
-46
-45
-44
-45
-46
-46
-46
-48
-50
-48
-48
-47
-45
-45
-45
-46
-45
-44
-43
-44
-45
-46
-42
-41
-41
-41
-43
-44
-45
-44
-43
-40
-42
-44
-46
-46
-43
-42
-44
-44
-44
-43
-41
-42
-45
-46
-46
-45
-42
-43
-45
-45
-42
-41
-41
-43
-45
-45
-43
-42
-43
-42
-41
-41
-41
-42
-42
-40
-40
-40
-39
-41
-42
-40
-39
-38
-40
-41
-41
-40
-38
-37
-37
-37
-38
-38
-41
-42
-39
-37
-37
-39
-41
-43
-41
-38
-40
-40
-39
-36
-36
-39
-41
-41
-41
-40
-41
-40
-39
-40
-41
-39
-38
-38
-39
-42
-41
-41
-40
-39
-40
-42
-40
-38
-39
-41
-42
-42
-39
-38
-38
-39
-40
-38
-38
-38
-38
-40
-39
-38
-37
-35
-35
-35
-38
-40
-38
-38
