314
370
344
331
394
397
291
122
-3
-16
-73
-187
-267
-210
-64
51
99
198
343
492
545
529
536
546
522
474
439
458
496
491
493
518
551
519
432
321
251
165
33
-108
-202
-214
-219
-243
-278
-269
-239
-203
-244
-240
-296
-273
-328
-355
-415
-434
-467
-481
-499
-534
-526
-586
-580
-660
-637
-697
-627
-665
-547
-455
-160
19
268
363
558
724
822
757
633
556
505
508
336
260
181
251
195
151
6
-6
-147
-255
-434
-490
-510
-555
-608
-554
-367
-180
-33
-9
184
344
509
466
433
394
457
373
327
241
273
295
282
272
318
338
291
190
92
104
39
-56
-169
-154
-69
28
29
117
245
439
534
563
584
634
645
603
521
468
466
423
396
365
374
369
325
253
221
160
82
-48
-149
-193
-229
-288
-356
-383
-335
-290
-286
-278
-284
-215
-205
-226
-286
-319
-373
-394
-487
-531
-576
-609
-654
-669
-699
-645
-633
-596
-529
-369
-114
80
245
333
519
670
785
668
604
502
541
489
377
235
217
203
193
83
-22
-78
-199
-291
-421
-452
-482
-507
-565
-449
-317
-113
-55
25
186
397
498
491
424
461
497
433
342
239
255
253
210
151
172
160
151
49
8
-17
-54
-135
-188
-177
-85
-28
25
127
279
447
544
606
672
728
740
701
624
588
531
469
400
354
327
298
227
193
161
120
44
-51
-111
-141
-185
-248
-306
-316
-300
-278
-298
-275
-264
-196
-188
-185
-214
-230
-253
-303
-386
-474
-535
-623
-675
-783
-800
-832
-781
-766
-656
-549
-262
-63
183
317
479
622
753
721
649
547
492
505
399
302
212
212
212
195
48
-13
-152
-203
-323
-431
-521
-540
-575
-486
-408
-265
-105
10
185
337
457
526
543
516
540
452
408
308
252
203
174
127
157
108
85
21
-18
-42
-103
-204
-249
-249
-184
-122
-94
33
197
385
509
589
677
797
834
820
744
700
657
579
463
387
330
303
232
168
139
115
77
9
-45
-73
-103
-168
-223
-242
-230
-236
-251
-255
-207
-170
-131
-155
-126
-132
-125
-168
-243
-331
-414
-506
-607
-696
-815
-886
-930
-917
-865
-800
-699
-468
-206
70
257
400
574
744
810
755
646
572
586
504
395
268
242
258
240
121
39
-47
-103
-205
-338
-430
-469
-505
-494
-448
-353
-192
-70
79
228
375
490
562
556
572
536
503
430
337
258
206
158
133
83
29
1
-39
-59
-124
-190
-242
-240
-225
-182
-156
-50
88
251
399
531
656
784
853
882
870
827
762
655
550
456
364
250
154
91
79
51
9
-30
-33
-16
-29
-85
-125
-145
-136
-155
-183
-202
-189
-153
-120
-99
-87
-60
-62
-62
-110
-182
-272
-390
-506
-624
-750
-865
-957
-1021
-1021
-980
-904
-778
-557
-295
-15
202
401
590
764
851
809
731
657
635
547
429
280
253
242
221
118
44
-15
-23
-125
-244
-346
-388
-418
-442
-453
-387
-256
-148
-26
101
278
436
534
555
605
612
605
511
400
307
242
153
73
-14
-62
-92
-130
-156
-181
-200
-216
-230
-217
-166
-120
-47
41
174
323
465
575
691
788
866
893
873
827
762
671
551
408
273
178
98
32
-28
-65
-57
-29
-20
-24
-34
-29
-12
-28
-65
-108
-135
-143
-143
-141
-131
-106
-66
-37
-20
-47
-90
-176
-269
-396
-533
-694
-839
-977
-1066
-1131
-1124
-1087
-980
-812
-516
-236
77
304
531
760
931
954
880
787
730
700
530
377
247
255
253
204
98
92
48
43
-80
-185
-246
-295
-387
-426
-450
-370
-294
-251
-119
49
261
416
484
559
683
707
690
556
453
377
268
125
2
-117
-152
-200
-240
-242
-254
-238
-225
-210
-155
-88
-39
45
118
242
354
454
534
631
722
814
846
853
831
795
734
625
481
348
228
138
49
-24
-62
-72
-52
-28
-12
10
29
39
41
17
-3
-40
-75
-99
-95
-96
-82
-92
-80
-63
-57
-95
-183
-270
-364
-459
-605
-786
-947
-1046
-1120
-1161
-1179
-1123
-976
-691
-403
-87
186
465
731
968
1066
1039
981
901
847
697
528
362
310
271
238
144
115
88
79
6
-80
-163
-217
-312
-398
-457
-449
-400
-377
-303
-170
36
223
357
436
581
680
726
661
552
466
383
245
96
-55
-148
-202
-263
-290
-305
-289
-250
-206
-148
-63
-2
74
142
225
324
410
476
555
625
702
763
793
797
779
740
677
586
481
360
248
156
84
15
-33
-63
-61
-45
-34
-24
1
28
54
64
40
23
0
-18
-42
-62
-88
-73
-90
-96
-128
-159
-220
-304
-407
-524
-654
-794
-933
-1053
-1119
-1162
-1155
-1085
-938
-676
-386
-84
212
501
781
1010
1108
1119
1086
1030
957
808
623
482
391
330
233
125
61
16
-28
-104
-202
-265
-318
-387
-441
-484
-469
-427
-389
-306
-185
-26
136
249
359
491
586
639
620
572
536
457
337
197
59
-37
-146
-253
-324
-358
-360
-334
-311
-241
-149
-44
68
174
284
396
473
547
606
641
662
665
667
673
660
627
587
534
499
438
365
279
192
122
67
10
-44
-82
-96
-81
-58
-31
-2
36
69
96
104
95
68
49
27
-2
-32
-81
-129
-168
-237
-304
-412
-509
-623
-715
-823
-925
-996
-1051
-1020
-994
-911
-803
-568
-302
-24
227
463
724
948
1091
1099
1091
1060
1034
919
737
553
447
344
225
47
-72
-143
-192
-283
-363
-411
-402
-411
-452
-445
-406
-319
-292
-250
-176
-30
93
186
235
345
467
547
560
527
507
492
414
287
149
25
-76
-200
-312
-385
-408
-400
-369
-320
-206
-88
39
150
272
392
490
540
581
610
639
641
615
599
591
578
548
506
472
439
381
316
238
174
106
44
-13
-47
-73
-74
-68
-40
5
54
100
141
173
192
191
164
125
88
31
-31
-105
-172
-231
-288
-376
-466
-542
-605
-671
-758
-831
-887
-891
-900
-875
-854
-746
-585
-317
-100
155
368
648
875
1074
1094
1119
1098
1083
974
790
578
433
305
155
-21
-176
-243
-307
-351
-419
-433
-428
-405
-432
-404
-377
-305
-283
-260
-197
-77
36
120
170
266
404
488
524
501
496
487
435
314
189
59
-30
-147
-242
-318
-350
-362
-339
-304
-221
-142
-59
33
134
260
356
427
483
538
578
618
609
609
598
596
587
564
510
466
413
374
314
237
155
83
34
-2
-45
-68
-66
-30
29
78
133
184
236
274
275
240
202
137
87
11
-53
-132
-186
-265
-302
-372
-410
-481
-542
-604
-658
-720
-781
-831
-855
-841
-812
-727
-597
-372
-142
119
339
583
787
984
1042
1059
1032
996
914
746
545
381
266
125
-32
-202
-277
-338
-382
-459
-482
-475
-428
-436
-405
-364
-277
-218
-181
-125
-27
75
140
184
230
330
389
424
409
407
398
380
299
223
127
47
-51
-143
-215
-260
-290
-309
-302
-261
-190
-127
-52
26
139
248
340
400
469
526
592
615
612
598
595
580
553
490
429
379
335
280
211
155
117
94
67
52
51
82
107
140
175
225
264
293
293
308
298
277
222
162
114
73
1
-73
-128
-168
-198
-256
-322
-396
-417
-492
-537
-636
-673
-721
-712
-740
-730
-692
-606
-449
-274
-76
116
332
532
732
843
903
904
908
861
773
595
445
302
183
26
-129
-241
-311
-350
-398
-412
-393
-332
-301
-255
-214
-142
-100
-81
-82
-42
6
43
44
56
115
187
233
241
258
292
328
309
269
225
200
138
61
-29
-87
-137
-184
-235
-245
-219
-171
-112
-49
36
134
235
326
405
463
529
575
609
608
590
554
532
486
432
360
307
270
241
208
175
161
169
181
185
193
207
238
262
278
295
317
334
345
328
308
281
237
183
117
61
-3
-60
-110
-150
-176
-210
-248
-291
-323
-382
-442
-525
-600
-663
-716
-754
-767
-751
-695
-558
-392
-198
-6
206
415
609
730
783
804
809
776
679
532
386
285
185
74
-53
-138
-187
-209
-246
-266
-265
-234
-221
-215
-188
-155
-128
-138
-147
-125
-79
-62
-57
-49
15
89
143
172
214
275
333
347
331
310
281
234
158
80
8
-49
-110
-156
-188
-187
-174
-143
-101
-30
49
127
197
272
352
427
478
502
518
535
539
510
477
432
397
354
316
278
264
247
244
242
252
261
274
281
293
306
316
320
317
311
306
298
270
240
203
189
158
130
70
49
20
4
-50
-96
-157
-207
-274
-353
-428
-522
-591
-683
-725
-792
-800
-833
-794
-752
-622
-487
-316
-145
42
243
418
566
629
704
732
760
684
598
471
419
310
205
63
-22
-84
-134
-202
-251
-261
-264
-252
-281
-252
-240
-197
-206
-184
-172
-114
-99
-77
-63
-3
55
100
134
185
256
302
330
323
338
329
302
226
159
79
23
-62
-126
-178
-194
-202
-190
-161
-103
-36
28
96
178
269
337
395
435
484
512
532
510
494
466
456
422
386
341
328
313
305
278
264
259
272
281
287
299
317
339
355
370
381
393
373
361
329
308
255
205
136
90
43
2
-62
-115
-166
-218
-280
-355
-442
-516
-582
-655
-724
-788
-836
-855
-857
-850
-799
-713
-557
-402
-210
-35
172
352
534
628
721
778
812
790
717
617
538
455
328
195
64
-8
-97
-174
-260
-288
-307
-292
-318
-292
-258
-215
-198
-185
-153
-99
-64
-60
-39
-8
53
77
110
145
212
252
284
292
322
343
335
292
247
202
148
75
-11
-71
-120
-151
-190
-199
-178
-118
-69
-6
65
167
261
341
400
463
519
561
562
545
528
500
470
419
370
335
323
307
309
306
327
348
369
384
406
423
450
452
455
445
430
402
364
320
276
216
145
79
12
-35
-100
-160
-215
-255
-291
-335
-388
-436
-475
-525
-565
-628
-679
-730
-757
-785
-788
-788
-748
-668
-541
-399
-228
-54
137
326
493
617
703
772
805
810
747
664
568
484
362
228
92
-12
-109
-186
-256
-294
-298
-293
-282
-255
-203
-160
-123
-111
-87
-64
-42
-49
-62
-61
-30
-1
21
53
103
169
224
263
296
331
347
335
300
260
204
130
44
-34
-92
-140
-192
-221
-215
-172
-123
-75
-15
78
188
287
367
441
519
579
610
606
594
573
548
506
461
421
400
378
368
364
377
394
410
418
439
452
456
439
408
381
352
311
246
179
118
72
7
-48
-113
-157
-190
-218
-251
-266
-285
-291
-310
-328
-356
-383
-426
-480
-543
-602
-649
-713
-743
-789
-770
-744
-639
-544
-375
-219
-14
172
357
506
622
721
784
821
791
738
645
586
479
371
223
118
9
-60
-151
-201
-235
-242
-245
-243
-213
-182
-147
-141
-117
-112
-77
-89
-93
-113
-94
-77
-55
-38
5
72
141
204
244
303
341
375
365
351
301
250
169
95
11
-60
-131
-185
-212
-208
-178
-140
-69
8
126
231
350
446
548
622
684
710
713
696
660
612
547
489
432
392
354
334
320
327
331
348
356
373
373
376
362
353
332
300
259
210
172
128
86
27
-7
-50
-69
-107
-129
-155
-159
-174
-194
-224
-262
-287
-336
-380
-452
-505
-575
-622
-684
-720
-753
-761
-743
-687
-580
-448
-285
-117
82
269
468
606
723
809
879
898
864
781
697
616
495
358
203
92
-14
-112
-214
-261
-288
-280
-289
-270
-224
-167
-135
-127
-117
-94
-79
-104
-127
-143
-117
-105
-92
-67
0
69
132
182
245
317
360
369
351
338
308
252
164
92
27
-27
-93
-140
-154
-125
-90
-47
15
111
225
326
426
512
606
676
721
724
721
697
656
593
515
445
383
326
276
245
228
231
232
248
263
295
315
332
335
344
343
326
287
245
208
169
112
47
-4
-51
-84
-132
-166
-190
-196
-214
-232
-257
-281
-309
-344
-401
-455
-514
-562
-623
-671
-711
-726
-726
-700
-649
-535
-399
-240
-65
116
310
489
635
727
820
868
897
841
760
667
582
460
316
163
50
-43
-144
-233
-298
-315
-327
-331
-326
-277
-241
-208
-205
-184
-151
-130
-137
-151
-148
-121
-93
-91
-62
-22
45
93
138
184
246
285
302
298
292
285
246
193
138
101
59
16
-24
-28
-14
8
33
79
155
240
319
395
465
541
606
641
647
639
622
591
543
473
407
347
299
248
208
184
184
189
203
221
254
286
316
344
365
379
369
345
312
281
234
174
99
28
-32
-94
-147
-205
-244
-277
-305
-332
-361
-379
-402
-414
-443
-469
-495
-517
-542
-559
-571
-567
-561
-537
-502
-419
-310
-193
-49
88
254
400
540
619
707
757
797
768
710
629
560
461
335
190
59
-45
-160
-251
-335
-365
-387
-389
-386
-340
-290
-238
-205
-167
-112
-69
-49
-57
-49
-40
-21
-38
-37
-26
10
36
62
89
135
176
199
218
231
254
250
243
227
225
209
190
162
152
152
155
156
164
196
238
286
329
383
440
499
540
567
579
590
579
553
509
464
424
382
339
296
268
250
242
241
252
269
291
306
325
342
355
350
326
296
258
216
155
84
15
-51
-116
-174
-232
-275
-295
-320
-336
-348
-352
-351
-350
-349
-353
-341
-349
-350
-363
-365
-372
-372
-384
-368
-353
-285
-226
-130
-42
71
184
298
396
469
546
584
620
598
567
515
464
366
269
149
54
-49
-152
-237
-300
-331
-359
-360
-356
-305
-270
-217
-183
-134
-93
-54
-44
-32
-27
-25
-24
-42
-36
-33
-12
-5
22
51
102
130
162
195
235
269
278
286
291
301
286
272
247
246
233
223
213
223
244
273
298
328
374
420
467
488
510
522
536
523
503
472
451
417
377
335
300
275
242
213
200
202
206
211
214
227
243
251
251
243
230
211
178
130
76
13
-49
-113
-172
-222
-261
-290
-316
-316
-320
-309
-309
-286
-286
-256
-264
-265
-276
-290
-303
-334
-357
-392
-391
-393
-341
-303
-212
-135
-22
80
201
289
383
456
504
535
519
505
460
411
316
230
120
35
-75
-163
-237
-283
-317
-342
-351
-333
-287
-260
-214
-189
-134
-98
-66
-61
-50
-49
-44
-50
-61
-53
-52
-40
-36
-7
30
78
102
142
182
234
267
282
296
312
321
313
300
284
276
253
244
236
249
260
285
313
361
404
447
482
507
528
535
530
506
474
435
395
339
289
240
204
171
146
127
122
126
136
153
171
194
206
212
213
206
192
166
128
85
39
-14
-60
-114
-152
-184
-208
-224
-233
-238
-234
-228
-228
-224
-224
-224
-236
-249
-277
-300
-339
-370
-410
-432
-450
-433
-404
-346
-272
-180
-73
37
152
247
345
415
479
496
496
472
443
388
307
208
111
22
-69
-156
-231
-272
-302
-312
-316
-289
-255
-210
-178
-142
-101
-65
-47
-46
-44
-45
-49
-69
-79
-83
-70
-57
-36
-2
42
85
121
163
204
249
282
310
330
352
359
362
358
360
354
354
354
356
367
377
390
410
435
455
476
483
489
486
475
448
415
376
333
282
230
183
146
117
87
72
69
80
96
122
150
182
210
234
248
253
247
229
206
166
117
56
-1
-60
-107
-147
-177
-199
-210
-217
-214
-214
-204
-212
-203
-226
-229
-260
-275
-313
-345
-387
-420
-443
-467
-452
-427
-358
-289
-194
-100
21
121
214
292
365
423
440
429
402
380
332
269
180
112
37
-31
-109
-162
-195
-218
-234
-239
-215
-192
-161
-148
-120
-97
-68
-64
-68
-76
-83
-97
-118
-128
-127
-108
-97
-67
-29
29
79
132
186
244
293
329
360
388
415
420
419
416
418
412
400
387
385
381
378
374
383
390
397
399
397
394
382
365
336
309
275
240
199
164
133
117
100
91
90
98
117
141
162
188
209
225
235
237
230
217
192
156
117
71
23
-31
-71
-106
-131
-150
-172
-176
-185
-179
-187
-183
-190
-194
-208
-230
-255
-284
-317
-349
-386
-418
-445
-474
-476
-462
-406
-353
-267
-184
-72
33
124
207
281
345
384
385
377
361
332
283
209
146
82
18
-55
-114
-157
-183
-211
-229
-228
-212
-193
-184
-170
-149
-127
-123
-125
-126
-118
-119
-126
-125
-109
-81
-57
-26
20
84
138
188
237
295
341
369
386
411
428
430
413
394
387
374
357
332
323
317
321
315
321
331
348
358
360
362
361
358
334
308
276
254
216
183
151
136
128
118
110
112
125
140
153
165
182
193
199
195
190
183
168
136
107
74
45
10
-29
-53
-77
-86
-111
-119
-134
-140
-146
-169
-171
-206
-205
-249
-265
-306
-328
-359
-392
-409
-432
-436
-443
-425
-384
-327
-257
-182
-88
13
104
179
241
303
341
359
344
325
300
257
206
139
91
31
-20
-80
-113
-133
-148
-164
-172
-160
-145
-130
-126
-111
-96
-86
-85
-85
-83
-78
-75
-74
-58
-32
0
25
63
114
168
212
251
289
334
365
383
395
407
414
407
389
373
359
345
333
323
321
322
324
324
334
344
356
358
351
348
338
326
300
274
251
223
194
161
140
126
116
111
109
118
131
145
153
167
176
184
177
173
159
144
112
85
51
27
-10
-42
-72
-93
-108
-131
-141
-164
-164
-185
-188
-208
-214
-236
-256
-279
-300
-320
-338
-366
-378
-394
-395
-394
-370
-335
-283
-219
-152
-68
0
82
136
207
236
269
257
256
238
215
173
122
76
26
-12
-60
-83
-110
-114
-128
-119
-111
-92
-81
-73
-58
-55
-51
-56
-61
-60
-67
-72
-77
-68
-52
-32
-6
20
67
107
159
199
247
286
317
344
351
367
364
363
347
335
319
306
287
273
264
260
257
256
261
273
285
299
306
311
314
311
305
290
272
249
229
203
180
155
138
126
120
117
120
127
132
140
141
147
143
138
120
97
73
41
10
-27
-59
-88
-112
-128
-147
-152
-159
-160
-155
-166
-162
-172
-175
-190
-207
-232
-262
-281
-305
-317
-329
-346
-342
-344
-312
-290
-246
-198
-142
-79
-30
21
59
101
122
135
130
117
99
77
47
23
-6
-31
-53
-74
-79
-83
-81
-79
-77
-62
-50
-42
-34
-30
-22
-25
-30
-37
-36
-36
-38
-40
-33
-17
2
21
46
80
116
156
192
228
253
277
288
296
298
292
282
266
251
234
221
213
210
212
220
230
241
255
271
289
304
320
330
333
333
330
325
309
292
272
256
238
219
197
182
173
166
161
155
151
143
136
127
118
101
80
57
36
14
-9
-29
-51
-67
-77
-85
-93
-101
-104
-111
-116
-127
-138
-150
-166
-179
-199
-215
-233
-251
-267
-280
-286
-294
-302
-314
-314
-309
-293
-275
-246
-211
-172
-131
-94
-46
-16
23
36
56
65
65
60
42
33
16
3
-19
-31
-47
-50
-61
-62
-60
-54
-44
-37
-24
-14
1
6
13
19
29
37
43
45
50
56
65
73
87
103
121
141
161
184
195
208
213
223
223
226
221
220
215
215
215
216
219
218
226
229
243
252
267
278
293
305
314
320
322
320
316
306
290
274
253
233
210
189
172
156
142
132
121
115
104
94
79
69
55
42
22
3
-5
-33
-36
-70
-77
-105
-108
-131
-141
-150
-155
-152
-160
-155
-164
-167
-174
-187
-192
-204
-218
-222
-238
-240
-256
-259
-263
-254
-246
-226
-211
-189
-161
-139
-104
-81
-45
-30
-10
-4
7
6
5
-1
-10
-13
-27
-35
-50
-53
-58
-66
-66
-62
-53
-41
-34
-19
-6
9
21
32
41
47
51
54
61
64
73
71
79
89
105
124
138
157
171
189
199
208
216
218
218
208
210
201
200
193
192
195
197
202
204
216
223
238
248
261
271
281
287
292
293
291
285
275
266
254
243
226
212
198
182
167
150
134
119
100
83
62
51
34
21
2
-11
-23
-38
-48
-67
-73
-94
-93
-117
-116
-135
-136
-145
-149
-150
-160
-159
-172
-169
-179
-179
-184
-187
-190
-196
-199
-200
-201
-195
-194
-184
-174
-161
-143
-130
-104
-93
-67
-55
-36
-25
-10
-5
-4
-8
-13
-17
-31
-37
-53
-58
-71
-70
-76
-72
-66
-54
-38
-23
-3
15
35
49
66
76
89
96
109
117
130
136
147
154
169
179
192
200
206
213
216
223
219
220
209
205
193
190
186
182
181
184
186
191
196
202
213
228
240
251
262
264
270
270
276
276
273
264
257
249
242
232
219
209
194
181
165
151
132
114
97
82
64
47
28
14
0
-14
-36
-48
-66
-72
-87
-99
-111
-118
-124
-130
-133
-138
-136
-142
-144
-144
-142
-136
-142
-137
-140
-134
-141
-147
-149
-151
-148
-148
-143
-133
-122
-112
-100
-88
-74
-62
-54
-46
-34
-35
-31
-42
-40
-49
-55
-63
-73
-73
-78
-78
-81
-72
-65
-44
-34
-15
0
18
36
48
64
77
91
102
116
125
136
144
151
162
172
183
188
190
195
198
200
195
189
184
182
175
171
165
159
155
152
153
156
158
167
171
180
190
200
210
217
223
227
232
232
239
237
239
234
232
229
224
213
201
187
175
160
139
130
113
105
92
83
65
51
29
14
-7
-32
-47
-72
-84
-99
-105
-118
-123
-134
-134
-139
-143
-145
-147
-146
-145
-140
-143
-139
-145
-142
-144
-138
-138
-134
-130
-125
-119
-114
-109
-103
-95
-90
-83
-81
-77
-76
-70
-76
-70
-73
-72
-75
-78
-77
-81
-80
-83
-80
-78
-70
-67
-60
-52
-42
-33
-17
-7
9
20
32
49
63
78
90
102
114
127
134
144
150
163
170
174
177
177
180
181
183
181
185
177
177
170
167
164
158
158
156
160
162
168
170
174
176
181
186
191
196
203
204
205
202
200
196
189
189
180
174
165
161
156
155
149
144
140
130
121
100
79
55
32
10
-16
-34
-52
-66
-82
-92
-102
-107
-108
-114
-113
-114
-111
-115
-111
-115
-112
-114
-115
-118
-122
-120
-120
-114
-111
-105
-98
-87
-79
-75
-71
-70
-65
-65
-60
-61
-61
-59
-59
-61
-63
-63
-62
-59
-58
-53
-51
-50
-48
-48
-43
-38
-40
-40
-40
-39
-31
-21
-14
-1
9
23
36
54
71
88
102
113
123
136
148
154
163
163
171
171
169
166
165
159
160
159
160
165
164
166
166
167
167
168
167
170
170
174
173
171
168
166
160
160
154
156
152
149
149
149
152
154
160
168
178
181
181
178
172
166
152
136
117
97
81
62
45
27
14
3
-7
-12
-20
-25
-34
-43
-51
-58
-63
-72
-80
-85
-91
-96
-99
-102
-100
-101
-97
-94
-90
-86
-85
-83
-81
-78
-76
-73
-71
-69
-69
-68
-66
-62
-62
-58
-59
-53
-52
-45
-42
-37
-36
-33
-36
-35
-34
-38
-37
-37
-30
-33
-29
-28
-18
-7
6
11
17
24
33
46
53
61
68
77
88
98
104
113
119
129
137
145
154
160
163
165
166
167
167
162
161
155
155
150
146
140
136
128
123
120
116
114
109
107
105
107
111
116
122
131
135
139
141
138
140
133
130
122
116
110
100
95
84
81
69
64
55
51
42
34
25
15
7
0
-11
-20
-29
-38
-43
-54
-59
-69
-70
-69
-69
-69
-69
-66
-68
-69
-71
-72
-74
-75
-76
-77
-77
-77
-77
-73
-71
-65
-63
-57
-51
-46
-41
-40
-36
-35
-32
-30
-29
-28
-27
-27
-23
-21
-19
-19
-15
-16
-13
-15
-16
-18
-17
-13
-11
-9
-3
5
12
25
32
42
51
60
70
83
92
99
104
108
112
116
119
121
126
130
134
137
139
140
143
143
143
141
139
139
136
133
133
131
129
128
126
128
133
136
141
145
145
145
142
142
137
134
126
122
118
113
110
105
103
98
100
97
96
95
93
87
80
72
67
60
55
45
36
28
24
15
10
6
3
-2
-11
-14
-24
-25
-32
-34
-40
-40
-44
-39
-38
-30
-28
-28
-27
-26
-23
-25
-27
-31
-32
-39
-40
-44
-44
-48
-46
-43
-39
-38
-34
-30
-20
-13
-7
-5
-7
-3
-3
-2
-4
-4
-10
-6
-3
-1
1
5
9
18
22
29
32
39
46
52
53
58
59
62
67
74
80
86
92
95
100
106
109
111
114
118
125
131
135
136
141
142
146
146
148
146
145
141
138
139
137
132
127
120
114
107
107
105
106
104
103
106
109
112
109
110
106
105
103
98
91
87
84
81
74
70
64
58
53
47
44
44
42
42
40
36
35
32
29
27
23
18
13
8
7
2
0
-1
-5
-10
-14
-16
-19
-22
-24
-26
-31
-35
-39
-44
-48
-49
-54
-57
-56
-54
-53
-49
-44
-37
-30
-23
-18
-11
-4
1
5
8
13
9
9
5
3
-1
-2
-7
-9
-11
-11
-6
-2
2
9
17
24
30
34
41
47
53
59
64
67
68
68
70
71
74
79
81
86
90
93
101
105
109
117
123
127
127
124
122
119
114
110
105
101
98
94
93
92
93
94
96
99
101
102
101
98
96
91
83
82
76
69
64
60
57
51
52
55
56
56
57
55
55
55
57
56
56
52
51
50
48
46
42
37
29
23
18
6
-3
-14
-22
-28
-34
-39
-43
-47
-48
-44
-44
-42
-42
-45
-43
-39
-42
-43
-46
-46
-45
-45
-39
-34
-27
-22
-19
-15
-9
-4
-1
3
4
5
1
-3
-9
-13
-17
-19
-21
-23
-22
-18
-13
-7
1
6
13
19
26
30
33
34
35
39
41
45
49
53
55
58
59
64
68
72
77
82
87
90
94
98
104
108
109
110
112
116
119
117
112
106
101
98
98
94
91
87
84
84
83
83
86
88
87
84
80
77
74
70
66
62
61
58
59
59
60
61
62
65
65
69
69
71
67
65
63
62
58
51
43
36
30
26
18
11
4
-1
-4
-7
-10
-13
-14
-16
-17
-18
-17
-18
-21
-22
-24
-27
-32
-34
-33
-31
-29
-28
-27
-25
-21
-19
-15
-11
-9
-8
-6
-3
1
2
0
-2
-4
-6
-5
-4
-3
-5
-8
-7
-6
-2
0
3
7
15
23
25
27
30
34
37
40
38
40
41
42
43
45
47
51
55
62
70
75
79
80
85
89
92
94
93
92
91
90
88
82
77
73
70
69
67
65
65
66
65
64
64
65
64
62
59
57
54
51
48
45
42
38
35
35
35
37
36
37
37
38
40
43
45
44
42
41
39
35
31
25
20
12
6
0
-6
-11
-17
-21
-21
-23
-27
-33
-37
-37
-40
-44
-50
-55
-57
-59
-59
-60
-59
-58
-57
-54
-50
-48
-46
-42
-39
-35
-33
-34
-32
-30
-28
-28
-27
-26
-24
-27
-28
-29
-28
-28
-30
-32
-28
-25
-22
-19
-14
-8
-2
2
4
7
9
10
11
9
9
8
9
11
13
15
18
22
26
32
37
44
49
52
55
59
59
59
60
58
59
56
57
57
55
53
53
52
50
50
48
44
42
39
38
36
33
31
29
27
26
22
19
18
19
17
15
15
15
17
17
20
23
25
28
29
31
32
32
29
26
22
18
15
10
3
0
-4
-6
-8
-12
-16
-18
-22
-28
-33
-38
-44
-49
-50
-53
-52
-55
-58
-58
-55
-53
-51
-49
-47
-45
-41
-37
-33
-29
-28
-29
-27
-24
-23
-23
-22
-19
-15
-14
-15
-17
-17
-16
-17
-17
-16
-14
-11
-11
-10
-9
-5
-2
0
2
3
3
3
6
7
10
11
15
16
18
21
22
26
27
30
33
38
40
44
46
49
50
53
55
57
57
56
56
55
58
53
49
47
48
47
46
42
40
38
37
35
32
28
27
27
25
27
27
26
24
23
25
26
25
26
26
26
30
32
31
32
33
32
31
29
27
23
21
18
13
8
4
2
-1
-6
-9
-12
-15
-19
-24
-28
-30
-35
-39
-40
-41
-40
-41
-42
-42
-39
-37
-35
-36
-38
-38
-36
-33
-28
-25
-25
-23
-21
-18
-14
-14
-16
-15
-14
-14
-13
-10
-11
-13
-14
-13
-9
-8
-7
-7
-6
-6
-4
-3
-1
0
1
3
5
6
5
4
6
10
13
14
15
14
17
20
24
27
31
33
37
42
43
46
48
49
51
48
46
44
43
43
42
39
37
34
33
32
31
29
27
24
20
18
18
16
14
13
15
17
19
20
20
20
21
22
22
19
18
18
16
18
19
19
20
20
20
20
17
12
9
8
4
-1
-6
-11
-13
-17
-20
-22
-24
-26
-29
-31
-33
-37
-42
-44
-43
-41
-41
-43
-44
-44
-40
-38
-38
-37
-34
-31
-27
-27
-26
-25
-25
-25
-24
-22
-21
-20
-21
-17
-13
-11
-11
-11
-12
-13
-12
-12
-13
-13
-12
-12
-11
-12
-9
-6
-3
0
2
5
7
11
12
12
15
17
16
17
18
19
20
20
23
26
29
31
33
35
35
35
36
36
38
36
34
34
33
31
30
30
29
29
28
25
23
21
20
21
22
23
23
23
22
22
23
25
26
27
26
24
23
22
20
20
19
20
21
21
21
23
22
21
21
23
23
21
17
12
9
7
3
-1
-7
-11
-14
-15
-17
-20
-21
-22
-20
-17
-16
-16
-17
-16
-15
-13
-13
-13
-12
-12
-11
-10
-11
-10
-8
-6
-4
-3
-2
0
3
5
5
7
6
6
4
4
6
6
7
6
10
14
15
13
13
14
16
18
20
23
23
22
22
21
21
23
23
24
25
29
28
28
28
30
34
37
38
40
41
45
49
51
53
54
56
55
53
51
50
49
46
42
38
34
34
35
35
36
32
32
33
33
33
35
35
36
35
33
33
35
35
33
30
29
30
31
30
28
24
23
23
25
24
21
20
19
17
13
10
6
3
1
-1
-5
-6
-6
-6
-7
-9
-12
-14
-14
-13
-12
-12
-14
-14
-14
-13
-12
-11
-12
-14
-13
-14
-13
-16
-16
-16
-14
-13
-13
-10
-8
-3
1
4
7
8
10
12
13
15
13
10
8
6
5
5
2
0
1
2
3
5
6
6
8
10
15
17
17
18
21
23
25
25
25
27
27
27
28
29
30
31
33
35
36
36
34
31
31
31
28
26
25
24
23
23
24
25
26
26
26
27
29
30
30
29
31
33
31
28
27
27
27
26
23
21
19
18
17
16
15
13
11
10
10
12
13
14
14
13
12
11
11
10
8
4
1
1
-3
-7
-10
-12
-12
-12
-14
-15
-16
-15
-10
-10
-8
-9
-9
-9
-11
-11
-11
-10
-10
-8
-6
-2
-1
1
2
5
6
10
10
11
14
15
16
14
12
11
11
11
10
10
10
7
8
10
15
19
20
20
24
25
26
27
29
31
33
33
33
33
34
36
37
36
35
35
39
40
40
40
41
42
43
44
41
39
41
44
47
47
46
44
42
40
40
42
42
43
46
45
45
47
44
42
43
42
40
39
38
35
34
32
31
30
30
30
30
30
29
30
29
28
30
31
32
29
28
27
24
21
20
18
16
14
14
11
9
6
4
4
5
5
6
6
5
5
7
6
6
5
6
9
11
13
13
11
11
11
10
10
10
10
14
18
21
19
17
17
20
24
25
25
25
25
23
23
23
22
22
24
26
27
29
29
29
28
28
30
32
31
33
34
35
36
36
36
36
38
42
42
40
42
42
43
43
42
41
42
40
42
43
42
42
42
41
41
42
40
38
37
35
35
37
37
37
36
36
36
36
37
37
38
37
37
35
33
30
28
25
23
23
20
18
17
17
18
19
20
20
18
17
15
14
14
13
11
7
7
9
8
7
5
3
0
-2
-3
-5
-5
-4
-3
0
-1
0
-1
-2
-3
-5
-7
-6
-5
-5
-5
-4
-2
-2
-2
-2
0
2
4
6
9
9
10
9
7
7
8
9
11
10
8
7
7
7
6
4
5
6
7
7
9
12
14
17
19
17
16
15
15
15
18
18
18
21
21
19
21
21
24
23
22
21
21
22
22
23
24
22
21
20
17
17
17
19
20
19
18
18
18
19
21
22
23
23
23
19
18
17
14
14
12
7
7
6
4
5
3
2
0
-2
-1
0
3
7
7
7
7
9
11
11
10
7
6
6
5
4
3
1
-1
-2
0
1
1
-1
1
2
2
1
2
3
4
5
4
6
8
9
9
10
9
13
12
12
13
15
16
16
17
16
15
16
17
15
15
16
15
14
13
13
14
17
18
16
18
20
21
23
25
26
29
30
32
34
36
37
38
38
37
36
36
35
33
35
35
36
36
37
37
39
40
40
40
42
44
45
45
44
42
39
40
42
45
43
41
40
41
42
42
41
39
40
40
40
40
40
41
38
37
37
36
35
33
32
33
31
31
29
27
29
31
31
32
34
35
35
33
33
33
34
33
31
25
22
20
19
19
21
21
19
19
19
20
22
24
26
27
28
29
28
30
32
32
31
32
33
32
31
32
33
35
36
35
36
36
35
37
36
35
37
39
42
42
39
38
38
36
39
41
42
43
43
44
43
43
44
43
45
45
44
49
47
46
46
46
47
48
46
44
44
44
48
49
50
52
51
53
54
53
52
51
51
52
52
52
51
48
47
47
46
48
46
45
44
45
43
44
43
41
38
40
39
39
39
39
41
42
43
40
38
38
38
39
38
35
32
33
35
33
34
33
32
31
29
26
27
28
28
26
22
22
21
21
22
21
19
20
20
21
23
24
24
21
20
20
23
25
25
24
24
25
26
26
25
23
23
22
24
24
24
25
25
25
25
26
26
27
27
28
27
28
29
29
28
28
30
28
28
27
26
28
27
25
25
26
29
30
32
34
34
35
36
36
37
37
40
41
40
41
40
40
41
41
39
39
40
41
40
37
35
35
36
34
31
29
29
30
32
30
28
27
29
29
29
29
30
30
32
33
32
31
29
27
28
27
24
22
20
20
19
18
15
13
12
13
15
15
17
18
19
20
21
20
18
17
16
15
15
13
11
11
10
11
11
10
8
10
13
14
14
12
10
13
17
19
17
14
15
15
16
16
14
14
14
15
16
16
18
17
16
18
17
17
15
14
14
16
16
16
16
15
15
16
17
18
21
21
21
23
23
24
24
23
24
26
28
27
26
24
24
26
25
24
24
23
23
24
26
28
29
29
26
24
24
25
27
27
26
27
28
27
26
24
24
24
25
26
26
26
25
24
26
26
26
25
24
25
25
26
25
23
20
19
17
17
18
17
17
17
18
20
22
22
20
19
18
19
18
17
17
16
11
10
10
10
9
9
8
8
7
6
6
6
7
10
11
11
14
16
15
14
13
12
12
11
10
7
6
5
5
6
8
9
7
5
5
7
10
11
11
8
9
10
11
11
13
12
9
8
8
8
7
7
7
8
12
13
12
12
12
13
13
14
13
12
11
13
13
11
11
12
12
14
14
14
13
14
12
11
10
9
9
8
7
6
6
4
3
0
1
1
2
2
2
0
-1
0
-2
-1
0
2
5
6
5
3
0
-1
-3
-3
-7
-7
-9
-9
-7
-9
-10
-11
-11
-12
-13
-13
-12
-9
-7
-8
-8
-11
-12
-14
-15
-15
-14
-15
-12
-12
-13
-13
-14
-14
-15
-15
-15
-15
-13
-13
-15
-17
-16
-13
-10
-11
-14
-16
-17
-14
-11
-12
-12
-11
-11
-9
-9
-9
-9
-11
-11
-13
-13
-14
-13
-13
-10
-9
-9
-12
-12
-12
-13
-13
-11
-9
-10
-8
-7
-8
-8
-8
-9
-8
-7
-5
-3
-4
-5
-4
-3
-3
-5
-6
-5
-3
-3
-5
-5
-6
-5
-7
-7
-8
-9
-8
-9
-10
-9
-8
-9
-8
-8
-9
-10
-11
-10
-9
-8
-7
-8
-10
-10
-8
-10
-10
-12
-12
-11
-12
-16
-16
-17
-15
-14
-15
-13
-14
-15
-18
-18
-17
-17
-17
-16
-17
-16
-16
-17
-18
-19
-19
-19
-19
-21
-21
-21
-21
-22
-23
-25
-21
-18
-15
-16
-15
-14
-13
-13
-14
-13
-13
-14
-14
-14
-16
-16
-17
-17
-17
-17
-16
-17
-17
-16
-15
-14
-14
-12
-11
-12
-13
-13
-11
-11
-11
-12
-13
-13
-11
-8
-7
-7
-7
-7
-7
-4
-1
-2
-1
-2
-1
-1
0
0
1
2
1
0
0
1
1
-1
-3
-4
-2
-2
-3
-6
-10
-9
-7
-6
-4
-5
-9
-10
-9
-8
-8
-7
-6
-4
-5
-6
-5
-4
-4
-5
-5
-6
-6
-5
-7
-8
-6
-5
-6
-7
-9
-10
-10
-12
-13
-12
-9
-8
-10
-12
-15
-14
-13
-13
-14
-16
-16
-16
-17
-20
-20
-22
-21
-21
-22
-22
-21
-19
-18
-21
-23
-21
-21
-21
-24
-26
-25
-22
-18
-17
-17
-20
-21
-21
-22
-23
-23
-24
-22
-19
-21
-23
-23
-21
-20
-20
-21
-22
-22
-22
-20
-19
-20
-20
-20
-20
-18
-17
-16
-16
-16
-18
-19
-17
-16
-16
-16
-17
-17
-16
-16
-16
-15
-14
-12
-11
-11
-13
-16
-16
-16
-17
-16
-17
-19
-19
-19
-17
-13
-12
-13
-15
-14
-13
-11
-12
-14
-14
-13
-13
-14
-14
-13
-12
-13
-14
-16
-18
-20
-18
-18
-18
-21
-21
-21
-21
-20
-21
-23
-24
-23
-25
-23
-21
-23
-24
-27
-27
-29
-28
-28
-27
-26
-26
-27
-29
-30
-30
-31
-30
-30
-29
-30
-29
-28
-27
-26
-26
-25
-28
-27
-26
-25
-28
-28
-27
-26
-25
-23
-24
-25
-23
-23
-24
-23
-23
-23
-23
-26
-24
-24
-22
-22
-23
-22
-23
-25
-24
-24
-22
-21
-22
-22
-21
-17
-17
-18
-19
-19
-17
-17
-18
-18
-18
-17
-17
-17
-16
-14
-14
-15
-13
-15
-16
-17
-18
-16
-13
-13
-14
-16
-19
-17
-16
-13
-12
-12
-14
-14
-13
-14
-12
-10
-11
-11
-13
-13
-10
-8
-8
-7
-8
-8
-7
-9
-10
-10
-11
-11
-14
-16
-14
-12
-10
-10
-12
-14
-12
-11
-13
-14
-15
-13
-9
-7
-9
-12
-13
-14
-13
-16
-19
-19
-18
-17
-15
-14
-16
-18
-18
-18
-17
-17
-18
-18
-18
-18
-17
-17
-17
-18
-17
-20
-21
-18
-15
-15
-15
-15
-17
-17
-18
-19
-19
-20
-21
-20
-20
-19
-15
-15
-17
-17
-15
-13
-12
-13
-14
-15
-14
-15
-17
-20
-19
-17
-17
-14
-13
-14
-14
-14
-15
-14
-14
-14
-15
-15
-16
-16
-16
-17
-17
-17
-17
-18
-20
-21
-21
-20
-19
-18
-17
-15
-17
-17
-17
-16
-16
-16
-15
-15
-15
-13
-13
-14
-14
-16
-16
-16
-16
-16
-17
-16
-16
-18
-19
-17
-18
-16
-14
-16
-18
-21
-22
-22
-22
-21
-24
-24
-23
-22
-20
-18
-20
-19
-17
-16
-17
-18
-19
-19
-20
-21
-21
-21
-20
-21
-21
-21
-22
-23
-22
-22
-21
-18
-17
-15
-13
-14
-15
-15
-15
-13
-15
-16
-19
-18
-17
-16
-16
-16
-16
-16
-16
-16
-15
-14
-14
-14
-16
-19
-19
-17
-16
-15
-14
-12
-11
-11
-10
-8
-7
-9
-12
-13
-14
-13
-11
-12
-11
-11
-10
-8
-9
-10
-13
-13
-15
-18
-18
-17
-15
-13
-12
-10
-10
-11
-11
-11
-11
-10
-10
-9
-6
-5
-4
-3
-3
-2
-3
-4
-7
-9
-11
-14
-14
-13
-11
-10
-10
-9
-8
-9
-11
-14
-16
-16
-14
-12
-11
-12
-12
-11
-10
-9
-10
-10
-12
-12
-11
-11
-11
-11
-12
-11
-8
-7
-8
-9
-12
-13
-14
-14
-15
-13
-12
-11
-10
-11
-8
-7
-5
-6
-5
-5
-7
-9
-9
-10
-9
-7
-5
-3
-4
-4
-6
-7
-8
-8
-10
-11
-10
-7
-8
-6
-5
-4
-1
0
-3
-5
-5
-2
-1
-2
1
2
1
-1
-2
-3
-1
-2
-1
-3
-3
-2
-1
-2
-3
-2
0
0
1
1
0
1
-1
-3
0
0
1
2
1
1
4
6
3
1
-2
-2
-3
-3
-3
-5
-1
2
3
2
0
-3
-5
-7
-10
-12
-10
-9
-6
-3
0
2
3
2
2
2
-1
-3
-4
-4
-5
-3
-2
-1
-2
-1
-3
-2
-3
-4
-6
-7
-8
-7
-4
-1
-1
-2
-3
-3
-4
-6
-6
-6
-3
-3
-2
-1
2
3
0
0
-2
0
2
2
2
-1
-2
0
0
0
2
5
5
4
4
3
0
-1
-1
-2
-2
0
3
6
7
8
7
5
4
0
-1
0
2
2
2
2
2
3
1
1
0
0
1
2
4
4
6
5
4
4
5
6
6
7
5
6
6
7
6
4
5
9
9
8
7
6
7
6
4
3
3
4
7
8
6
4
2
2
3
3
3
2
1
0
1
2
2
2
4
4
3
1
1
2
2
4
3
2
3
5
6
6
6
6
5
4
2
1
1
2
5
6
7
8
8
8
8
7
6
4
5
5
2
0
1
-1
1
3
4
4
5
4
2
2
2
3
4
4
6
7
7
7
8
7
5
3
2
3
6
7
4
3
4
9
11
11
10
10
10
10
9
7
5
5
5
7
10
12
15
19
19
19
19
19
17
17
13
14
14
13
15
17
20
22
23
20
18
17
18
17
19
21
23
23
23
23
23
24
24
22
19
15
14
15
16
17
16
15
17
19
20
21
20
22
24
23
22
21
22
24
29
29
26
24
24
25
26
26
24
24
25
25
25
24
25
27
30
33
32
32
29
25
22
22
25
28
30
28
29
28
28
28
26
23
22
22
23
24
24
22
20
20
24
26
27
28
28
25
23
22
25
28
29
27
28
29
29
30
30
29
29
29
29
27
27
28
27
25
24
26
28
28
28
28
28
30
33
33
33
32
33
33
34
33
33
33
32
29
27
26
28
29
32
31
29
28
28
28
28
31
33
34
33
31
29
30
31
30
28
26
25
24
23
23
20
20
21
23
25
24
26
26
27
28
28
28
27
29
30
30
29
27
26
30
30
28
26
25
27
29
31
34
33
31
29
28
28
26
23
22
23
26
26
27
24
24
24
27
28
31
31
33
31
28
26
27
24
22
21
20
24
29
29
27
28
24
23
20
18
20
21
24
26
27
28
30
31
29
28
26
24
25
26
29
29
28
28
27
25
26
26
27
28
27
25
25
24
21
24
25
27
26
24
24
24
22
21
22
22
25
25
23
22
23
24
27
27
26
25
24
25
26
25
24
21
17
16
16
16
17
17
17
19
18
17
18
17
17
17
18
20
22
23
22
20
21
21
23
21
20
19
17
19
20
18
18
20
22
22
22
21
21
22
21
20
18
18
19
19
17
19
21
21
22
20
20
20
20
21
20
19
20
21
19
14
14
18
23
23
22
20
19
18
19
19
18
22
23
22
22
25
25
24
20
18
19
23
24
22
21
21
21
20
18
19
20
22
20
18
18
20
23
25
21
22
20
21
21
18
18
15
16
18
15
16
16
18
18
20
17
15
14
13
14
18
19
18
18
19
19
20
21
21
19
17
16
15
19
18
17
15
18
19
21
19
17
15
12
12
11
12
14
16
19
20
19
18
17
15
13
12
13
15
18
20
20
20
22
22
21
18
17
16
15
13
14
14
17
18
20
21
21
21
19
17
16
17
17
17
18
19
19
21
20
18
16
17
17
14
13
11
12
14
15
15
14
15
14
13
12
12
12
13
13
11
11
12
12
13
12
10
10
10
13
12
9
10
11
11
11
9
6
5
3
4
4
8
9
11
9
6
4
2
5
5
5
6
7
9
10
10
8
5
6
5
3
2
1
3
3
2
2
2
2
2
1
0
-1
-1
0
2
4
4
4
2
1
4
4
3
1
0
3
3
3
2
2
3
2
2
1
2
3
2
4
2
5
5
2
-2
-2
-3
-1
-2
-2
-1
0
0
-1
-3
-5
-3
-1
-2
-1
-2
-2
-4
-5
-5
-6
-3
-4
-3
-5
-6
-6
-7
-5
-3
0
0
-1
-2
-1
-2
-3
-5
-4
-5
-4
-4
-3
-4
-5
-4
-4
-5
-7
-8
-8
-6
-4
-4
-4
-4
-6
-6
-7
-8
-9
-8
-9
-11
-12
-13
-13
-13
-11
-9
-8
-8
-6
-6
-4
-5
-5
-6
-5
-5
-6
-7
-6
-6
-8
-9
-9
-8
-10
-9
-7
-8
-8
-8
-6
-4
-2
0
-3
-5
-6
-6
-5
-4
-2
-1
-1
-2
-5
-7
-7
-6
-4
-5
-6
-7
-6
-4
-4
-5
-4
-4
-4
-6
-9
-11
-10
-7
-7
-8
-8
-10
-11
-8
-8
-9
-8
-7
-7
-6
-6
-6
-5
-6
-7
-10
-10
-8
-8
-11
-13
-15
-12
-9
-9
-8
-8
-5
-5
-4
-6
-7
-8
-10
-11
-9
-9
-9
-9
-10
-10
-8
-8
-9
-10
-12
-14
-14
-14
-15
-15
-14
-13
-14
-11
-9
-9
-10
-12
-15
-16
-15
-15
-15
-14
-12
-9
-8
-9
-12
-11
-11
-12
-13
-14
-12
-12
-12
-12
-14
-14
-15
-16
-17
-14
-13
-13
-14
-12
-8
-8
-10
-14
-14
-15
-14
-15
-17
-15
-14
-11
-13
-13
-12
-12
-13
-15
-17
-19
-17
-15
-13
-12
-10
-11
-11
-11
-10
-8
-11
-12
-15
-15
-18
-16
-16
-17
-17
-17
-17
-17
-16
-14
-14
-13
-15
-17
-15
-15
-14
-15
-13
-11
-9
-10
-13
-14
-13
-11
-11
-13
-14
-13
-12
-14
-15
-15
-15
-13
-10
-13
-15
-16
-15
-15
-17
-17
-17
-17
-18
-18
-17
-18
-18
-19
-16
-14
-16
-18
-18
-17
-16
-18
-21
-21
-20
-20
-21
-21
-21
-18
-16
-19
-22
-21
-22
-22
-23
-21
-19
-17
-19
-21
-20
-18
-15
-19
-22
-25
-26
-23
-22
-24
-26
-25
-23
-23
-21
-22
-22
-24
-26
-25
-24
-24
-25
-26
-27
-25
-23
-22
-22
-23
-24
-22
-20
-21
-24
-26
-24
-22
-22
-23
-24
-25
-23
-22
-24
-28
-28
-27
-24
-25
-26
-26
-25
-23
-23
-24
-24
-23
-22
-21
-18
-19
-20
-21
-24
-24
-22
-21
-20
-20
-22
-22
-23
-25
-27
-25
-23
-21
-21
-21
-22
-23
-22
-21
-21
-19
-20
-21
-20
-18
-18
-19
-21
-22
-22
-21
-20
-22
-24
-25
-24
-23
-23
-22
-23
-25
-26
-25
-25
-27
-27
-26
-24
-21
-19
-20
-21
-21
-18
-16
-18
-22
-25
-23
-21
-23
-24
-23
-22
-22
-22
-22
-24
-24
-23
-22
-23
-24
-26
-25
-23
-22
-22
-22
-23
-24
-23
-24
-24
-25
-25
-24
-23
-23
-24
-25
-26
-26
-25
-24
-22
-23
-22
-22
-21
-25
-27
-26
-25
-23
-25
-26
-25
-21
-18
-22
-24
-27
-25
-24
-24
-26
-28
-27
-26
-24
-25
-26
-26
-24
-25
-24
-25
-26
-25
-24
-24
-24
-25
-25
-27
-26
-25
-24
-24
-25
-26
-27
-26
-24
-23
-25
-28
-28
-27
-26
-25
-25
-23
-22
-22
-21
-20
-20
-20
-21
-23
-23
-23
-23
-24
-24
-24
-23
-21
-22
-22
-22
-22
-21
-21
-24
-25
-26
-25
-22
-22
-22
-21
-22
-22
-25
-25
-24
-26
-27
-27
-27
-27
-28
-29
-29
-28
-26
-23
-24
-23
-25
-25
-27
-27
-26
-26
-26
-29
-29
-28
-28
-28
-28
-28
-30
-28
-27
-25
-25
-26
-28
-27
-25
-24
-24
-26
-28
-27
-27
-25
-23
-25
-27
-29
-29
-29
-29
-31
-30
-28
-27
-26
-27
-30
-30
-30
-28
-28
-25
-22
-22
-22
-24
-24
-23
-23
-23
-23
-24
-24
-25
-26
-26
-25
-24
-22
-23
-24
-25
-26
-26
-24
-24
-23
-23
-22
-20
-17
-17
-19
-22
-22
-20
-19
-18
-19
-22
-24
-23
-26
-26
-24
-25
-27
-27
-25
-24
-24
-26
-26
-26
-27
-27
-26
-25
-23
-24
-26
-28
-28
-27
-25
-24
-24
-26
-28
-28
-27
-30
-31
-31
-31
-31
-31
-31
-29
-30
-30
-30
-30
-30
-30
-30
-30
-29
-29
-30
-30
-31
-31
-29
-30
-31
-31
-30
-31
-31
-33
-33
-33
-32
-33
-35
-36
-35
-36
-36
-37
-38
-39
-37
-34
-34
-33
-34
-35
-34
-33
-33
-33
-34
-34
-35
-35
-35
-35
-34
-32
-32
-31
-32
-34
-36
-34
-35
-36
-35
-34
-33
-32
-32
-31
-32
-35
-36
-35
-34
-33
-33
-36
-35
-34
-32
-29
-28
-28
-27
-29
-30
-31
-31
-30
-31
-32
-32
-32
-31
-29
-28
-29
-32
-32
-30
-27
-27
-29
-30
-30
-28
-29
-31
-31
-30
-33
-34
-35
-35
-34
-32
-34
-35
-36
-36
-35
-33
-34
-35
-35
-36
-36
-33
-33
-35
-32
-33
-31
-31
-33
-35
-35
-35
-34
-35
-38
-38
-38
-36
-35
-37
-38
-36
-36
-35
-36
-37
-38
-37
-37
-37
-35
-34
-34
-37
-39
-40
-41
-40
-40
-40
-39
-39
-41
-43
-43
-43
-43
-43
-42
-43
-43
-42
-42
-43
-42
-41
-39
-36
-37
-38
-40
-39
-38
-39
-35
-35
-35
-35
-38
-37
-35
-36
-36
-35
-35
-36
-37
-38
-40
-38
-37
-37
-36
-36
-33
-31
-31
-33
-35
-37
-35
-35
-34
-34
-36
-38
-37
-38
-36
-35
-35
-36
-37
-38
-38
-38
-37
-40
-39
-39
-37
-36
-36
-37
-38
-38
-38
-39
-42
-42
-39
-38
-37
-37
-38
-36
-35
-34
-35
-37
-38
-35
-33
-33
-34
-37
-38
-37
-37
-38
-36
-35
-36
-36
-36
-36
-35
-34
-33
-33
-33
-33
-34
-36
-38
-40
-42
-40
-40
-38
-38
-38
-38
-38
-37
-36
-35
-36
-37
-41
-41
-40
-42
-41
-42
-42
-40
-37
-35
-36
-38
-39
-40
-39
-39
-40
-39
-38
-34
-32
-33
-36
-38
-39
-38
-36
-37
-37
-38
-38
-37
-36
-36
-35
-34
-34
-33
-32
-32
-36
-37
-37
-37
-36
-37
-38
-37
-35
-34
-34
-34
-36
-38
-39
-40
-38
-36
-37
-35
-35
-36
-34
-33
-34
-35
-34
-33
-32
-32
-33
-34
-35
-36
-37
-37
-38
-37
-36
-37
-37
-37
-36
-36
-38
-38
-36
-34
-34
-35
-35
-34
-33
-34
-35
-35
-34
-34
-33
-34
-34
-32
-32
-32
-33
-34
-35
-36
-34
-33
-34
-35
-32
-33
-33
-33
-35
-36
-37
-37
-38
-36
-35
-32
-31
-30
-30
-30
-31
-32
-33
-33
-31
-30
-31
-31
-33
-33
-32
-32
-32
-30
-31
-30
-28
-30
-29
-30
-29
-28
-27
-26
-27
-29
-27
-25
-24
-25
-24
-25
-25
-22
-21
-23
-25
-24
-24
-24
-25
-25
-23
-24
-26
-26
-25
-24
-24
-26
-25
-25
-26
-27
-28
-24
-22
-23
-25
-25
-24
-23
-23
-23
-23
-21
-21
-21
-21
-22
-22
-22
-24
-24
-23
-24
-24
-23
-21
-19
-19
-21
-21
-20
-20
-20
-23
-23
-23
-24
-22
-22
-22
-22
-23
-24
-23
-25
-26
-27
-27
-29
-28
-26
-23
-22
-25
-28
-29
-28
-26
-23
-26
-27
-26
-25
-25
-24
-25
-26
-26
-25
-24
-23
-26
-26
-27
-28
-28
-28
-27
-27
-25
-24
-25
-25
-26
-26
-27
-26
-27
-26
-25
-23
-23
-23
-24
-24
-24
-25
-25
-25
-24
-24
-22
-21
-20
-18
-17
-17
-18
-20
-23
-21
-20
-17
-17
-18
-20
-19
-20
-20
-22
-24
-21
-20
-18
-18
-19
-20
-20
-20
-18
-19
-20
-22
-22
-23
-22
-22
-23
-26
-27
-27
-25
-25
-26
-28
-28
-28
-25
-22
-24
-24
-26
-28
-26
-25
-23
-21
-20
-20
-19
-18
-20
-20
-22
-20
-22
-23
-24
-25
-24
-24
-23
-21
-21
-22
-22
-23
-23
-23
-23
-24
-23
-19
-18
-18
-19
-20
-22
-22
-23
-23
-21
-20
-20
-20
-21
-21
-21
-21
-21
-20
-21
-20
-21
-20
-23
-22
-23
-21
-20
-19
-18
-17
-19
-17
-18
-18
-20
-20
-19
-19
-19
-21
-21
-22
-22
-21
-18
-17
-16
-17
-18
-18
-19
-21
-20
-17
-15
-14
-16
-20
-22
-20
-18
-18
-21
-21
-22
-22
-24
-24
-25
-22
-20
-20
-21
-21
-20
-19
-19
-19
-19
-20
-22
-23
-23
-22
-19
-19
-18
-20
-22
-22
-22
-20
-20
-19
-21
-20
-20
-17
-15
-13
-12
-12
-13
-16
-15
-15
-14
-14
-15
-15
-14
-15
-17
-17
-18
-18
-18
-21
-21
-21
-20
-20
-20
-21
-20
-20
-20
-21
-21
-22
-23
-23
-20
-18
-18
-18
-21
-24
-22
-19
-17
-18
-20
-22
-24
-24
-23
-23
-22
-22
-22
-22
-23
-23
-25
-24
-22
-21
-21
-23
-23
-19
-19
-18
-17
-16
-18
-19
-19
-19
-20
-21
-18
-18
-17
-17
-19
-21
-18
-17
-18
-17
-17
-17
-18
-20
-21
-22
-20
-18
-19
-22
-24
-22
-20
-20
-18
-19
-19
-21
-21
-20
-18
-18
-18
-18
-18
-16
-16
-17
-16
-17
-16
-17
-18
-17
-18
-16
-18
-19
-19
-17
-15
-17
-17
-16
-16
-17
-18
-19
-18
-19
-20
-20
-21
-20
-20
-18
-20
-20
-18
-16
-16
-17
-19
-17
-16
-17
-17
-18
-18
-20
-21
-20
-20
-22
-23
-24
-22
-21
-19
-19
-20
-20
-22
-23
-21
-19
-18
-20
-20
-19
-19
-18
-20
-23
-22
-20
-19
-19
-19
-22
-23
-22
-21
-22
-23
-24
-21
-18
-19
-21
-24
-20
-18
-17
-19
-20
-20
-18
-17
-17
-19
-18
-17
-16
-16
-18
-19
-18
-18
-17
-18
-19
-19
-21
-21
-21
-21
-21
-20
-18
-16
-16
-16
-18
-19
-19
-18
-17
-17
-17
-16
-16
-15
-15
-16
-16
-17
-17
-19
-18
-16
-16
-18
-20
-20
-20
-18
-18
-19
-20
-18
-17
-17
-17
-18
-18
-16
-17
-17
-16
-16
-17
-18
-19
-19
-17
-17
-17
-19
-21
-20
-19
-18
-18
-20
-19
-18
-16
-18
-19
-21
-20
-16
-15
-16
-17
-17
-18
-17
-17
-19
-20
-20
-19
-19
-20
-21
-21
-20
-18
-18
-18
-20
-21
-21
-20
-20
-18
-21
-23
-25
-25
-22
-19
-20
-21
-21
-19
-18
-17
-20
-23
-23
-24
-22
-22
-24
-25
-26
-27
-25
-23
-22
-21
-22
-24
-24
-25
-24
-23
-22
-22
-22
-21
-22
-21
-23
-24
-24
-24
-24
-24
-23
-23
-23
-25
-27
-27
-26
-24
-24
-27
-29
-29
-29
-29
-29
-29
-29
-27
-28
-27
-26
-27
-28
-29
-29
-28
-28
-28
-29
-28
-28
-29
-31
-31
-30
-29
-27
-27
-28
-28
-27
-26
-27
-28
-29
-28
-29
-31
-30
-28
-29
-29
-28
-29
-29
-31
-31
-30
-30
-30
-32
-33
-32
-30
-31
-32
-32
-32
-30
-29
-30
-30
-30
-29
-27
-28
-30
-32
-34
-34
-33
-33
-33
-32
-33
-31
-29
-32
-33
-35
-36
-33
-32
-33
-32
-31
-31
-31
-32
-31
-30
-29
-34
-36
-37
-35
-33
-33
-33
-32
-33
-34
-32
-33
-32
-33
-34
-35
-33
-32
-31
-32
-33
-34
-34
-34
-34
-36
-36
-35
-34
-34
-35
-35
-36
-35
-34
-31
-31
-30
-31
-35
-37
-38
-37
-35
-34
-33
-35
-35
-34
-33
-32
-33
-33
-34
-34
-34
-33
-31
-31
-32
-33
-32
-31
-32
-33
-33
-33
-30
-28
-29
-30
-30
-29
-31
-32
-30
-28
-27
-27
-25
-30
-29
-29
-30
-29
-27
-29
-27
-29
-31
-28
-26
-26
-25
-27
-28
-25
-24
-27
-28
-29
-30
-24
-25
-25
-27
-27
-30
-28
-31
-29
-26
-25
-25
-26
-30
-30
-26
-26
-25
-26
-27
-26
-27
-26
-27
-28
-30
-30
-31
-31
-31
-32
-33
-32
-30
-29
-29
-27
-29
-31
-31
-32
-31
-29
-29
-28
-29
-30
-31
-32
-31
-32
-29
-31
-30
-31
-32
-32
-33
-34
-34
-36
-35
-34
-34
-32
-31
-31
-34
-34
-34
-36
-35
-36
-35
-34
-34
-34
-36
-35
-32
-32
-33
-34
-36
-36
-35
-33
-33
-35
-36
-38
-37
-35
-35
-36
-37
-37
-38
-38
-39
-41
-41
-40
-37
-35
-33
-35
-36
-37
-37
-37
-38
-37
-37
-36
-37
-36
-35
-37
-37
-36
-36
-35
-35
-34
-37
-39
-36
-34
-34
-37
-37
-35
-34
-34
-35
-37
-37
-37
-37
-36
-35
-34
-35
-34
-36
-37
-36
-36
-36
-35
-35
-35
-34
-36
-37
-38
-37
-39
-38
-39
-37
-39
-40
-43
-45
-44
-41
-40
-40
-40
-42
-41
-40
-42
-44
-45
-43
-42
-42
-42
-42
-43
-44
-44
-46
-45
-44
-45
-45
-45
-43
-44
-44
-44
-45
-44
-44
-45
-45
-43
-44
-44
-45
-44
-43
-44
-44
-43
-43
-43
-45
-44
-46
-46
-47
-48
-46
-47
-46
-46
-47
-48
-50
-51
-49
-49
-48
-45
-44
-46
-47
-51
-51
-50
-50
-50
-48
-49
-48
-49
-50
-51
-51
-49
-50
-50
-52
-52
-52
-51
-52
-50
-50
-50
-49
-50
-48
-49
-50
-49
-48
-48
-50
-53
-55
-55
-54
-53
-53
-52
-51
-53
-55
-54
-54
-54
-54
-55
-55
-57
-57
-59
-62
-59
-56
-56
-56
-55
-58
-59
-62
-61
-60
-60
-59
-59
-59
-59
-59
-59
-59
-60
-60
-58
-59
-61
-62
-64
-61
-61
-59
-61
-62
-63
-63
-61
-60
-59
-57
-59
-59
-59
-60
-57
-57
-59
-58
-60
-58
-58
-58
-59
-58
-58
-59
-60
-63
-60
-59
-57
-56
-57
-56
-57
-58
-59
-57
-55
-54
-52
-54
-54
-55
-56
-54
-53
-55
-56
-57
-55
-55
-56
-56
-55
-53
-52
-54
-57
-59
-59
-59
-60
-57
-55
-54
-53
-53
-55
-55
-57
-58
-58
-57
-56
-55
-54
-55
-54
-55
-56
-55
-55
-55
-55
-56
-54
-55
-52
-52
-54
-56
-57
-56
-56
-55
-55
-54
-56
-56
-55
-56
-55
-56
-57
-56
-56
-56
-57
-59
-60
-59
-59
-59
-61
-61
-60
-60
-60
-61
-62
-62
-63
-63
-63
-63
-66
-65
-65
-64
-64
-65
-66
-66
-65
-63
-63
-65
-64
-64
-64
-65
-62
-61
-57
-59
-62
-63
-64
-64
-64
-67
-68
-68
-69
-71
-71
-70
-69
-67
-67
-66
-66
-66
-65
-68
-71
-70
-69
-70
-71
-74
-74
-73
-72
-72
-71
-70
-69
-70
-71
-70
-69
-69
-71
-71
-70
-71
-70
-72
-71
-68
-66
-62
-64
-68
-70
-70
-67
-63
-62
-66
-67
-66
-67
-66
-66
-66
-67
-68
-69
-69
-68
-70
-71
-70
-66
-63
-63
-64
-65
-64
-63
-64
-66
-67
-66
-66
-67
-68
-70
-69
-67
-67
-66
-67
-66
-66
-67
-67
-70
-70
-69
-68
-69
-70
-70
-70
-71
-70
-68
-71
-70
-68
-70
-72
-72
-71
-71
-70
-70
-70
-71
-73
-74
-73
-73
-71
-69
-69
-72
-73
-74
-75
-73
-74
-73
-71
-70
-68
-68
-70
-74
-74
-74
-73
-72
-74
-74
-72
-71
-69
-69
-72
-73
-72
-73
-72
-71
-72
-71
-73
-74
-75
-74
-75
-74
-74
-74
-73
-74
-72
-72
-73
-73
-74
-75
-77
-77
-77
-77
-75
-71
-72
-74
-73
-74
-75
-76
-77
-76
-74
-73
-74
-76
-77
-76
-74
-73
-74
-75
-76
-76
-75
-74
-73
-74
-74
-75
-75
-77
-78
-77
-76
-75
-74
-75
-76
-75
-74
-73
-72
-72
-71
-72
-73
-71
-71
-72
-73
-75
-76
-75
-74
-75
-75
-76
-74
-73
-72
-73
-73
-75
-76
-75
-73
-72
-71
-72
-74
-75
-76
-75
-74
-72
-70
-67
-68
-70
-70
-71
-70
-68
-68
-70
-71
-73
-72
-71
-68
-68
-69
-70
-70
-72
-69
-67
-66
-65
-67
-67
-67
-66
-66
-67
-68
-69
-69
-70
-71
-68
-66
-66
-66
-68
-68
-66
-69
-73
-74
-72
-69
-68
-67
-65
-64
-63
-64
-66
-69
-69
-68
-67
-65
-65
-65
-65
-66
-68
-67
-67
-66
-65
-64
-64
-62
-62
-61
-61
-61
-60
-59
-59
-61
-61
-62
-61
-63
-63
-63
-63
-61
-61
-62
-66
-68
-64
-61
-61
-63
-66
-66
-65
-64
-64
-65
-67
-65
-64
-65
-68
-67
-65
-64
-66
-67
-68
-66
-64
-63
-66
-67
-65
-66
-66
-65
-68
-69
-68
-70
-72
-72
-70
-70
-70
-69
-72
-73
-71
-69
-69
-67
-66
-67
-67
-70
-71
-72
-74
-74
-72
-71
-72
-72
-74
-75
-74
-74
-71
-70
-71
-72
-75
-75
-73
-71
-72
-73
-73
-72
-71
-72
-72
-70
-70
-71
-72
-71
-70
-67
-69
-71
-71
-73
-71
-73
-73
-73
-71
-70
-69
-70
-71
-71
-70
-68
-70
-70
-72
-69
-69
-71
-71
-71
-70
-70
-71
-72
-74
-73
-72
-72
-73
-75
-74
-72
-70
-70
-72
-76
-75
-75
-74
-72
-71
-68
-68
-70
-71
-72
-73
-74
-73
-72
-71
-70
-70
-69
-69
-68
-67
-69
-70
-72
-72
-71
-69
-69
-69
-70
-74
-74
-74
-71
-71
-71
-72
-72
-73
-75
-75
-77
-76
-75
-76
-75
-72
-70
-72
-75
-79
-80
-79
-77
-76
-76
-75
-75
-74
-75
-74
-75
-76
-77
-78
-76
-74
-72
-73
-73
-72
-72
-74
-74
-73
-71
-72
-73
-74
-76
-77
-76
-75
-73
-73
-75
-76
-77
-77
-75
-76
-76
-77
-76
-73
-73
-74
-76
-76
-75
-74
-72
-71
-70
-69
-69
-67
-66
-66
-67
-69
-68
-67
-67
-67
-66
-66
-66
-67
-66
-66
-63
-62
-63
-64
-64
-65
-64
-65
-64
-63
-63
-64
-64
-64
-62
-62
-62
-62
-62
-62
-63
-64
-64
-64
-66
-66
-63
-63
-63
-61
-64
-62
-60
-62
-61
-59
-62
-62
-62
-63
-61
-61
-63
-63
-64
-64
-64
-63
-63
-63
-63
-61
-60
-61
-60
-61
-62
-63
-64
-62
-59
-59
-60
-61
-63
-61
-60
-60
-61
-62
-61
-61
-61
-62
-62
-62
-61
-63
-63
-63
-63
-62
-62
-63
-64
-66
-64
-64
-64
-64
-65
-65
-64
-62
-63
-65
-66
-67
-66
-65
-65
-65
-64
-63
-62
-63
-64
-64
-63
-60
-59
-61
-65
-67
-67
-64
-63
-65
-65
-65
-64
-64
-62
-64
-68
-66
-64
-61
-60
-60
-61
-61
-60
-60
-62
-62
-61
-60
-62
-61
-63
-64
-62
-63
-64
-63
-62
-63
-63
-66
-66
-66
-65
-64
-64
-64
-63
-65
-66
-66
-64
-62
-64
-68
-68
-65
-64
-62
-65
-68
-69
-68
-67
-67
-66
-67
-69
-66
-66
-65
-63
-66
-67
-65
-63
-62
-63
-64
-65
-65
-63
-61
-62
-63
-65
-66
-66
-66
-68
-70
-70
-70
-71
-70
-68
-68
-67
-66
-66
-65
-65
-63
-63
-63
-62
-62
-61
-60
-62
-65
-64
-64
-64
-66
-67
-65
-64
-63
-63
-63
-61
-60
-61
-62
-63
-63
-62
-61
-61
-60
-61
-58
-58
-57
-57
-58
-58
-60
-60
-59
-58
-59
-58
-58
-60
-60
-60
-60
-60
-59
-58
-58
-57
-57
-58
-59
-59
-59
-58
-55
-55
-56
-59
-61
-62
-62
-60
-59
-58
-60
-60
-59
-60
-59
-58
-57
-54
-56
-57
-57
-59
-58
-59
-58
-60
-58
-58
-59
-58
-55
-54
-54
-56
-56
-55
-57
-57
-55
-52
-54
-53
-52
-53
-51
-54
-56
-57
-57
-54
-55
-55
-57
-59
-59
-56
-55
-55
-55
-55
-55
-55
-57
-59
-58
-57
-56
-54
-54
-56
-56
-57
-57
-56
-54
-51
-52
-54
-54
-52
-50
-47
-49
-49
-50
-52
-53
-52
-50
-49
-48
-48
-50
-50
-51
-50
-48
-48
-46
-46
-46
-45
-46
-47
-46
-47
-46
-46
-46
-48
-48
-48
-48
-47
-47
-45
-46
-47
-48
-47
-47
-45
-45
-44
-44
-43
-43
-43
-42
-43
-43
-43
-42
-42
-42
-43
-44
-43
-42
-44
-44
-41
-41
-39
-37
-38
-41
-43
-45
-45
-42
-41
-40
-41
-40
-40
-40
-41
-42
-42
-41
-40
-41
-41
-41
-41
-42
-39
-38
-37
-38
-41
-42
-42
-41
-39
-39
-40
-40
-41
-42
-41
-38
-37
-38
-40
-42
-39
-37
-36
-36
-35
-34
-34
-37
-39
-41
-41
-41
-38
-39
-41
-40
-39
-40
-40
-39
-41
-41
-41
-42
-40
-39
-40
-41
-41
-40
-37
-39
-41
-41
-40
-38
-39
-40
-42
-43
-43
-43
-42
-43
-40
-39
-38
-38
-39
-39
-40
-41
-41
-41
-42
-41
-39
-37
-35
-36
-38
-38
-38
-38
-41
-41
-43
-42
-43
-44
-42
-41
-40
-41
-44
-45
-45
-44
-42
-41
-42
-40
-40
-40
-41
-43
-42
-40
-41
-42
-42
-43
-43
-40
-39
-42
-41
-43
-40
-38
-39
-41
-40
-41
-40
-39
-38
-37
-38
-40
-42
-42
-42
-39
-40
-43
-45
-45
-44
-43
-42
-40
-41
-43
-44
-47
-47
-45
-44
-44
-45
-46
-46
-47
-46
-46
-44
-44
-43
-44
-45
-47
-47
-45
-45
-44
-44
-43
-42
-41
-43
-45
-46
-46
-45
-43
-43
-42
-40
-39
-38
-36
-37
-39
-42
-42
-43
-43
-43
-44
-43
-40
-40
-39
-38
-39
-36
-37
-39
-39
-39
-39
-37
-35
-36
-38
-39
-41
-40
-39
-39
-40
-38
-38
-37
-40
-43
-43
-42
-41
-39
-38
-40
-41
-41
-41
-38
-36
-36
-36
-36
-38
-36
-36
-37
-37
-38
-38
-37
-37
-38
-38
-37
-38
-38
-38
-36
-35
-36
-39
-42
-41
-42
-41
-40
-38
-39
-39
-38
-38
-38
-38
-40
-39
-40
-40
-39
-38
-38
-36
-38
-39
-38
-39
-39
-36
-36
-34
-33
-35
-37
-37
-36
-37
-39
-40
-41
-39
-38
-40
-39
-38
-37
-36
-38
-38
-39
-40
-39
-37
-36
-37
-41
-43
-43
-42
-43
-45
-44
-43
-42
-43
-44
-43
-44
-44
-45
-45
-43
-44
-43
-43
-44
-44
-43
-42
-42
-42
-43
-44
-44
-43
-42
-43
-43
-45
-47
-45
-44
-42
-44
-46
-44
-44
-43
-41
-43
-44
-46
-48
-46
-46
-49
-47
-44
-44
-43
-44
-47
-48
-48
-47
-48
-48
-47
-46
-46
-46
-44
-43
-42
-45
-44
-43
-42
-40
-42
-46
-47
-44
-44
-43
-45
-45
-46
-46
-45
-47
-48
-48
-48
-47
-46
-45
-47
-50
-51
-51
-51
-52
-50
-51
-51
-51
-51
-50
-50
-49
-49
-49
-50
-49
-50
-49
-49
-50
-50
-48
-49
-50
-51
-54
-54
-53
-54
-54
-53
-53
-52
-52
-52
-49
-49
-49
-49
-51
-52
-52
-52
-52
-49
-49
-51
-53
-51
-54
-55
-53
-50
-52
-53
-55
-58
-57
-57
-56
-56
-55
-56
-58
-56
-57
-56
-54
-55
-57
-57
-55
-54
-54
-56
-56
-57
-60
-59
-57
-59
-59
-58
-58
-57
-57
-60
-59
-58
-59
-59
-61
-60
-58
-55
-57
-58
-60
-60
-58
-59
-57
-58
-58
-59
-59
-61
-62
-61
-61
-62
-65
-67
-70
-67
-65
-65
-65
-66
-67
-69
-70
-69
-70
-68
-66
-65
-64
-66
-69
-70
-69
-71
-71
-70
-69
-69
-69
-72
-71
-71
-72
-70
-74
-72
-71
-71
-68
-68
-69
-69
-68
-70
-71
-71
-72
-72
-70
-71
-72
-73
-73
-73
-72
-72
-74
-74
-75
-74
-75
-75
-77
-77
-76
-76
-76
-76
-77
-77
-76
-78
-77
-77
-76
-74
-72
-71
-70
-71
-71
-73
-73
-74
-73
-71
-69
-69
-68
-70
-72
-73
-71
-70
-68
-68
-68
-66
-64
-66
-68
-68
-66
-65
-64
-63
-62
-62
-62
-64
-65
-63
-63
-64
-64
-64
-63
-64
-63
-64
-62
-59
-59
-60
-63
-65
-64
-62
-59
-59
-60
-61
-62
-61
-61
-64
-63
-61
-58
-57
-57
-56
-56
-55
-57
-56
-54
-53
-54
-58
-59
-59
-56
-55
-54
-54
-54
-55
-55
-57
-56
-57
-57
-57
-55
-56
-55
-55
-56
-56
-55
-57
-57
-57
-58
-56
-58
-58
-57
-56
-56
-56
-59
-59
-59
-58
-57
-57
-57
-56
-58
-60
-59
-61
-59
-58
-58
-57
-56
-57
-60
-61
-60
-58
-55
-55
-56
-58
-59
-58
-58
-57
-58
-59
-60
-61
-61
-61
-57
-56
-58
-59
-62
-63
-63
-62
-62
-62
-61
-60
-58
-58
-61
-63
-63
-62
-60
-61
-62
-63
-64
-62
-62
-65
-64
-64
-61
-60
-64
-64
-62
-61
-63
-65
-64
-63
-61
-61
-60
-62
-61
-59
-58
-58
-55
-52
-55
-58
-59
-60
-60
-61
-62
-61
-59
-58
-59
-62
-63
-62
-62
-62
-61
-62
-62
-59
-58
-60
-60
-61
-62
-61
-61
-61
-62
-62
-61
-59
-57
-59
-61
-62
-61
-60
-61
-59
-62
-62
-63
-62
-62
-62
-62
-62
-62
-62
-61
-61
-62
-62
-61
-61
-63
-65
-65
-63
-64
-65
-65
-67
-65
-63
-66
-66
-68
-66
-64
-65
-67
-70
-71
-71
-69
-69
-68
-69
-69
-66
-66
-68
-67
-66
-67
-67
-66
-65
-64
-64
-65
-66
-66
-64
-65
-65
-65
-64
-63
-62
-62
-64
-64
-66
-65
-66
-66
-66
-64
-60
-62
-64
-66
-68
-68
-69
-69
-68
-67
-66
-65
-66
-67
-65
-64
-65
-66
-67
-69
-68
-66
-66
-66
-67
-67
-66
-64
-66
-65
-63
-62
-60
-60
-63
-62
-62
-63
-62
-63
-63
-63
-62
-62
-64
-68
-71
-68
-66
-66
-66
-67
-66
-65
-66
-67
-66
-65
-62
-63
-64
-66
-66
-63
-62
-62
-64
-65
-66
-65
-65
-64
-63
-64
-65
-65
-65
-62
-61
-62
-62
-61
-60
-60
-61
-61
-61
-61
-62
-59
-59
-59
-59
-60
-57
-56
-58
-59
-58
-58
-57
-57
-59
-59
-56
-56
-57
-57
-56
-54
-53
-53
-54
-54
-55
-53
-52
-52
-53
-54
-54
-51
-50
-51
-51
-52
-52
-50
-51
-52
-49
-49
-49
-47
-48
-47
-49
-49
-50
-51
-49
-46
-45
-45
-45
-46
-45
-47
-47
-49
-49
-51
-51
-52
-50
-49
-46
-46
-47
-48
-50
-52
-51
-50
-51
-52
-54
-54
-51
-51
-50
-51
-51
-50
-50
-48
-50
-53
-53
-54
-52
-52
-53
-54
-53
-52
-51
-52
-52
-54
-55
-52
-50
-50
-50
-50
-50
-51
-53
-53
-53
-53
-53
-55
-55
-52
-50
-51
-53
-55
-56
-54
-55
-54
-52
-52
-52
-51
-52
-52
-52
-54
-55
-54
-53
-50
-49
-52
-51
-53
-53
-52
-52
-49
-48
-49
-49
-48
-52
-54
-54
-53
-49
-48
-49
-50
-50
-50
-50
-52
-54
-52
-51
-50
-50
-50
-51
-51
-52
-52
-50
-48
-49
-51
-51
-52
-51
-49
-51
-53
-52
-52
-51
-50
-50
-51
-53
-53
-53
-51
-49
-49
-50
-49
-48
-49
-48
-49
-49
-48
-48
-48
-47
-48
-52
-54
-51
-50
-47
-45
-48
-50
-50
-50
-50
-52
-49
-49
-49
-47
-48
-50
-52
-52
-51
-49
-45
-48
-49
-49
-51
-52
-51
-50
-49
-50
-48
-48
-49
-50
-53
-52
-51
-51
-52
-52
-51
-49
-48
-48
-48
-48
-50
-50
-51
-50
-51
-48
-48
-49
-47
-48
-48
-50
-49
-48
-50
-51
-52
-52
-50
-48
-49
-49
-50
-50
-48
-47
-48
-49
-48
-48
-48
-48
-50
-52
-50
-50
-49
-48
-47
-47
-47
-47
-46
-45
-47
-47
-48
-48
-47
-46
-49
-49
-49
-50
-48
-48
-47
-45
-45
-44
-47
-47
-48
-47
-47
-46
-45
-45
-45
-47
-48
-49
-50
-51
-47
-46
-45
-46
-47
-49
-47
-48
-46
-45
-45
-44
-45
-45
-46
-47
-46
-44
-43
-45
-45
-45
-43
-43
-44
-44
-44
-42
-39
-38
-37
-40
-41
-42
-41
-41
-40
-41
-42
-40
-41
-43
-44
-43
-40
-38
-38
-39
-41
-40
-41
-37
-38
-41
-42
-41
-41
-40
-38
-39
-41
-42
-42
-40
-41
-42
-40
-41
-39
-39
-40
-42
-42
-40
-40
-41
-43
-44
-41
-40
-38
-38
-41
-41
-40
-39
-39
-39
-40
-38
-38
-37
-39
-39
-42
-43
-41
-38
-35
-36
-37
-37
-40
-40
-40
-39
-38
-38
-40
-40
-39
-38
-39
-41
-41
-42
-41
-40
-39
-40
-39
-40
-41
-40
-40
-41
-42
-41
-40
-41
-40
-38
-40
-38
-39
-38
-37
-37
-38
-39
-39
-39
-37
-38
-38
-39
-41
-39
-37
-37
-36
-38
-40
-40
-39
-37
-36
-36
-38
-39
-39
-40
-40
-39
-40
-42
-43
-42
-41
-40
-39
-38
-37
-36
-38
-39
-40
-40
-37
-37
-35
-36
-38
-38
-40
-41
-42
-40
-37
-38
-40
-38
-36
-36
-37
-40
-40
-38
-36
-36
-37
-38
-38
-36
-37
-36
-35
-35
-35
-37
-38
-37
-35
-35
-34
-34
-36
-37
-37
-39
-36
-33
-33
-33
-35
-37
-37
-37
-35
-35
-37
-39
-36
-34
-32
-31
-33
-34
-34
-36
-35
-35
-38
-38
-37
-36
-36
-37
-37
-38
-38
-37
-36
-34
-34
-33
-36
-35
-34
-34
-31
-31
-32
-30
-30
-29
-27
-28
-31
-32
-33
-33
-33
-33
-34
-33
-33
-32
-31
-33
-35
-36
-38
-37
-38
-40
-40
-39
-37
-37
-40
-40
-39
-38
-38
-37
-39
-38
-36
-35
-33
-31
-32
-32
-35
-34
-34
-34
-33
-34
-33
-33
-31
-32
-33
-35
-37
-36
-35
-37
-36
-36
-36
-33
-32
-36
-36
-36
-37
-38
-39
-40
-38
-36
-37
-38
-40
-40
-38
-37
-37
-37
-36
-36
-35
-35
-34
-33
-35
-34
-35
-34
-31
-30
-31
-31
-30
-30
-30
-31
-33
-31
-30
-29
-30
-31
-33
-33
-35
-36
-37
-37
-35
-34
-35
-35
-36
-33
-33
-31
-31
-31
-30
-32
-30
-28
-29
-28
-29
-29
-31
-29
-27
-27
-26
-26
-26
-27
-26
-25
-27
-26
-27
-26
-24
-23
-23
-24
-23
-23
-23
-24
-24
-23
-23
-22
-21
-20
-20
-20
-20
-22
-21
-19
-20
-19
-19
-20
-19
-20
-20
-18
-18
-19
-20
-20
-18
-18
-18
-15
-15
-15
-16
-17
-18
-15
-15
-16
-17
-15
-16
-15
-15
-15
-15
-15
-16
-14
-13
-15
-15
-15
-15
-14
-13
-14
-13
-14
-14
-15
-15
-17
-16
-16
-15
-14
-15
-15
-15
-17
-17
-15
-15
-15
-18
-19
-17
-17
-18
-20
-22
-21
-19
-20
-20
-21
-22
-20
-18
-17
-17
-19
-22
-21
-20
-20
-20
-21
-23
-21
-22
-22
-23
-23
-22
-23
-22
-21
-20
-21
-23
-24
-23
-19
-18
-19
-19
-20
-21
-21
-22
-22
-20
-21
-23
-24
-22
-19
-18
-21
-24
-26
-24
-22
-22
-24
-23
-22
-20
-22
-23
-23
-24
-25
-25
-23
-20
-19
-20
-22
-23
-23
-24
-24
-24
-24
-22
-23
-26
-25
-25
-23
-21
-21
-23
-24
-24
-26
-25
-24
-25
-25
-24
-23
-23
-24
-25
-25
-24
-23
-24
-26
-26
-25
-25
-26
-27
-29
-28
-26
-26
-24
-23
-22
-21
-23
-24
-25
-25
-24
-27
-27
-26
-28
-27
-26
-25
-26
-27
-28
-28
-27
-26
-26
-27
-26
-27
-28
-28
-28
-26
-25
-25
-26
-25
-25
-24
-24
-24
-23
-24
-25
-26
-28
-29
-26
-23
-22
-23
-25
-26
-26
-26
-25
-25
-25
-25
-26
-25
-24
-27
-29
-29
-29
-27
-24
-24
-25
-25
-26
-25
-25
-26
-25
-25
-26
-26
-29
-30
-30
-29
-27
-25
-26
-30
-29
-30
-29
-29
-30
-33
-35
-34
-32
-31
-31
-32
-34
-32
-29
-29
-31
-31
-32
-32
-31
-31
-31
-31
-30
-29
-30
-30
-32
-34
-33
-35
-35
-33
-32
-33
-33
-34
-33
-31
-30
-31
-34
-33
-32
-30
-30
-30
-33
-33
-32
-32
-31
-32
-34
-34
-32
-31
-33
-34
-36
-36
-35
-37
-35
-34
-33
-32
-33
-34
-35
-34
-34
-32
-34
-36
-37
-36
-36
-37
-36
-34
-34
-32
-31
-33
-35
-35
-33
-30
-28
-31
-34
-37
-38
-36
-34
-32
-31
-31
-31
-29
-31
-34
-36
-37
-36
-33
-34
-33
-32
-31
-29
-30
-28
-28
-29
-32
-30
-29
-31
-30
-29
-28
-29
-28
-30
-29
-27
-28
-28
-29
-28
-28
-27
-27
-26
-26
-25
-25
-27
-29
-30
-30
-27
-25
-25
-27
-29
-28
-27
-27
-29
-31
-32
-33
-31
-31
-31
-31
-32
-31
-30
-28
-27
-28
-30
-31
-32
-30
-29
-30
-32
-33
-30
-29
-32
-33
-32
-29
-30
-34
-33
-32
-30
-29
-30
-32
-31
-31
-29
-29
-30
-32
-31
-31
-29
-30
-30
-31
-31
-30
-29
-28
-27
-28
-29
-33
-33
-31
-28
-26
-28
-30
-32
-29
-27
-27
-29
-32
-32
-30
-28
-28
-30
-34
-34
-33
-30
-30
-32
-33
-34
-35
-32
-32
-32
-31
-33
-33
-32
-33
-33
-32
-33
-33
-32
-31
-31
-33
-34
-36
-37
-36
-36
-35
-34
-32
-33
-34
-34
-34
-33
-32
-33
-34
-35
-35
-36
-33
-33
-36
-35
-36
-37
-37
-39
-38
-38
-40
-40
-43
-43
-41
-41
-41
-41
-40
-41
-41
-42
-42
-43
-42
-41
-40
-38
-37
-37
-41
-44
-43
-38
-38
-39
-41
-41
-41
-39
-38
-39
-39
-38
-39
-39
-40
-40
-40
-39
-39
-40
-38
-36
-36
-36
-40
-41
-40
-39
-39
-38
-37
-37
-38
-38
-39
-39
-39
-40
-40
-41
-40
-40
-38
-36
-37
-39
-38
-40
-39
-38
-39
-38
-37
-39
-38
-37
-37
-36
-37
-39
-36
-36
-39
-39
-39
-37
-36
-35
-35
-35
-37
-38
-38
-39
-39
-37
-38
-37
-38
-38
-39
-38
-38
-36
-37
-35
-35
-35
-34
-33
-33
-33
-35
-36
-37
-36
-34
-34
-34
-35
-36
-34
-35
-34
-34
-35
-35
-36
-34
-35
-33
-33
-32
-33
-34
-35
-36
-33
-31
-28
-27
-28
-30
-31
-30
-28
-28
-29
-30
-31
-32
-34
-36
-34
-31
-29
-29
-31
-33
-31
-27
-25
-25
-28
-29
-30
-31
-30
-31
-33
-34
-33
-30
-30
-32
-32
-33
-32
-32
-32
-35
-36
-36
-34
-34
-31
-30
-31
-32
-31
-31
-30
-31
-29
-28
-28
-29
-31
-30
-30
-29
-27
-29
-31
-33
-33
-29
-28
-29
-31
-32
-32
-30
-30
-30
-31
-31
-32
-31
-30
-28
-27
-25
-25
-28
-28
-30
-29
-26
-24
-25
-27
-28
-26
-26
-27
-28
-26
-23
-23
-26
-26
-25
-24
-24
-26
-26
-26
-24
-24
-24
-27
-28
-29
-29
-28
-26
-25
-25
-26
-26
-28
-26
-25
-26
-25
-26
-25
-24
-24
-24
-25
-25
-27
-27
-27
-27
-25
-25
-26
-26
-26
-26
-25
-26
-25
-24
-23
-22
-21
-23
-23
-25
-24
-22
-23
-25
-26
-27
-27
-27
-27
-26
-26
-27
-28
-27
-26
-23
-25
-26
-26
-24
-22
-23
-27
-28
-27
-26
-25
-25
-26
-24
-22
-22
-23
-24
-25
-25
-25
-23
-23
-23
-25
-26
-26
-24
-22
-21
-21
-21
-22
-25
-25
-25
-24
-25
-25
-23
-24
-24
-24
-25
-23
-23
-24
-25
-24
-22
-22
-23
-24
-23
-22
-23
-23
-24
-23
-22
-19
-18
-18
-20
-21
-20
-22
-21
-23
-24
-22
-22
-22
-23
-24
-25
-24
-21
-19
-20
-22
-23
-22
-21
-21
-22
-24
-23
-24
-24
-24
-24
-24
-24
-24
-24
-22
-23
-23
-23
-22
-20
-24
-25
-23
-22
-22
-23
-26
-26
-23
-21
-21
-22
-23
-23
-24
-26
-24
-22
-21
-19
-20
-22
-22
-22
-21
-20
-21
-20
-20
-22
-23
-24
-22
-22
-20
-21
-21
-19
-18
-18
-21
-23
-21
-22
-21
-20
-21
-22
-22
-23
-23
-22
-20
-18
-17
-19
-22
-22
-23
-22
-21
-21
-24
-26
-25
-23
-20
-20
-19
-20
-20
-18
-18
-19
-21
-21
-20
-19
-19
-20
-20
-20
-20
-19
-20
-20
-20
-22
-20
-18
-18
-18
-18
-20
-19
-20
-21
-22
-22
-20
-18
-19
-20
-16
-15
-15
-17
-21
-20
-18
-19
-18
-18
-20
-21
-18
-20
-18
-19
-19
-18
-17
-16
-15
-17
-16
-13
-14
-16
-18
-19
-17
-14
-13
-14
-14
-14
-14
-14
-16
-16
-16
-15
-13
-13
-12
-17
-18
-19
-17
-16
-18
-17
-19
-19
-19
-18
-17
-16
-16
-18
-19
-20
-22
-24
-24
-22
-23
-24
-24
-23
-21
-21
-23
-24
-24
-24
-23
-22
-23
-24
-23
-22
-21
-22
-24
-24
-21
-21
-21
-22
-22
-21
-21
-21
-20
-20
-20
-18
-17
-18
-19
-22
-22
-22
-22
-19
-18
-19
-20
-21
-22
-23
-22
-22
-23
-23
-23
-23
-25
-27
-27
-25
-24
-24
-27
-27
-26
-24
-24
-26
-26
-24
-22
-21
-21
-23
-25
-27
-27
-28
-27
-27
-26
-27
-29
-29
-28
-27
-27
-29
-30
-30
-29
-32
-30
-29
-26
-25
-27
-28
-29
-29
-29
-29
-30
-29
-27
-29
-29
-30
-31
-31
-30
-29
-29
-28
-28
-29
-29
-31
-30
-28
-29
-32
-34
-36
-34
-31
-30
-32
-33
-32
-31
-30
-29
-28
-31
-32
-32
-32
-33
-33
-33
-34
-34
-32
-31
-33
-36
-36
-34
-33
-32
-32
-34
-33
-31
-32
-35
-36
-36
-32
-31
-31
-32
-32
-32
-32
-33
-34
-32
-31
-34
-36
-36
-37
-36
-34
-33
-31
-32
-34
-34
-35
-35
-34
-35
-33
-32
-31
-30
-31
-32
-33
-31
-30
-30
-29
-30
-32
-32
-34
-34
-34
-34
-32
-32
-33
-32
-31
-33
-31
-33
-31
-32
-31
-30
-29
-30
-30
-31
-31
-29
-28
-28
-30
-33
-33
-33
-33
-34
-33
-33
-34
-32
-30
-29
-31
-33
-34
-34
-34
-32
-31
-31
-30
-32
-32
-31
-31
-33
-32
-31
-31
-32
-33
-34
-33
-32
-32
-31
-30
-30
-31
-31
-31
-34
-35
-36
-32
-31
-29
-27
-29
-32
-34
-33
-30
-27
-28
-29
-29
-30
-30
-30
-30
-31
-32
-30
-28
-27
-27
-28
-29
-29
-28
-30
-31
-31
-32
-31
-30
-32
-32
-32
-32
-30
-32
-32
-34
-34
-34
-34
-34
-33
-32
-29
-30
-31
-33
-34
-34
-33
-31
-32
-34
-36
-35
-32
-30
-31
-33
-34
-35
-36
-35
-34
-33
-29
-28
-27
-27
-28
-31
-31
-30
-28
-29
-31
-31
-31
-31
-32
-32
-34
-32
-31
-32
-32
-33
-34
-35
-34
-35
-34
-35
-35
-36
-38
-39
-41
-41
-39
-38
-38
-38
-37
-36
-38
-39
-40
-38
-38
-37
-36
-37
-38
-37
-38
-37
-37
-39
-37
-37
-39
-39
-38
-36
-36
-38
-37
-39
-40
-40
-41
-42
-41
-39
-38
-39
-41
-42
-42
-43
-42
-40
-39
-40
-42
-43
-43
-41
-41
-40
-39
-39
-40
-38
-38
-38
-39
-39
-39
-39
-37
-38
-38
-39
-38
-37
-40
-39
-38
-38
-38
-40
-39
-39
-38
-40
-40
-39
-37
-36
-38
-40
-39
-37
-39
-41
-41
-41
-41
-40
-42
-43
-43
-39
-38
-39
-40
-37
-37
-37
-37
-38
-40
-40
-39
-39
-38
-39
-40
-42
-42
-43
-41
-41
-41
-42
-41
-44
-46
-45
-45
-44
-43
-43
-44
-46
-44
-45
-44
-45
-47
-45
-45
-45
-45
-45
-46
-48
-49
-49
-47
-45
-42
-42
-45
-46
-45
-44
-43
-40
-41
-40
-40
-42
-43
-43
-43
-44
-44
-46
-45
-44
-45
-45
-44
-44
-42
-41
-40
-42
-42
-43
-41
-41
-40
-38
-37
-39
-40
-43
-43
-41
-41
-39
-41
-42
-42
-39
-37
-39
-41
-41
-40
-36
-36
-38
-39
-40
-39
-40
-40
-38
-37
-37
-37
-37
-36
-36
-36
-36
-35
-36
-35
-35
-35
-35
-34
-37
-40
-39
-39
-36
-34
-35
-34
-32
-31
-30
-32
-36
-36
-35
-32
-32
-33
-35
-38
-38
-39
-38
-36
-35
-33
-34
-36
-37
-36
-36
-35
-37
-37
-40
-39
-38
-39
-39
-40
-40
-38
-39
-37
-38
-38
-38
-39
-38
-38
-37
-37
-38
-38
-34
-35
-35
-37
-37
-35
-35
-35
-36
-36
-36
-35
-35
-35
-33
-33
-32
-34
-35
-36
-35
-34
-36
-36
-37
-38
-38
-40
-39
-40
-36
-33
-34
-35
-34
-32
-32
-33
-35
-34
-34
-32
-32
-34
-32
-33
-32
-31
-30
-29
-30
-31
-34
-35
-33
-30
-26
-29
-33
-32
-31
-30
-29
-29
-31
-31
-33
-31
-33
-35
-37
-36
-33
-33
-32
-33
-34
-34
-33
-33
-31
-33
-35
-33
-29
-30
-34
-38
-38
-35
-34
-34
-36
-37
-34
-34
-35
-38
-40
-39
-37
-36
-37
-37
-40
-41
-43
-43
-43
-41
-41
-41
-41
-43
-44
-43
-42
-42
-43
-43
-45
-42
-44
-43
-43
-43
-42
-42
-41
-40
-41
-40
-44
-41
-42
-40
-40
-40
-39
-39
-38
-39
-40
-40
-37
-36
-35
-37
-38
-39
-37
-41
-42
-40
-38
-35
-34
-34
-35
-36
-37
-35
-34
-33
-34
-35
-37
-36
-35
-35
-35
-35
-34
-32
-29
-30
-31
-36
-34
-31
-28
-26
-28
-29
-29
-28
-28
-29
-29
-32
-33
-33
-33
-30
-30
-30
-32
-34
-34
-32
-31
-34
-35
-36
-37
-37
-37
-40
-41
-41
-40
-40
-42
-44
-45
-47
-48
-45
-47
-49
-50
-52
-53
-54
-55
-56
-56
-57
-56
-57
-58
-57
-55
-54
-56
-56
-55
-54
-57
-59
-60
-61
-58
-56
-56
-56
-57
-57
-59
-59
-59
-60
-57
-55
-54
-55
-54
-53
-52
-52
-53
-53
-50
-49
-48
-47
-49
-48
-46
-45
-45
-44
-41
-37
-36
-37
-37
-36
-32
-32
-29
-29
-28
-26
-25
-22
-23
-21
-21
-21
-19
-17
-17
-16
-17
-18
-19
-18
-16
-15
-13
-16
-15
-17
-17
-18
-20
-21
-21
-23
-23
-24
-28
-26
-31
-30
-31
-31
-31
-33
-33
-39
-39
-44
-46
-47
-48
-49
-48
-51
-52
-56
-60
-62
-64
-66
-71
-73
-75
-77
-79
-81
-82
-82
-84
-84
-87
-91
-94
-96
-99
-100
-102
-101
-100
-103
-104
-104
-103
-104
-103
-106
-105
-104
-106
-105
-104
-102
-101
-102
-103
-103
-100
-100
-99
-96
-91
-86
-81
-77
-72
-64
-60
-55
-50
-46
-40
-34
-29
-20
-14
-8
-3
5
11
18
24
27
28
31
38
43
49
49
51
52
55
58
58
61
62
62
60
57
55
53
53
50
46
45
43
41
38
33
28
22
19
12
8
3
1
-4
-8
-12
-16
-20
-26
-32
-40
-46
-53
-59
-67
-72
-77
-85
-95
-102
-109
-114
-121
-128
-138
-144
-153
-162
-169
-179
-183
-190
-193
-197
-208
-211
-220
-221
-226
-228
-234
-238
-240
-243
-241
-238
-229
-219
-202
-179
-162
-144
-130
-113
-98
-84
-69
-57
-41
-27
-10
8
25
37
41
46
44
47
46
44
44
45
46
48
52
52
48
41
35
27
19
8
-1
-7
-10
-11
-15
-19
-22
-23
-22
-21
-20
-19
-16
-13
-7
1
8
14
18
21
25
28
32
36
40
42
46
51
52
53
54
52
49
46
44
44
45
44
44
41
38
33
25
18
13
9
4
-1
-6
-9
-11
-11
-17
-24
-33
-41
-47
-53
-61
-67
-71
-73
-79
-84
-91
-99
-106
-118
-125
-135
-140
-151
-161
-166
-175
-180
-190
-200
-211
-220
-226
-233
-239
-242
-247
-247
-245
-233
-216
-197
-178
-170
-155
-144
-127
-111
-99
-88
-75
-59
-39
-19
-4
6
10
16
19
22
19
21
