277
221
158
98
35
-1
-54
-83
-132
-158
-177
-192
-207
-218
-228
-231
-229
-232
-216
-204
-180
-160
-124
-80
-19
22
80
136
195
245
276
302
326
331
318
294
273
248
224
192
178
172
169
165
174
196
225
241
261
287
306
321
316
320
320
316
297
281
275
276
273
268
275
281
288
286
286
290
294
279
265
241
227
204
177
154
128
107
76
53
33
22
5
-3
-23
-19
-40
-62
-90
-137
-154
-213
-228
-296
-294
-362
-363
-408
-424
-436
-460
-456
-465
-450
-446
-420
-408
-361
-325
-263
-188
-119
-13
62
176
242
334
381
431
464
457
461
408
386
323
273
211
143
90
22
-22
-73
-100
-138
-160
-191
-200
-211
-218
-223
-234
-227
-229
-213
-208
-178
-152
-117
-74
-35
22
65
119
155
199
229
254
274
274
281
262
259
235
226
208
205
202
203
210
217
244
264
288
305
324
339
347
350
341
336
320
311
295
286
272
261
252
246
246
239
233
229
229
230
227
221
216
209
202
191
183
166
152
127
112
86
71
38
25
-6
-20
-44
-82
-107
-157
-175
-226
-234
-286
-295
-335
-356
-367
-394
-383
-416
-390
-404
-359
-350
-315
-270
-262
-179
-184
-92
-78
-1
29
99
142
174
232
226
277
267
270
269
237
215
191
149
123
85
24
6
-51
-77
-113
-146
-164
-175
-185
-192
-176
-185
-154
-150
-132
-99
-96
-61
-53
-23
-8
19
21
46
61
77
109
122
157
175
206
214
243
240
262
265
265
275
267
274
272
278
274
289
285
296
298
298
308
302
306
303
300
291
289
276
276
269
260
257
248
250
249
245
242
243
238
235
227
220
215
205
183
158
128
103
74
37
9
-25
-52
-81
-106
-124
-141
-159
-175
-183
-203
-214
-238
-250
-262
-268
-281
-278
-284
-270
-259
-255
-229
-222
-200
-189
-176
-165
-155
-147
-144
-120
-115
-82
-57
-31
13
35
77
91
120
119
136
122
117
111
82
72
37
17
-12
-32
-65
-77
-96
-97
-97
-109
-93
-87
-73
-63
-57
-50
-35
-23
-20
9
8
35
37
55
80
105
134
150
184
199
239
238
260
264
271
274
265
268
260
271
254
265
254
265
269
273
286
293
307
316
329
331
346
348
358
356
354
347
337
324
309
298
278
272
252
240
231
212
203
178
161
132
110
74
52
24
5
-18
-31
-42
-50
-49
-78
-74
-113
-105
-144
-137
-173
-160
-175
-166
-165
-171
-161
-168
-164
-161
-159
-156
-149
-147
-137
-132
-130
-127
-137
-132
-137
-131
-121
-122
-96
-93
-62
-49
-20
-5
15
29
34
54
37
51
28
22
12
-11
-25
-47
-61
-75
-74
-87
-69
-73
-51
-37
-17
1
19
37
53
73
76
85
86
90
97
98
110
117
128
144
157
172
187
204
213
225
230
235
238
235
241
239
245
246
260
265
281
293
311
332
348
364
375
389
397
399
396
386
367
340
315
288
270
246
226
207
196
183
174
159
144
130
108
93
73
57
39
33
17
8
7
-12
-2
-32
-28
-53
-53
-66
-70
-77
-94
-90
-112
-103
-120
-121
-117
-119
-103
-102
-86
-83
-71
-70
-61
-65
-67
-77
-96
-104
-137
-144
-175
-181
-195
-204
-202
-207
-182
-180
-145
-141
-109
-95
-82
-63
-65
-50
-57
-49
-51
-50
-49
-47
-35
-27
-6
6
34
50
75
82
100
104
112
116
117
120
115
116
106
111
106
117
119
135
145
161
170
183
197
212
228
236
255
263
280
285
292
297
305
314
318
333
335
344
350
360
370
379
381
373
368
346
333
311
292
274
254
244
230
220
207
202
186
176
161
145
132
110
94
72
60
43
29
11
5
-7
-3
-14
-20
-28
-31
-28
-25
-23
-17
-13
-16
-6
-10
-5
-9
-16
-20
-24
-27
-36
-36
-47
-51
-66
-81
-89
-115
-127
-162
-171
-199
-217
-242
-259
-261
-281
-270
-288
-263
-261
-235
-222
-194
-161
-139
-107
-102
-62
-56
-30
-23
-15
-1
1
7
10
18
27
36
40
54
63
68
81
82
97
103
111
114
122
127
136
142
146
162
162
183
184
199
207
211
227
233
248
255
266
270
284
286
289
294
293
304
306
313
317
322
329
332
336
341
341
338
329
314
300
284
265
243
223
208
192
180
160
146
127
118
100
92
77
73
65
57
53
53
42
43
35
45
45
46
50
42
48
35
41
26
37
21
24
12
3
-4
-25
-38
-57
-69
-84
-96
-105
-114
-118
-128
-136
-152
-163
-176
-192
-202
-222
-229
-250
-253
-268
-268
-272
-266
-261
-248
-229
-217
-190
-177
-148
-126
-106
-82
-71
-54
-43
-28
-20
-4
2
13
25
28
48
56
67
81
90
112
123
132
137
147
150
158
157
156
168
168
174
178
184
190
204
205
224
232
247
264
275
289
302
308
314
317
314
314
308
307
308
308
308
310
305
306
294
288
273
262
244
231
215
204
197
189
193
191
193
188
181
167
156
135
122
105
93
82
75
69
69
68
72
72
76
86
76
90
74
85
70
71
51
41
20
-1
-17
-43
-48
-69
-75
-85
-95
-102
-110
-119
-123
-130
-144
-155
-170
-182
-187
-200
-210
-223
-230
-228
-222
-224
-218
-219
-211
-204
-199
-191
-188
-177
-175
-162
-152
-134
-118
-107
-82
-66
-40
-26
-5
9
28
41
46
56
61
70
69
78
83
90
94
104
115
125
143
152
167
180
192
200
209
219
225
231
231
238
239
245
250
249
259
261
266
271
279
281
286
282
279
279
270
270
260
258
257
260
259
264
266
270
275
268
266
254
243
230
214
204
184
170
152
141
128
120
112
103
101
93
98
95
105
109
112
113
111
109
105
94
78
61
40
27
6
-8
-21
-27
-40
-47
-62
-75
-86
-95
-100
-109
-114
-121
-128
-133
-142
-147
-152
-157
-160
-166
-169
-178
-175
-180
-171
-173
-168
-161
-158
-145
-140
-122
-114
-100
-95
-87
-80
-77
-64
-57
-46
-40
-27
-17
0
14
25
43
53
68
74
84
93
106
114
129
139
147
157
165
175
182
190
189
195
192
204
208
210
217
215
222
229
240
245
254
253
262
267
269
281
278
288
289
291
289
293
290
289
289
285
289
284
281
276
268
264
252
238
228
218
206
198
186
176
164
150
143
136
131
130
130
131
136
136
133
123
114
102
94
80
67
56
45
36
24
13
-4
-16
-30
-45
-57
-69
-79
-87
-96
-99
-110
-120
-125
-129
-129
-124
-125
-126
-124
-125
-123
-125
-127
-130
-140
-141
-144
-139
-132
-124
-118
-110
-102
-101
-94
-93
-83
-74
-65
-51
-40
-29
-16
-6
5
15
20
26
32
38
46
48
51
63
66
81
84
98
110
119
131
138
148
156
163
166
169
172
172
175
175
184
189
197
203
206
218
225
233
241
247
251
259
263
272
279
283
287
286
289
289
290
287
281
274
267
260
252
246
232
220
209
197
193
186
184
182
180
176
169
162
154
148
136
125
117
107
100
93
87
84
78
71
62
51
40
26
12
-4
-16
-34
-46
-53
-60
-60
-68
-71
-74
-73
-70
-71
-76
-78
-82
-85
-87
-94
-99
-105
-108
-108
-106
-107
-101
-100
-97
-89
-86
-81
-78
-75
-64
-61
-53
-46
-42
-38
-32
-32
-28
-24
-21
-14
-13
-9
-3
4
19
29
36
49
56
67
77
81
87
89
95
97
102
100
109
111
121
127
133
139
144
156
160
171
175
183
185
195
201
210
222
229
239
249
258
265
267
269
271
278
280
284
278
271
262
257
254
246
242
230
228
220
218
211
202
195
187
178
170
164
149
140
132
121
117
107
102
96
94
94
90
81
75
54
45
29
22
10
6
1
-1
-8
-14
-18
-35
-35
-45
-50
-56
-60
-60
-57
-55
-51
-51
-51
-47
-46
-47
-49
-54
-55
-60
-68
-71
-75
-72
-72
-66
-62
-54
-54
-50
-53
-51
-45
-42
-36
-30
-24
-10
-4
4
7
15
20
26
33
41
50
54
58
61
66
66
61
61
58
63
65
68
72
74
83
91
102
113
121
128
139
147
148
156
157
161
167
171
181
191
197
209
214
223
232
237
244
248
248
250
249
245
242
235
233
231
229
225
218
215
212
209
203
200
192
185
176
169
158
145
136
122
111
97
86
77
72
67
67
61
56
50
42
39
31
22
18
13
10
12
8
5
2
-10
-14
-21
-24
-28
-31
-33
-28
-28
-26
-27
-31
-35
-42
-52
-58
-64
-69
-72
-76
-76
-79
-77
-75
-78
-71
-68
-62
-56
-52
-40
-35
-29
-22
-21
-13
-11
-9
-9
-6
-2
5
12
15
22
25
27
33
36
37
40
37
45
49
55
57
61
65
73
76
81
83
90
96
107
116
120
125
130
134
136
139
139
143
148
155
165
176
183
187
190
195
202
204
208
204
203
202
202
200
196
192
190
186
184
182
177
176
168
158
148
141
131
122
110
97
86
73
62
52
47
42
40
38
36
41
35
40
31
30
30
24
27
20
20
16
13
11
6
3
-6
-8
-21
-21
-27
-33
-34
-41
-37
-40
-39
-35
-34
-36
-35
-43
-49
-47
-50
-53
-56
-57
-58
-52
-50
-44
-41
-42
-34
-37
-26
-25
-22
-21
-18
-12
-12
-7
-7
-2
2
9
17
21
30
30
37
36
39
39
42
46
48
48
50
54
59
64
65
69
72
78
84
87
95
105
113
120
125
132
137
143
145
146
148
148
150
154
158
166
171
178
180
181
179
175
172
164
160
152
145
145
140
139
134
132
130
126
121
113
107
99
93
80
71
62
55
52
47
45
47
46
48
50
49
51
48
40
37
31
26
21
16
14
16
17
22
18
16
13
4
1
-4
-16
-17
-18
-18
-14
-13
-15
-13
-16
-15
-19
-24
-29
-37
-39
-44
-46
-45
-46
-45
-42
-34
-33
-23
-20
-13
-7
3
10
16
21
25
26
25
24
23
23
27
27
33
38
43
49
50
52
52
55
58
62
61
67
68
71
76
78
85
88
96
102
108
113
121
127
132
138
139
145
145
148
149
148
151
149
147
146
146
143
143
142
137
133
130
128
125
124
124
123
121
120
115
110
104
99
94
91
85
80
74
66
58
49
43
39
33
29
25
26
28
29
33
33
37
35
35
32
27
26
24
25
21
24
22
18
18
10
9
1
-1
-3
-9
-13
-18
-20
-24
-26
-29
-32
-32
-32
-33
-34
-31
-31
-28
-28
-25
-24
-19
-14
-14
-5
-6
2
-1
7
5
13
11
17
21
25
27
28
29
30
36
32
34
31
36
39
44
42
48
53
60
66
71
73
79
85
92
98
99
106
102
107
107
110
109
111
108
114
114
120
122
125
125
123
123
121
124
121
122
116
120
117
116
109
103
97
100
99
98
98
95
97
95
92
89
83
77
71
62
57
51
45
39
38
35
38
36
38
40
40
43
43
46
42
41
35
32
30
28
25
22
19
13
10
7
5
7
3
6
5
5
4
1
0
-4
-6
-11
-16
-18
-19
-17
-16
-14
-11
-7
-6
1
-3
7
7
11
13
12
14
8
16
7
15
12
16
18
17
22
26
34
38
41
45
47
50
52
53
57
60
64
63
69
67
72
73
74
78
78
84
86
90
92
98
98
105
103
103
100
98
96
93
95
93
96
97
100
102
107
107
106
105
103
99
98
92
90
85
81
75
75
73
69
68
63
60
58
56
55
50
48
48
46
44
42
39
39
36
34
32
29
28
29
26
25
23
18
18
16
17
17
17
17
12
8
9
5
5
6
4
3
4
2
6
4
6
3
3
2
3
2
4
4
5
4
3
4
4
2
0
-3
-3
-1
0
1
3
4
4
5
9
11
12
19
22
26
30
35
38
43
43
47
49
51
53
52
54
56
58
57
58
56
54
53
53
56
60
65
72
78
83
86
88
88
87
85
80
75
70
67
68
66
67
67
66
67
70
70
73
73
72
71
68
66
64
63
60
59
57
56
56
55
56
57
55
55
50
46
43
42
38
34
31
26
26
22
19
21
24
25
26
25
24
22
20
19
19
17
18
15
15
13
12
12
12
14
15
16
16
16
17
13
11
9
8
6
4
0
-4
-3
0
2
5
7
7
6
7
8
8
8
8
9
10
13
16
16
18
21
22
24
25
27
28
32
35
38
39
38
42
42
45
45
44
44
46
47
49
49
50
53
54
56
57
56
54
54
53
53
52
50
48
48
47
47
45
45
49
53
58
58
56
56
57
56
55
52
51
52
52
53
52
51
52
52
52
53
51
50
49
44
40
34
30
27
25
23
22
20
19
21
19
18
18
16
17
19
19
20
17
12
8
8
6
7
6
6
8
10
11
10
10
10
11
13
15
14
11
9
6
3
-1
-1
-1
-2
-5
-6
-5
-4
1
3
2
3
4
2
4
2
4
5
7
7
9
9
8
13
14
18
20
23
22
26
30
31
33
33
31
31
32
32
35
39
41
43
44
46
47
48
49
49
50
50
50
47
48
46
46
45
43
42
40
40
40
43
41
43
44
47
49
51
51
51
52
54
57
59
59
57
55
55
53
51
49
48
48
47
47
46
47
44
42
40
38
36
34
32
29
28
28
24
21
18
18
20
22
24
25
26
25
26
27
29
29
27
21
18
17
16
16
16
18
19
18
19
17
16
15
15
13
10
6
3
1
0
-1
-1
3
5
8
10
12
10
11
12
12
12
11
13
14
17
19
18
17
20
23
27
29
29
28
30
32
31
30
33
33
35
37
37
39
40
42
45
47
49
50
51
45
46
46
44
42
40
39
36
36
35
34
34
34
36
40
40
41
40
38
38
38
39
38
41
43
41
39
38
40
42
45
45
45
44
44
42
39
35
36
36
32
26
20
19
20
21
21
20
18
16
15
15
10
9
8
7
8
9
9
10
10
10
13
13
13
11
8
5
3
3
1
-1
-4
-2
-1
1
0
-3
-1
-2
-3
-6
-7
-4
-2
1
2
3
4
6
8
8
11
12
12
12
11
9
8
9
11
13
16
16
19
20
24
27
29
31
32
34
36
33
32
34
36
37
39
42
42
43
44
45
46
46
45
44
42
43
39
35
32
27
25
24
22
22
24
26
28
31
34
35
36
37
40
42
43
45
45
47
45
44
42
43
43
41
39
33
29
29
30
31
31
31
30
31
33
32
27
23
21
22
22
22
20
20
19
20
21
22
21
20
21
20
17
15
11
7
9
10
10
8
6
6
6
7
8
6
4
4
3
4
5
5
6
5
7
7
7
8
7
6
6
4
5
6
6
6
6
8
10
8
8
10
16
21
21
22
25
28
30
34
34
35
36
37
36
38
37
34
34
36
36
38
39
40
38
38
34
34
35
36
36
35
34
32
31
29
28
27
26
26
25
29
33
33
36
37
37
38
40
37
34
32
32
35
34
33
31
27
28
30
31
31
31
29
27
26
25
24
24
22
20
17
17
18
20
19
15
11
10
11
10
8
6
8
9
9
9
7
8
8
12
12
9
10
10
8
9
9
7
4
4
4
5
6
7
8
11
10
11
8
5
4
2
3
3
1
0
1
3
7
9
13
18
18
19
20
21
23
22
23
24
28
30
32
33
34
35
35
37
37
41
40
39
39
38
35
35
33
33
34
34
34
34
35
36
36
38
39
38
37
35
32
31
32
30
28
26
26
25
27
29
31
32
36
38
39
37
37
38
35
35
34
34
34
32
29
27
28
29
30
28
27
27
27
27
25
23
22
20
19
20
18
18
18
19
19
19
18
19
20
20
19
20
19
18
18
17
18
17
15
13
10
10
9
6
3
2
1
4
6
6
5
6
6
8
8
7
7
6
6
6
9
11
11
11
10
10
15
20
22
22
21
19
20
20
18
18
18
22
24
26
28
30
34
36
38
37
35
33
31
32
31
31
30
31
34
35
34
33
32
30
28
24
18
20
21
22
22
20
20
21
22
22
23
24
26
29
31
31
29
29
30
30
31
31
30
29
26
25
24
21
20
18
16
16
15
15
12
9
8
8
8
9
7
8
8
8
12
12
12
13
14
15
13
10
8
7
6
5
7
6
5
3
0
-1
-1
0
-1
-1
-2
-1
2
1
-3
-4
-2
2
4
6
5
3
2
0
-1
0
3
5
4
5
5
4
1
0
2
6
7
7
7
9
13
16
16
16
17
19
22
21
18
17
18
19
23
23
23
25
22
21
19
18
17
15
12
11
12
13
13
10
10
13
16
17
19
20
18
19
20
19
20
23
23
23
26
26
25
25
25
25
24
22
21
20
19
16
12
9
8
9
11
13
14
15
13
12
14
13
10
8
7
6
6
5
2
1
-1
2
3
3
3
3
3
3
2
0
-2
-2
-1
0
-1
-2
-2
-3
-3
-2
-1
0
1
1
0
-1
-3
-6
-4
-3
3
2
1
1
0
-2
-3
-2
-3
-4
-3
-4
-3
-1
0
1
4
5
7
6
6
5
5
5
4
6
8
9
11
14
15
12
12
11
10
10
7
5
4
6
8
8
7
5
3
5
5
5
4
5
5
6
6
9
9
10
11
12
13
14
12
10
9
11
11
9
6
5
7
7
6
6
5
6
5
5
6
8
8
6
0
1
0
-3
0
-2
1
-5
-2
-9
-6
-6
-7
-10
-9
-7
-8
-7
-3
-4
-4
-7
-10
-12
-11
-8
-10
-9
-7
-8
-6
-8
-12
-14
-15
-16
-15
-11
-11
-11
-12
-11
-13
-11
-10
-9
-11
-11
-13
-13
-11
-12
-13
-13
-10
-8
-7
-9
-9
-9
-7
-6
-7
-7
-4
-1
-1
0
-1
-2
-1
1
0
1
-1
-1
1
1
-1
-1
-2
-2
0
0
-1
-2
-2
0
1
4
5
5
7
5
4
5
5
6
7
8
11
13
11
11
12
11
13
12
10
11
11
13
14
12
12
11
11
11
8
7
7
7
7
6
4
5
5
5
4
3
3
0
-2
-4
-3
-2
-1
0
0
0
0
-3
-5
-4
-3
1
2
-1
-2
0
4
5
2
-2
-4
-3
-1
-3
-4
-5
-4
-4
-6
-6
-4
-3
-1
-3
-5
-6
-5
-5
-3
-4
-7
-7
-5
-7
-8
-7
-7
-5
-5
-4
-4
-4
-4
-5
-6
-6
-4
1
-1
-1
0
0
0
3
6
8
8
7
4
3
2
2
0
0
-1
-2
0
-2
-4
-6
-4
-4
2
4
6
6
5
7
7
6
8
9
9
12
12
11
11
11
12
12
13
9
7
4
0
-1
-2
-1
-2
-2
-5
-7
-7
-6
-7
-8
-8
-7
-6
-3
-3
-3
-1
-1
-1
-4
-5
-4
-4
-5
-8
-7
-7
-6
-5
-7
-9
-9
-11
-14
-16
-18
-18
-18
-16
-15
-14
-14
-14
-13
-14
-14
-14
-14
-15
-16
-16
-16
-18
-18
-18
-19
-21
-23
-24
-23
-21
-21
-22
-24
-21
-20
-20
-20
-19
-19
-16
-15
-15
-12
-12
-9
-7
-6
-6
-6
-6
-4
-5
-7
-8
-8
-7
-8
-9
-12
-14
-14
-16
-19
-19
-18
-19
-19
-18
-17
-17
-15
-14
-13
-12
-11
-11
-11
-10
-10
-8
-7
-8
-9
-11
-9
-6
-6
-7
-10
-11
-13
-14
-16
-14
-12
-13
-15
-17
-14
-12
-10
-10
-12
-13
-16
-16
-16
-16
-14
-12
-13
-14
-13
-14
-15
-18
-19
-19
-21
-22
-24
-24
-25
-25
-24
-24
-24
-24
-25
-26
-28
-28
-28
-27
-25
-24
-24
-27
-28
-26
-24
-22
-22
-21
-21
-21
-20
-22
-22
-23
-26
-25
-23
-22
-24
-26
-28
-29
-28
-26
-29
-29
-28
-26
-23
-21
-20
-23
-24
-25
-23
-21
-23
-23
-21
-21
-22
-23
-27
-27
-28
-27
-26
-26
-26
-24
-24
-25
-22
-22
-23
-22
-22
-20
-21
-21
-18
-16
-16
-17
-17
-18
-16
-14
-14
-12
-12
-12
-13
-14
-11
-10
-10
-10
-13
-13
-12
-11
-11
-13
-15
-16
-17
-18
-20
-22
-24
-24
-24
-23
-22
-21
-21
-22
-23
-26
-26
-25
-24
-24
-25
-28
-30
-30
-31
-30
-30
-30
-27
-27
-28
-27
-27
-27
-25
-26
-23
-23
-23
-24
-24
-25
-24
-24
-23
-24
-24
-22
-21
-21
-22
-23
-24
-25
-25
-27
-28
-26
-26
-28
-30
-30
-30
-29
-29
-29
-26
-26
-24
-23
-20
-18
-18
-20
-22
-19
-18
-19
-20
-21
-20
-18
-17
-15
-15
-15
-16
-17
-17
-18
-16
-19
-21
-20
-18
-16
-14
-11
-10
-12
-13
-13
-14
-13
-13
-14
-14
-16
-15
-14
-14
-14
-13
-14
-14
-14
-14
-15
-14
-14
-14
-15
-14
-13
-12
-13
-13
-12
-13
-15
-15
-17
-16
-17
-16
-15
-15
-17
-20
-24
-24
-22
-21
-19
-21
-22
-22
-21
-23
-22
-22
-22
-20
-20
-20
-19
-19
-20
-20
-21
-21
-21
-21
-20
-23
-25
-25
-25
-24
-26
-28
-29
-29
-28
-29
-31
-32
-31
-30
-31
-33
-35
-34
-31
-33
-33
-33
-35
-35
-34
-35
-36
-37
-36
-38
-36
-35
-35
-32
-33
-33
-33
-35
-35
-34
-33
-34
-37
-37
-38
-36
-32
-31
-29
-28
-29
-32
-34
-33
-33
-34
-33
-33
-31
-29
-29
-31
-32
-31
-30
-30
-31
-33
-34
-33
-31
-29
-28
-31
-29
-29
-29
-30
-30
-28
-28
-28
-28
-27
-25
-23
-22
-24
-26
-26
-29
-30
-29
-29
-31
-31
-34
-33
-32
-32
-32
-33
-32
-31
-31
-32
-33
-33
-33
-35
-35
-35
-34
-35
-35
-34
-34
-35
-33
-32
-33
-33
-33
-33
-34
-36
-37
-37
-35
-35
-35
-35
-36
-36
-37
-34
-34
-33
-35
-36
-33
-34
-36
-36
-35
-33
-34
-37
-39
-38
-35
-36
-37
-36
-37
-35
-36
-35
-35
-35
-33
-30
-32
-32
-32
-34
-33
-34
-33
-31
-29
-27
-26
-27
-29
-31
-28
-24
-21
-21
-23
-24
-25
-26
-24
-25
-24
-23
-24
-22
-21
-20
-21
-20
-22
-20
-18
-21
-23
-22
-22
-23
-23
-24
-22
-20
-19
-19
-18
-18
-17
-20
-21
-21
-21
-21
-22
-23
-23
-21
-22
-22
-22
-22
-22
-20
-19
-19
-19
-20
-20
-20
-21
-23
-23
-22
-23
-24
-26
-26
-24
-24
-25
-25
-22
-20
-19
-19
-22
-25
-23
-21
-22
-21
-21
-22
-23
-23
-24
-24
-24
-24
-26
-27
-25
-24
-25
-27
-30
-31
-28
-25
-24
-24
-24
-25
-25
-25
-25
-24
-25
-24
-24
-24
-26
-26
-26
-26
-27
-29
-27
-27
-26
-27
-28
-28
-27
-26
-28
-27
-26
-27
-29
-29
-26
-24
-25
-26
-27
-23
-24
-23
-23
-25
-26
-25
-25
-23
-22
-22
-21
-20
-19
-18
-20
-21
-23
-23
-23
-19
-19
-21
-21
-23
-22
-22
-23
-23
-23
-22
-20
-19
-19
-19
-20
-21
-20
-19
-19
-19
-20
-20
-22
-21
-22
-22
-22
-24
-24
-25
-25
-27
-27
-27
-27
-25
-22
-21
-22
-26
-27
-26
-26
-25
-24
-22
-20
-19
-19
-22
-24
-25
-26
-26
-27
-27
-28
-30
-31
-26
-25
-25
-27
-28
-27
-24
-23
-24
-24
-23
-25
-24
-23
-21
-18
-19
-20
-20
-18
-17
-20
-20
-19
-19
-19
-17
-18
-19
-20
-19
-20
-18
-19
-20
-18
-18
-18
-19
-20
-20
-19
-18
-17
-18
-18
-17
-16
-15
-13
-16
-19
-20
-21
-18
-18
-18
-19
-18
-18
-18
-16
-16
-15
-14
-15
-14
-14
-13
-13
-14
-14
-13
-12
-12
-11
-11
-11
-11
-11
-14
-17
-19
-18
-13
-12
-15
-20
-19
-18
-17
-16
-16
-16
-15
-15
-13
-14
-10
-11
-14
-14
-16
-16
-15
-16
-16
-17
-16
-14
-16
-14
-16
-18
-20
-21
-20
-17
-15
-14
-13
-13
-15
-18
-19
-17
-15
-13
-12
-14
-15
-15
-16
-15
-15
-16
-17
-15
-16
-18
-18
-15
-17
-17
-14
-16
-17
-17
-17
-16
-16
-16
-18
-17
-15
-14
-13
-15
-14
-14
-14
-14
-16
-15
-13
-11
-13
-15
-16
-15
-12
-11
-11
-13
-15
-15
-15
-14
-13
-12
-11
-12
-12
-13
-13
-14
-15
-14
-12
-10
-10
-10
-11
-14
-14
-14
-12
-12
-13
-13
-13
-14
-15
-17
-15
-14
-15
-16
-17
-15
-16
-14
-13
-14
-13
-15
-16
-16
-16
-16
-16
-15
-15
-13
-14
-14
-15
-16
-17
-16
-16
-16
-17
-19
-19
-17
-16
-14
-15
-16
-14
-15
-14
-15
-16
-19
-20
-22
-21
-18
-19
-18
-18
-18
-16
-17
-18
-19
-21
-21
-19
-18
-16
-13
-13
-16
-17
-16
-15
-14
-15
-18
-18
-18
-18
-18
-18
-17
-17
-18
-16
-16
-14
-14
-15
-14
-14
-14
-15
-15
-15
-15
-17
-19
-19
-20
-20
-19
-18
-18
-19
-19
-19
-19
-17
-17
-18
-19
-18
-18
-17
-17
-19
-18
-19
-19
-20
-19
-18
-17
-16
-18
-20
-20
-19
-19
-21
-20
-21
-21
-23
-23
-23
-23
-22
-20
-21
-21
-23
-23
-21
-20
-20
-19
-18
-18
-19
-19
-20
-19
-21
-22
-23
-24
-24
-23
-23
-23
-22
-21
-21
-22
-22
-21
-22
-22
-24
-25
-24
-23
-21
-21
-21
-21
-21
-21
-22
-23
-23
-24
-24
-23
-22
-21
-20
-20
-22
-22
-22
-19
-19
-20
-23
-26
-24
-23
-22
-22
-22
-23
-24
-23
-25
-23
-22
-21
-21
-20
-19
-19
-18
-21
-24
-23
-21
-18
-18
-20
-21
-20
-19
-19
-21
-22
-22
-20
-18
-18
-20
-22
-21
-19
-18
-18
-20
-21
-20
-20
-20
-19
-18
-18
-19
-17
-18
-17
-17
-17
-18
-18
-19
-20
-19
-18
-17
-17
-19
-19
-18
-17
-16
-16
-18
-18
-17
-17
-16
-15
-16
-17
-15
-15
-15
-14
-15
-15
-14
-16
-14
-14
-16
-15
-15
-13
-14
-16
-17
-16
-16
-16
-16
-17
-16
-15
-16
-15
-14
-13
-15
-16
-15
-16
-14
-14
-15
-15
-15
-15
-15
-14
-14
-12
-10
-10
-11
-11
-9
-10
-12
-15
-16
-13
-13
-13
-13
-14
-13
-11
-10
-9
-7
-8
-11
-13
-12
-8
-5
-6
-7
-10
-10
-7
-5
-6
-7
-8
-9
-9
-8
-8
-8
-6
-8
-7
-5
-3
-4
-4
-3
-2
-1
-2
-2
-1
0
-3
-3
-4
-6
-6
-4
-4
-4
-4
-4
-4
-2
-3
-6
-8
-8
-7
-6
-6
-5
-5
-6
-6
-7
-8
-6
-5
-5
-5
-5
-6
-7
-9
-8
-7
-8
-7
-8
-7
-7
-5
-7
-9
-10
-8
-9
-10
-10
-10
-10
-11
-10
-9
-10
-11
-11
-9
-10
-10
-9
-11
-11
-12
-13
-13
-11
-11
-9
-9
-10
-10
-10
-9
-9
-9
-12
-11
-9
-10
-11
-12
-12
-11
-9
-10
-12
-12
-13
-11
-9
-8
-9
-10
-10
-9
-7
-6
-7
-8
-10
-10
-11
-11
-9
-10
-10
-10
-10
-10
-9
-11
-10
-9
-6
-6
-9
-12
-12
-12
-10
-12
-13
-12
-11
-10
-8
-8
-9
-9
-10
-9
-8
-5
-8
-10
-10
-8
-7
-8
-8
-8
-8
-6
-6
-6
-8
-10
-9
-9
-9
-7
-6
-6
-6
-7
-6
-5
-5
-6
-6
-5
-3
-4
-6
-7
-7
-3
-3
-5
-7
-7
-5
-2
-3
-5
-6
-7
-6
-6
-5
-5
-6
-5
-3
-2
-3
-10
-11
-9
-5
-2
-2
-3
-2
-3
-3
-4
-4
-3
-3
-3
-2
-1
-2
-2
-3
-3
-2
-2
-3
-5
-3
-1
1
0
-1
-1
0
2
4
4
2
2
1
2
2
2
2
2
3
4
3
4
6
7
6
6
6
6
6
6
6
7
7
9
11
12
15
15
14
12
14
13
12
10
9
11
10
11
10
13
12
11
10
11
14
14
13
12
13
15
16
13
10
8
10
12
11
11
12
13
15
14
11
9
9
13
14
13
13
11
10
8
8
8
10
10
9
9
9
9
8
9
9
10
13
14
12
13
12
12
11
10
9
10
12
12
12
11
12
11
11
10
10
10
9
8
8
11
11
12
10
10
9
9
9
10
9
9
11
12
12
13
11
11
9
8
8
9
11
12
14
12
9
7
8
8
9
7
8
10
11
12
10
10
11
11
12
11
11
11
9
9
9
10
8
7
9
9
10
10
9
6
5
7
9
11
9
8
6
7
9
9
7
7
8
9
9
9
9
9
9
8
8
8
9
10
11
10
10
10
9
9
9
7
5
5
7
7
8
6
8
6
5
5
4
6
7
6
4
4
2
4
4
5
6
4
4
4
3
4
3
3
4
4
2
0
-1
1
4
5
6
4
3
3
4
5
5
6
6
8
8
8
7
8
8
9
10
8
9
10
11
11
10
7
5
6
7
7
6
7
8
8
8
8
9
8
8
8
9
6
6
7
9
8
8
8
7
8
9
9
8
6
5
6
6
5
2
3
4
5
6
5
5
5
5
4
5
6
7
7
5
4
3
4
2
2
0
2
3
1
-1
-1
0
1
2
2
3
4
1
1
0
1
1
0
2
4
3
3
2
0
-2
-1
1
2
2
-1
-2
-3
0
0
-2
-3
-5
-4
-5
-4
-4
-3
-2
-2
-3
-4
-5
-6
-6
-7
-7
-2
1
0
-2
-3
-4
-4
-4
-6
-5
-4
-4
-5
-4
-5
-6
-6
-8
-9
-7
-4
-4
-3
-3
-6
-5
-4
-4
-5
-5
-5
-3
-4
-3
-3
-4
-4
-5
-3
-3
-2
-3
-4
-3
-4
-3
-2
-3
-3
-3
-1
0
2
2
0
-1
-1
-1
1
2
2
2
1
-1
-2
-2
1
3
4
4
1
0
-1
-1
1
1
1
1
1
-1
-2
-1
1
2
2
3
3
2
3
3
3
5
4
3
4
3
1
-1
-1
0
2
1
1
1
1
2
1
3
3
1
-2
-3
-3
0
0
0
-1
-1
-1
-1
0
-1
1
2
0
0
-2
-1
-3
-3
-3
-1
-2
-1
1
-1
1
2
3
4
4
2
0
0
1
0
1
1
2
5
4
5
5
3
2
2
1
1
2
3
4
4
4
2
4
5
4
5
3
4
3
4
5
5
5
5
4
5
5
6
6
6
7
8
8
7
6
5
5
6
5
4
5
6
8
6
4
3
4
4
4
5
4
5
4
4
3
3
1
2
2
3
1
0
-2
-1
0
-1
-2
-5
-5
-3
0
-1
-2
-6
-8
-7
-5
-3
-2
-2
-3
-6
-7
-4
-2
-3
-4
-2
-3
-1
-1
-3
-6
-7
-5
-3
-1
-6
-9
-10
-6
-6
-7
-7
-6
-5
-2
-2
-3
-3
-4
-3
-1
0
-2
-6
-8
-8
-7
-4
-6
-6
-6
-4
-2
-1
-1
-3
-1
0
0
1
0
-1
-3
-4
-4
-4
-3
-2
0
1
0
-2
-2
-4
-3
-1
1
3
3
2
2
2
1
0
0
0
2
4
3
3
2
2
3
2
1
2
1
4
5
5
4
3
2
2
2
2
2
1
0
2
6
5
4
1
-1
3
4
2
0
1
2
0
1
1
3
3
2
3
4
4
2
2
2
5
5
2
1
1
0
4
5
4
4
4
5
3
1
0
1
4
5
4
2
-2
-2
-2
-2
-2
-2
0
0
1
0
0
0
1
1
-1
-1
0
1
0
0
1
1
1
1
0
1
4
6
4
2
3
4
5
5
4
4
5
5
7
6
7
7
4
4
5
5
6
6
6
6
6
6
5
6
5
5
5
7
7
7
6
6
8
9
10
8
5
4
2
2
4
6
8
7
5
5
6
6
6
5
4
5
6
6
3
1
1
2
2
3
3
4
4
4
3
2
2
2
1
-1
-2
-2
1
0
-1
-3
-1
-1
-3
-3
-3
-2
0
0
0
-1
-2
-1
0
0
-1
-1
-2
-2
-2
-1
-1
-1
-1
-1
1
-1
-2
-1
-1
0
1
-2
-4
-3
-1
0
-2
-3
-4
-5
-3
-3
-2
-3
-5
-5
-5
-5
-4
-7
-6
-6
-4
-3
-5
-6
-7
-6
-5
-3
-5
-5
-5
-7
-7
-6
-4
-3
-3
-4
-4
-4
-2
-2
-3
-2
-2
-2
-1
-2
-1
-2
-2
-1
-2
-2
-2
-1
-1
0
1
1
0
0
2
3
3
4
4
2
0
-2
-3
-4
-2
2
5
4
2
2
2
3
1
-2
-5
-3
-2
-1
0
-2
-2
0
1
1
1
1
0
-1
-1
0
-1
1
-1
-1
0
0
-1
-2
-2
-2
0
0
-1
1
2
0
0
1
0
2
2
0
-2
-4
-4
-4
-3
-2
-2
-2
-2
0
0
1
-1
-5
-5
-6
-4
-3
-3
-3
-4
-3
-2
-2
-3
-5
-4
-2
-2
-2
-2
-2
1
1
-1
-2
-3
-3
-3
-1
-1
-2
-5
-6
-6
-4
-4
-6
-6
-4
-1
-1
-2
-4
-4
-6
-4
-2
0
0
-1
-1
-1
-1
0
-1
-2
-1
-1
0
2
0
0
0
0
0
-1
0
0
-1
-2
-4
-3
0
1
1
1
1
1
0
0
-1
0
1
2
1
2
3
2
2
-1
-1
-1
1
2
1
-1
-2
-2
-1
0
0
-2
-2
0
-1
-1
-2
0
2
2
1
0
-1
-2
0
0
0
-1
-2
-1
0
0
2
1
1
1
0
0
2
1
3
3
1
0
-2
-1
1
2
2
1
0
0
1
-2
-1
0
-1
-2
-3
-4
-2
-1
0
-2
-4
-5
-4
-1
0
-1
-3
-2
-1
0
-3
-1
1
1
1
1
-1
0
2
1
1
0
2
3
3
1
-1
-2
-2
-2
1
0
0
1
2
2
0
0
-1
-2
0
2
2
1
-1
-1
-2
-2
-2
-4
-4
-1
1
-1
0
2
3
3
3
3
3
2
2
-1
-2
0
2
0
-1
-1
0
1
-1
0
-1
0
1
0
-1
-2
-3
-6
-5
-4
-2
-3
-4
-6
-6
-5
-4
-5
-3
-3
-3
-3
-2
-2
-2
-4
-5
-6
-6
-4
-4
-2
-2
-3
-4
-6
-6
-7
-6
-8
-11
-11
-12
-9
-9
-9
-13
-11
-11
-11
-11
-13
-12
-10
-9
-8
-11
-13
-12
-12
-11
-10
-12
-12
-12
-12
-12
-13
-14
-15
-14
-11
-10
-12
-13
-12
-10
-11
-11
-10
-10
-10
-11
-13
-10
-10
-11
-12
-11
-8
-6
-6
-9
-10
-10
-8
-7
-9
-13
-12
-10
-7
-7
-8
-7
-9
-10
-11
-10
-11
-10
-11
-10
-10
-8
-8
-8
-8
-10
-8
-10
-13
-13
-12
-11
-12
-15
-16
-13
-11
-13
-14
-14
-14
-15
-14
-13
-12
-11
-10
-12
-14
-13
-13
-12
-12
-12
-13
-12
-12
-11
-11
-11
-11
-8
-8
-9
-10
-9
-9
-9
-10
-11
-11
-11
-11
-13
-13
-9
-6
-7
-9
-10
-13
-12
-12
-13
-10
-11
-13
-14
-13
-13
-12
-11
-10
-9
-8
-10
-11
-10
-10
-12
-14
-13
-10
-9
-11
-12
-9
-7
-8
-9
-9
-7
-6
-6
-7
-5
-3
1
0
-4
-7
-7
-7
-4
-4
-3
-3
-2
-2
-3
-1
0
-1
-3
-5
-4
-3
-1
-2
-3
-3
-4
-4
-3
-3
-4
-5
-5
-5
-6
-4
-4
-4
-1
0
-1
-3
-4
-3
-3
-3
-6
-9
-7
-6
-4
-2
0
0
-1
-4
-6
-6
-3
-2
-2
-1
-1
-1
-2
-4
-5
-4
-4
-5
-5
-3
-2
-1
-1
-2
-2
-1
-1
-1
-2
-2
-1
-3
-3
-5
-6
-5
-7
-7
-8
-11
-10
-7
-5
-4
-4
-5
-5
-2
-1
0
-2
-4
-3
-3
-3
-3
-2
-1
-3
-2
-2
-1
-2
-4
-3
0
1
0
-1
-5
-3
-1
-1
0
0
-2
-2
-2
-1
0
0
0
-1
0
0
-2
-3
-2
0
0
1
0
-2
-2
0
0
0
0
1
0
-2
-3
-2
0
2
0
-2
-1
-1
-1
-3
-3
-3
-2
-2
-3
-4
-3
-1
2
1
1
-1
-2
-2
-2
-1
1
0
0
3
3
0
-1
-1
0
3
3
2
4
3
3
2
3
3
4
3
3
4
5
8
9
9
10
10
8
6
6
5
4
5
5
4
7
5
7
6
3
2
2
6
8
7
6
6
7
7
9
6
6
7
7
6
5
5
5
5
3
3
3
3
5
7
8
7
7
8
9
10
11
12
12
11
12
13
11
8
8
10
13
15
15
14
12
12
12
14
17
15
13
13
13
14
15
14
13
11
10
11
10
12
11
10
11
10
9
8
8
9
12
12
10
12
13
12
12
10
10
10
11
12
12
14
16
16
13
11
10
11
13
12
13
12
12
12
11
14
14
13
12
11
11
12
14
15
12
9
9
9
9
10
11
10
11
13
13
12
12
11
10
11
10
12
12
13
12
11
13
16
16
16
13
12
11
12
13
15
14
14
14
13
13
10
9
9
9
11
14
15
15
14
14
13
12
12
12
12
12
11
12
14
15
15
15
15
16
14
14
14
13
13
13
15
17
19
19
17
17
16
17
18
16
17
15
16
15
14
15
15
14
13
13
12
15
16
14
12
11
14
17
17
18
18
17
16
16
17
18
18
18
17
16
17
16
15
15
15
17
17
17
19
18
17
17
17
19
19
18
21
21
20
19
20
22
21
17
16
18
20
21
19
16
17
18
19
20
19
19
17
19
19
18
18
16
16
17
19
19
18
18
17
16
16
16
16
15
16
17
17
17
16
14
14
17
16
14
15
16
19
18
16
15
15
16
18
18
19
19
19
17
16
15
16
17
18
19
19
19
18
19
18
17
18
19
20
20
17
15
13
12
13
15
16
14
14
14
15
16
16
15
15
17
17
16
15
13
12
12
16
16
16
18
14
13
12
12
14
15
14
12
13
15
17
15
11
10
12
14
13
12
10
12
13
13
13
12
12
15
13
15
16
18
17
17
14
14
15
12
11
10
9
12
11
11
11
10
10
10
11
11
11
11
11
10
9
7
8
9
8
8
7
6
6
6
7
7
8
8
5
6
6
7
9
10
9
10
8
8
8
7
7
6
8
9
11
10
8
9
9
8
7
7
6
8
9
9
8
9
9
10
8
7
10
8
8
9
10
12
12
10
8
8
12
12
13
12
12
12
11
12
10
11
13
13
12
13
13
13
13
15
12
13
13
15
14
12
12
14
15
17
18
16
15
15
14
13
11
14
16
18
17
17
17
18
20
20
18
17
17
18
19
22
23
22
23
20
21
21
20
20
18
21
22
24
23
22
20
21
19
18
20
20
23
24
25
22
21
22
20
21
20
22
22
21
22
22
22
23
22
19
20
20
24
24
23
23
22
22
19
20
21
25
19
20
19
18
23
23
22
21
21
24
24
24
23
21
21
22
23
23
22
22
22
21
20
19
15
17
16
17
19
18
19
19
17
16
16
16
16
17
18
17
17
15
12
13
12
12
15
14
14
13
13
12
12
12
12
11
13
14
16
19
18
16
14
13
15
17
18
17
14
13
14
14
13
11
9
12
12
12
12
13
15
15
14
13
13
12
12
11
8
8
10
11
12
13
11
11
10
11
10
9
9
10
11
12
11
8
5
7
9
11
10
9
7
8
9
9
7
3
4
5
6
6
8
6
7
4
4
4
5
5
6
4
4
4
1
2
-1
0
0
0
0
1
3
6
6
3
2
4
4
3
3
-1
0
0
-1
0
-1
2
3
0
-1
2
3
3
3
2
2
2
1
-2
-3
-3
-2
-1
-2
-2
0
0
1
0
-2
-2
-3
-4
-4
-3
-1
0
2
2
-1
-1
0
0
-1
-1
-1
-1
1
1
-2
-2
-3
-2
0
0
1
1
3
3
2
3
4
2
1
-1
0
3
4
5
3
0
-1
-1
0
-1
-1
-1
1
4
1
0
-1
1
2
0
-2
-1
1
2
0
-4
-2
-1
1
2
0
1
3
5
3
0
-1
-2
-2
-2
-2
-4
0
1
-2
-1
1
3
2
1
-3
-5
-4
-4
0
0
0
2
0
-2
-3
-3
-4
-4
-3
-3
-4
-4
-2
-2
0
-1
-4
-4
-4
-4
-3
-3
-6
-4
-1
-1
0
-1
-4
-5
-3
-1
-2
-3
-3
-2
1
1
-2
-3
-4
-4
-4
-3
-3
-4
-2
-1
0
0
1
0
-1
1
2
1
0
1
3
5
5
3
2
2
1
1
1
0
0
1
3
4
1
-1
-3
-2
1
4
5
2
1
3
3
4
2
1
2
5
5
5
3
1
2
2
4
6
6
4
3
2
4
6
7
4
1
3
5
6
4
2
2
3
4
5
4
5
3
1
1
0
1
2
4
4
3
3
2
1
1
-1
0
2
3
0
-4
-3
-2
-1
-1
-2
-1
1
1
-2
-1
0
0
-2
-4
-3
-3
-1
0
-1
0
-1
1
2
1
1
-1
-1
-2
0
0
1
1
2
3
2
1
0
-1
0
2
2
3
0
-2
-2
-1
3
7
5
1
2
2
2
1
1
3
1
0
-1
-1
0
-1
-2
-5
-3
-1
0
-1
0
-1
1
3
3
7
6
8
8
5
6
4
6
2
-5
-7
-10
-12
-12
-16
-14
-13
-11
-9
-8
-7
-5
-5
-1
0
3
7
8
8
6
3
2
1
0
-3
-6
-8
-8
-11
-13
-15
-12
-11
-9
-8
-6
-3
-4
-4
-4
-2
-4
-4
-4
-3
-5
-8
-11
-13
-14
-13
-14
-15
-15
-12
-8
-5
-4
-6
-7
-4
-1
-2
-4
-7
-9
-7
-8
-11
-13
-16
-16
-16
-15
-15
-14
-12
-12
-9
-7
-7
-7
-8
-11
-13
-12
-13
-15
-18
-18
-18
-19
-20
-20
-17
-14
-14
-14
-11
-9
-6
-5
-5
-4
-2
-4
-4
-6
-6
-6
-6
-8
-11
-12
-11
-10
-10
-8
-8
-8
-8
-6
-5
-5
-6
-6
-7
-6
-5
-7
-8
-9
-10
-11
-11
-12
-12
-10
-10
-8
-9
-6
-4
-5
-7
-9
-9
-7
-6
-5
-7
-9
-7
-6
-6
-7
-6
-6
-6
-6
-9
-9
-8
-6
-6
-6
-4
-5
-6
-8
-8
-7
-6
-6
-7
-7
-8
-7
-7
-8
-9
-10
-9
-7
-6
-6
-6
-6
-7
-6
-7
-7
-5
-4
-3
-3
-5
-5
-4
-4
-4
-5
-8
-7
-5
-4
-3
-3
-5
-4
-2
0
1
0
-1
-1
0
-1
-4
-3
-6
-6
-6
-5
-3
-1
-2
-4
-5
-2
-2
-3
-6
-7
-6
-6
-7
-7
-7
-5
-5
-5
-4
-2
-2
-3
-5
-6
-6
-7
-7
-6
-7
-6
-7
-6
-4
-3
-3
-4
-7
-6
-5
-5
-2
-2
-2
-6
-8
-8
-7
-6
-8
-9
-9
-7
-8
-9
-11
-12
-11
-11
-12
-12
-9
-8
-8
-10
-12
-14
-15
-15
-12
-11
-11
-10
-12
-14
-13
-14
-13
-14
-15
-14
-13
-15
-16
-15
-13
-14
-13
-13
-13
-14
-14
-14
-14
-14
-15
-15
-14
-11
-11
-13
-17
-19
-22
-19
-17
-17
-16
-18
-18
-17
-16
-16
-17
-18
-20
-20
-21
-20
-19
-17
-19
-18
-19
-21
-21
-21
-21
-22
-22
-21
-20
-19
-18
-18
-18
-20
-21
-22
-22
-21
-19
-21
-23
-25
-26
-21
-21
-19
-20
-20
-19
-19
-20
-22
-22
-23
-23
-26
-25
-25
-24
-22
-20
-22
-21
-20
-19
-21
-21
-20
-18
-18
-20
-22
-22
-21
-22
-24
-25
-25
-22
-22
-21
-22
-22
-21
-21
-20
-22
-23
-22
-21
-23
-22
-22
-23
-23
-23
-24
-23
-22
-21
-21
-24
-24
-25
-25
-25
-25
-25
-23
-22
-21
-21
-21
-23
-24
-25
-25
-25
-23
-25
-25
-26
-25
-25
-23
-25
-24
-24
-25
-26
-26
-24
-21
-17
-19
-20
-23
-25
-27
-25
-23
-23
-22
-22
-23
-22
-20
-18
-21
-21
-22
-20
-19
-18
-19
-21
-19
-17
-15
-15
-15
-15
-15
-16
-16
-18
-18
-17
-18
-18
-19
-19
-19
-17
-16
-17
-18
-19
-18
-17
-16
-16
-15
-14
-14
-16
-17
-18
-18
-16
-14
-14
-14
-14
-15
-17
-18
-16
-15
-14
-17
-18
-14
-12
-12
-14
-16
-16
-14
-12
-13
-14
-17
-18
-18
-16
-15
-15
-16
-15
-14
-12
-12
-11
-13
-15
-18
-19
-18
-19
-18
-16
-17
-19
-20
-20
-19
-15
-13
-12
-12
-12
-12
-13
-14
-13
-12
-11
-10
-11
-11
-13
-13
-11
-10
-11
-12
-11
-11
-12
-12
-11
-9
-9
-11
-14
-14
-11
-10
-10
-11
-13
-12
-12
-13
-13
-14
-13
-11
-10
-11
-12
-12
-11
-12
-11
-13
-14
-16
-15
-13
-15
-13
-14
-13
-14
-12
-13
-14
-15
-16
-15
-13
-10
-8
-7
-8
-8
-9
-11
-11
-10
-10
-11
-12
-12
-11
-10
-12
-14
-15
-15
-15
-14
-12
-11
-11
-10
-9
-9
-10
-13
-13
-13
-12
-11
-13
-12
-11
-10
-11
-12
-14
-13
-13
-13
-12
-12
-11
-12
-12
-13
-13
-12
-13
-15
-15
-13
-12
-10
-8
-11
-14
-16
-16
-14
-12
-13
-14
-12
-11
-11
-12
-14
-13
-12
-12
-12
-13
-14
-14
-15
-15
-13
-12
-14
-13
-14
-11
-12
-14
-14
-15
-13
-13
-13
-15
-16
-14
-13
-13
-13
-12
-13
-14
-15
-14
-14
-14
-15
-16
-17
-16
-17
-17
-14
-13
-11
-13
-13
-13
-11
-10
-10
-11
-12
-11
-10
-9
-8
-7
-9
-9
-9
-9
-7
-4
-2
-3
-3
-4
-4
-5
-6
-6
-5
-3
-3
-3
-4
-5
-5
-5
-5
-3
-2
-1
-1
-1
-1
-2
-3
-4
-3
-5
-6
-6
-4
-1
-3
-3
-3
-4
-6
-5
-4
-4
-4
-3
-4
-4
-3
-1
-3
-4
-3
-4
-3
-2
-1
1
2
2
1
2
1
0
-1
1
4
2
2
2
0
0
-1
2
3
5
4
4
4
4
5
3
4
4
4
4
4
3
4
2
2
2
2
2
2
1
1
2
4
6
5
4
4
2
6
6
5
3
5
7
8
6
4
4
5
6
6
7
6
5
4
4
5
5
6
5
5
7
6
9
10
8
8
9
8
9
10
10
12
13
11
9
6
5
8
11
13
11
9
9
9
10
8
8
7
6
7
9
10
10
10
10
9
9
11
11
10
9
7
6
7
9
9
9
8
8
9
9
11
11
11
10
9
7
8
10
10
9
9
10
8
8
10
10
10
9
8
8
10
11
11
10
8
8
4
5
4
5
6
8
10
10
9
8
9
8
6
6
7
7
7
5
3
3
5
7
8
10
10
9
7
5
6
5
5
3
3
3
4
7
6
7
7
8
9
10
11
9
7
6
7
9
9
7
6
5
5
4
4
7
7
8
6
5
4
4
3
3
4
6
8
6
5
4
4
4
1
0
2
2
3
5
2
2
1
2
0
0
-1
-1
-1
1
2
-1
-3
-1
0
0
-3
-5
-3
-2
-3
-5
-4
-7
-5
-3
0
3
2
0
-1
-1
0
0
-4
-5
-7
-4
-3
-1
-2
-2
-4
-5
-3
1
0
-3
-2
1
3
2
1
-1
-2
-3
-2
-4
-1
-1
-3
-2
-1
-2
-1
-2
-2
2
2
2
2
0
0
0
1
1
1
0
0
-2
-2
0
0
1
-2
-1
1
2
3
2
3
3
3
4
2
0
0
1
2
4
4
5
3
1
1
3
4
0
0
3
5
7
7
6
5
6
7
5
6
5
5
5
5
7
7
7
3
3
4
8
9
8
7
6
8
10
12
12
9
8
6
9
11
13
13
13
13
12
11
9
8
10
11
12
14
15
13
13
15
15
13
12
13
13
11
12
11
9
9
7
9
11
14
14
12
10
10
13
10
9
10
10
11
12
11
11
9
8
7
7
8
9
9
9
8
7
10
10
8
7
7
7
8
9
11
11
11
10
8
7
8
9
10
11
11
11
10
10
12
11
10
6
6
7
9
8
6
6
7
6
4
4
3
5
7
7
5
5
6
8
9
7
7
8
7
6
7
6
8
10
9
6
6
4
4
4
4
4
2
1
2
3
4
3
2
3
5
6
4
5
3
3
4
5
5
4
2
1
2
5
7
10
7
5
6
6
7
4
1
-1
2
3
2
2
0
0
-1
0
2
1
1
2
3
4
3
0
1
2
0
-2
-2
-2
-1
-2
-5
-5
-5
-4
-4
-3
-4
-3
-4
-6
-5
-5
-2
0
1
1
0
-2
-3
-3
-2
1
3
2
-1
-2
-5
-4
-1
-1
-1
0
-1
-2
-1
-4
-3
-4
-6
-5
-4
-2
-2
-3
-6
-4
-4
-3
-2
-2
-3
-4
-5
-7
-5
-6
-6
-6
-6
-6
-4
-3
-2
-2
-4
-5
-7
-7
-5
-6
-5
-5
-5
-5
-4
-4
-5
-7
-6
-6
-5
-5
-6
-5
-6
-5
-7
-8
-7
-7
-6
-7
-6
-6
-5
-4
-5
-6
-6
-5
-6
-6
-6
-4
-2
-1
0
-2
-4
-4
-4
-4
-2
-2
-3
-4
-4
-4
-6
-5
-4
-4
-3
-5
-6
-6
-6
-5
-4
-2
0
-1
-3
-6
-6
-5
-4
-5
-5
-5
-3
-2
-2
-3
-3
-4
-2
-1
-2
-3
-2
-2
-3
-3
-2
0
1
1
0
-3
-3
-1
-1
0
-1
0
1
1
1
0
-2
0
0
0
0
-2
-3
-1
-1
-2
-2
-2
-1
-1
-2
-2
-2
0
-2
-4
-2
-1
0
1
1
0
0
-1
0
0
1
3
2
1
3
1
-1
-1
-2
-1
1
0
2
2
3
4
4
2
1
2
3
4
3
2
3
4
4
4
3
2
1
1
3
4
5
4
2
2
4
5
5
5
4
4
4
4
4
4
3
4
4
4
4
4
4
5
5
3
3
5
6
8
7
3
3
5
6
5
4
4
5
7
7
5
4
5
5
6
7
9
11
12
11
8
5
4
4
4
6
8
8
8
5
4
4
4
5
5
3
4
3
3
3
3
2
1
1
0
2
0
-1
-1
-1
-1
1
0
1
-1
-2
-2
0
1
1
0
-1
0
1
1
1
1
2
3
3
1
1
1
1
2
4
6
5
3
4
4
4
3
0
-1
0
2
4
4
2
1
0
-1
-2
0
-1
-1
-3
-2
-2
-2
-1
-1
0
1
0
-1
0
0
-1
-4
-5
-4
-2
-3
-3
-4
-5
-3
0
-2
-4
-5
-4
-5
-4
-3
-4
-3
-4
-5
-4
-5
-4
-6
-7
-8
-8
-8
-6
-7
-8
-7
-6
-5
-5
-7
-7
-5
-6
-6
-7
-10
-8
-7
-8
-9
-9
-10
-9
-7
-8
-7
-7
-7
-10
-10
-8
-5
-4
-5
-8
-9
-7
-8
-10
-10
-11
-10
-12
-13
-14
-15
-13
-12
-13
-12
-11
-10
-9
-11
-12
-15
-14
-11
-9
-9
-11
-11
-12
-14
-13
-12
-11
-11
-11
-9
-9
-9
-9
-8
-7
-6
-8
-9
-7
-7
-8
-8
-9
-9
-9
-8
-7
-6
-7
-5
-6
-8
-8
-7
-6
-6
-6
-8
-9
-9
-10
-11
-9
-8
-6
-7
-9
-10
-9
-10
-10
-10
-10
-11
-11
-11
-10
-9
-11
-12
-11
-12
-12
-14
-14
-13
-11
-10
-10
-14
-16
-16
-15
-14
-12
-11
-9
-10
-10
-10
-9
-10
-9
-9
-9
-9
-9
-10
-10
-11
-11
-13
-13
-12
-11
-10
-10
-10
-9
-7
-9
-9
-8
-9
-11
-15
-14
-12
-11
-11
-11
-11
-12
-11
-13
-12
-10
-8
-9
-11
-11
-11
-11
-13
-14
-14
-12
-13
-12
-10
-8
-9
-11
-15
-17
-15
-14
-12
-14
-14
-13
-12
-13
-13
-13
-14
-11
-11
-9
-9
-8
-7
-8
-9
-8
-9
-11
-12
-13
-13
-13
-13
-13
-15
-15
-15
-15
-13
-13
-13
-13
-12
-12
-14
-17
-18
-19
-17
-17
-18
-17
-17
-16
-14
-17
-17
-17
-16
-16
-15
-15
-17
-18
-16
-15
-15
-16
-16
-14
-14
-14
-13
-14
-13
-13
-13
-15
-14
-16
-15
-14
-15
-15
-15
-17
-16
-16
-14
-15
-15
-17
-18
-19
-18
-18
-17
-18
-16
-16
-19
-21
-21
-18
-17
-16
-17
-18
-17
-17
-15
-16
-16
-19
-19
-20
-21
-22
-19
-19
-19
-17
-16
-15
-14
-16
-18
-19
-17
-16
-13
-13
-15
-15
-14
-12
-13
-12
-13
-11
-11
-12
-13
-12
-10
-10
-11
-12
-12
-13
-11
-11
-11
-12
-12
-11
-10
-12
-12
-13
-12
-12
-13
-13
-13
-13
-13
-13
-14
-16
-15
-13
-13
-13
-14
-12
-13
-12
-12
-15
-17
-16
-18
-18
-19
-19
-15
-15
-13
-14
-13
-13
-14
-14
-16
-14
-12
-12
-13
-14
-15
-16
-16
-14
-14
-13
-14
-15
-15
-15
-15
-15
-14
-13
-12
-13
-13
-15
-15
-14
-15
-15
-14
-12
-12
-13
-14
-14
-13
-12
-15
-13
-12
-12
-12
-13
-13
-15
-13
-12
-12
-11
-11
-12
-13
-13
-13
-12
-12
-12
-14
-15
-15
-14
-11
-11
-12
-14
-14
-12
-9
-8
-11
-12
-12
-11
-12
-13
-13
-10
-9
-10
-11
-9
-7
-6
-8
-10
-10
-8
-8
-8
-7
-9
-8
-8
-8
-6
-5
-6
-7
-10
-10
-7
-5
-5
-5
-5
-3
-2
-1
-2
-4
-4
-4
-3
-4
-6
-6
-7
-8
-8
-8
-10
-10
-8
-7
-6
-6
-8
-7
-8
-9
-7
-5
-3
-3
-2
-3
-3
-2
-3
-4
-7
-7
-4
-2
1
-1
-4
-3
-2
-2
-1
-2
-3
-1
-1
-1
-1
-2
-2
-2
-2
-1
-2
-1
-3
-6
-7
-8
-7
-5
-5
-6
-7
-5
-4
-6
-6
-6
-6
-5
-6
-6
-5
-4
-3
-5
-6
-6
-6
-3
-3
-4
-6
-7
-7
-7
-4
-4
-6
-6
-5
-5
-6
-7
-8
-6
-5
-6
-8
-10
-9
-8
-7
-7
-7
-6
-4
-6
-7
-7
-8
-8
-10
-12
-10
-7
-6
-7
-8
-8
-9
-7
-8
-8
-8
-9
-9
-8
-6
-8
-9
-12
-11
-10
-9
-8
-7
-8
-7
-8
-10
-11
-10
-10
-8
-8
-10
-11
-10
-9
-9
-8
-6
-5
-6
-9
-9
-6
-3
-1
-5
-6
-6
-6
-5
-5
-5
-6
-6
-8
-8
-9
-9
-8
-7
-7
-6
-5
-7
-7
-8
-7
-7
-8
-9
-10
-9
-9
-8
-9
-8
-6
-6
-8
-8
-8
-7
-7
-7
-9
-9
-12
-13
-12
-11
-11
-11
-9
-8
-6
-7
-9
-9
-8
-8
-6
-5
-7
-7
-7
-7
-7
-5
-3
-4
-2
-5
-5
-6
-6
-6
-5
-5
-4
-3
-4
-4
-3
-4
-4
-5
-4
-2
-2
-3
-5
-5
-2
0
0
-2
-5
-3
-2
-1
0
0
1
2
1
0
-2
0
-1
0
1
1
3
3
3
2
2
3
5
5
7
6
4
2
3
4
4
2
5
7
9
9
6
5
6
4
4
2
0
1
3
2
2
0
-2
-2
0
0
2
2
1
3
3
3
2
1
-1
0
0
-1
1
1
0
-2
-2
-2
-1
2
3
3
1
1
0
0
1
0
2
3
5
5
4
4
2
2
2
2
3
1
2
2
2
5
5
5
3
2
0
4
6
7
5
3
1
1
3
4
5
5
5
5
7
8
8
9
10
10
9
9
8
6
6
7
8
8
8
9
10
9
9
9
12
11
9
8
5
7
9
10
11
11
9
8
9
10
9
10
10
9
7
8
9
8
8
7
6
6
8
8
10
9
8
9
9
10
9
9
10
11
10
9
8
9
8
8
10
10
10
11
9
9
10
8
8
8
8
9
11
12
11
10
9
9
8
10
10
11
11
11
9
8
7
8
8
6
4
6
8
9
10
9
9
11
11
11
10
10
9
10
8
10
11
12
9
9
9
10
9
7
6
6
7
8
5
5
5
4
4
4
2
2
3
4
7
5
4
2
0
2
3
3
4
5
5
6
6
5
4
4
5
4
5
5
5
5
7
6
6
6
7
8
9
8
4
3
2
3
6
9
7
5
5
4
4
4
4
4
4
2
3
3
3
3
2
0
1
1
2
2
4
6
3
1
-1
-3
-3
-1
-2
-3
-3
-2
0
1
-2
-5
-4
-3
-3
-5
-5
-4
-1
-2
-2
-2
-2
-4
-4
-5
-6
-5
-6
-7
-5
-5
-3
-2
-3
-4
-3
-2
-2
-3
-3
-5
-4
-4
-3
-1
1
2
0
-2
-4
-4
-3
-3
-1
-2
-1
-4
-5
-5
-2
0
1
1
-1
1
2
2
-2
-3
-4
-5
-4
0
0
2
3
2
2
1
2
3
3
4
4
3
1
1
2
2
1
0
0
0
2
4
3
0
-1
3
5
3
1
0
-1
0
1
1
1
0
0
-1
0
1
1
0
-1
0
0
0
0
0
0
-1
-1
-2
0
-1
0
-2
-1
-1
-2
-2
-2
-2
-3
-2
0
0
2
2
1
2
2
1
2
5
3
4
3
3
2
1
0
-1
1
2
1
1
0
-1
0
1
-1
-1
0
0
-1
-1
-4
-5
-3
0
2
1
0
4
5
4
1
-1
-3
1
3
3
3
1
1
2
2
1
0
1
1
0
2
2
2
3
1
0
0
0
1
0
0
2
2
3
2
0
0
0
1
-1
-1
-2
-3
-1
-4
-5
-5
-4
-2
-3
-1
-3
-2
-2
-3
-2
0
-1
-3
-2
-1
1
2
5
3
2
0
0
0
1
2
1
3
2
2
0
-1
1
0
0
0
-2
-2
-1
-1
-1
-1
-3
-2
-1
-1
-1
-2
-2
1
2
1
0
-1
1
0
-1
-3
-2
-1
0
0
-1
-2
-3
-1
0
-1
0
2
3
0
2
4
2
1
1
3
5
4
2
0
-2
0
-1
-2
0
0
2
3
2
1
-1
-2
-1
-1
-2
-2
0
1
1
1
-1
1
2
2
2
0
-1
-1
0
2
2
0
-2
-3
0
2
2
1
1
-1
-1
0
0
0
-2
-1
-1
-2
-1
1
2
2
1
2
1
2
3
2
2
1
1
3
2
4
4
4
4
3
3
2
2
-1
0
0
1
2
2
1
-2
-2
-1
0
2
2
2
2
1
1
2
4
5
2
2
1
3
3
3
5
6
7
6
4
5
5
5
4
3
2
2
6
3
3
5
3
3
2
0
2
2
0
-1
-1
1
2
2
1
-1
0
0
1
-1
-1
-4
-5
-4
-5
-7
-5
-2
1
1
0
-2
-2
1
3
3
2
2
2
2
3
2
0
-1
1
3
2
1
1
1
-1
0
1
5
7
6
3
2
-2
-3
-1
-1
0
0
2
0
0
-2
-3
-3
-4
-4
-3
-1
-1
0
-1
-2
-3
-4
-3
-2
-1
-1
-2
-2
-3
-4
-3
-2
0
2
3
4
3
1
0
0
0
3
3
3
1
0
-2
-1
1
2
1
1
1
1
1
0
-1
-3
-2
-3
-2
-1
-1
-1
-3
-3
-3
-3
-3
-3
-2
-4
-5
-4
-2
-1
-1
-1
-3
-2
-3
-4
-4
-5
-6
-6
-7
-8
-6
-3
-4
-4
-6
-4
-3
-4
-6
-5
-5
-6
-8
-9
-10
-8
-8
-10
-10
-8
-8
-8
-9
-10
-10
-8
-8
-7
-12
-14
-12
-10
-8
-9
-11
-12
-12
-15
-14
-13
-12
-9
-10
-9
-9
-9
-8
-7
-10
-13
-14
-15
-15
-12
-12
-13
-14
-14
-15
-15
-14
-15
-15
-13
-13
-14
-13
-12
-13
-12
-13
-14
-13
-13
-15
-15
-14
-14
-16
-19
-20
-20
-18
-15
-15
-14
-18
-19
-22
-19
-18
-18
-19
-20
-19
-19
-19
-20
-22
-21
-19
-19
-19
-21
-21
-22
-23
-23
-22
-20
-19
-20
-22
-23
-24
-26
-27
-23
-23
-23
-22
-22
-21
-22
-25
-25
-26
-23
-23
-24
-24
-24
-24
-25
-24
-25
-25
-24
-24
-27
-29
-27
-29
-29
-30
-28
-27
-27
-30
-31
-30
-30
-28
-28
-26
-25
-25
-27
-26
-25
-24
-26
-26
-25
-25
-25
-25
-24
-24
-24
-24
-26
-27
-27
-27
-28
-29
-29
-28
-28
-28
-28
-29
-30
-33
-33
-31
-29
-27
-26
-28
-28
-28
-26
-25
-24
-24
-25
-26
-26
-26
-26
-26
-27
-28
-28
-26
-27
-25
-26
-26
-27
-26
-23
-22
-23
-25
-25
-27
-25
-24
-25
-26
-24
-23
-22
-23
-25
-27
-27
-26
-25
-22
-20
-20
-25
-27
-28
-26
-22
-21
-21
-21
-24
-23
-26
-27
-25
-23
-23
-22
-20
-21
-20
-21
-22
-22
-24
-23
-24
-24
-23
-23
-24
-24
-25
-26
-24
-24
-23
-23
-20
-22
-22
-23
-23
-23
-22
-23
-23
-23
-24
-26
-28
-27
-25
-23
-21
-20
-23
-23
-24
-25
-25
-28
-28
-25
-26
-27
-26
-26
-26
-27
-27
-27
-27
-29
-28
-30
-27
-26
-25
-25
-25
-25
-25
-25
-25
-24
-24
-24
-23
-23
-23
-24
-27
-27
-28
-27
-25
-26
-26
-25
-23
-23
-23
-21
-19
-20
-20
-20
-20
-20
-22
-24
-24
-23
-21
-21
-23
-25
-25
-26
-26
-26
-26
-25
-25
-27
-28
-27
-26
-24
-25
-26
-27
-29
-28
-28
-27
-28
-27
-28
-29
-29
-30
-30
-30
-28
-28
-27
-25
-26
-28
-30
-28
-28
-29
-30
-31
-32
-30
-29
-29
-30
-32
-31
-32
-31
-30
-32
-30
-31
-31
-31
-32
-33
-35
-34
-35
-33
-32
-32
-33
-34
-33
-35
-36
-34
-35
-36
-35
-32
-30
-28
-30
-31
-31
-32
-32
-33
-32
-31
-32
-33
-34
-35
-35
-36
-37
-37
-36
-35
-33
-33
-34
-34
-36
-35
-35
-35
-36
-36
-35
-35
-33
-33
-32
-33
-34
-35
-35
-33
-31
-32
-34
-33
-33
-33
-34
-32
-31
-30
-30
-30
-31
-31
-32
-31
-31
-31
-33
-35
-34
-30
-31
-30
-32
-33
-35
-35
-33
-33
-33
-35
-36
-36
-37
-36
-35
-36
-34
-35
-37
-37
-36
-36
-37
-36
-38
-38
-38
-37
-36
-35
-35
-35
-36
-37
-37
-37
-37
-38
-38
-37
-38
-40
-41
-42
-41
-40
-38
-38
-37
-34
-34
-35
-36
-39
-41
-42
-40
-40
-40
-40
-41
-40
-40
-40
-40
-38
-38
-39
-41
-42
-42
-41
-42
-41
-41
-40
-41
-41
-40
-40
-40
-39
-41
-40
-40
-38
-36
-36
-36
-36
-37
-39
-37
-36
-34
-35
-35
-36
-37
-35
-34
-34
-37
-39
-40
-39
-35
-34
-35
-35
-34
-34
-33
-34
-35
-35
-36
-34
-33
-34
-33
-33
-33
-34
-32
-31
-30
-31
-32
-32
-32
-31
-33
-33
-33
-33
-33
-31
-31
-31
-32
-35
-34
-33
-33
-32
-34
-33
-34
-31
-29
-26
-26
-29
-31
-31
-30
-30
-31
-32
-32
-29
-30
-31
-32
-32
-34
-33
-31
-27
-27
-29
-30
-32
-30
-31
-31
-31
-32
-32
-31
-30
-29
-29
-28
-31
-33
-34
-32
-31
-31
-32
-32
-31
-30
-30
-31
-30
-29
-29
-30
-30
-29
-29
-29
-30
-30
-29
-28
-28
-28
-27
-28
-27
-28
-28
-30
-30
-28
-27
-27
-29
-31
-31
-31
-32
-32
-32
-29
-27
-29
-30
-30
-31
-30
-30
-29
-28
-27
-28
-31
-33
-34
-35
-34
-33
-34
-36
-35
-32
-31
-28
-30
-30
-29
-31
-30
-31
-34
-32
-31
-32
-31
-32
-33
-33
-33
-32
-33
-37
-37
-38
-37
-36
-37
-35
-34
-34
-36
-36
-36
-38
-37
-37
-38
-38
-37
-37
-40
-41
-41
-41
-38
-37
-36
-36
-36
-34
-36
-38
-39
-39
-39
-39
-38
-36
-36
-36
-36
-36
-36
-34
-33
-32
-32
-32
-34
-35
-37
-38
-38
-39
-39
-39
-40
-42
-40
-37
-36
-38
-40
-40
-41
-42
-42
-42
-41
-40
-39
-39
-39
-42
-43
-41
-39
-36
-34
-34
-34
-34
-35
-36
-36
-36
-35
-34
-36
-36
-37
-36
-35
-38
-40
-40
-39
-40
-41
-40
-39
-36
-34
-35
-35
-35
-34
-34
-36
-38
-38
-37
-36
-37
-37
-36
-35
-34
-34
-34
-33
-32
-32
-31
-30
-27
-27
-29
-30
-30
-29
-28
-30
-32
-32
-31
-31
-33
-34
-33
-32
-29
-30
-32
-34
-35
-35
-34
-32
-34
-35
-36
-37
-36
-34
-34
-33
-33
-36
-37
-39
-39
-37
-37
-36
-36
-34
-32
-34
-34
-35
-34
-32
-31
-32
-31
-28
-28
-28
-32
-34
-32
-31
-30
-27
-27
-29
-29
-31
-32
-31
-32
-32
-31
-28
-28
-29
-32
-33
-33
-29
-28
-29
-31
-30
-28
-26
-29
-33
-34
-34
-32
-30
-30
-30
-32
-33
-35
-34
-32
-31
-31
-32
-33
-33
-32
-32
-34
-32
-33
-33
-32
-30
-29
-30
-30
-29
-30
-31
-33
-31
-31
-32
-32
-32
-31
-30
-30
-29
-28
-31
-31
-30
-31
-30
-31
-33
-32
-32
-32
-33
-32
-31
-31
-31
-31
-32
-32
-32
-31
-29
-29
-28
-28
-29
-29
-28
-26
-27
-26
-28
-28
-29
-28
-28
-28
-28
-28
-26
-24
-25
-26
-29
-31
-29
-28
-27
-27
-31
-33
-32
-30
-31
-32
-31
-31
-31
-32
-33
-32
-31
-30
-29
-30
-30
-30
-30
-30
-33
-34
-34
-34
-34
-33
-33
-33
-35
-35
-35
-35
-34
-34
-34
-35
-37
-37
-38
-37
-36
-32
-31
-30
-31
-33
-35
-36
-34
-34
-34
-34
-34
-35
-36
-36
-35
-34
-34
-38
-40
-38
-36
-36
-37
-38
-37
-36
-36
-35
-36
-37
-37
-35
-35
-35
-36
-37
-38
-38
-38
-39
-39
-38
-36
-36
-37
-37
-38
-37
-34
-34
-33
-33
-34
-33
-32
-33
-35
-36
-35
-32
-31
-31
-32
-35
-32
-30
-32
-34
-35
-36
-35
-34
-35
-36
-36
-36
-35
-37
-38
-40
-39
-37
-36
-35
-35
-38
-40
-38
-36
-37
-37
-38
-39
-37
-34
-34
-36
-35
-36
-36
-35
-37
-38
-39
-36
-33
-32
-33
-35
-37
-38
-36
-35
-34
-34
-35
-34
-34
-34
-35
-34
-37
-39
-38
-38
-37
-37
-37
-36
-38
-37
-38
-37
-36
-37
-37
-37
-37
-37
-37
-36
-37
-37
-35
-34
-35
-35
-35
-33
-31
-34
-34
-33
-34
-33
-32
-33
-33
-32
-33
-31
-30
-29
-29
-30
-32
-31
-30
-30
-28
-29
-29
-29
-26
-25
-24
-25
-26
-24
-24
-22
-21
-24
-27
-26
-26
-24
-24
-25
-25
-23
-23
-21
-23
-23
-25
-27
-24
-23
-22
-22
-23
-23
-22
-21
-19
-20
-21
-22
-24
-23
-22
-20
-20
-21
-20
-20
-20
-20
-21
-21
-22
-20
-18
-18
-17
-16
-18
-20
-21
-21
-19
-18
-20
-21
-22
-20
-20
-19
-18
-17
-16
-15
-16
-15
-15
-15
-17
-17
-14
-12
-12
-15
-14
-15
-14
-13
-15
-16
-15
-13
-14
-13
-13
-14
-14
-15
-14
-13
-13
-16
-17
-16
-15
-14
-15
-16
-18
-19
-17
-17
-18
-18
-18
-17
-18
-17
-18
-17
-18
-20
-18
-17
-19
-19
-18
-17
-16
-15
-16
-18
-17
-16
-18
-18
-18
-16
-14
-13
-12
-12
-14
-15
-16
-17
-16
-14
-12
-13
-14
-15
-14
-14
-16
-16
-13
-9
-8
-8
-11
-12
-11
-13
-13
-14
-14
-14
-15
-13
-11
-13
-13
-16
-16
-16
-12
-14
-14
-18
-19
-19
-17
-17
-18
-19
-19
-18
-18
-18
-20
-19
-18
-18
-20
-22
-23
-24
-24
-21
-20
-19
-20
-22
-22
-20
-19
-20
-20
-21
-19
-21
-23
-25
-25
-25
-24
-24
-24
-24
-24
-25
-24
-24
-23
-24
-24
-25
-25
-23
-24
-23
-22
-22
-20
-19
-21
-20
-20
-20
-20
-21
-23
-23
-21
-19
-19
-19
-19
-21
-22
-20
-19
-17
-18
-19
-21
-22
-22
-21
-21
-21
-20
-20
-20
-19
-20
-21
-20
-19
-19
-21
-22
-22
-21
-22
-25
-23
-21
-21
-19
-19
-20
-21
-22
-21
-22
-22
-24
-24
-22
-23
-21
-20
-20
-22
-21
-21
-23
-23
-22
-21
-21
-22
-22
-22
-22
-22
-24
-21
-22
-23
-23
-25
-27
-26
-26
-25
-23
-25
-25
-26
-26
-28
-29
-27
-26
-25
-26
-26
-25
-25
-24
-24
-23
-22
-21
-22
-24
-24
-25
-23
-21
-21
-22
-23
-23
-21
-19
-20
-20
-20
-22
-21
-20
-19
-20
-20
-18
-20
-19
-18
-18
-19
-20
-22
-23
-22
-23
-22
-20
-17
-15
-14
-16
-17
-15
-15
-16
-16
-19
-16
-14
-15
-15
-19
-19
-18
-19
-18
-18
-18
-18
-20
-20
-16
-15
-17
-18
-21
-18
-18
-21
-22
-23
-24
-23
-20
-20
-18
-21
-22
-22
-22
-22
-24
-25
-25
-23
-23
-25
-26
-26
-27
-26
-24
-24
-25
-25
-27
-28
-28
-26
-27
-29
-31
-30
-29
-28
-25
-25
-25
-26
-25
-26
-23
-26
-27
-28
-28
-27
-27
-25
-22
-22
-25
-25
-27
-27
-25
-26
-26
-24
-23
-23
-25
-25
-24
-21
-20
-22
-22
-22
-21
-22
-23
-23
-22
-21
-17
-19
-20
-20
-20
-20
-23
-26
-26
-23
-23
-23
-26
-26
-23
-21
-18
-21
-21
-20
-21
-22
-20
-22
-20
-21
-22
-21
-21
-20
-20
-21
-21
-18
-23
-24
-25
-27
-25
-26
-25
-26
-24
-26
-25
-28
-26
-27
-25
-25
-26
-28
-31
-31
-35
-33
-35
-33
-35
-37
-37
-37
-36
-40
-41
-43
-40
-40
-40
-43
-45
-46
-44
-42
-41
-41
-40
-41
-43
-43
-47
-46
-47
-48
-49
-47
-44
-46
-43
-48
-48
-50
-50
-48
-47
-44
-45
-43
-45
-45
-45
-45
-45
-45
-44
-43
-41
-40
-40
-40
-43
-41
-39
-37
-35
-36
-38
-38
-37
-32
-32
-34
-33
-30
-26
-25
-26
-29
-25
-27
-23
-23
-24
-21
-21
-20
-21
-22
-23
-22
-26
-22
-21
-21
-20
-24
-23
-22
-22
-23
-22
-28
-24
-26
-24
-24
-30
-30
-32
-28
-28
-29
-37
-35
-37
-35
-37
-40
-43
-40
-44
-43
-42
-49
-43
-49
-51
-53
-55
-55
-56
-61
-60
-60
-62
-58
-66
-66
-67
-70
-70
-73
-78
-76
-78
-76
-75
-77
-74
-77
-75
-76
-79
-76
-77
-78
-75
-76
-77
-73
-73
-71
-69
-73
-69
-68
-66
-64
-66
-63
-62
-63
-59
-60
-58
-55
-54
-50
-47
-49
-46
-43
-42
-37
-35
-31
-29
-28
-27
-24
-22
-15
-10
-8
-6
-5
-3
0
3
4
5
8
13
13
13
14
12
14
17
17
16
16
17
15
14
14
14
16
13
13
13
8
5
4
2
0
-1
-6
-8
-9
-13
-14
-19
-25
-29
-35
-41
-44
-47
-50
-54
-57
-65
-71
-77
-81
-85
-87
-91
-96
-97
-107
-108
-114
-122
-120
-127
-130
-131
-140
-141
-146
-152
-151
-155
-160
-156
-165
-163
-160
-162
-158
-157
-162
-154
-153
-149
-138
-134
-122
-112
-107
-96
-84
-74
-61
-53
-42
-30
-21
-10
-1
7
18
27
34
38
41
42
46
49
55
56
59
59
61
62
64
65
67
67
69
68
63
62
59
57
59
57
56
55
52
51
49
46
45
42
42
43
39
38
37
33
32
30
29
30
27
23
20
15
13
7
0
-5
-10
-15
-20
-27
-34
-44
-56
-65
-72
-79
-89
-99
-108
-116
-125
-136
-145
-153
-161
-169
-175
-184
-190
-196
-206
-208
-212
-219
-219
-228
-229
-231
-235
-235
-234
-235
-225
-215
-202
-180
-165
-151
-137
-129
-113
-95
-80
-61
-45
-32
-16
-3
9
18
23
27
32
34
39
43
43
43
39
39
40
41
36
30
23
14
10
2
-6
-11
-18
-25
-31
-37
-44
-50
-55
-58
-58
-58
-57
-55
-57
-57
-57
-55
-53
-52
-48
-44
-39
-33
-25
-21
-12
-5
-1
8
16
24
30
34
38
43
49
56
60
62
62
62
59
56
53
49
46
44
41
38
38
39
39
36
34
31
26
25
20
15
10
5
-1
-7
-18
-30
-41
-54
-63
-73
-81
-92
-101
-108
-121
-132
-142
-149
-157
-164
-175
-185
-193
-206
-208
-219
-230
-237
-245
-249
-252
-258
-256
-250
-245
-227
-214
-203
-188
-181
-169
-150
-136
-121
-106
-96
-79
-67
-53
-42
-37
-34
-28
-21
-11
-3
0
5
8
14
20
23
23
21
21
18
16
14
10
4
1
-1
-1
-4
-9
-12
-16
-20
-18
-14
-7
-1
2
8
13
17
22
26
32
38
45
49
57
65
73
80
87
95
98
102
104
107
109
110
112
111
110
110
108
99
93
83
74
67
58
51
45
41
37
28
19
12
2
-4
-8
-18
-26
-37
-52
-64
-77
-87
-98
-108
-116
-125
-133
-145
-158
-172
-180
-186
-196
-204
-213
-220
-228
-236
-245
-252
-264
-271
-277
-281
-285
-281
-278
-266
-249
-233
-212
-200
-189
-173
-156
-133
-115
-100
-85
-67
-50
-32
-18
-8
-1
3
8
12
18
26
29
36
42
46
51
50
45
37
31
27
25
19
11
1
-6
-12
-20
-30
-37
-44
-49
-53
-53
-48
-46
-44
-43
-40
-34
-29
-27
-26
-23
-16
-8
1
8
16
27
40
51
61
67
72
78
86
93
102
104
106
110
109
111
106
96
90
84
78
76
69
64
61
56
54
51
45
40
29
19
12
5
-2
-14
-27
-38
-49
-61
-76
-91
-104
-116
-134
-143
-157
-170
-184
-195
-206
-217
-227
-243
-251
-263
-276
-285
-297
-308
-317
-325
-336
-334
-340
-330
-314
-296
-270
-252
-242
-228
-211
-188
-163
-148
-128
-111
-96
-69
-53
-41
-28
-27
-19
-3
2
13
17
20
31
36
43
48
43
38
31
21
18
16
8
1
-11
-13
-20
-29
-36
-46
-54
-56
-59
-60
-54
-53
-47
-42
-38
-30
-25
-24
-19
-16
-8
2
14
33
47
58
70
77
84
93
101
108
117
120
127
132
135
138
136
130
124
115
110
103
95
90
83
77
74
67
58
48
38
29
20
11
1
-13
-30
-46
-64
-77
-91
-103
-116
-130
-146
-159
-174
-185
-198
-213
-227
-242
-255
-266
-277
-288
-297
-310
-322
-328
-338
-343
-351
-358
-356
-343
-328
-300
-276
-258
-238
-229
-208
-183
-160
-136
-113
-98
-77
-54
-35
-17
-10
-6
1
10
19
28
30
34
41
45
51
51
49
41
33
22
17
12
3
-5
-19
-25
-30
-35
-45
-53
-63
-68
-67
-64
-53
-46
-38
-31
-23
-17
-11
-8
-2
8
22
43
63
73
80
93
105
120
132
137
142
148
155
166
174
172
172
167
165
167
161
153
142
129
123
118
110
102
90
81
77
70
61
49
34
24
11
0
-16
-37
-56
-70
-79
-86
-99
-114
-135
-150
-166
-177
-195
-211
-225
-242
-248
-262
-272
-289
-308
-323
-338
-349
-358
-367
-375
-370
-372
-354
-329
-304
-277
-260
-252
-230
-205
-181
-153
-140
-113
-92
-69
-40
-24
-11
-4
-4
2
22
28
41
41
42
57
66
73
76
69
57
49
34
35
30
20
10
-6
-13
-18
-25
-38
-45
-56
-50
-49
-45
-36
-34
-25
-15
-4
3
13
18
32
42
54
66
75
95
111
129
143
154
162
171
176
187
192
195
201
198
205
207
204
199
190
182
174
164
153
145
127
116
108
100
95
84
71
56
38
22
0
-22
-42
-57
-69
-78
-93
-110
-126
-149
-171
-191
-211
-231
-246
-264
-275
-285
-300
-321
-339
-357
-376
-383
-400
-405
-411
-417
-414
-394
-370
-328
-297
-286
-266
-255
-227
-193
-164
-139
-109
-87
-63
-24
-3
17
25
25
33
53
63
76
80
76
86
91
104
108
104
90
78
59
52
46
30
21
1
-4
-15
-23
-39
-49
-60
-67
-63
-60
-47
-42
-35
-28
-15
-3
11
23
31
42
49
62
75
98
116
136
150
162
178
192
203
212
219
217
225
223
230
236
234
233
226
220
213
203
188
173
156
147
139
130
120
108
95
82
64
43
23
2
-17
-30
-43
-58
-74
-93
-112
-133
-150
-172
-199
-216
-238
-251
-265
-284
-301
-324
-345
-362
-378
-390
-402
-422
-427
-430
-425
-393
-362
-325
-297
-285
-270
-240
-216
-177
-142
-124
-88
-66
-33
7
25
37
49
43
63
81
82
98
96
100
116
124
131
137
123
110
95
75
75
54
39
25
7
1
-7
-21
-33
-46
-61
-59
-59
-49
-39
-35
-23
-12
2
20
33
46
65
71
88
98
110
131
146
167
188
206
222
239
247
257
258
257
262
266
274
278
275
270
263
253
245
233
219
203
184
167
154
145
134
124
107
90
71
51
29
5
-14
-34
-49
-64
-87
-107
-127
-152
-168
-195
-220
-238
-262
-284
-300
-328
-348
-363
-384
-402
-420
-442
-453
-459
-459
-446
-416
-370
-334
-313
-298
-285
-248
-213
-176
-145
-114
-85
-50
-11
23
50
63
64
72
89
102
112
115
118
133
147
162
169
166
150
134
114
104
93
71
49
28
19
9
0
-17
-31
-47
-60
-67
-64
-55
-52
-45
-36
-17
2
19
32
46
58
72
84
97
111
128
148
167
191
208
224
238
250
260
265
269
269
274
276
279
276
272
267
258
246
236
219
204
186
170
157
146
136
120
104
85
68
48
29
13
-1
-16
-33
-53
-73
-97
-115
-140
-168
-188
-214
-233
-254
-271
-302
-316
-345
-374
-391
-417
-438
-447
-466
-474
-456
-432
-381
-343
-333
-322
-310
-279
-238
-197
-177
-135
-115
-78
-22
9
41
56
53
63
90
99
117
116
118
136
150
171
185
184
169
156
128
126
110
84
61
35
24
13
1
-23
-34
-53
-61
-65
-68
-68
-75
-72
-67
-48
-33
-15
-3
17
34
52
68
76
94
106
126
144
166
183
203
221
243
261
265
271
268
275
279
283
279
274
263
258
255
247
239
219
202
182
175
166
154
130
108
89
68
55
37
23
9
-5
-22
-45
-68
-97
-127
-151
-178
-202
-215
-243
-263
-286
-317
-340
-367
-394
-415
-439
-464
-481
-495
-483
-444
-397
-357
-345
-339
-327
-295
-252
-224
-191
-161
-134
-91
-40
-1
33
49
46
64
88
110
124
122
126
145
168
193
207
202
196
180
168
165
146
119
92
62
46
34
11
-5
-28
-42
-48
-54
-55
-60
-72
-73
-70
-63
-46
-37
-24
-7
13
33
51
59
73
90
114
137
153
167
186
203
227
247
258
270
271
277
285
287
284
276
265
259
253
245
236
216
202
190
176
169
155
131
106
82
60
49
33
20
5
-13
-31
-47
-74
-98
-128
-154
-183
-207
-226
-250
-273
-301
-330
-354
-376
-401
-423
-447
-467
-476
-474
-436
-386
-343
-329
-322
-319
-286
-248
-220
-191
-164
-132
-91
-40
3
37
43
41
54
76
100
109
105
113
134
157
191
201
205
198
182
171
167
150
124
96
63
53
38
16
-3
-28
-41
-41
-42
-45
-49
-68
-70
-70
-61
-52
-43
-38
-22
-3
15
37
43
62
72
90
112
129
139
153
170
192
215
230
242
246
258
266
273
267
257
246
240
233
225
213
194
185
176
168
157
140
117
95
69
51
40
26
13
-3
-21
-38
-62
-85
-114
-143
-171
-195
-219
-240
-267
-298
-325
-354
-379
-396
-426
-449
-471
-481
-472
-428
-382
-335
-323
-319
-308
-273
-242
-213
-191
-168
-131
-91
-33
8
36
44
47
61
80
95
95
96
96
123
141
169
182
185
183
182
178
174
160
127
106
77
66
48
22
-4
-23
-33
-32
-32
-38
-39
-49
-44
-41
-35
-31
-27
-24
-7
10
28
41
46
64
85
110
125
139
143
160
173
190
198
209
219
231
244
255
262
259
250
232
225
218
200
178
160
150
131
123
107
85
56
41
14
13
5
-9
-27
-38
-58
-72
-99
-121
-150
-174
-208
-232
-271
-294
-383
-468
-486
-506
-551
-535
-535
-550
-482
-431
-364
-275
-170
-115
-65
-47
-32
26
62
93
122
125
175
222
219
261
266
227
190
129
96
76
18
-33
-66
-64
-19
-35
-49
-40
-26
-24
-48
-54
-58
-67
-104
-142
-140
-113
-96
-89
-72
0
56
91
123
138
179
187
180
187
214
227
237
233
256
283
289
287
273
273
257
223
177
145
116
88
68
60
67
79
93
107
124
124
125
115
104
97
81
62
55
45
36
37
4
4
-33
-30
-74
-67
-125
-118
-174
-188
-226
-274
-304
-359
-377
-442
-449
-486
-498
-528
-549
-577
-549
-562
-554
-526
-423
-257
-107
28
155
297
424
505
459
462
437
437
392
376
384
383
379
288
285
238
180
4
-140
-239
-287
-382
-459
-488
-457
-367
-333
-273
-212
-130
-115
-100
-93
-37
-30
-48
-45
8
88
136
167
201
266
282
286
248
221
176
125
57
35
40
48
51
72
139
192
220
223
218
216
217
190
185
174
186
194
228
266
285
295
285
298
290
264
208
156
120
93
69
52
32
28
3
7
-15
-38
-95
-145
-194
-211
-240
-255
-273
-247
-244
-234
-227
-262
-267
-318
-356
-395
-445
-478
-523
-508
-546
-486
-514
-457
-446
-395
-345
-189
-31
89
229
297
469
545
560
502
483
456
440
377
327
318
279
213
135
87
46
-56
-232
-326
-380
-402
-466
-517
-501
-385
-310
-242
-178
-99
-21
6
23
61
104
83
69
64
132
169
167
148
179
216
228
187
129
112
69
26
-11
-5
14
28
54
124
208
264
285
299
333
362
354
329
305
296
293
290
282
283
271
260
253
240
214
142
86
24
-15
-54
-106
-129
-144
-157
-156
-175
-182
-204
-229
-242
-241
-249
-276
-263
-272
-242
-271
-264
-314
-309
-362
-379
-445
-468
-511
-548
-577
-580
-596
-558
-538
-495
-395
-234
-36
112
263
353
522
590
615
540
489
444
415
365
308
268
241
214
162
122
43
-49
-203
-293
-388
-421
-496
-516
-504
-402
-290
-188
-101
-13
70
133
176
175
172
137
120
99
112
117
122
134
146
165
162
145
99
50
2
-33
-68
-72
-72
-34
29
121
202
282
337
394
438
460
455
434
394
362
335
320
304
281
261
251
249
236
193
132
77
27
-19
-87
-138
-179
-185
-189
-180
-184
-185
-183
-188
-183
-205
-198
-236
-215
-249
-234
-260
-297
-317
-362
-372
-422
-473
-519
-579
-575
-641
-643
-660
-642
-585
-552
-409
-205
15
187
310
461
620
718
652
552
478
466
438
340
237
208
220
194
135
52
14
-71
-211
-334
-401
-425
-481
-547
-538
-381
-216
-118
-70
23
193
306
297
241
223
250
219
136
68
88
106
90
67
82
133
118
37
-25
-36
-36
-94
-168
-161
-65
31
89
144
250
399
475
499
500
525
534
483
402
345
329
284
230
190
203
227
195
149
127
120
95
10
-74
-110
-122
-155
-182
-203
-174
-145
-150
-142
-132
-108
-109
-148
-175
-191
-209
-266
-328
-374
-408
-440
-509
-563
-595
-620
-674
-723
-762
-742
-718
-704
-658
-528
-265
-48
152
276
465
667
768
733
606
548
506
467
323
221
167
191
153
88
27
10
-61
-196
-330
-385
-406
-468
-559
-548
-393
-224
-126
-84
62
253
394
375
337
329
362
306
182
93
77
77
26
-18
1
56
46
-27
-79
-68
-59
-118
-208
-200
-117
-26
7
57
177
347
451
485
506
552
589
546
462
393
375
326
258
189
194
211
205
153
139
146
145
78
-2
-33
-40
-76
-129
-169
-143
-97
-110
-124
-128
-82
-52
-86
-131
-158
-161
-237
-292
-414
-434
-525
-573
-683
-711
-766
-789
-843
-863
-839
-800
-746
-690
-557
-310
-66
126
291
457
672
792
796
675
629
582
560
400
264
169
171
146
57
-26
-69
-99
-217
-322
-399
-409
-451
-520
-538
-405
-244
-146
-106
12
210
384
406
378
370
430
407
278
162
110
116
52
-22
-65
-20
-14
-56
-111
-101
-73
-95
-164
-171
-86
-8
22
40
146
302
420
453
484
544
620
607
535
465
438
395
316
216
182
186
174
145
119
137
131
109
45
32
19
-7
-62
-93
-91
-60
-93
-106
-120
-66
-49
-73
-100
-134
-114
-161
-235
-323
-402
-459
-556
-636
-707
-783
-797
-888
-855
-884
-796
-809
-701
-620
-345
-119
80
242
409
673
793
856
712
692
640
649
478
331
198
182
139
56
-55
-102
-148
-231
-341
-398
-427
-482
-549
-592
-467
-346
-226
-212
-74
110
323
378
378
397
473
495
386
264
178
174
112
29
-42
-38
-31
-54
-93
-84
-52
-50
-94
-92
-34
42
59
67
136
273
