-334
-345
-357
-369
-380
-389
-395
-405
-416
-423
-432
-439
-442
-447
-449
-447
-445
-439
-426
-403
-368
-333
-306
-285
-268
-247
-223
-196
-172
-152
-132
-113
-90
-67
-51
-46
-47
-49
-43
-34
-31
-34
-40
-42
-41
-44
-50
-59
-69
-75
-82
-90
-104
-119
-128
-136
-139
-144
-153
-162
-165
-165
-162
-157
-154
-152
-146
-137
-128
-116
-108
-100
-98
-93
-90
-86
-79
-73
-66
-57
-51
-47
-44
-42
-45
-50
-53
-52
-53
-53
-55
-58
-61
-66
-72
-75
-80
-87
-94
-100
-107
-114
-117
-120
-123
-125
-128
-134
-142
-147
-158
-170
-180
-187
-195
-197
-202
-209
-213
-224
-240
-253
-269
-285
-293
-307
-319
-324
-337
-344
-357
-375
-387
-402
-411
-415
-422
-424
-425
-424
-406
-385
-356
-328
-311
-300
-282
-267
-244
-221
-206
-186
-169
-153
-130
-118
-110
-99
-99
-95
-86
-78
-72
-70
-72
-71
-76
-80
-84
-90
-98
-103
-107
-112
-117
-125
-135
-141
-148
-154
-157
-162
-162
-155
-148
-138
-130
-123
-107
-89
-71
-58
-49
-46
-38
-26
-15
-4
6
11
18
29
35
40
43
43
47
49
48
47
44
40
34
28
22
11
2
-7
-17
-30
-44
-57
-69
-80
-88
-99
-108
-120
-132
-140
-155
-167
-178
-192
-207
-215
-224
-227
-234
-249
-262
-276
-297
-311
-325
-344
-355
-368
-380
-388
-402
-417
-427
-442
-452
-457
-466
-472
-474
-468
-454
-425
-388
-350
-330
-315
-302
-281
-250
-222
-203
-183
-164
-140
-110
-90
-79
-73
-72
-66
-54
-49
-38
-32
-32
-27
-26
-29
-29
-37
-45
-53
-61
-64
-72
-89
-98
-104
-114
-119
-128
-140
-139
-136
-132
-124
-123
-118
-112
-104
-88
-73
-67
-59
-49
-41
-28
-22
-14
-2
4
14
22
23
29
37
42
49
52
50
48
43
36
33
28
23
17
12
2
-6
-18
-27
-37
-49
-55
-61
-70
-77
-86
-92
-97
-105
-116
-128
-143
-161
-173
-182
-188
-195
-202
-207
-220
-239
-254
-279
-300
-316
-336
-352
-366
-381
-396
-408
-433
-452
-466
-479
-481
-486
-487
-482
-464
-432
-387
-352
-337
-322
-310
-287
-251
-225
-203
-185
-170
-140
-106
-87
-76
-73
-75
-62
-48
-37
-24
-23
-22
-16
-19
-20
-28
-39
-44
-52
-55
-57
-70
-89
-101
-114
-117
-122
-135
-141
-141
-138
-128
-119
-118
-111
-100
-87
-69
-58
-52
-42
-36
-25
-10
-1
10
20
26
37
46
49
58
63
68
76
77
75
73
66
64
61
50
39
26
17
14
7
-2
-12
-26
-36
-42
-53
-64
-71
-78
-80
-83
-89
-100
-117
-138
-151
-161
-172
-179
-185
-196
-200
-217
-240
-263
-286
-311
-325
-346
-365
-380
-399
-417
-431
-456
-477
-494
-508
-515
-519
-519
-510
-482
-437
-390
-361
-346
-334
-315
-283
-252
-226
-196
-173
-150
-113
-82
-63
-49
-52
-52
-35
-21
-7
4
2
8
13
11
9
-3
-14
-22
-31
-36
-45
-66
-85
-97
-110
-111
-120
-137
-149
-152
-148
-141
-135
-130
-122
-108
-90
-76
-67
-62
-61
-55
-35
-18
-4
10
19
31
46
55
62
69
72
82
95
99
101
96
88
86
80
72
63
52
45
46
41
34
20
5
-6
-14
-23
-30
-37
-43
-50
-58
-71
-83
-103
-122
-136
-150
-160
-167
-179
-197
-206
-231
-249
-271
-297
-321
-340
-364
-381
-401
-428
-447
-468
-488
-497
-517
-525
-529
-533
-532
-510
-479
-428
-386
-362
-341
-324
-298
-257
-229
-204
-174
-155
-124
-81
-57
-42
-31
-36
-26
-10
0
16
18
17
21
19
15
8
-7
-19
-29
-44
-52
-67
-93
-109
-126
-136
-141
-157
-171
-179
-182
-173
-161
-153
-144
-132
-118
-98
-86
-78
-70
-65
-54
-32
-14
3
21
36
55
67
74
79
84
94
109
114
115
119
116
111
101
90
82
75
65
56
48
43
36
23
11
1
-8
-15
-24
-33
-35
-37
-44
-54
-71
-87
-100
-116
-127
-135
-144
-153
-162
-183
-202
-225
-253
-275
-301
-326
-344
-364
-387
-410
-436
-463
-484
-507
-527
-538
-550
-555
-555
-540
-504
-456
-413
-393
-377
-360
-331
-291
-262
-236
-202
-176
-141
-100
-75
-56
-44
-50
-39
-21
-7
14
16
20
33
32
27
22
5
-7
-16
-26
-32
-48
-69
-85
-98
-108
-115
-132
-149
-159
-158
-145
-130
-121
-113
-98
-78
-62
-51
-48
-44
-36
-22
-4
15
33
49
64
75
87
93
98
101
110
121
130
134
137
137
133
126
115
100
87
77
70
66
58
50
38
29
21
10
0
-8
-16
-18
-23
-29
-40
-53
-70
-84
-95
-102
-112
-124
-138
-153
-169
-187
-206
-231
-256
-284
-303
-326
-352
-381
-406
-442
-460
-487
-508
-521
-539
-556
-556
-566
-552
-509
-466
-415
-387
-372
-348
-317
-286
-241
-215
-182
-148
-117
-74
-42
-26
-15
-15
-8
18
32
48
56
57
63
64
55
48
33
18
6
-7
-18
-36
-59
-80
-94
-105
-113
-132
-153
-165
-158
-149
-137
-131
-127
-107
-85
-71
-62
-60
-63
-49
-35
-13
10
27
43
64
77
92
100
101
108
119
134
147
152
153
153
153
148
142
130
117
106
99
95
90
81
72
66
55
47
37
27
20
16
12
5
-6
-25
-41
-52
-62
-71
-81
-95
-112
-129
-153
-170
-191
-215
-240
-269
-299
-317
-350
-380
-409
-446
-473
-500
-527
-544
-555
-575
-581
-583
-570
-532
-476
-439
-415
-399
-382
-345
-297
-261
-230
-193
-167
-123
-80
-52
-30
-22
-21
-3
20
44
65
63
70
80
81
81
73
51
46
32
21
16
-9
-32
-46
-62
-73
-88
-114
-132
-141
-136
-123
-111
-110
-97
-80
-62
-45
-39
-42
-38
-27
-6
21
40
58
74
91
106
122
126
135
143
157
176
189
192
194
190
188
184
175
167
154
145
140
135
129
118
106
94
82
70
61
49
37
32
23
13
-4
-24
-41
-54
-61
-67
-81
-99
-120
-151
-168
-194
-218
-241
-268
-297
-316
-343
-379
-408
-450
-478
-510
-533
-556
-566
-581
-580
-580
-557
-513
-463
-426
-412
-399
-384
-338
-294
-249
-215
-177
-146
-100
-61
-37
-16
-16
-15
5
32
54
78
77
90
99
101
91
78
60
51
43
33
26
-1
-21
-43
-58
-73
-91
-122
-142
-156
-151
-138
-129
-123
-115
-100
-85
-70
-68
-66
-66
-54
-34
-7
16
41
59
75
92
104
110
118
129
144
164
176
185
191
193
193
189
175
164
150
141
136
132
126
121
112
100
88
74
59
48
35
25
16
2
-10
-30
-44
-55
-61
-72
-85
-107
-130
-144
-173
-194
-220
-248
-270
-288
-323
-348
-382
-418
-447
-488
-523
-549
-566
-585
-587
-596
-591
-561
-514
-467
-441
-429
-418
-393
-351
-299
-263
-219
-185
-153
-104
-69
-54
-39
-39
-36
0
25
49
66
72
87
101
96
91
72
57
53
40
32
19
-7
-26
-41
-61
-73
-97
-131
-154
-161
-157
-148
-142
-140
-133
-117
-97
-81
-76
-83
-87
-75
-47
-18
9
31
49
64
87
100
102
108
114
129
149
164
174
181
183
186
185
175
159
141
131
128
125
119
111
101
94
83
69
52
34
20
13
5
-6
-22
-43
-59
-67
-76
-91
-109
-134
-156
-180
-199
-223
-248
-275
-309
-332
-350
-379
-424
-463
-513
-541
-563
-589
-606
-619
-629
-633
-601
-552
-491
-468
-468
-471
-448
-392
-341
-306
-273
-236
-204
-139
-103
-78
-62
-65
-65
-27
5
32
53
53
80
103
110
100
78
55
55
45
44
33
-2
-22
-42
-58
-67
-96
-146
-174
-189
-182
-170
-171
-176
-169
-152
-132
-116
-119
-130
-141
-132
-110
-79
-56
-32
-10
13
40
55
58
62
67
82
108
120
134
142
150
158
161
150
134
117
107
104
97
89
81
71
68
62
51
35
13
-5
-19
-31
-42
-62
-81
-89
-94
-95
-108
-136
-163
-194
-218
-231
-261
-281
-314
-340
-361
-377
-425
-446
-496
-544
-570
-612
-634
-646
-658
-671
-644
-615
-550
-508
-497
-502
-493
-466
-420
-370
-334
-285
-259
-210
-165
-128
-113
-106
-118
-103
-59
-36
-4
9
26
57
85
79
83
56
37
28
13
14
-3
-30
-52
-64
-80
-86
-136
-177
-207
-217
-210
-202
-208
-201
-186
-175
-156
-152
-155
-169
-170
-167
-143
-117
-87
-64
-39
-14
5
21
23
28
39
64
81
101
116
132
138
148
148
143
128
108
96
89
85
75
66
56
54
50
45
27
5
-19
-36
-53
-68
-86
-101
-111
-116
-124
-141
-162
-195
-222
-247
-273
-295
-326
-352
-386
-402
-437
-467
-500
-543
-583
-615
-647
-678
-671
-702
-674
-640
-566
-514
-485
-493
-493
-467
-428
-373
-351
-286
-271
-216
-163
-130
-114
-103
-129
-112
-70
-50
1
-3
23
48
82
87
94
65
65
52
36
42
7
-11
-37
-46
-57
-58
-106
-139
-180
-192
-193
-194
-193
-201
-186
-175
-151
-147
-141
-163
-162
-167
-149
-133
-112
-85
-65
-28
-7
12
20
28
25
57
67
87
102
110
123
135
133
125
109
88
82
67
64
50
42
36
30
25
21
-1
-15
-33
-58
-76
-104
-122
-131
-133
-140
-145
-164
-187
-216
-241
-275
-296
-323
-349
-374
-392
-410
-439
-473
-524
-563
-601
-632
-660
-676
-685
-694
-655
-592
-527
-493
-496
-508
-484
-435
-394
-354
-329
-291
-248
-184
-145
-125
-127
-148
-155
-124
-84
-58
-40
-37
5
40
68
65
47
35
32
27
20
5
-28
-38
-53
-53
-63
-93
-141
-178
-196
-196
-196
-202
-204
-197
-171
-153
-139
-144
-158
-173
-165
-158
-145
-135
-120
-96
-65
-34
-17
-4
-3
8
21
40
51
68
82
101
115
123
118
105
89
79
68
54
39
24
21
19
19
7
-2
-21
-37
-51
-73
-99
-123
-136
-139
-131
-143
-166
-192
-224
-246
-270
-301
-331
-355
-380
-398
-421
-449
-479
-526
-565
-602
-634
-654
-670
-685
-673
-614
-552
-481
-465
-476
-472
-441
-399
-352
-323
-295
-242
-196
-130
-95
-80
-97
-120
-126
-90
-67
-54
-41
-34
24
64
82
68
54
32
35
26
22
5
-27
-37
-39
-26
-39
-75
-135
-164
-175
-167
-178
-190
-185
-168
-133
-110
-98
-111
-125
-139
-130
-123
-111
-109
-97
-67
-32
0
11
12
18
32
45
56
55
68
82
102
116
123
117
104
90
77
64
46
25
7
3
0
-2
-8
-21
-39
-52
-77
-103
-127
-147
-152
-148
-152
-168
-192
-218
-247
-266
-290
-328
-359
-387
-404
-421
-441
-489
-522
-562
-600
-625
-652
-672
-683
-663
-607
-517
-468
-443
-462
-453
-401
-352
-312
-283
-258
-217
-145
-97
-54
-46
-61
-83
-76
-51
-32
-28
-37
-19
19
68
75
72
56
49
47
36
20
-12
-36
-50
-45
-37
-39
-80
-118
-141
-144
-142
-159
-183
-181
-155
-115
-78
-75
-77
-89
-87
-77
-70
-75
-72
-68
-42
-10
13
34
38
47
63
76
77
74
65
75
92
105
109
100
92
86
79
61
34
3
-19
-32
-37
-42
-49
-63
-81
-93
-111
-131
-154
-173
-179
-185
-195
-213
-228
-254
-267
-297
-325
-356
-388
-418
-434
-457
-493
-512
-574
-594
-632
-648
-668
-668
-676
-629
-555
-492
-438
-443
-440
-417
-351
-312
-257
-240
-190
-149
-81
-33
-17
-2
-41
-38
-31
3
3
4
-11
20
60
83
83
58
55
49
45
23
8
-38
-46
-71
-62
-64
-85
-119
-145
-146
-145
-147
-183
-189
-195
-150
-114
-88
-83
-85
-89
-69
-44
-34
-27
-36
-20
1
38
51
62
67
85
101
118
116
104
100
100
107
105
99
81
74
69
64
48
23
-12
-41
-58
-71
-90
-103
-127
-147
-163
-181
-200
-208
-218
-225
-231
-251
-270
-299
-317
-344
-362
-389
-411
-441
-461
-481
-518
-543
-585
-614
-642
-657
-676
-679
-660
-602
-524
-452
-423
-427
-407
-377
-310
-270
-231
-202
-153
-100
-28
9
24
25
-14
-3
11
29
37
27
17
58
87
107
100
71
62
54
46
28
4
-36
-46
-66
-56
-61
-89
-122
-144
-149
-142
-146
-167
-169
-167
-132
-104
-83
-78
-77
-70
-47
-20
1
11
21
41
66
96
100
104
111
127
148
167
166
164
162
162
162
152
136
115
96
83
66
41
20
-8
-25
-43
-64
-93
-116
-146
-175
-198
-226
-241
-252
-254
-267
-277
-300
-330
-355
-383
-407
-441
-462
-479
-504
-517
-535
-567
-601
-631
-677
-691
-687
-696
-680
-623
-539
-456
-406
-415
-416
-383
-319
-272
-228
-186
-142
-78
2
55
79
85
45
28
50
67
71
62
45
73
115
137
133
114
98
85
68
44
14
-31
-54
-73
-69
-64
-89
-132
-154
-156
-156
-164
-195
-210
-207
-187
-158
-139
-130
-125
-114
-89
-59
-35
-12
-2
20
48
80
105
115
121
136
157
174
181
181
191
194
198
192
174
155
135
112
93
70
41
15
-10
-27
-46
-74
-106
-138
-172
-200
-240
-276
-298
-309
-314
-329
-355
-388
-404
-430
-452
-486
-513
-546
-567
-587
-605
-634
-670
-689
-735
-731
-746
-738
-717
-642
-573
-472
-428
-435
-402
-384
-317
-269
-222
-191
-116
-76
30
86
109
133
91
87
103
111
96
108
61
109
137
162
179
164
149
154
130
90
68
-10
-20
-55
-55
-57
-78
-123
-131
-141
-132
-135
-173
-181
-190
-162
-153
-135
-145
-130
-117
-80
-58
-32
-14
16
51
78
116
131
147
150
172
188
219
214
228
235
251
269
271
254
240
217
196
181
143
118
84
63
38
19
-10
-29
-71
-103
-137
-175
-210
-241
-269
-290
-304
-347
-367
-399
-424
-463
-491
-528
-552
-582
-616
-641
-672
-699
-736
-766
-788
-783
-782
-741
-670
-571
-462
-421
-396
-376
-339
-273
-221
-200
-137
-89
-21
81
135
183
211
183
181
205
193
202
175
138
171
189
204
219
196
197
207
173
158
115
63
29
-5
-31
-37
-72
-120
-133
-140
-126
-130
-151
-159
-142
-123
-101
-99
-99
-97
-90
-63
-42
-16
8
38
72
118
158
194
211
226
240
259
268
270
273
283
294
297
298
292
288
275
265
246
213
181
153
115
77
38
-7
-46
-88
-129
-168
-203
-231
-261
-274
-292
-324
-372
-426
-471
-515
-565
-599
-629
-671
-685
-741
-789
-879
-1000
-1001
-1002
-1029
-916
-745
-666
-468
-290
-200
-143
-93
-125
-22
17
84
160
208
321
422
443
510
498
422
399
279
256
184
47
3
-70
-142
-64
-64
-92
-24
-33
-45
-70
-146
-200
-246
-322
-325
-354
-302
-257
-225
-121
-52
27
76
75
97
129
96
139
128
146
206
252
296
384
409
417
426
396
374
311
262
215
174
150
156
147
178
175
175
198
190
155
129
83
69
84
65
86
98
98
131
117
96
65
-11
-81
-128
-204
-231
-287
-310
-341
-355
-418
-457
-571
-659
-738
-887
-945
-1020
-1141
-1117
-1210
-1198
-1144
-1149
-1051
-962
-821
-467
-354
-107
104
168
414
465
357
544
513
541
682
597
724
757
610
619
479
318
244
-92
-205
-272
-429
-427
-502
-564
-424
-433
-421
-337
-400
-323
-334
-365
-256
-216
-158
-30
-4
162
260
238
309
272
265
275
185
158
172
94
134
115
118
149
106
107
146
111
107
68
61
130
128
180
234
269
333
369
369
418
387
371
357
349
364
341
304
303
294
296
257
213
178
119
87
1
-48
-109
-181
-268
-255
-353
-328
-390
-438
-420
-454
-525
-547
-651
-698
-750
-843
-850
-925
-942
-972
-1010
-1028
-1017
-1043
-939
-879
-768
-478
-218
23
268
369
533
694
612
568
545
523
583
559
509
592
567
503
397
211
138
-89
-371
-514
-609
-642
-645
-728
-634
-474
-373
-296
-263
-190
-121
-140
-136
-68
-5
108
139
217
364
410
405
376
316
298
211
74
2
-38
-38
-22
-28
-10
14
20
36
38
40
41
40
92
171
237
328
389
478
548
561
567
555
496
472
397
358
320
254
216
201
175
143
66
2
-74
-137
-211
-332
-387
-435
-477
-484
-488
-473
-435
-443
-441
-450
-490
-537
-616
-692
-726
-815
-834
-897
-895
-928
-913
-934
-884
-883
-782
-721
-443
-201
6
200
333
493
648
612
511
532
458
523
437
391
390
411
317
262
112
65
-118
-354
-486
-573
-592
-652
-728
-692
-477
-384
-242
-207
-67
36
82
57
118
145
203
206
229
345
391
399
353
335
316
275
107
16
-83
-98
-130
-180
-194
-151
-114
-31
19
71
144
174
241
305
353
396
446
482
572
591
606
594
577
543
502
406
326
230
138
96
36
-13
-46
-137
-156
-183
-263
-315
-402
-483
-456
-522
-511
-494
-486
-417
-408
-407
-383
-426
-509
-542
-648
-678
-782
-831
-905
-902
-939
-942
-930
-810
-756
-610
-302
-105
189
307
408
559
701
545
516
379
453
478
390
306
351
356
342
161
6
-20
-247
-439
-644
-692
-689
-702
-855
-696
-519
-286
-224
-181
-40
130
156
128
102
167
257
188
224
280
373
382
318
248
287
168
28
-139
-240
-265
-323
-408
-378
-311
-222
-127
-54
66
169
213
257
320
377
421
428
475
546
600
618
599
591
565
481
375
249
142
54
-44
-127
-156
-198
-204
-226
-233
-273
-281
-361
-419
-450
-502
-486
-481
-485
-416
-350
-324
-278
-350
-357
-408
-525
-612
-774
-836
-921
-1021
-1076
-1086
-1085
-927
-910
-690
-336
-110
199
332
418
654
721
546
514
350
441
472
357
312
376
377
416
203
88
33
-199
-399
-618
-735
-719
-785
-908
-752
-572
-289
-181
-117
62
257
308
308
204
250
312
258
259
266
340
426
387
354
371
268
168
-26
-188
-261
-366
-482
-501
-471
-315
-196
-101
48
199
327
408
400
429
467
464
467
458
499
555
566
572
559
533
479
356
228
130
7
-93
-208
-273
-267
-264
-261
-279
-262
-234
-246
-300
-336
-372
-344
-382
-393
-381
-355
-311
-355
-381
-388
-459
-534
-658
-787
-835
-964
-1136
-1185
-1202
-1098
-1010
-913
-577
-199
149
361
457
645
842
714
564
370
344
408
300
146
199
288
356
245
79
69
-42
-266
-551
-746
-772
-791
-977
-963
-782
-474
-243
-149
-2
269
424
446
336
279
320
264
166
97
108
195
216
171
192
181
140
0
-181
-303
-398
-537
-638
-705
-601
-438
-296
-144
49
259
470
555
566
596
601
586
518
448
429
456
452
441
420
418
374
279
167
59
-41
-164
-284
-365
-372
-371
-381
-358
-301
-230
-200
-222
-240
-218
-230
-261
-303
-312
-314
-320
-373
-401
-431
-486
-575
-681
-793
-898
-1036
-1167
-1285
-1291
-1313
-1233
-1124
-819
-478
-95
166
433
652
877
881
764
612
508
472
371
237
142
214
237
275
155
125
15
-108
-360
-548
-720
-807
-981
-1049
-978
-760
-529
-346
-166
104
371
494
498
437
440
397
290
136
46
24
54
16
16
35
59
13
-92
-206
-285
-420
-569
-712
-715
-603
-481
-351
-144
125
438
641
730
802
868
875
795
637
520
450
392
324
262
242
253
240
197
160
88
14
-93
-220
-311
-362
-425
-433
-424
-373
-269
-208
-162
-106
-76
-29
-55
-117
-188
-236
-314
-377
-499
-548
-628
-685
-795
-904
-1003
-1089
-1209
-1315
-1359
-1368
-1261
-1165
-848
-521
-92
214
518
751
1052
1060
999
820
722
674
532
292
170
165
196
180
19
11
-48
-130
-350
-534
-691
-755
-958
-1050
-1037
-846
-647
-482
-295
37
332
522
569
586
638
632
480
288
136
57
10
-92
-162
-157
-120
-128
-163
-229
-272
-354
-472
-598
-618
-593
-528
-439
-272
-13
286
512
701
849
997
1077
1038
896
753
620
505
344
193
81
59
61
52
39
44
44
16
-68
-149
-209
-289
-352
-409
-395
-330
-282
-257
-176
-102
3
0
-26
-66
-69
-158
-257
-447
-545
-691
-804
-978
-1099
-1207
-1253
-1353
-1394
-1395
-1343
-1237
-1140
-886
-544
-182
142
408
656
983
1107
1073
969
874
855
750
494
308
216
187
131
-68
-158
-202
-294
-446
-621
-754
-799
-927
-1053
-1048
-920
-719
-577
-430
-147
174
413
533
565
655
727
654
477
291
178
111
-25
-166
-251
-274
-266
-317
-388
-407
-444
-504
-592
-676
-668
-603
-534
-405
-221
42
333
564
755
940
1074
1150
1088
957
819
671
507
324
147
61
22
-14
-40
-64
-40
-38
-69
-128
-179
-240
-265
-336
-343
-330
-278
-242
-161
-116
-36
6
26
19
5
-45
-112
-224
-374
-506
-666
-816
-958
-1128
-1226
-1324
-1406
-1429
-1415
-1395
-1249
-1160
-896
-521
-181
158
457
724
1071
1225
1175
1098
980
971
824
542
317
211
143
83
-167
-247
-292
-376
-523
-688
-792
-804
-959
-1060
-1071
-945
-747
-670
-530
-214
98
358
475
526
726
809
751
596
403
314
220
-7
-146
-280
-321
-336
-428
-451
-416
-452
-472
-556
-568
-513
-517
-507
-420
-268
-1
196
364
600
828
1030
1115
1082
1042
979
843
673
441
278
148
20
-74
-123
-166
-145
-149
-139
-113
-121
-134
-157
-178
-166
-174
-187
-169
-141
-94
-46
-45
3
40
65
54
-10
-77
-153
-288
-447
-646
-815
-957
-1140
-1273
-1415
-1471
-1476
-1440
-1411
-1233
-1092
-728
-377
-5
323
647
903
1181
1246
1199
1088
978
890
711
471
260
142
54
-45
-219
-293
-382
-469
-630
-734
-815
-872
-985
-1049
-1037
-866
-749
-624
-424
-130
181
416
510
659
805
868
802
622
475
375
203
10
-175
-299
-335
-412
-474
-479
-461
-455
-501
-563
-525
-489
-477
-504
-465
-287
-65
92
257
447
733
978
1063
1068
1074
1062
1000
791
554
378
231
81
-95
-209
-232
-234
-251
-257
-227
-142
-106
-108
-103
-59
-21
-19
-44
-10
41
88
85
67
93
132
106
42
-20
-78
-151
-284
-484
-630
-782
-932
-1106
-1278
-1381
-1441
-1477
-1466
-1380
-1263
-1042
-824
-448
-74
282
553
821
1066
1261
1232
1102
959
870
749
487
219
31
-37
-133
-291
-425
-446
-503
-573
-712
-757
-772
-826
-917
-932
-834
-664
-586
-459
-232
59
325
463
558
734
853
867
743
566
454
314
107
-106
-298
-385
-437
-517
-543
-535
-482
-435
-444
-437
-392
-380
-367
-395
-350
-224
-88
41
205
412
690
889
1009
1079
1130
1150
1065
866
667
462
286
94
-115
-256
-325
-351
-343
-318
-253
-158
-76
13
72
129
161
163
156
172
162
154
118
106
116
118
99
46
1
-40
-118
-250
-401
-567
-701
-850
-1007
-1156
-1248
-1322
-1353
-1398
-1338
-1289
-1135
-982
-711
-377
3
310
603
864
1107
1237
1161
1050
913
820
611
358
81
-18
-124
-224
-402
-456
-478
-463
-556
-613
-641
-639
-700
-761
-775
-671
-586
-518
-381
-175
90
287
391
533
702
800
793
649
534
438
297
102
-108
-261
-314
-399
-455
-494
-473
-430
-411
-426
-384
-357
-324
-339
-328
-250
-134
-43
64
194
419
633
789
900
992
1077
1106
1010
859
708
546
374
146
-50
-180
-238
-275
-283
-260
-160
-71
24
89
173
239
280
261
270
278
287
253
221
208
217
185
136
83
57
29
-55
-160
-243
-335
-438
-580
-736
-840
-949
-1067
-1179
-1264
-1302
-1281
-1261
-1177
-1041
-837
-510
-186
136
437
707
953
1164
1157
1082
991
879
739
507
230
81
-15
-144
-279
-404
-391
-377
-441
-507
-505
-493
-480
-590
-638
-573
-508
-490
-447
-332
-95
86
189
314
497
690
760
692
655
631
557
399
164
0
-95
-224
-352
-452
-479
-444
-460
-465
-424
-360
-293
-286
-289
-206
-125
-62
-18
56
217
407
547
664
788
935
1037
1042
988
899
803
665
469
271
104
-35
-129
-212
-229
-205
-157
-90
-4
90
195
248
283
307
338
349
333
295
295
301
306
261
229
206
186
133
50
-54
-137
-233
-388
-532
-685
-814
-944
-1083
-1205
-1269
-1325
-1359
-1362
-1332
-1216
-1097
-896
-589
-256
88
400
668
952
1182
1207
1174
1078
993
844
615
325
159
16
-99
-264
-371
-397
-400
-457
-494
-516
-509
-527
-616
-647
-600
-549
-519
-471
-347
-126
67
217
352
536
731
831
818
784
720
647
501
301
119
-25
-170
-288
-390
-422
-434
-452
-450
-406
-342
-277
-272
-251
-182
-94
-26
14
85
231
390
533
643
755
902
1003
1032
1018
967
893
783
613
448
284
134
-3
-102
-160
-166
-159
-112
-28
89
199
295
363
440
508
545
538
522
496
482
443
369
294
238
175
108
20
-81
-168
-263
-388
-504
-633
-741
-856
-963
-1058
-1120
-1186
-1221
-1262
-1254
-1208
-1149
-1036
-866
-596
-268
55
343
653
924
1174
1258
1230
1175
1116
985
786
507
291
156
-5
-185
-333
-409
-418
-459
-524
-516
-491
-469
-497
-529
-470
-402
-397
-365
-285
-124
40
126
228
394
574
699
707
710
734
714
629
475
312
202
62
-93
-230
-330
-382
-434
-478
-463
-422
-367
-326
-288
-192
-82
-6
54
129
245
385
494
577
671
795
903
959
961
937
901
848
745
608
477
352
243
154
88
54
48
53
95
163
245
309
353
403
465
491
486
449
417
402
359
271
191
124
60
-5
-90
-172
-223
-283
-370
-432
-508
-587
-646
-754
-810
-898
-958
-1048
-1075
-1134
-1114
-1134
-1074
-970
-802
-525
-242
74
371
693
935
1193
1246
1264
1209
1152
997
801
508
312
152
-13
-190
-347
-406
-414
-447
-487
-471
-451
-402
-427
-432
-384
-337
-332
-312
-263
-136
-21
61
158
305
482
621
667
717
761
779
722
591
435
309
152
-18
-198
-331
-428
-503
-561
-561
-524
-458
-400
-333
-210
-76
32
109
198
320
450
530
603
686
800
899
957
986
1015
1011
974
897
799
698
572
426
300
200
119
44
-15
-27
7
47
88
137
207
289
345
375
396
407
403
369
316
256
198
133
46
-34
-102
-165
-224
-293
-350
-404
-457
-544
-619
-712
-774
-877
-967
-1055
-1116
-1152
-1161
-1148
-1081
-939
-759
-470
-168
174
503
819
1084
1320
1393
1393
1324
1205
1034
778
483
248
61
-123
-295
-442
-485
-489
-503
-514
-485
-433
-385
-390
-381
-332
-296
-291
-282
-227
-117
-21
48
137
283
457
587
645
696
739
760
713
588
440
298
135
-50
-239
-395
-500
-583
-637
-643
-589
-490
-384
-267
-111
62
215
334
424
539
653
733
770
810
867
937
959
956
945
938
905
814
697
586
475
343
206
85
11
-44
-84
-101
-67
-1
76
147
231
324
401
437
456
464
467
432
365
302
246
177
96
-9
-76
-139
-195
-275
-337
-406
-442
-526
-588
-659
-712
-766
-825
-861
-873
-873
-887
-854
-826
-723
-630
-508
-301
-46
213
473
695
904
1125
1174
1162
1106
1027
896
691
408
226
72
-85
-265
-411
-446
-436
-466
-482
-451
-386
-318
-331
-328
-265
-217
-213
-222
-193
-109
-47
-8
54
171
317
420
469
544
617
655
625
539
447
361
223
63
-94
-207
-286
-369
-428
-414
-350
-250
-171
-79
58
208
314
384
442
534
616
647
654
670
720
754
752
737
759
764
745
683
621
570
509
403
296
215
162
104
49
23
46
88
124
163
224
298
352
373
377
386
380
350
289
238
185
143
56
-13
-87
-128
-196
-239
-306
-324
-362
-375
-444
-454
-497
-504
-541
-560
-589
-591
-603
-637
-625
-655
-603
-610
-529
-451
-237
-100
148
294
534
711
861
874
908
858
813
682
487
304
147
10
-157
-289
-388
-409
-454
-445
-456
-386
-339
-304
-309
-245
-212
-184
-217
-211
-177
-112
-94
-65
-20
104
199
273
331
412
478
514
487
454
414
355
255
146
66
-6
-80
-155
-194
-202
-180
-179
-149
-92
-2
76
155
221
319
412
489
536
586
630
674
690
697
686
690
667
637
584
530
474
421
354
289
234
189
149
115
94
88
91
88
93
117
151
180
187
193
215
225
226
207
183
170
151
101
58
13
-26
-68
-114
-155
-175
-196
-220
-252
-278
-305
-336
-374
-415
-465
-497
-555
-598
-647
-684
-724
-710
-712
-666
-585
-436
-262
-72
104
289
473
621
676
698
722
697
631
488
339
241
153
6
-120
-223
-254
-291
-343
-373
-347
-316
-291
-313
-288
-234
-220
-235
-237
-214
-158
-138
-127
-68
29
139
203
263
362
462
523
541
521
522
502
436
345
258
183
107
12
-63
-106
-128
-142
-143
-98
-15
56
119
190
296
409
482
524
570
631
679
683
655
647
625
589
528
466
413
366
300
242
198
167
126
85
60
56
61
51
46
60
98
128
147
158
189
210
233
239
239
242
250
220
203
178
140
107
58
8
-36
-73
-131
-170
-223
-281
-340
-397
-458
-519
-561
-625
-657
-684
-713
-739
-746
-760
-739
-729
-714
-638
-513
-373
-209
-67
109
307
461
551
613
664
694
669
563
448
352
263
118
-31
-146
-213
-283
-350
-409
-402
-384
-385
-397
-360
-293
-249
-251
-236
-181
-115
-90
-92
-56
33
119
166
209
289
387
453
481
498
537
567
544
488
444
393
329
226
132
62
19
-47
-99
-110
-63
-14
32
86
177
285
368
423
471
529
565
567
541
524
492
450
379
328
279
238
176
144
122
127
113
111
121
154
178
188
194
218
241
245
236
227
235
233
219
198
195
181
182
145
122
95
67
15
-18
-69
-109
-151
-208
-254
-297
-350
-420
-457
-513
-538
-580
-612
-644
-636
-657
-672
-695
-703
-710
-702
-717
-702
-658
-546
-441
-298
-147
22
201
367
458
555
635
659
651
574
482
401
296
138
6
-125
-191
-283
-354
-397
-393
-390
-369
-370
-316
-258
-233
-220
-190
-142
-93
-77
-62
-15
49
117
146
202
294
384
447
503
541
601
629
612
580
544
488
399
280
182
97
9
-80
-155
-171
-153
-133
-102
-37
51
159
241
312
395
457
486
490
475
462
424
365
309
260
224
186
151
146
160
179
201
226
257
288
304
311
310
295
266
224
186
152
114
68
33
4
-7
-22
-27
-38
-38
-45
-53
-66
-81
-107
-144
-186
-224
-265
-316
-384
-441
-481
-517
-551
-597
-613
-626
-621
-646
-648
-662
-651
-656
-657
-640
-614
-562
-479
-375
-246
-105
30
169
296
388
458
509
527
521
463
388
322
250
153
50
-46
-106
-169
-227
-276
-295
-295
-290
-293
-268
-227
-194
-164
-127
-78
-31
1
24
68
116
161
187
223
276
331
375
416
454
492
511
506
498
475
430
362
288
219
155
75
6
-41
-61
-67
-71
-57
-9
51
107
161
216
281
327
353
361
376
375
360
325
297
274
252
219
196
190
191
192
189
197
207
206
190
169
148
127
84
40
-3
-26
-55
-87
-119
-127
-132
-137
-152
-159
-145
-134
-133
-145
-149
-154
-172
-209
-244
-280
-319
-367
-425
-470
-502
-541
-576
-617
-630
-647
-646
-659
-640
-634
-608
-590
-566
-526
-468
-385
-306
-190
-93
41
140
246
306
399
450
494
479
450
415
377
312
202
113
26
-35
-129
-193
-260
-273
-302
-310
-320
-280
-252
-211
-180
-126
-75
-31
-3
34
89
137
173
195
245
301
354
376
404
428
461
464
461
444
427
385
328
270
215
159
93
38
1
-8
-21
-16
-1
45
82
130
169
226
277
323
350
377
392
386
368
346
324
291
247
193
151
108
65
17
-18
-41
-59
-78
-90
-92
-93
-92
-95
-89
-85
-86
-103
-109
-122
-120
-145
-157
-173
-178
-179
-200
-208
-234
-228
-273
-287
-348
-365
-428
-458
-525
-561
-607
-637
-668
-685
-685
-685
-658
-639
-580
-533
-433
-348
-217
-105
26
125
229
301
359
410
424
428
386
353
293
253
168
97
8
-39
-105
-154
-205
-232
-240
-242
-236
-230
-200
-177
-137
-106
-58
-32
-3
15
51
83
120
136
165
200
238
267
290
318
349
378
392
403
403
401
378
356
321
295
249
211
167
147
129
115
100
101
116
138
153
177
205
239
271
289
307
312
315
301
290
266
239
198
160
117
81
45
18
-2
-18
-28
-32
-32
-26
-20
-18
-20
-25
-37
-53
-76
-104
-118
-134
-146
-160
-166
-176
-180
-190
-198
-208
-215
-242
-264
-288
-307
-330
-367
-401
-432
-452
-483
-511
-527
-535
-533
-532
-526
-497
-450
-401
-329
-250
-142
-51
50
124
221
278
333
341
352
339
310
260
201
148
90
32
-36
-77
-121
-139
-167
-172
-176
-157
-149
-126
-107
-78
-53
-35
-13
1
25
40
62
73
102
120
162
190
235
273
317
354
393
415
435
439
432
424
394
362
315
276
232
195
160
134
110
100
95
99
113
129
148
170
185
202
218
224
226
218
207
191
178
160
142
121
102
86
71
58
42
30
18
12
1
-16
-36
-50
-67
-83
-110
-134
-157
-171
-186
-195
-203
-197
-192
-185
-184
-180
-176
-181
-184
-197
-201
-225
-243
-285
-305
-337
-353
-379
-402
-417
-426
-429
-435
-440
-439
-424
-407
-381
-338
-289
-226
-165
-93
-28
40
89
132
163
189
194
184
162
131
101
60
16
-29
-60
-93
-115
-137
-141
-137
-129
-120
-106
-78
-51
-24
-9
19
40
71
91
107
122
144
155
173
189
209
228
247
271
293
310
322
327
329
336
325
313
295
275
257
234
215
198
183
169
158
148
151
147
154
156
163
172
178
180
180
178
173
167
151
139
123
110
94
75
60
42
29
17
8
-1
-2
-12
-20
-35
-43
-48
-56
-72
-80
-92
-98
-116
-132
-153
-170
-185
-201
-209
-221
-227
-242
-244
-253
-249
-257
-264
-269
-272
-275
-283
-289
-299
-298
-306
-307
-320
-323
-327
-318
-315
-296
-282
-243
-211
-166
-129
-85
-37
-2
41
63
95
97
109
97
98
85
73
49
29
12
-7
-16
-29
-28
-35
-24
-22
-3
5
24
26
44
49
60
67
76
84
93
106
120
146
170
198
219
246
268
291
305
318
322
329
322
320
314
307
294
278
265
248
234
217
199
183
171
151
137
121
108
98
96
93
94
97
99
101
105
111
114
118
113
106
96
91
77
66
52
36
18
0
-14
-29
-48
-72
-88
-104
-107
-121
-122
-133
-135
-139
-150
-159
-176
-178
-197
-200
-211
-214
-229
-233
-236
-233
-234
-236
-235
-233
-225
-228
-224
-235
-235
-254
-264
-284
-296
-309
-322
-325
-325
-308
-290
-255
-223
-178
-136
-86
-51
-14
10
34
50
59
65
61
61
44
37
26
25
14
10
1
2
8
14
18
23
43
50
66
70
81
81
91
94
105
110
119
129
146
167
189
205
224
243
264
281
291
301
313
319
321
315
303
290
272
258
239
218
197
176
159
146
133
122
111
103
97
95
95
95
96
97
97
98
101
104
103
101
93
85
80
71
64
55
50
38
28
16
6
-5
-19
-32
-42
-49
-58
-68
-77
-89
-103
-117
-131
-141
-153
-169
-184
-195
-199
-205
-205
-206
-198
-192
-182
-175
-168
-156
-154
-152
-160
-169
-184
-201
-220
-239
-261
-280
-290
-295
-287
-276
-254
-232
-196
-167
-127
-95
-62
-39
-17
0
12
23
28
34
33
38
37
42
46
53
57
64
71
76
86
92
101
101
106
104
106
100
99
98
105
107
117
126
142
158
175
194
216
242
257
276
286
299
304
308
303
301
293
282
266
247
232
213
194
169
154
135
126
112
106
98
96
95
96
100
103
106
108
112
116
116
114
112
108
103
94
85
75
67
59
52
39
28
16
6
-5
-13
-22
-26
-31
-41
-52
-66
-70
-86
-96
-113
-123
-130
-136
-142
-141
-141
-136
-135
-131
-122
-120
-110
-116
-112
-118
-118
-133
-142
-157
-167
-184
-204
-216
-227
-230
-232
-228
-222
-204
-190
-163
-144
-108
-82
-51
-34
-15
5
25
39
50
61
66
74
75
81
82
91
87
94
99
110
113
119
121
134
140
141
141
140
147
148
151
150
159
163
170
170
185
195
212
218
232
245
255
263
268
274
275
278
271
264
255
245
231
218
206
197
189
178
173
166
163
156
152
142
141
133
126
118
110
106
98
89
80
76
71
70
64
61
59
60
58
52
48
42
39
31
26
24
20
15
7
-3
-9
-24
-36
-52
-61
-74
-81
-93
-100
-112
-111
-115
-113
-114
-114
-117
-116
-119
-121
-126
-136
-138
-146
-148
-152
-159
-162
-168
-166
-168
-169
-164
-159
-151
-144
-135
-124
-107
-92
-79
-65
-48
-28
-16
-3
6
22
27
36
37
48
54
61
67
74
85
95
105
114
130
137
148
151
158
164
167
167
166
163
162
162
164
168
164
170
174
187
194
204
207
219
230
245
251
256
262
265
266
259
256
247
238
222
212
198
185
172
162
157
153
147
142
137
134
130
123
117
112
108
101
92
86
84
79
77
74
74
76
72
70
65
66
68
67
61
59
53
48
37
27
15
-3
-21
-41
-51
-66
-75
-90
-96
-100
-103
-109
-109
-102
-95
-92
-95
-95
-100
-100
-107
-111
-115
-117
-121
-118
-117
-112
-108
-105
-100
-96
-87
-80
-72
-66
-57
-55
-46
-46
-39
-33
-22
-13
-3
6
13
24
30
42
48
58
61
69
75
85
89
95
98
103
109
114
119
121
125
130
137
144
153
155
161
166
171
176
183
186
189
194
196
204
207
215
217
224
226
230
230
231
227
225
222
219
215
205
197
189
184
177
171
160
152
141
135
126
120
110
101
96
94
90
87
85
83
83
82
79
76
73
71
72
72
73
70
63
56
53
46
41
31
22
10
0
-11
-26
-39
-52
-62
-70
-71
-74
-74
-76
-72
-70
-67
-69
-72
-76
-77
-80
-79
-86
-87
-90
-88
-86
-87
-80
-74
-64
-59
-51
-47
-42
-43
-41
-37
-31
-30
-31
-33
-30
-19
-15
-9
-7
1
8
18
24
35
44
53
58
69
79
88
97
104
112
117
116
115
117
120
122
122
122
123
125
127
132
134
140
145
151
155
160
166
173
178
187
192
199
203
204
206
209
210
210
207
201
193
185
172
159
147
136
127
116
106
97
92
88
84
82
82
83
80
79
80
82
83
79
75
71
68
65
58
55
49
40
36
32
28
21
11
1
-6
-11
-21
-31
-40
-48
-53
-63
-72
-76
-78
-76
-76
-72
-70
-70
-71
-73
-73
-69
-67
-67
-63
-61
-57
-57
-56
-55
-57
-57
-56
-58
-55
-59
-59
-61
-61
-56
-52
-45
-40
-35
-29
-26
-20
-15
-10
-2
2
9
11
17
21
27
33
38
41
45
53
59
66
71
72
74
76
76
75
77
81
88
91
93
95
95
97
100
107
112
116
121
124
132
138
143
146
149
154
157
159
155
150
145
138
130
122
113
104
94
89
88
86
83
80
79
80
77
72
67
62
59
54
47
40
35
31
25
24
20
22
20
17
14
9
5
-3
-8
-15
-17
-27
-35
-43
-47
-53
-56
-61
-68
-74
-77
-81
-79
-83
-84
-84
-84
-80
-79
-78
-78
-77
-75
-75
-78
-83
-85
-85
-87
-81
-83
-80
-83
-84
-79
-78
-72
-71
-72
-70
-66
-62
-59
-59
-56
-52
-45
-37
-33
-28
-21
-15
-11
-3
1
2
5
9
11
14
17
18
15
18
19
24
29
37
40
43
44
44
46
48
51
56
59
59
61
63
70
75
79
81
88
94
98
100
102
104
105
106
107
105
103
100
93
88
81
75
68
59
49
44
41
36
34
30
28
25
22
20
18
19
19
19
18
13
11
9
7
7
5
2
-5
-9
-16
-20
-22
-24
-28
-32
-38
-41
-45
-51
-55
-61
-67
-71
-73
-74
-78
-80
-79
-78
-77
-71
-65
-60
-60
-60
-63
-61
-62
-64
-72
-79
-82
-85
-88
-85
-86
-84
-82
-79
-73
-69
-62
-55
-51
-46
-41
-36
-33
-29
-25
-20
-20
-18
-13
-8
-2
3
6
11
14
17
18
22
22
23
21
17
15
14
16
15
17
19
21
25
31
37
42
49
56
63
69
73
76
79
80
81
80
80
81
84
84
82
78
75
71
67
63
56
51
43
38
30
23
16
10
8
5
5
7
10
15
16
15
13
13
14
13
10
6
5
5
0
-7
-14
-21
-25
-34
-42
-49
-52
-55
-55
-56
-57
-54
-54
-51
-52
-55
-55
-56
-59
-64
-70
-75
-77
-79
-81
-85
-84
-85
-82
-79
-78
-82
-81
-83
-83
-85
-88
-90
-90
-89
-88
-84
-79
-73
-68
-63
-57
-46
-34
-28
-25
-18
-17
-14
-16
-18
-18
-16
-18
-21
-23
-24
-20
-18
-19
-14
-10
-6
-5
-5
1
4
8
9
10
13
19
22
28
32
35
37
39
42
43
49
49
50
48
48
48
49
51
54
55
54
53
51
49
45
41
37
32
28
24
18
16
11
10
6
4
2
0
2
3
1
-3
-10
-13
-12
-13
-18
-21
-21
-23
-24
-25
-23
-22
-21
-25
-27
-30
-30
-33
-33
-35
-36
-39
-46
-51
-49
-48
-47
-48
-51
-51
-52
-51
-56
-58
-60
-61
-63
-63
-66
-65
-68
-71
-72
-69
-68
-65
-64
-61
-57
-54
-49
-47
-45
-39
-35
-29
-27
-23
-21
-20
-17
-13
-12
-9
-11
-10
-6
-6
-6
-8
-7
-5
-4
-2
-2
0
3
5
9
14
18
22
25
26
28
31
36
38
42
42
42
41
42
43
40
40
37
38
36
33
31
28
28
25
22
23
27
28
26
24
24
25
29
26
24
21
20
16
12
4
-2
-7
-9
-12
-16
-21
-28
-30
-33
-33
-32
-31
-32
-30
-31
-33
-29
-30
-30
-30
-31
-29
-30
-26
-23
-25
-27
-32
-33
-33
-37
-40
-42
-46
-49
-53
-57
-59
-61
-62
-63
-60
-58
-56
-53
-52
-48
-45
-45
-45
-46
-47
-45
-45
-44
-43
-43
-41
-40
-39
-38
-34
-28
-25
-22
-21
-19
-18
-17
-14
-13
-14
-14
-11
-10
-9
-6
-5
-1
2
4
7
13
15
20
22
23
23
24
23
22
21
20
25
26
28
31
32
34
38
40
40
41
40
38
37
31
29
26
21
18
16
15
11
9
9
8
10
13
12
7
3
3
4
3
-4
-10
-15
-19
-22
-26
-28
-33
-37
-40
-46
-46
-47
-45
-45
-42
-38
-35
-33
-36
-36
-35
-37
-39
-42
-45
-48
-51
-55
-56
-56
-54
-54
-55
-56
-56
-58
-59
-60
-58
-54
-56
-56
-56
-56
-54
-54
-55
-55
-57
-56
-54
-53
-54
-53
-53
-53
-50
-49
-49
-50
-48
-47
-46
-46
-43
-39
-37
-35
-34
-34
-32
-30
-28
-27
-24
-22
-19
-18
-19
-18
-19
-19
-21
-22
-23
-21
-21
-21
-19
-17
-12
-8
-8
-7
-6
-6
-4
-4
-3
-4
-3
-2
-2
-2
-3
-5
-6
-9
-9
-9
-12
-16
-22
-25
-27
-28
-32
-33
-35
-35
-37
-39
-38
-37
-37
-36
-39
-42
-41
-41
-43
-47
-48
-50
-51
-54
-58
-61
-61
-63
-62
-65
-64
-62
-59
-60
-57
-56
-57
-58
-59
-59
-57
-52
-50
-46
-49
-52
-55
-58
-62
-63
-66
-65
-66
-65
-64
-64
-66
-67
-64
-60
-55
-51
-47
-47
-45
-43
-41
-40
-38
-38
-35
-35
-35
-35
-36
-36
-35
-36
-35
-33
-34
-34
-34
-35
-35
-35
-35
-35
-32
-32
-31
-30
-29
-28
-24
-21
-21
-21
-20
-23
-20
-18
-20
-21
-21
-23
-20
-19
-20
-19
-21
-21
-18
-15
-13
-13
-13
-13
-14
-11
-11
-11
-11
-13
-15
-17
-19
-22
-26
-31
-33
-34
-36
-38
-40
-42
-43
-44
-43
-43
-43
-40
-41
-43
-43
-45
-46
-45
-44
-41
-40
-43
-42
-42
-40
-40
-36
-36
-36
-37
-37
-37
-36
-36
-34
-36
-37
-40
-44
-48
-49
-46
-47
-47
-48
-48
-46
-45
-45
-45
-44
-42
-42
-42
-43
-42
-42
-44
-45
-47
-45
-41
-39
-35
-34
-35
-34
-30
-27
-26
-27
-29
-31
-32
-34
-37
-38
-37
-36
-34
-34
-33
-30
-30
-30
-32
-30
-28
-28
-30
-33
-33
-31
-29
-32
-34
-36
-37
-35
-33
-35
-35
-34
-33
-33
-33
-33
-31
-29
-26
-24
-24
-25
-24
-21
-20
-22
-23
-22
-23
-23
-24
-21
-22
-25
-27
-32
-34
-34
-35
-36
-38
-40
-41
-43
-42
-42
-44
-43
-41
-40
-39
-39
-40
-41
-42
-45
-44
-45
-44
-45
-46
-46
-44
-44
-44
-47
-49
-48
-48
-48
-49
-51
-52
-55
-55
-54
-55
-57
-60
-60
-59
-55
-53
-54
-54
-54
-53
-49
-47
-47
-47
-47
-47
-46
-47
-49
-50
-51
-49
-49
-50
-51
-49
-47
-45
-44
-43
-44
-43
-43
-42
-43
-44
-42
-41
-39
-36
-36
-36
-35
-34
-33
-31
-30
-29
-29
-30
-32
-31
-31
-31
-29
-30
-32
-33
-34
-37
-37
-39
-42
-42
-42
-38
-35
-33
-32
-30
-28
-25
-23
-21
-17
-15
-10
-9
-10
-13
-13
-11
-9
-10
-16
-18
-17
-18
-19
-22
-24
-24
-24
-27
-29
-33
-35
-32
-29
-29
-30
-30
-29
-28
-30
-30
-29
-29
-29
-28
-30
-28
-27
-26
-30
-31
-30
-30
-31
-33
-37
-41
-45
-45
-47
-48
-47
-47
-47
-47
-46
-45
-42
-41
-40
-38
-36
-33
-31
-28
-28
-27
-27
-24
-22
-22
-23
-24
-25
-24
-25
-28
-32
-36
-35
-34
-32
-33
-33
-32
-30
-28
-30
-30
-28
-24
-19
-15
-14
-13
-11
-10
-10
-9
-9
-7
-9
-9
-12
-12
-14
-16
-18
-22
-22
-24
-23
-24
-25
-28
-28
-31
-30
-27
-25
-23
-20
-18
-15
-12
-11
-8
-4
-2
1
2
1
1
0
-2
-5
-9
-13
-15
-18
-20
-22
-24
-25
-25
-25
-26
-28
-30
-28
-25
-22
-21
-22
-22
-23
-21
-22
-23
-23
-23
-25
-26
-27
-28
-30
-33
-34
-35
-36
-41
-44
-46
-48
-48
-48
-49
-49
-51
-53
-51
-49
-47
-47
-44
-43
-38
-33
-32
-28
-28
-29
-31
-32
-31
-31
-30
-29
-29
-30
-29
-29
-31
-35
-36
-36
-33
-33
-32
-31
-29
-27
-25
-24
-20
-17
-13
-10
-12
-13
-11
-11
-11
-10
-10
-10
-10
-10
-12
-12
-14
-15
-16
-16
-15
-14
-14
-14
-12
-9
-10
-11
-13
-15
-15
-15
-16
-15
-14
-14
-15
-15
-14
-13
-10
-12
-12
-9
-8
-7
-9
-12
-14
-15
-18
-16
-16
-18
-19
-20
-21
-19
-20
-20
-20
-21
-22
-25
-27
-30
-31
-30
-29
-28
-29
-29
-26
-25
-25
-27
-29
-29
-28
-28
-28
-32
-34
-38
-42
-40
-40
-38
-41
-41
-42
-40
-38
-36
-36
-36
-39
-40
-39
-38
-37
-34
-34
-34
-31
-30
-28
-28
-28
-26
-23
-23
-21
-21
-20
-18
-17
-17
-18
-18
-19
-19
-20
-20
-21
-22
-21
-19
-19
-18
-16
-14
-11
-11
-11
-12
-14
-13
-14
-14
-16
-16
-14
-13
-13
-14
-13
-11
-12
-11
-10
-10
-11
-12
-13
-13
-11
-11
-12
-16
-18
-18
-19
-19
-18
-18
-18
-18
-16
-14
-12
-13
-13
-13
-15
-18
-17
-18
-19
-20
-20
-19
-21
-22
-23
-25
-26
-26
-23
-24
-24
-26
-28
-31
-33
-35
-35
-33
-31
-31
-32
-34
-33
-32
-34
-32
-30
-29
-29
-31
-33
-33
-32
-34
-38
-39
-38
-38
-37
-38
-37
-38
-38
-38
-37
-38
-38
-38
-35
-33
-30
-27
-28
-29
-31
-31
-30
-29
-28
-27
-27
-28
-26
-26
-27
-30
-32
-30
-30
-30
-30
-28
-25
-24
-24
-23
-24
-21
-19
-18
-18
-21
-21
-23
-23
-23
-24
-25
-27
-28
-29
-31
-32
-33
-33
-33
-32
-31
-33
-31
-31
-32
-32
-32
-33
-35
-34
-33
-32
-31
-30
-31
-32
-33
-35
-36
-38
-38
-39
-39
-42
-45
-47
-50
-50
-49
-47
-43
-41
-41
-43
-43
-43
-44
-42
-42
-41
-40
-42
-47
-50
-53
-55
-56
-56
-55
-52
-52
-52
-55
-55
-56
-56
-54
-51
-48
-47
-45
-47
-49
-50
-49
-51
-50
-50
-49
-49
-48
-49
-52
-53
-53
-54
-56
-56
-59
-60
-59
-58
-57
-56
-54
-54
-53
-50
-47
-46
-47
-48
-46
-44
-42
-41
-43
-43
-39
-40
-41
-41
-39
-38
-38
-39
-42
-40
-40
-40
-42
-43
-43
-41
-41
-43
-46
-49
-48
-47
-47
-47
-47
-46
-46
-44
-43
-45
-49
-47
-45
-44
-45
-45
-46
-48
-49
-50
-51
-51
-52
-53
-55
-56
-54
-54
-56
-57
-57
-57
-55
-55
-57
-56
-56
-55
-56
-54
-53
-52
-52
-54
-54
-54
-55
-56
-58
-60
-59
-60
-63
-66
-68
-67
-67
-69
-71
-69
-69
-67
-66
-66
-64
-62
-59
-57
-58
-57
-56
-54
-52
-51
-52
-51
-55
-58
-59
-60
-62
-62
-63
-64
-64
-65
-67
-68
-67
-68
-70
-68
-65
-62
-61
-58
-58
-57
-54
-53
-55
-56
-58
-59
-59
-59
-59
-59
-61
-62
-62
-63
-65
-65
-64
-64
-61
-61
-60
-57
-56
-54
-54
-56
-55
-55
-55
-55
-54
-55
-56
-56
-60
-61
-62
-59
-57
-57
-60
-62
-64
-62
-59
-59
-59
-61
-61
-62
-62
-64
-63
-63
-62
-59
-58
-60
-60
-58
-57
-57
-58
-61
-63
-63
-63
-64
-65
-67
-68
-66
-65
-66
-68
-68
-66
-64
-62
-62
-63
-62
-62
-63
-61
-62
-63
-64
-65
-68
-68
-68
-69
-65
-68
-69
-68
-69
-68
-67
-66
-66
-67
-68
-67
-63
-60
-59
-60
-62
-62
-63
-61
-63
-65
-64
-66
-65
-66
-67
-64
-64
-63
-67
-68
-67
-67
-65
-67
-67
-66
-66
-65
-65
-65
-66
-66
-67
-68
-70
-66
-66
-64
-59
-59
-59
-59
-60
-59
-63
-62
-62
-56
-54
-52
-55
-55
-57
-59
-59
-58
-57
-58
-61
-61
-58
-57
-56
-57
-58
-57
-57
-58
-58
-59
-60
-59
-60
-59
-58
-57
-57
-55
-56
-59
-60
-61
-63
-63
-65
-65
-66
-65
-66
-65
-66
-65
-64
-62
-61
-61
-62
-63
-62
-61
-60
-59
-58
-60
-63
-67
-64
-64
-66
-70
-72
-71
-70
-72
-75
-75
-72
-72
-74
-75
-77
-76
-75
-74
-75
-77
-74
-72
-71
-69
-71
-72
-69
-68
-65
-67
-66
-69
-71
-72
-74
-74
-76
-75
-75
-76
-76
-75
-75
-74
-73
-74
-74
-76
-78
-79
-79
-74
-71
-70
-74
-75
-75
-75
-73
-76
-77
-74
-71
-72
-73
-74
-71
-69
-70
-72
-73
-74
-77
-76
-74
-73
-69
-68
-70
-72
-73
-72
-72
-70
-71
-71
-71
-70
-70
-70
-70
-72
-72
-73
-73
-72
-72
-74
-73
-72
-73
-72
-73
-74
-76
-74
-73
-71
-71
-72
-73
-71
-68
-68
-69
-71
-72
-72
-72
-73
-75
-75
-76
-77
-74
-71
-69
-68
-68
-69
-70
-71
-73
-75
-74
-74
-74
-77
-78
-77
-77
-78
-79
-79
-78
-76
-75
-74
-75
-73
-74
-74
-75
-76
-75
-74
-75
-76
-77
-75
-74
-72
-69
-68
-68
-69
-66
-66
-63
-63
-65
-64
-65
-62
-59
-59
-60
-61
-61
-59
-55
-56
-56
-60
-59
-58
-60
-59
-57
-56
-55
-56
-59
-59
-58
-56
-53
-53
-54
-56
-56
-55
-53
-49
-52
-51
-51
-54
-52
-54
-55
-57
-55
-55
-55
-56
-57
-56
-55
-56
-58
-58
-56
-52
-51
-53
-53
-52
-53
-56
-59
-60
-59
-59
-61
-62
-64
-65
-65
-65
-67
-66
-65
-65
-65
-64
-64
-64
-64
-62
-62
-59
-57
-57
-58
-60
-63
-62
-63
-61
-59
-60
-60
-61
-62
-63
-66
-70
-70
-71
-71
-68
-67
-67
-68
-68
-70
-68
-67
-70
-72
-72
-70
-69
-68
-70
-72
-71
-70
-68
-66
-66
-66
-67
-67
-66
-65
-68
-70
-70
-66
-63
-63
-64
-65
-66
-65
-63
-62
-62
-66
-67
-66
-64
-65
-65
-65
-66
-67
-67
-63
-60
-60
-63
-67
-68
-68
-70
-70
-70
-67
-67
-67
-66
-66
-67
-68
-68
-66
-65
-65
-66
-65
-64
-67
-72
-74
-73
-71
-69
-71
-71
-70
-69
-69
-70
-70
-72
-72
-70
-71
-70
-68
-69
-70
-72
-72
-73
-74
-73
-73
-75
-77
-77
-76
-74
-71
-72
-70
-73
-75
-74
-76
-77
-77
-78
-80
-80
-79
-79
-78
-78
-79
-80
-81
-83
-82
-82
-82
-80
-77
-77
-78
-79
-75
-74
-74
-74
-75
-74
-71
-70
-73
-73
-73
-71
-70
-71
-73
-74
-72
-73
-73
-73
-70
-66
-66
-66
-66
-63
-61
-63
-65
-68
-69
-68
-66
-65
-66
-66
-64
-65
-66
-66
-67
-66
-67
-68
-69
-70
-70
-70
-72
-72
-69
-70
-71
-70
-69
-67
-67
-69
-69
-66
-67
-67
-69
-68
-67
-66
-69
-70
-71
-72
-71
-71
-72
-73
-74
-76
-78
-78
-77
-75
-76
-76
-73
-75
-75
-76
-75
-73
-74
-75
-74
-73
-73
-73
-75
-78
-79
-78
-77
-77
-78
-76
-74
-73
-70
-72
-73
-75
-76
-76
-73
-73
-73
-74
-74
-74
-76
-77
-78
-77
-76
-75
-74
-71
-70
-66
-65
-64
-63
-63
-61
-62
-63
-68
-69
-69
-69
-71
-72
-71
-72
-70
-68
-67
-66
-63
-61
-62
-64
-65
-64
-63
-62
-63
-64
-65
-66
-68
-68
-68
-67
-69
-66
-64
-61
-59
-63
-64
-66
-63
-63
-63
-69
-71
-70
-69
-67
-66
-63
-64
-65
-67
-67
-66
-67
-67
-67
-69
-68
-67
-65
-63
-65
-69
-69
-67
-66
-63
-63
-66
-64
-62
-63
-66
-69
-70
-68
-66
-67
-68
-68
-63
-59
-59
-62
-62
-63
-63
-64
-63
-61
-59
-61
-64
-65
-65
-65
-66
-67
-65
-63
-64
-65
-68
-68
-65
-65
-66
-65
-64
-63
-64
-65
-64
-63
-64
-66
-68
-68
-67
-64
-64
-61
-60
-59
-59
-60
-61
-63
-61
-62
-60
-60
-61
-65
-70
-70
-68
-64
-63
-61
-62
-58
-57
-58
-59
-59
-55
-54
-55
-58
-59
-58
-58
-60
-61
-62
-58
-57
-55
-55
-55
-55
-56
-57
-55
-54
-56
-56
-56
-57
-54
-52
-53
-56
-57
-56
-55
-54
-56
-55
-54
-54
-54
-54
-54
-54
-53
-52
-54
-54
-53
-54
-53
-54
-56
-56
-56
-56
-55
-54
-54
-55
-56
-54
-52
-52
-53
-57
-58
-58
-57
-57
-56
-56
-56
-57
-58
-60
-61
-62
-63
-62
-62
-61
-59
-58
-59
-58
-57
-56
-56
-57
-58
-58
-56
-53
-54
-57
-59
-58
-55
-54
-56
-57
-55
-51
-53
-56
-59
-60
-58
-55
-56
-59
-57
-54
-52
-53
-55
-57
-57
-56
-53
-50
-52
-52
-48
-49
-50
-49
-50
-50
-48
-49
-47
-49
-50
-51
-51
-52
-50
-49
-50
-49
-48
-49
-50
-50
-48
-46
-43
-41
-44
-46
-47
-47
-46
-45
-46
-46
-48
-49
-48
-48
-49
-50
-49
-49
-46
-47
-49
-50
-48
-46
-45
-45
-46
-49
-48
-46
-44
-44
-44
-46
-46
-45
-44
-46
-45
-44
-43
-44
-43
-43
-44
-47
-47
-47
-45
-44
-45
-45
-45
-44
-44
-47
-46
-45
-43
-43
-44
-46
-48
-47
-46
-44
-44
-46
-45
-46
-45
-43
-43
-41
-42
-42
-42
-40
-41
-43
-43
-41
-40
-40
-41
-38
-36
-35
-36
-35
-36
-36
-35
-33
-33
-33
-35
-35
-36
-39
-37
-37
-36
-37
-35
-34
-34
-33
-32
-31
-29
-31
-34
-35
-35
-34
-33
-33
-31
-32
-31
-32
-30
-30
-30
-29
-29
-31
-32
-31
-31
-34
-33
-34
-37
-36
-34
-34
-35
-35
-34
-34
-33
-33
-32
-32
-33
-35
-36
-36
-36
-36
-36
-36
-37
-38
-37
-34
-33
-34
-36
-38
-38
-37
-37
-36
-38
-40
-40
-40
-40
-41
-42
-42
-40
-42
-43
-43
-41
-41
-43
-45
-45
-45
-43
-44
-45
-47
-47
-46
-47
-47
-48
-49
-48
-47
-48
-49
-50
-50
-48
-46
-48
-49
-50
-50
-49
-50
-47
-44
-43
-45
-46
-46
-46
-45
-48
-50
-48
-47
-46
-48
-47
-48
-47
-47
-49
-50
-52
-53
-53
-55
-58
-56
-56
-53
-51
-51
-51
-49
-51
-55
-57
-59
-59
-60
-59
-58
-57
-56
-56
-56
-57
-59
-57
-54
-55
-57
-55
-55
-55
-57
-58
-58
-55
-54
-56
-57
-57
-58
-58
-58
-58
-57
-57
-59
-60
-64
-64
-63
-65
-66
-64
-65
-67
-70
-70
-68
-67
-69
-71
-72
-72
-71
-72
-71
-68
-70
-70
-71
-73
-74
-73
-75
-76
-77
-78
-77
-76
-73
-75
-77
-77
-74
-72
-73
-74
-75
-74
-75
-77
-78
-76
-74
-76
-76
-78
-76
-75
-75
-74
-74
-75
-76
-77
-78
-79
-78
-77
-78
-78
-75
-73
-72
-70
-72
-72
-72
-71
-70
-68
-70
-74
-74
-73
-69
-71
-68
-70
-72
-70
-76
-71
-70
-67
-67
-68
-67
-69
-68
-70
-71
-69
-71
-68
-68
-68
-65
-66
-65
-67
-66
-65
-66
-64
-67
-66
-69
-69
-69
-70
-68
-68
-69
-70
-73
-74
-73
-72
-72
-72
-70
-71
-71
-73
-72
-73
-72
-71
-71
-72
-72
-72
-71
-70
-68
-69
-68
-67
-68
-68
-68
-70
-72
-72
-69
-66
-63
-65
-66
-68
-69
-69
-68
-70
-72
-72
-71
-70
-67
-67
-67
-67
-68
-68
-70
-70
-69
-71
-70
-70
-71
-72
-71
-70
-71
-69
-70
-70
-69
-68
-68
-69
-70
-70
-68
-67
-67
-68
-67
-67
-67
-67
-69
-68
-66
-65
-65
-64
-64
-64
-66
-69
-71
-72
-70
-68
-69
-69
-71
-71
-72
-72
-72
-69
-68
-69
-70
-73
-73
-73
-73
-76
-77
-76
-77
-78
-77
-75
-75
-73
-73
-76
-76
-78
-78
-80
-81
-81
-83
-81
-80
-81
-81
-84
-83
-84
-84
-83
-81
-79
-78
-77
-77
-77
-79
-81
-82
-82
-83
-84
-85
-84
-86
-87
-88
-91
-90
-88
-89
-88
-85
-87
-88
-88
-88
-89
-89
-90
-88
-84
-83
-81
-82
-85
-85
-83
-83
-83
-82
-79
-77
-77
-80
-81
-83
-82
-82
-82
-81
-80
-79
-79
-81
-81
-80
-80
-81
-81
-80
-78
-77
-80
-79
-78
-77
-79
-79
-79
-78
-78
-78
-81
-84
-84
-85
-84
-83
-83
-83
-85
-84
-85
-85
-84
-84
-84
-82
-83
-83
-82
-80
-79
-78
-77
-79
-79
-79
-80
-80
-80
-80
-81
-83
-82
-82
-84
-81
-80
-82
-84
-87
-85
-84
-83
-83
-82
-82
-81
-81
-82
-84
-83
-82
-81
-78
-78
-78
-78
-79
-81
-83
-85
-85
-84
-84
-84
-82
-83
-84
-83
-85
-85
-87
-86
-88
-88
-87
-87
-86
-83
-82
-82
-81
-83
-84
-85
-83
-82
-82
-83
-82
-82
-82
-82
-83
-82
-83
-83
-81
-80
-79
-81
-81
-81
-79
-79
-78
-81
-81
-78
-77
-77
-78
-80
-80
-80
-80
-80
-82
-81
-79
-78
-78
-78
-80
-81
-82
-81
-78
-76
-77
-79
-78
-77
-76
-73
-75
-76
-77
-77
-77
-75
-73
-73
-74
-75
-74
-72
-70
-71
-73
-77
-79
-80
-79
-78
-78
-82
-83
-82
-81
-80
-78
-80
-81
-80
-78
-78
-78
-79
-79
-80
-77
-78
-77
-76
-77
-76
-77
-75
-75
-73
-72
-73
-75
-78
-79
-79
-78
-76
-75
-75
-73
-74
-75
-73
-72
-70
-70
-73
-73
-73
-74
-75
-75
-76
-76
-74
-75
-75
-74
-74
-73
-75
-75
-74
-72
-72
-75
-76
-75
-72
-71
-70
-73
-76
-74
-71
-70
-70
-70
-74
-74
-72
-73
-74
-76
-75
-74
-72
-72
-71
-75
-78
-77
-77
-77
-77
-78
-79
-78
-77
-77
-80
-78
-77
-74
-73
-77
-76
-77
-76
-75
-76
-79
-80
-79
-79
-80
-82
-80
-80
-81
-81
-82
-84
-81
-81
-80
-81
-83
-82
-82
-81
-81
-82
-82
-83
-85
-85
-88
-89
-89
-85
-83
-85
-88
-89
-89
-87
-87
-89
-88
-89
-90
-91
-90
-89
-89
-89
-90
-90
-91
-91
-92
-93
-89
-88
-89
-91
-92
-94
-92
-91
-92
-93
-92
-93
-96
-96
-95
-93
-92
-93
-94
-94
-93
-92
-90
-90
-90
-91
-92
-92
-93
-93
-93
-94
-95
-97
-97
-96
-95
-96
-93
-93
-96
-96
-96
-92
-87
-87
-88
-91
-89
-87
-87
-89
-92
-93
-91
-89
-89
-91
-92
-93
-94
-93
-93
-94
-96
-96
-97
-97
-96
-96
-95
-96
-97
-99
-98
-98
-100
-100
-100
-101
-102
-102
-101
-100
-99
-99
-98
-98
-97
-97
-97
-100
-101
-100
-98
-98
-95
-97
-97
-96
-95
-96
-97
-99
-101
-98
-96
-92
-92
-95
-97
-98
-97
-95
-94
-94
-93
-94
-96
-96
-96
-95
-95
-93
-92
-92
-95
-96
-96
-93
-90
-92
-93
-91
-92
-93
-94
-95
-92
-89
-89
-89
-91
-90
-90
-89
-89
-89
-86
-86
-86
-86
-87
-89
-90
-91
-90
-88
-87
-88
-90
-91
-92
-91
-92
-92
-91
-90
-90
-90
-91
-91
-88
-86
-85
-86
-87
-86
-86
-86
-86
-89
-90
-88
-88
-87
-86
-86
-85
-86
-86
-86
-86
-86
-85
-86
-86
-86
-87
-86
-88
-87
-86
-87
-88
-89
-89
-90
-90
-91
-90
-91
-91
-94
-94
-92
-91
-90
-89
-89
-90
-88
-87
-87
-89
-92
-92
-89
-87
-86
-86
-87
-87
-89
-91
-89
-88
-89
-88
-88
-86
-87
-88
-88
-88
-87
-89
-89
-91
-91
-90
-90
-90
-90
-88
-88
-87
-85
-84
-84
-84
-85
-85
-84
-83
-84
-85
-85
-82
-80
-81
-84
-86
-84
-83
-83
-84
-84
-82
-82
-81
-81
-82
-83
-81
-82
-85
-87
-88
-86
-84
-86
-86
-86
-86
-83
-81
-81
-83
-85
-86
-86
-87
-86
-85
-87
-90
-90
-89
-87
-86
-89
-92
-90
-86
-85
-85
-89
-91
-90
-91
-89
-91
-93
-91
-91
-90
-89
-89
-88
-88
-90
-92
-94
-93
-92
-92
-93
-96
-93
-91
-92
-93
-94
-95
-92
-91
-91
-92
-92
-90
-88
-88
-88
-87
-88
-86
-87
-88
-87
-88
-88
-87
-86
-86
-82
-83
-86
-87
-88
-86
-85
-84
-84
-85
-85
-83
-84
-85
-85
-85
-84
-82
-83
-81
-81
-82
-82
-82
-82
-82
-81
-80
-80
-80
-82
-83
-83
-84
-84
-82
-83
-85
-84
-83
-83
-83
-83
-80
-82
-82
-83
-84
-82
-80
-79
-80
-80
-82
-81
-81
-81
-82
-83
-85
-82
-81
-85
-87
-88
-87
-85
-84
-85
-84
-84
-85
-86
-85
-85
-84
-85
-86
-87
-87
-86
-84
-84
-86
-88
-87
-86
-85
-84
-86
-86
-86
-85
-85
-87
-86
-87
-86
-85
-83
-82
-82
-83
-85
-87
-86
-85
-81
-81
-82
-85
-87
-84
-84
-83
-83
-82
-84
-83
-82
-82
-80
-81
-80
-80
-78
-79
-80
-80
-79
-80
-80
-79
-78
-77
-77
-77
-77
-76
-76
-76
-74
-72
-71
-70
-73
-73
-73
-69
-66
-68
-72
-74
-71
-70
-68
-69
-72
-72
-71
-68
-67
-67
-65
-64
-65
-64
-66
-66
-65
-63
-62
-62
-63
-64
-64
-63
-63
-64
-63
-61
-59
-59
-61
-61
-62
-62
-62
-61
-60
-60
-60
-63
-63
-62
-62
-62
-60
-59
-59
-57
-58
-57
-56
-56
-54
-54
-55
-56
-58
-59
-57
-54
-54
-55
-57
-57
-59
-60
-58
-57
-58
-57
-57
-57
-55
-54
-57
-59
-60
-59
-57
-58
-56
-58
-59
-60
-59
-59
-57
-55
-53
-51
-50
-50
-52
-55
-54
-52
-51
-50
-51
-49
-49
-49
-47
-48
-48
-49
-48
-47
-49
-48
-46
-46
-44
-45
-45
-45
-44
-43
-42
-42
-43
-43
-43
-43
-42
-41
-43
-44
-44
-42
-43
-42
-45
-46
-46
-44
-42
-47
-41
-42
-43
-40
-45
-44
-47
-47
-44
-42
-42
-42
-43
-42
-43
-42
-42
-40
-40
-41
-38
-40
-38
-39
-35
-35
-36
-38
-41
-38
-37
-37
-38
-38
-40
-39
-40
-41
-41
-41
-41
-41
-40
-39
-41
-41
-42
-41
-42
-42
-43
-42
-40
-40
-42
-42
-40
-38
-37
-36
-37
-39
-38
-39
-40
-40
-38
-38
-38
-36
-35
-36
-39
-41
-40
-38
-37
-36
-36
-36
-35
-36
-36
-36
-35
-34
-33
-34
-33
-32
-33
-33
-32
-30
-31
-32
-34
-33
-32
-31
-31
-32
-31
-30
-27
-25
-27
-28
-26
-26
-24
-27
-28
-26
-24
-24
-24
-24
-25
-24
-24
-24
-25
-26
-29
-27
-24
-25
-26
-26
-22
-21
-21
-21
-22
-21
-21
-21
-21
-21
-19
-19
-21
-21
-22
-22
-20
-20
-21
-21
-19
-18
-20
-21
-21
-21
-22
-21
-23
-24
-23
-23
-21
-21
-22
-22
-19
-15
-14
-17
-20
-20
-19
-20
-18
-18
-17
-16
-15
-17
-16
-15
-16
-14
-14
-14
-12
-11
-10
-14
-14
-13
-11
-13
-11
-13
-12
-9
-7
-7
-9
-11
-10
-8
-8
-10
-11
-9
-6
-6
-10
-10
-8
-9
-10
-10
-10
-6
-2
-1
0
-3
-5
-7
-8
-6
-7
-8
-8
-7
-5
-5
-4
-4
-4
-3
-2
1
1
1
-1
-2
-3
-3
-3
-3
0
2
2
1
2
1
0
-2
-3
-1
-1
0
0
-2
0
2
2
2
-1
-1
-2
0
-1
-1
1
2
3
2
0
0
0
1
4
3
4
4
5
6
4
2
0
0
1
2
1
3
4
4
2
0
-1
1
2
3
3
2
3
2
1
1
1
3
3
0
-1
-1
0
2
2
1
1
3
4
5
3
3
5
5
4
3
3
4
4
4
5
3
3
7
7
9
7
7
6
5
4
3
4
4
5
4
2
2
5
3
2
-1
-1
0
2
2
3
1
1
-2
-5
-3
-1
-1
-2
-1
-2
-1
3
3
2
4
1
3
5
6
6
4
4
5
6
5
3
3
4
8
6
3
2
5
6
6
6
5
3
3
3
4
3
4
3
2
4
5
4
6
5
6
7
6
5
5
5
4
3
4
5
6
6
7
7
5
8
8
9
10
10
9
8
9
11
12
11
10
13
14
14
12
12
11
12
14
15
15
15
14
14
14
14
15
13
12
14
15
18
21
20
18
15
15
17
18
14
14
14
14
15
13
12
14
16
16
15
13
13
16
16
17
15
14
14
17
16
15
16
15
14
13
13
15
15
16
17
18
20
22
21
19
19
20
22
23
23
19
20
22
22
24
23
24
23
23
22
21
22
24
24
26
30
31
27
25
25
25
28
29
30
31
32
32
32
33
36
37
36
37
38
40
39
37
35
35
35
37
37
38
39
39
38
36
35
38
40
42
44
43
42
41
40
41
41
40
38
38
38
39
39
39
38
39
41
41
38
35
34
35
38
39
39
37
37
38
37
37
38
38
37
36
36
37
38
38
36
36
37
37
37
37
37
38
39
40
38
36
34
35
37
38
34
33
34
34
34
33
34
36
39
39
36
35
33
33
34
34
34
33
35
36
36
35
36
35
32
34
36
37
38
40
40
41
40
38
36
36
39
41
42
41
40
41
41
40
39
38
38
37
39
40
40
42
39
39
39
38
37
37
37
38
40
38
37
39
38
38
38
36
35
36
37
36
36
38
40
40
37
36
34
34
33
32
33
34
34
33
32
32
32
29
27
28
29
31
30
29
29
29
30
31
30
30
29
28
28
28
27
28
29
29
29
28
29
28
28
27
27
26
27
28
30
32
30
28
28
29
29
27
27
27
29
30
29
29
29
30
30
30
28
29
31
31
30
27
29
31
31
32
33
35
35
33
31
30
31
34
37
36
37
35
34
34
34
34
34
34
34
36
37
35
36
38
39
38
35
35
37
39
38
38
40
40
40
40
40
39
37
35
36
38
38
35
32
34
34
35
36
37
37
35
35
34
36
35
33
32
31
33
37
35
34
33
33
32
30
30
31
34
36
36
35
34
33
33
33
34
34
35
35
35
36
36
36
33
33
34
36
37
39
39
38
38
40
39
38
37
39
40
42
42
41
40
41
42
41
40
39
40
42
45
47
47
46
47
49
49
49
49
50
51
51
52
52
52
51
50
51
53
55
55
54
53
55
56
55
54
54
54
56
56
55
55
57
55
55
53
51
53
54
54
53
54
56
57
55
56
57
56
56
56
56
57
59
59
58
57
57
57
56
55
56
54
57
61
60
56
56
55
56
55
55
54
55
58
57
55
54
56
59
59
57
57
59
61
61
60
57
55
54
55
56
57
57
58
58
58
57
57
59
59
59
59
58
59
60
59
57
58
59
61
63
63
62
62
65
66
66
62
62
64
67
68
66
64
62
64
65
66
66
66
66
66
69
72
72
71
69
68
66
66
65
66
66
68
69
68
66
67
68
68
68
68
67
69
69
69
68
66
65
65
68
70
71
70
72
71
70
70
72
71
68
69
69
68
65
64
60
61
64
66
66
66
66
63
63
65
64
64
62
60
59
58
59
61
60
61
65
63
66
67
66
63
60
60
60
60
60
63
64
65
65
64
63
65
67
66
64
64
64
67
69
68
67
67
66
68
69
69
70
70
72
73
73
72
70
69
67
68
66
68
69
69
71
71
70
67
66
67
69
71
70
69
69
69
69
69
68
68
67
67
70
70
71
71
68
66
65
66
67
66
66
65
65
66
67
66
68
70
69
68
68
67
67
70
71
69
66
66
68
70
70
68
66
66
66
67
67
66
65
64
65
64
66
68
68
68
66
65
64
67
66
65
65
66
68
68
68
67
65
65
63
63
65
69
69
68
67
67
68
70
69
68
69
70
73
75
76
75
77
78
79
78
75
75
75
76
81
82
82
81
79
79
79
80
80
79
78
81
85
87
85
81
80
80
82
82
81
81
83
84
83
82
82
81
82
81
80
81
84
82
84
84
83
83
84
85
85
85
85
88
90
89
89
89
91
93
89
86
84
84
86
87
87
87
86
84
81
81
84
87
89
88
85
86
87
86
85
84
83
82
80
84
86
87
87
86
86
88
88
85
84
85
91
93
92
91
89
88
88
89
91
92
94
95
91
91
92
94
94
94
93
93
92
92
92
94
96
95
94
93
93
96
96
93
91
90
90
92
95
96
96
97
96
95
96
94
95
94
95
95
95
94
95
94
94
94
93
94
95
94
95
95
94
93
90
88
88
89
89
88
90
92
92
91
87
86
87
88
91
90
90
89
89
90
94
93
92
91
89
91
92
92
93
93
90
89
88
90
90
88
86
84
86
87
87
87
85
86
90
92
90
86
83
86
87
88
87
88
89
87
87
86
88
88
88
88
89
90
91
88
89
89
90
89
89
88
87
88
88
89
90
90
91
91
90
90
88
89
89
87
85
87
89
90
86
87
87
88
91
89
87
88
89
89
88
88
87
86
87
89
90
90
87
88
88
89
89
88
88
89
89
88
89
90
88
88
90
91
91
91
89
90
89
91
93
91
89
90
90
91
90
88
89
90
93
93
91
89
89
90
90
91
91
91
90
89
87
87
89
89
90
88
90
91
92
94
99
100
99
98
97
100
103
103
101
97
95
97
98
96
98
95
95
97
98
99
99
98
99
100
99
98
99
100
101
103
104
105
104
104
103
102
100
100
100
99
98
100
101
102
102
101
99
99
99
99
98
97
100
101
100
98
99
98
100
103
104
104
103
106
107
106
106
103
103
104
106
106
107
105
101
100
102
105
108
107
106
105
105
107
108
109
110
112
112
113
112
111
110
109
110
112
114
115
115
113
112
113
113
115
117
118
118
118
118
119
118
117
114
115
118
120
121
120
119
120
122
123
119
118
118
120
123
122
121
120
122
123
122
121
120
119
120
121
124
124
125
124
124
124
125
126
126
126
126
124
127
128
129
129
126
126
127
128
127
127
125
124
126
126
127
129
128
124
124
123
124
128
127
128
126
125
126
126
126
126
126
130
129
128
130
130
128
129
129
127
127
127
126
128
127
128
127
126
126
127
127
127
128
130
131
131
130
129
130
131
129
128
126
126
128
129
131
132
131
131
130
129
129
130
130
130
132
135
135
135
132
133
136
135
134
133
133
135
137
136
136
137
138
138
138
140
139
139
138
137
137
138
137
136
136
139
139
141
140
141
141
141
142
139
136
136
139
140
140
137
137
138
140
141
140
139
138
137
135
134
133
136
139
139
138
139
137
135
133
133
136
138
136
134
132
132
134
136
136
136
139
137
136
136
137
140
141
140
139
138
137
137
137
137
140
139
136
137
138
140
141
142
141
142
144
145
145
142
140
140
141
142
145
145
142
141
143
144
145
144
141
141
142
141
142
144
146
143
143
144
144
144
145
145
147
150
148
146
146
146
148
150
149
148
148
149
150
152
151
152
152
150
151
150
151
153
154
156
157
155
155
157
158
159
159
158
157
158
158
159
161
162
162
161
161
161
160
160
158
159
160
160
160
158
158
161
161
162
161
159
158
160
162
162
161
161
163
162
163
161
163
166
166
167
166
165
164
165
165
166
166
167
167
166
165
167
168
169
170
169
170
173
176
174
173
172
172
175
175
172
172
173
173
173
174
173
175
176
178
178
178
178
179
178
175
175
177
177
176
176
177
177
179
181
180
179
180
181
182
179
177
176
178
180
181
183
183
182
183
184
182
182
182
182
185
186
183
183
186
187
187
186
185
186
185
187
187
186
188
187
186
184
184
186
186
185
184
185
183
183
185
187
187
186
186
185
185
185
186
184
185
185
184
184
183
184
183
181
183
184
185
185
185
185
185
185
184
181
180
182
184
183
182
183
183
183
181
179
180
181
181
179
180
181
180
179
178
178
179
180
179
179
177
179
177
176
175
174
174
176
178
178
178
176
176
175
177
177
178
179
180
178
178
177
177
177
177
177
178
176
177
177
177
177
178
177
178
179
181
179
178
178
181
181
180
179
177
176
175
177
180
183
185
184
180
179
180
182
183
182
180
179
180
181
180
181
181
180
180
182
185
185
183
181
180
182
184
185
185
184
183
183
184
182
181
181
184
186
184
183
181
180
180
183
185
183
186
189
189
187
186
183
182
184
186
185
185
186
187
187
186
184
185
189
189
188
185
186
189
188
188
187
189
190
190
189
191
191
192
193
193
191
190
191
194
194
193
194
196
199
200
201
200
203
206
205
204
204
205
207
208
207
208
207
208
207
210
210
210
211
211
212
213
215
216
216
216
214
212
213
213
213
213
211
212
214
215
214
215
216
218
218
216
216
216
217
218
219
218
218
217
216
216
217
218
217
219
218
218
218
219
219
220
219
217
218
217
216
217
220
220
219
221
219
219
219
218
215
216
216
216
216
216
216
215
214
213
212
213
214
216
214
212
214
216
217
215
212
210
211
213
214
212
211
213
215
214
212
209
212
215
217
215
215
215
216
220
219
217
216
218
217
215
212
212
214
217
217
217
216
216
215
215
215
215
216
218
218
217
216
216
214
215
217
221
222
224
223
221
219
220
221
222
224
224
225
223
222
219
222
221
219
218
221
222
223
223
222
222
223
223
222
223
222
222
222
222
222
223
222
222
219
217
216
216
218
220
219
217
215
214
216
218
218
214
213
212
214
213
213
214
215
219
219
217
214
214
215
215
216
216
217
215
213
213
213
215
216
213
212
212
213
216
218
218
217
217
216
215
214
215
216
215
214
215
216
217
216
216
215
217
220
219
218
218
219
220
221
222
222
221
220
219
217
218
218
219
216
214
214
215
217
218
216
215
215
214
214
215
216
217
217
220
221
219
219
217
217
219
220
221
221
222
219
219
219
222
222
224
222
220
220
222
222
221
221
222
222
221
222
222
221
218
217
218
219
218
219
219
220
219
219
220
221
222
222
221
221
220
219
219
220
221
221
222
220
220
220
222
224
225
224
224
223
223
223
222
222
223
224
224
225
226
228
227
226
226
227
227
227
225
224
227
228
227
227
228
230
231
230
228
231
233
232
231
230
233
235
237
236
237
238
236
236
236
239
241
241
239
238
238
238
240
241
240
238
238
240
240
240
242
244
245
247
247
248
245
244
244
244
246
247
246
245
244
249
251
251
250
247
247
248
249
247
248
246
247
247
247
249
249
247
247
249
249
252
251
250
251
251
249
248
246
246
247
247
248
247
246
245
245
246
246
244
242
244
245
247
247
246
246
246
246
248
250
250
248
246
245
246
249
249
248
248
248
250
250
249
247
246
245
246
251
250
252
252
251
251
250
250
252
252
251
253
253
253
255
253
252
252
250
251
253
253
252
252
254
255
253
252
252
252
255
254
253
253
256
255
253
253
250
249
250
251
249
251
251
252
254
253
253
253
252
249
250
248
249
250
249
250
252
253
252
250
248
248
247
247
247
244
243
244
244
244
243
242
241
240
240
241
241
241
243
245
242
241
239
238
237
236
236
238
239
237
236
235
235
234
233
233
235
233
233
233
231
229
228
228
230
232
230
229
231
228
229
229
228
229
229
229
230
230
229
228
226
225
227
228
230
231
230
231
230
229
228
229
228
227
225
227
230
231
231
230
231
233
234
233
234
236
235
234
233
231
231
232
232
233
235
233
234
234
235
235
233
232
230
232
233
234
235
231
231
232
231
231
229
228
232
232
232
232
231
230
230
230
230
229
228
227
228
228
230
229
230
230
229
229
230
230
232
231
232
232
234
234
234
234
234
234
235
235
233
233
236
237
235
234
234
234
233
234
235
236
236
236
236
237
237
236
233
232
235
237
239
238
238
237
236
237
236
237
237
237
236
238
236
234
233
233
236
237
234
233
236
237
236
236
235
237
240
238
237
237
239
239
239
238
237
237
238
238
238
237
236
237
236
236
235
235
235
237
239
238
239
237
239
237
235
234
233
233
233
235
234
233
232
231
231
231
232
231
229
228
229
232
232
231
231
231
231
229
228
228
230
228
226
224
224
227
227
226
225
225
227
231
233
231
226
223
223
224
225
226
226
226
224
224
225
228
228
227
226
226
224
224
228
231
231
228
225
225
225
226
227
227
229
230
229
226
224
224
222
223
225
226
228
227
226
224
224
226
227
226
225
228
229
229
224
221
223
226
228
227
226
225
225
224
224
221
222
222
222
224
223
224
225
225
224
223
224
222
219
220
222
223
225
222
219
219
219
221
221
219
219
220
222
223
221
220
217
217
217
218
219
219
216
214
215
213
214
216
215
214
215
216
215
215
215
214
212
213
212
210
210
208
209
209
208
209
210
210
209
207
207
206
204
208
210
211
213
210
209
210
211
212
213
214
211
209
208
207
208
209
209
208
205
207
208
210
209
210
207
206
206
207
207
204
205
206
208
207
205
206
207
206
205
204
205
205
206
208
207
206
205
202
202
203
203
201
204
206
206
206
206
206
205
206
206
207
206
204
204
204
205
205
203
204
204
204
205
205
204
202
202
201
203
205
205
204
203
201
201
201
203
202
201
202
200
200
201
203
204
204
203
204
206
207
208
205
203
203
202
199
198
198
201
202
202
200
199
201
202
202
200
199
198
199
199
199
202
203
204
204
202
202
206
208
206
204
201
202
204
205
205
204
204
204
204
206
205
206
205
206
204
204
205
206
207
206
207
207
206
205
207
209
210
211
208
204
204
204
207
207
207
204
203
204
204
205
203
202
204
203
204
204
205
207
209
209
207
205
204
206
204
203
204
203
205
205
204
203
202
204
205
204
202
204
204
203
202
203
203
202
201
200
200
202
202
201
199
199
200
201
200
200
201
199
198
197
198
199
199
197
197
199
202
204
201
198
196
196
196
198
198
200
200
198
196
195
197
201
202
199
199
200
203
203
201
199
199
200
199
195
196
200
201
200
198
197
198
198
199
199
199
197
197
197
198
200
200
201
201
201
200
197
197
197
199
198
200
201
200
198
199
198
197
198
199
201
203
203
200
198
198
197
198
200
199
199
199
197
196
197
196
196
196
197
196
195
196
196
196
195
194
192
191
191
189
190
191
190
191
190
190
190
189
187
188
189
188
186
184
184
187
186
187
185
185
185
185
185
184
185
185
187
186
187
186
184
185
186
186
187
186
187
188
188
186
186
186
188
188
186
184
186
186
186
186
185
186
188
189
187
186
184
185
183
183
184
185
184
183
184
184
185
182
182
182
184
186
186
184
183
184
184
185
186
185
185
186
186
186
188
186
186
187
187
186
184
185
187
187
184
183
185
187
187
186
184
186
186
185
184
184
186
189
187
184
185
186
186
187
187
187
186
186
187
184
185
186
185
186
185
185
184
186
188
187
187
187
188
189
188
186
185
187
187
189
186
188
186
186
186
188
188
189
189
187
186
187
190
193
194
193
191
191
193
192
191
190
191
193
195
195
195
193
195
196
196
198
198
196
194
192
191
193
197
196
197
199
200
198
196
197
197
197
197
193
191
194
197
197
196
197
197
196
194
193
189
190
192
193
191
190
188
189
189
192
193
194
194
193
190
190
192
192
193
189
187
188
189
192
192
192
193
192
192
192
191
192
191
188
188
190
191
187
185
183
183
184
185
185
185
186
188
189
186
185
185
184
183
184
184
184
182
182
182
183
184
182
181
181
181
181
182
182
181
181
182
181
183
183
183
183
183
183
181
180
182
183
185
185
186
186
186
185
184
184
181
181
182
184
185
182
181
180
180
180
181
179
179
179
179
179
180
181
180
182
182
180
179
179
180
179
180
180
179
178
175
174
175
176
176
174
173
175
176
175
175
172
173
174
173
173
172
172
172
170
171
171
170
172
172
172
173
171
171
169
170
169
169
169
169
169
169
168
166
165
165
166
169
169
168
169
169
171
171
171
172
170
170
170
169
168
169
171
170
170
170
170
172
172
172
172
173
173
173
171
171
173
175
173
170
172
173
171
169
169
171
173
172
169
169
169
170
171
170
170
170
172
170
170
170
169
171
170
170
169
170
171
171
171
170
168
166
165
167
168
166
166
165
167
170
170
169
168
165
165
165
165
166
165
167
166
164
163
162
160
160
162
161
162
162
161
162
161
162
161
162
162
161
161
161
162
161
161
162
161
161
163
162
161
160
160
162
163
163
162
159
160
160
160
164
167
167
164
164
166
167
167
166
164
165
167
168
168
168
168
169
169
169
168
169
168
168
167
169
170
169
168
167
167
170
170
169
169
168
168
170
171
172
172
172
173
174
175
175
176
174
174
173
174
173
173
173
174
175
174
175
175
176
175
175
174
174
173
172
172
172
172
169
166
168
170
171
171
170
170
171
170
169
168
167
166
166
165
165
164
164
164
164
165
164
164
164
164
163
163
163
165
165
165
163
164
163
161
161
162
163
165
166
166
166
165
166
167
166
167
167
166
165
166
167
166
167
167
167
171
173
170
167
168
170
170
168
166
166
170
171
168
167
165
166
168
170
171
172
172
171
172
171
170
170
172
171
172
172
171
171
171
173
171
173
173
172
170
168
168
170
171
169
169
168
168
169
169
170
173
171
170
167
167
170
170
168
168
168
168
167
165
165
166
169
168
165
166
168
168
167
162
161
163
164
163
160
158
159
159
161
161
160
160
159
158
158
158
158
158
156
154
152
153
152
153
155
155
155
154
154
155
158
158
157
155
154
158
160
159
155
154
155
157
158
157
156
156
159
159
158
158
157
158
159
160
160
159
159
159
160
162
160
158
157
157
159
160
163
163
160
161
162
163
163
163
161
160
163
164
162
161
162
162
163
164
163
161
161
161
163
162
161
162
162
164
166
165
164
160
160
161
161
160
161
159
159
159
160
160
159
158
159
159
161
162
161
161
158
160
161
162
157
154
156
158
159
156
154
155
157
158
157
156
156
157
157
156
156
155
155
154
154
157
157
155
153
154
155
156
158
155
155
155
157
157
157
157
157
159
159
158
157
156
158
158
158
160
159
162
162
162
162
160
160
160
162
164
165
165
162
161
161
161
163
163
161
159
159
162
164
164
163
163
165
166
167
168
169
167
165
166
168
169
169
169
168
167
167
167
167
170
173
173
173
171
170
172
174
