-198
-167
-130
-100
-77
-50
-31
-21
-24
-27
-10
17
40
62
88
128
176
208
229
237
236
221
190
137
72
-5
-75
-132
-174
-209
-229
-228
-187
-130
-61
3
73
149
224
286
338
374
397
406
411
412
399
375
347
335
333
332
319
312
320
345
361
368
365
375
388
389
364
332
306
292
268
237
198
169
144
120
79
38
-11
-49
-87
-123
-166
-210
-244
-291
-332
-383
-422
-467
-503
-550
-584
-609
-629
-637
-637
-625
-596
-538
-450
-329
-203
-63
70
219
354
464
523
579
607
632
609
547
474
414
338
251
129
30
-49
-111
-163
-214
-238
-226
-211
-193
-166
-142
-104
-92
-85
-79
-69
-64
-61
-74
-62
-49
-20
16
51
88
134
172
215
230
227
211
183
151
98
23
-44
-105
-150
-185
-215
-213
-182
-132
-69
-6
73
165
241
311
363
406
443
455
447
438
416
400
375
354
340
337
341
356
359
377
386
396
400
399
384
366
331
302
267
234
202
174
153
138
124
110
87
60
28
-4
-34
-80
-118
-164
-201
-247
-288
-339
-376
-424
-458
-491
-523
-548
-569
-588
-590
-594
-584
-555
-496
-398
-290
-159
-28
119
259
406
502
586
628
664
671
636
563
492
418
341
237
123
36
-36
-91
-151
-196
-216
-211
-211
-185
-168
-137
-127
-121
-118
-107
-116
-120
-138
-131
-111
-88
-57
-21
34
100
160
207
242
258
275
264
233
176
108
43
-15
-82
-137
-184
-197
-182
-153
-108
-50
32
125
206
275
342
401
450
472
470
474
475
465
443
416
411
413
400
379
366
373
385
377
354
336
326
320
298
268
239
220
209
203
185
170
162
163
161
145
117
85
51
14
-30
-85
-130
-183
-215
-255
-287
-341
-370
-414
-439
-479
-517
-547
-567
-576
-589
-576
-563
-497
-427
-307
-195
-39
95
262
391
526
599
667
692
710
683
629
547
471
384
278
173
62
-11
-91
-145
-202
-219
-242
-228
-238
-214
-207
-188
-194
-192
-193
-175
-175
-171
-164
-137
-88
-48
1
54
125
184
234
258
290
292
282
234
182
126
71
4
-55
-108
-133
-141
-138
-115
-77
-15
58
133
200
266
334
401
443
472
486
503
511
497
466
442
419
402
371
338
315
305
298
288
276
273
279
284
283
280
279
281
274
263
252
246
237
219
196
171
145
111
61
13
-30
-69
-111
-152
-198
-226
-263
-301
-343
-389
-425
-459
-488
-515
-531
-546
-533
-531
-489
-454
-378
-292
-162
-45
105
223
358
469
560
608
637
640
628
586
509
437
359
295
198
111
25
-28
-99
-152
-213
-232
-248
-249
-259
-247
-231
-208
-205
-196
-173
-150
-121
-107
-84
-56
-15
10
50
76
120
150
181
198
213
210
198
171
141
108
67
32
-4
-24
-40
-40
-34
-8
20
76
130
197
253
306
358
416
457
481
488
493
492
479
449
410
376
347
320
287
267
256
261
265
279
292
312
323
333
339
350
345
328
304
283
263
234
200
165
141
116
91
51
19
-22
-52
-100
-139
-183
-216
-251
-290
-326
-366
-379
-405
-409
-422
-408
-396
-357
-339
-297
-271
-229
-188
-122
-48
33
116
192
277
351
416
441
465
470
476
450
405
334
290
232
171
84
6
-57
-108
-163
-209
-231
-239
-233
-235
-211
-188
-156
-144
-127
-115
-90
-82
-70
-70
-54
-39
-24
-6
22
57
91
123
145
173
186
197
190
183
164
149
120
103
81
73
65
67
81
111
148
190
234
273
319
362
404
422
434
436
448
445
428
391
371
348
336
306
286
276
286
288
291
297
308
321
325
322
316
313
299
277
247
221
188
164
125
103
70
45
10
-17
-58
-83
-119
-145
-183
-202
-223
-235
-247
-259
-259
-258
-247
-256
-251
-261
-243
-249
-236
-244
-223
-213
-183
-148
-95
-27
44
125
192
268
316
356
369
384
377
359
306
259
212
171
107
34
-31
-76
-108
-150
-181
-201
-194
-195
-186
-183
-163
-156
-144
-148
-131
-118
-105
-102
-94
-75
-50
-29
-10
25
58
97
120
145
163
183
187
190
178
167
155
145
127
108
92
91
104
120
142
172
217
265
314
354
394
430
457
468
470
454
437
412
384
352
324
294
272
252
239
227
222
219
221
223
225
223
215
209
201
190
173
156
132
112
91
75
56
43
19
6
-19
-34
-58
-73
-92
-107
-118
-132
-141
-162
-173
-189
-189
-199
-208
-220
-227
-225
-233
-232
-245
-237
-248
-234
-234
-189
-146
-78
-19
48
118
182
230
254
283
296
306
269
231
178
156
100
46
-25
-65
-110
-143
-184
-196
-199
-196
-199
-191
-169
-145
-128
-130
-116
-102
-78
-79
-76
-77
-55
-47
-30
-15
18
43
75
96
120
144
160
171
175
181
177
182
178
190
192
211
224
250
269
303
333
369
392
415
429
443
443
437
425
403
376
343
309
275
246
209
181
158
147
136
130
122
128
133
146
151
158
169
177
176
173
169
164
153
135
115
94
70
41
13
-17
-42
-64
-84
-96
-103
-112
-115
-129
-136
-148
-148
-168
-177
-197
-201
-206
-214
-229
-238
-244
-246
-257
-243
-215
-164
-107
-52
15
86
161
199
229
244
262
257
227
183
154
128
93
36
-13
-44
-66
-90
-117
-122
-123
-119
-126
-121
-106
-92
-95
-98
-101
-89
-87
-90
-94
-81
-66
-56
-48
-28
4
35
65
91
130
169
203
224
241
258
277
289
299
305
310
313
317
320
327
331
338
344
351
356
363
363
362
355
352
340
322
295
267
240
215
191
164
146
132
131
131
138
142
152
160
173
183
192
191
192
186
178
164
143
116
86
52
20
-9
-34
-51
-70
-76
-87
-80
-85
-83
-87
-86
-88
-103
-115
-140
-149
-177
-195
-227
-245
-255
-269
-279
-283
-262
-221
-166
-114
-55
10
88
145
186
215
237
258
246
220
189
168
141
102
53
12
-18
-43
-70
-91
-107
-111
-111
-107
-97
-89
-86
-85
-84
-81
-80
-86
-93
-95
-88
-82
-74
-60
-29
9
53
94
142
185
229
262
293
315
330
335
332
327
319
314
300
287
278
283
288
299
302
313
325
341
348
351
348
348
341
327
305
280
255
228
203
175
154
132
123
119
128
133
144
154
170
179
186
183
177
166
147
119
86
57
22
-5
-31
-43
-53
-53
-53
-53
-49
-53
-48
-60
-66
-89
-105
-134
-149
-173
-189
-211
-229
-242
-262
-261
-269
-244
-220
-173
-126
-65
-3
57
116
155
202
225
244
237
231
211
189
147
106
54
17
-25
-62
-91
-113
-120
-126
-120
-112
-92
-79
-65
-61
-45
-44
-39
-52
-54
-57
-51
-49
-44
-27
-4
31
58
98
137
181
217
256
281
308
315
327
318
312
292
280
259
248
234
229
224
226
238
252
272
291
315
329
346
346
350
336
325
303
282
255
231
203
181
163
156
152
153
158
165
178
187
197
196
196
185
174
150
126
97
70
38
12
-10
-24
-32
-48
-56
-66
-66
-73
-77
-90
-96
-112
-120
-136
-144
-159
-165
-185
-191
-211
-218
-227
-221
-210
-181
-150
-101
-51
6
52
105
142
184
211
221
223
207
200
173
147
105
65
26
-10
-49
-75
-98
-106
-112
-111
-103
-90
-70
-55
-38
-28
-11
-8
-3
-5
-2
-4
-1
-2
7
19
41
64
91
126
159
200
235
267
284
301
307
310
295
277
255
235
217
197
187
182
189
197
218
232
249
260
276
292
302
299
293
283
280
270
253
234
221
213
210
207
207
205
208
214
219
224
220
213
205
195
180
160
132
100
70
40
18
-10
-23
-42
-47
-59
-67
-74
-76
-77
-85
-92
-99
-103
-114
-119
-134
-139
-149
-162
-177
-185
-189
-192
-184
-181
-155
-133
-93
-60
-17
18
58
84
110
118
131
131
131
120
98
83
60
42
13
-6
-31
-41
-59
-64
-76
-74
-77
-69
-67
-56
-52
-43
-39
-31
-24
-21
-15
-10
-1
6
22
37
66
85
114
141
176
200
220
234
250
262
265
256
245
234
226
213
194
181
171
169
164
170
175
189
198
212
221
234
240
242
238
238
237
233
225
219
219
218
217
210
214
215
217
215
213
208
202
186
167
137
109
73
47
19
-2
-26
-47
-63
-77
-83
-94
-100
-115
-118
-130
-134
-143
-147
-157
-153
-158
-157
-166
-164
-168
-165
-163
-156
-149
-132
-112
-87
-60
-35
-9
13
40
59
78
80
89
85
86
75
61
46
28
15
3
-15
-26
-41
-53
-61
-68
-75
-81
-83
-81
-78
-77
-75
-72
-66
-60
-46
-36
-22
-10
6
21
43
61
83
104
129
151
165
176
184
199
207
212
209
209
200
200
189
188
180
178
164
160
155
155
153
154
159
166
173
176
179
182
188
190
191
190
192
194
193
192
193
198
200
202
201
200
197
195
181
168
144
125
99
79
56
38
24
10
0
-17
-29
-45
-56
-74
-91
-110
-125
-139
-152
-162
-166
-169
-169
-170
-169
-163
-158
-148
-136
-122
-103
-85
-64
-46
-25
-8
9
21
35
38
42
41
43
41
32
22
11
9
-3
-9
-20
-27
-35
-41
-49
-54
-59
-63
-67
-64
-60
-58
-54
-47
-37
-26
-15
-9
1
13
28
41
52
62
78
87
101
111
128
141
155
164
179
188
195
199
200
204
202
197
192
190
187
186
181
178
176
174
172
171
170
167
169
166
165
161
161
155
155
151
151
150
159
160
168
167
169
168
164
153
143
132
119
111
100
97
87
77
60
49
33
23
4
-15
-35
-51
-67
-79
-92
-105
-116
-127
-138
-146
-151
-155
-156
-155
-145
-133
-120
-102
-87
-64
-46
-26
-8
10
23
32
40
44
47
46
41
36
30
25
15
10
5
3
-1
-8
-15
-22
-27
-31
-35
-39
-39
-39
-38
-33
-25
-13
-6
5
12
20
25
29
32
35
40
45
52
59
68
80
89
98
110
119
132
147
160
172
178
184
188
192
191
189
185
184
178
173
166
163
160
161
162
158
158
155
154
150
147
145
144
141
140
131
127
117
108
102
92
89
83
86
84
91
98
102
108
101
100
88
85
64
55
31
22
0
-10
-32
-42
-57
-63
-77
-83
-91
-97
-98
-106
-102
-104
-94
-90
-75
-67
-53
-43
-27
-15
-2
8
17
22
27
33
36
41
40
43
39
40
39
39
35
31
30
25
22
14
9
5
7
5
6
6
10
14
22
25
26
27
33
37
42
41
43
44
46
45
46
53
57
64
69
78
88
100
108
118
131
145
157
168
180
188
197
201
204
203
199
195
188
182
177
171
165
160
156
154
152
152
152
147
147
143
142
134
123
110
101
93
82
77
76
81
83
90
93
98
98
95
87
80
71
62
52
42
35
27
17
9
-2
-6
-14
-19
-27
-29
-36
-32
-32
-25
-20
-12
-8
0
9
12
16
15
21
22
23
18
21
18
23
22
28
32
40
44
51
56
58
64
64
64
61
59
57
58
56
56
55
56
55
56
53
53
53
56
57
55
56
55
55
52
50
49
48
51
51
54
61
70
78
89
96
105
112
124
135
147
156
162
165
168
171
173
175
171
169
164
165
163
163
157
155
149
148
144
141
137
132
130
121
119
106
102
90
91
81
85
80
76
69
66
59
58
53
52
50
45
44
39
38
31
30
22
22
13
15
7
10
8
12
8
10
11
15
21
25
28
27
29
29
34
31
31
23
24
21
24
20
23
22
27
28
33
40
46
48
52
57
65
74
79
82
82
84
82
79
74
71
68
64
58
54
51
51
49
50
50
52
56
59
61
63
62
62
64
65
68
69
70
74
78
82
88
90
94
98
104
109
114
119
122
123
122
124
127
125
124
121
117
112
108
104
102
102
101
98
95
92
94
94
95
97
100
100
98
92
86
80
73
66
54
47
42
37
31
27
25
23
18
15
15
14
16
16
15
18
20
21
22
27
30
36
36
40
40
45
48
52
50
51
49
44
41
36
31
28
29
31
33
33
38
39
46
50
58
62
72
79
86
91
93
93
92
93
89
86
83
79
76
74
69
65
60
59
55
53
50
48
49
50
52
55
59
60
64
71
76
82
84
84
84
85
88
88
86
84
84
84
85
82
81
81
84
83
83
83
83
83
84
83
80
74
71
72
75
78
83
89
92
97
96
97
94
93
86
82
74
70
66
62
59
58
57
51
47
41
37
31
29
24
22
19
22
26
28
33
35
38
42
44
49
53
56
56
56
52
50
45
44
41
42
43
41
42
42
46
49
53
52
54
54
62
66
70
72
78
82
86
87
89
92
92
92
93
98
101
102
98
98
95
91
84
79
71
66
57
49
43
39
37
36
37
42
45
48
51
55
59
62
66
66
67
69
68
65
59
54
49
47
42
39
35
33
31
30
34
39
49
57
64
69
71
69
64
60
55
51
46
41
36
31
26
23
25
28
31
35
37
40
44
45
44
41
38
36
32
27
21
16
16
15
14
12
12
15
19
21
25
25
27
28
29
31
30
27
23
23
18
19
17
16
15
21
24
31
35
42
48
54
58
61
64
66
69
69
70
72
75
74
73
71
72
73
74
74
76
76
75
72
72
72
73
71
68
62
59
54
51
44
36
28
22
19
15
11
8
7
6
8
7
7
6
5
3
2
3
4
5
6
8
12
16
18
17
16
18
20
20
18
15
16
18
21
21
20
16
15
11
10
8
6
6
6
7
8
8
5
6
5
7
11
13
15
16
17
21
24
28
30
31
32
36
38
41
40
41
42
43
42
39
34
34
34
33
32
32
33
34
32
32
35
39
41
41
44
45
49
49
51
55
61
65
66
66
68
69
73
72
72
71
74
77
82
82
82
82
82
83
83
82
82
78
75
75
74
74
73
71
68
64
58
53
47
39
30
25
20
14
7
0
-7
-9
-10
-7
-2
6
11
14
18
20
23
24
25
24
23
23
26
31
32
31
30
29
27
26
24
24
24
25
23
20
15
11
11
11
10
11
10
10
9
11
13
17
19
21
24
30
37
42
46
50
54
58
59
59
59
54
53
52
51
52
52
52
51
51
51
52
49
51
50
51
55
56
56
56
56
58
60
58
61
62
62
61
63
64
65
64
63
63
65
66
67
70
72
75
79
79
80
80
84
85
86
86
84
85
87
87
85
83
79
74
68
63
55
49
40
34
27
21
15
9
6
1
-3
-6
-8
-9
-9
-10
-9
-5
-2
0
4
8
14
17
19
21
22
25
27
27
28
28
27
25
22
19
19
20
22
22
20
19
19
20
22
23
24
26
27
30
29
31
34
35
35
36
37
38
40
42
46
49
51
51
53
54
57
58
59
59
57
53
53
52
54
51
49
47
47
50
54
54
54
55
55
54
54
54
54
54
51
50
51
53
53
52
52
54
55
54
55
54
54
55
54
55
58
60
61
63
64
65
67
69
68
66
61
58
54
52
49
43
38
34
31
24
19
13
10
7
1
-6
-10
-13
-17
-19
-20
-17
-14
-12
-14
-12
-7
-2
3
4
6
10
12
14
14
16
16
16
17
19
22
23
26
26
26
26
28
30
31
31
30
28
27
26
27
27
24
23
22
23
25
29
31
32
36
40
46
49
50
50
51
52
49
47
46
46
45
46
45
45
46
44
44
46
47
47
47
47
46
47
47
47
48
49
52
54
55
55
54
56
55
55
53
53
54
54
53
51
50
50
50
49
49
47
46
46
43
42
43
44
45
45
44
44
43
40
40
36
34
32
27
22
18
13
11
10
8
6
2
-2
-3
-3
-5
-8
-8
-8
-5
-5
-3
-3
-1
4
7
9
13
17
20
23
27
30
31
34
33
32
33
35
36
36
37
36
37
37
36
35
35
35
35
34
33
30
30
30
30
32
34
33
33
33
38
41
43
47
49
46
44
42
41
40
38
36
34
34
33
30
28
28
30
35
36
37
38
41
41
42
44
43
42
41
39
38
38
37
36
37
37
36
35
33
31
29
29
28
27
25
23
22
21
18
17
13
13
15
15
14
13
13
14
15
14
11
11
12
12
11
9
8
8
5
3
1
0
-2
-5
-8
-9
-11
-10
-9
-8
-7
-7
-5
-2
-2
0
1
3
5
7
10
11
14
17
19
19
19
20
22
25
24
23
20
17
16
15
14
12
13
12
12
13
14
15
13
11
7
7
7
9
10
9
8
9
10
13
15
16
16
16
14
13
13
10
9
6
5
6
6
6
8
9
8
10
14
16
18
19
20
23
26
26
25
24
21
21
20
20
18
17
18
18
19
18
17
18
18
17
15
14
11
9
9
7
7
6
6
4
6
5
4
4
5
6
8
9
11
13
14
13
13
13
10
6
3
-1
-3
-1
-3
-5
-7
-8
-8
-4
-4
-4
-3
-1
0
2
2
1
1
0
4
5
8
8
9
10
11
14
16
14
13
12
14
17
16
16
16
15
18
19
20
18
17
17
18
20
20
21
18
19
18
16
14
14
13
12
10
9
9
10
12
14
16
13
13
11
10
11
11
10
11
12
15
19
20
22
27
30
28
28
25
26
27
25
25
22
20
19
17
18
18
19
13
17
17
16
17
17
21
16
18
14
11
13
13
10
11
9
6
6
5
4
5
7
8
10
12
13
13
14
13
11
11
10
10
9
7
6
6
5
3
2
0
-1
-2
-3
-4
-4
-5
-6
-5
-5
-6
-5
-4
0
1
0
0
2
3
5
7
10
11
10
12
14
16
15
16
14
11
10
11
11
12
9
7
7
6
3
2
0
-2
-1
1
-1
-1
0
0
0
-2
1
2
4
3
1
-1
-3
-2
-1
-1
-1
0
1
3
4
5
4
4
9
13
15
14
15
15
17
16
16
16
16
15
15
15
14
13
15
15
14
12
12
10
11
11
8
7
5
3
2
1
-2
-1
-1
1
2
1
2
2
3
2
5
6
6
7
6
7
9
10
9
6
5
5
3
1
-2
-7
-11
-12
-12
-12
-12
-9
-6
-7
-7
-7
-4
-2
-2
0
0
1
3
5
8
7
8
7
5
4
6
8
10
8
7
6
6
6
5
4
5
7
7
6
4
4
4
6
8
10
11
14
14
15
15
17
16
15
15
15
15
17
16
15
15
15
16
17
16
17
19
20
22
23
26
29
29
30
31
31
33
34
33
33
32
31
32
30
25
21
20
18
18
19
17
16
15
15
15
15
15
15
15
14
13
13
14
15
13
11
11
12
16
17
18
20
22
23
22
20
19
16
16
16
13
13
12
11
11
9
9
8
11
11
11
10
8
10
13
13
12
13
15
17
18
19
20
22
26
27
27
27
26
25
24
23
23
23
23
22
23
25
26
26
28
30
28
26
28
29
31
33
32
30
31
32
33
34
32
30
28
28
30
31
31
31
30
31
31
32
33
34
33
32
34
35
38
42
43
43
42
42
43
44
43
43
43
41
39
38
38
38
36
34
31
29
29
28
27
25
26
24
23
23
23
25
25
23
22
23
25
25
24
24
21
20
19
18
19
20
20
21
20
20
21
20
17
15
14
14
14
15
14
12
12
15
13
12
12
13
14
16
15
14
14
13
14
16
14
16
18
18
18
17
21
24
24
23
18
17
18
20
20
21
21
23
24
26
27
27
27
26
26
25
24
24
25
25
24
22
18
16
17
16
15
14
15
16
15
14
16
19
21
23
22
23
24
24
24
24
22
22
21
24
28
28
28
27
26
27
27
25
23
22
21
22
23
21
19
15
13
14
11
11
11
9
10
8
8
6
8
10
11
13
11
6
4
4
5
6
6
6
4
2
2
1
0
-1
1
4
7
7
4
4
5
8
8
4
5
6
6
6
6
6
7
7
7
5
4
5
5
5
6
7
7
7
7
6
8
8
10
10
11
13
10
9
8
7
9
9
10
9
9
9
9
9
8
11
10
9
9
8
8
8
7
6
5
7
8
7
6
6
7
8
9
7
6
5
4
6
6
7
8
7
6
6
7
8
10
9
10
10
11
10
11
10
11
10
10
10
10
10
9
6
2
2
-1
-4
-5
-4
-5
-3
-2
-3
-6
-4
-3
-2
-2
-2
-2
-3
-3
-3
-5
-7
-7
-6
-6
-6
-8
-8
-5
-4
-5
-5
-6
-3
-3
-3
-5
-6
-5
-3
-1
0
-1
-1
0
1
-1
-2
0
2
1
0
1
1
3
3
3
3
5
4
5
6
4
3
4
5
4
3
2
2
3
3
3
3
5
6
7
7
6
5
5
7
10
10
10
8
5
4
4
1
0
0
3
6
6
5
1
1
3
4
5
3
0
-1
0
1
1
1
4
8
11
11
10
5
5
9
10
8
5
3
4
3
1
-1
-5
-4
-2
-2
-3
-2
-2
-1
-1
-2
-3
-2
-2
-3
-2
-2
-1
1
0
-1
-1
1
2
0
-2
-2
-1
-2
-4
-6
-6
-5
-5
-5
-4
-3
-4
-6
-7
-5
-1
1
0
-1
-3
-2
1
4
3
0
0
1
2
3
1
2
5
5
1
-2
-4
-4
-6
-6
-6
-4
-2
-4
-6
-8
-9
-6
-3
-3
-3
-2
-2
-2
-3
-3
-4
-5
-3
-4
-5
-6
-6
-8
-8
-6
-8
-8
-8
-7
-6
-6
-8
-9
-9
-7
-4
-3
-2
0
0
1
4
4
4
1
1
1
4
3
2
1
1
3
3
0
-3
-5
-6
-7
-6
-5
-7
-8
-7
-4
-5
-7
-8
-8
-7
-4
-2
-2
-2
-5
-5
-7
-5
-5
-4
-3
-3
0
-2
-2
-2
-3
-2
-3
-2
-1
-1
-1
0
2
2
2
3
5
6
5
4
4
5
7
8
6
6
7
9
9
7
5
3
3
2
2
0
-2
-2
-3
-4
-2
-1
0
3
5
4
4
4
4
4
5
5
3
3
1
2
2
3
5
5
5
4
3
2
0
-3
-5
-4
0
4
4
6
8
7
7
6
6
7
10
11
14
13
12
11
9
9
14
15
14
12
12
12
14
16
14
14
14
15
18
19
18
19
18
20
21
20
16
13
11
11
13
15
14
13
11
13
16
16
16
16
18
20
23
21
19
18
17
18
21
22
26
25
25
24
24
23
24
23
22
23
23
22
23
22
22
20
19
23
24
26
23
18
17
19
20
20
22
19
19
19
19
18
16
14
15
17
20
21
19
16
17
19
21
21
19
17
19
22
22
22
20
18
20
19
20
19
18
14
14
13
14
15
14
13
13
15
16
16
15
15
17
20
20
18
16
15
17
20
21
20
18
17
15
16
18
19
20
21
19
19
20
20
20
19
20
22
19
19
16
13
13
13
13
12
13
10
11
11
12
11
10
8
9
10
13
10
11
12
12
15
11
14
16
18
22
22
20
21
20
22
20
18
15
16
19
22
21
13
8
7
10
14
13
10
8
6
3
3
5
4
4
3
-1
-1
0
-1
-4
-5
-5
-3
-3
-4
-5
-4
0
0
2
3
5
6
5
3
3
5
5
3
4
3
4
1
0
0
-1
0
-1
-2
-2
-1
-1
-2
-4
-4
-4
-1
0
0
-1
-3
-4
-2
-2
-5
-6
-4
-1
3
2
1
1
3
4
6
3
2
2
4
4
5
3
1
3
5
9
9
8
7
7
6
5
3
0
0
-2
-1
-1
-2
-3
-3
-4
-3
-3
-3
-2
1
1
1
1
0
1
4
4
4
3
4
4
3
0
0
0
0
1
0
-3
-2
-1
-1
2
2
2
1
0
2
3
2
2
0
-3
-3
-1
-2
-4
-5
-6
-4
-4
-2
-2
-1
0
-1
0
-1
-2
-1
-1
0
0
-3
-4
-4
-2
-4
-6
-8
-8
-6
-3
-3
-6
-6
-7
-5
-6
-6
-8
-10
-8
-5
-2
-1
-1
-4
-6
-5
-5
-4
-3
-3
-5
-6
-5
-4
-3
-2
-4
-3
-3
-3
-3
-5
-7
-8
-8
-7
-5
-5
-7
-9
-8
-7
-6
-9
-10
-11
-8
-6
-6
-8
-11
-10
-11
-10
-11
-10
-11
-11
-12
-12
-11
-10
-8
-8
-10
-10
-8
-8
-6
-4
-4
-6
-7
-7
-9
-12
-12
-13
-15
-14
-12
-12
-14
-12
-12
-11
-12
-12
-13
-14
-15
-15
-17
-17
-16
-17
-18
-17
-16
-16
-15
-17
-17
-17
-19
-20
-18
-18
-17
-18
-19
-21
-22
-22
-23
-22
-21
-19
-20
-21
-20
-18
-19
-18
-19
-19
-20
-20
-20
-19
-20
-21
-20
-22
-21
-20
-21
-21
-20
-21
-22
-20
-20
-19
-21
-21
-22
-20
-20
-18
-17
-18
-17
-17
-18
-19
-21
-22
-21
-21
-20
-22
-23
-24
-23
-24
-24
-24
-22
-20
-21
-22
-25
-26
-25
-25
-27
-28
-28
-26
-26
-26
-29
-29
-30
-28
-26
-25
-27
-25
-20
-19
-19
-22
-26
-27
-26
-24
-23
-25
-27
-27
-26
-26
-24
-26
-31
-33
-33
-32
-29
-28
-29
-29
-30
-29
-30
-29
-29
-29
-30
-31
-31
-29
-29
-28
-29
-28
-28
-29
-30
-32
-33
-32
-30
-30
-30
-32
-30
-28
-26
-25
-27
-28
-30
-31
-33
-32
-32
-32
-34
-35
-35
-34
-32
-31
-31
-31
-33
-34
-36
-36
-36
-35
-35
-35
-32
-30
-30
-30
-31
-33
-32
-31
-32
-32
-33
-32
-31
-29
-30
-29
-30
-31
-33
-34
-34
-33
-32
-30
-28
-29
-31
-33
-34
-32
-32
-32
-33
-34
-35
-34
-33
-33
-34
-34
-33
-31
-28
-29
-29
-28
-28
-28
-27
-25
-25
-25
-24
-25
-23
-21
-21
-21
-23
-26
-25
-25
-25
-27
-28
-26
-26
-26
-26
-28
-28
-26
-28
-28
-26
-25
-27
-27
-27
-25
-25
-25
-24
-26
-26
-23
-24
-24
-24
-24
-25
-27
-27
-27
-25
-22
-24
-24
-25
-27
-25
-27
-26
-26
-28
-28
-25
-27
-27
-27
-28
-29
-29
-29
-27
-26
-26
-25
-25
-28
-28
-27
-25
-24
-24
-24
-25
-25
-25
-23
-23
-24
-24
-24
-21
-19
-17
-16
-19
-20
-19
-19
-19
-19
-19
-19
-17
-16
-16
-18
-21
-20
-20
-18
-17
-20
-22
-23
-21
-19
-20
-20
-20
-20
-19
-19
-15
-13
-11
-11
-12
-12
-10
-7
-4
-6
-10
-11
-9
-9
-7
-8
-10
-8
-9
-9
-9
-8
-8
-7
-9
-10
-8
-8
-9
-8
-7
-9
-9
-10
-9
-8
-7
-6
-6
-6
-6
-9
-11
-9
-7
-4
-5
-7
-7
-5
-6
-8
-10
-10
-9
-6
-9
-6
-5
-5
-4
-6
-8
-9
-11
-10
-9
-8
-8
-9
-9
-10
-8
-8
-9
-10
-9
-9
-11
-11
-11
-10
-9
-7
-8
-11
-10
-10
-11
-11
-10
-10
-8
-9
-8
-7
-6
-7
-9
-10
-10
-10
-12
-12
-12
-11
-10
-10
-10
-11
-9
-9
-11
-11
-12
-11
-11
-12
-12
-12
-13
-13
-12
-11
-9
-8
-6
-8
-9
-7
-8
-7
-6
-7
-6
-9
-9
-8
-8
-6
-7
-8
-5
-6
-6
-7
-8
-6
-6
-5
-5
-4
-6
-5
-3
-3
-1
-3
-2
-1
0
0
-1
-2
-5
-5
-2
-1
0
-2
-4
-5
-5
-5
-3
-2
-4
-3
-3
-2
2
2
2
1
0
-1
-1
0
3
6
6
6
3
0
0
1
1
2
2
0
-2
-1
-1
1
1
3
2
1
2
2
2
1
2
1
2
-1
-2
-4
-4
-2
1
2
0
0
-2
-2
-1
0
-1
0
1
0
0
-3
-5
-3
-3
-2
-1
-4
-2
0
1
1
0
1
2
3
2
4
5
6
7
7
8
8
9
7
8
10
10
10
10
10
11
11
11
11
8
7
8
10
13
12
11
11
10
9
10
12
12
11
12
12
11
12
13
11
11
14
16
17
17
15
13
13
13
14
15
15
14
14
14
15
13
11
11
11
13
15
14
14
13
16
16
17
16
12
10
9
8
7
9
10
13
13
12
11
9
8
10
10
11
12
11
9
7
7
9
11
11
10
9
8
9
9
8
8
8
11
11
11
10
8
7
10
12
11
10
11
10
10
12
11
10
10
10
11
10
10
9
9
10
14
14
14
13
14
15
15
12
11
12
11
11
11
12
11
11
11
10
12
14
15
13
13
11
11
13
12
10
10
12
12
14
15
15
15
15
14
15
14
13
15
15
15
15
14
14
15
15
16
18
18
16
14
15
15
16
17
17
17
15
12
12
12
13
13
12
10
9
8
9
9
9
9
6
5
5
6
6
6
4
5
4
3
2
1
1
4
6
6
5
5
4
2
1
-1
-3
-4
-5
-2
-1
-1
0
-2
-3
-2
-4
-4
-4
-4
-3
-3
-2
-5
-6
-8
-10
-8
-8
-9
-6
-6
-6
-4
-3
-3
-3
-3
-4
-4
-5
-4
0
3
1
0
-2
-2
-2
-2
-1
-3
-3
-2
-3
-3
-4
-4
-2
-3
-4
-4
-5
-6
-4
-4
-4
-3
-3
-3
-3
-4
-3
-2
-2
-3
-2
-2
0
1
-1
-3
-2
-1
0
3
3
4
2
1
-1
1
-1
-1
0
0
2
3
1
-1
-4
-6
-5
-5
-3
-2
-2
0
0
-1
-2
-2
-2
-3
-4
-4
-4
-5
-6
-6
-8
-5
-5
-4
-2
-2
-3
-4
-5
-3
0
2
-2
-3
0
1
1
0
-3
-4
-2
-2
-3
-6
-5
-2
-1
-2
-1
-3
-6
-5
-5
-4
-1
-2
-2
-3
-4
-4
-4
-6
-7
-4
-1
0
0
0
-3
-4
-3
-2
-2
-1
-1
-1
1
3
1
0
-1
-1
-1
0
-1
0
-1
-2
-3
-3
-1
-1
-2
-3
-2
-3
-3
-2
-1
0
1
1
0
0
0
0
0
-3
-1
-1
-1
1
3
3
3
4
3
1
0
1
4
6
5
5
3
2
2
1
-1
-2
0
0
2
4
3
2
-2
-3
-3
1
1
1
3
3
2
3
3
4
2
1
2
3
3
1
1
3
3
2
1
2
3
4
4
2
0
1
1
2
1
-1
1
3
5
3
1
0
0
2
1
-2
-1
0
-1
-4
-3
0
0
0
-3
-5
-4
-4
-4
-4
-5
-5
-3
-7
-6
-6
-5
-4
-3
-5
-3
-5
-5
-7
-6
-5
-4
-4
-7
-8
-8
-6
-5
-5
-5
-4
-2
-1
-3
-5
-4
-1
-1
-1
1
1
3
2
1
1
-1
0
-2
-1
-2
-2
-3
0
0
1
0
-2
-1
3
3
0
-1
0
0
1
0
-2
-2
-1
-1
-2
-2
-3
-4
-1
-2
0
1
2
1
-2
-1
-1
-1
-3
-5
-3
-1
-1
0
-2
-3
-3
-1
-1
-2
-1
-1
0
-2
-3
-2
-1
-2
-4
-5
-3
-3
-4
-1
0
1
2
3
3
0
1
0
0
0
-2
-2
-2
-1
-2
-2
0
1
2
3
3
4
3
2
1
2
3
3
5
5
5
5
3
3
3
2
3
4
4
4
3
3
4
5
6
5
3
3
6
8
7
6
5
6
9
10
10
9
10
11
9
7
6
7
7
7
7
7
8
8
6
5
8
9
9
9
9
5
6
7
7
8
7
6
4
3
4
6
5
5
6
8
7
8
8
7
9
10
10
9
7
8
9
9
9
8
6
7
5
3
4
4
5
6
6
6
9
9
8
4
2
4
6
9
8
8
8
7
8
7
7
7
7
6
7
6
7
8
9
9
7
8
9
9
8
6
5
7
9
12
11
10
9
10
11
12
11
12
12
13
10
7
8
9
8
7
4
5
7
9
9
9
8
5
6
6
7
10
11
9
10
10
10
10
9
8
9
10
11
12
11
9
8
7
6
6
8
9
9
10
10
10
7
7
5
3
5
5
7
8
6
7
9
9
12
10
8
10
12
14
14
12
12
12
12
12
11
9
11
11
10
11
11
11
11
13
12
9
10
9
10
11
11
11
11
10
11
10
11
10
10
8
8
8
8
6
7
10
11
11
12
10
8
8
9
9
8
10
10
10
9
10
10
13
13
13
10
11
13
13
14
16
15
13
11
10
10
12
14
14
14
13
10
9
8
7
9
13
13
14
12
10
11
11
11
11
10
9
10
11
12
11
9
10
9
8
7
7
7
8
7
5
1
-1
2
3
2
4
4
4
6
6
6
5
3
2
4
6
4
2
1
3
5
5
4
3
3
1
-1
-1
1
2
3
4
3
3
3
4
5
2
1
1
3
4
4
2
2
3
6
7
7
7
6
7
6
5
4
4
2
2
3
6
9
6
4
5
3
3
4
3
5
6
5
3
2
2
1
2
3
3
5
6
5
5
3
1
1
3
4
4
2
-1
-1
0
1
1
0
1
1
0
-1
0
1
1
2
3
1
0
-1
-2
-3
-3
-2
-6
-4
-2
-1
-2
-3
-4
-3
0
1
-1
-2
-3
-3
-2
-2
-1
-3
-3
-3
-2
-3
-3
-7
-6
-5
-4
-2
-2
-3
-2
-1
-1
-2
-4
-4
-2
0
-1
-2
-3
-1
1
1
-1
-4
-5
-5
-2
0
1
1
-1
-1
0
0
1
1
1
2
2
1
0
-2
-2
-2
-3
-2
0
0
-1
1
-2
-3
-4
-5
-7
-7
-6
-2
-1
-2
-1
-1
0
-3
-2
-2
-2
-2
-3
-3
-2
-2
-2
-3
-3
-3
-4
-4
-3
-2
-2
-3
-4
-3
-4
-6
-7
-6
-6
-6
-7
-7
-6
-7
-7
-7
-6
-6
-5
-4
-3
-3
-5
-5
-4
-5
-8
-7
-10
-7
-5
-5
-6
-7
-6
-7
-7
-8
-11
-11
-9
-9
-7
-9
-10
-10
-9
-9
-10
-14
-14
-14
-13
-13
-13
-13
-13
-13
-14
-16
-17
-13
-13
-11
-13
-14
-16
-16
-16
-16
-16
-15
-16
-14
-16
-17
-16
-13
-13
-10
-9
-9
-10
-11
-10
-8
-7
-9
-10
-13
-15
-14
-13
-12
-13
-13
-13
-12
-12
-14
-12
-12
-11
-10
-12
-12
-13
-14
-15
-17
-16
-16
-16
-15
-16
-17
-19
-19
-19
-17
-17
-17
-16
-15
-14
-13
-13
-14
-14
-15
-13
-12
-12
-13
-14
-15
-15
-14
-14
-15
-15
-14
-14
-15
-14
-14
-14
-13
-12
-12
-11
-13
-14
-12
-13
-14
-15
-15
-14
-15
-16
-17
-19
-19
-19
-20
-19
-17
-16
-17
-20
-20
-19
-17
-17
-19
-20
-19
-20
-19
-18
-17
-17
-19
-20
-19
-20
-19
-19
-16
-16
-17
-21
-21
-21
-19
-20
-21
-21
-21
-20
-20
-18
-17
-18
-17
-16
-14
-12
-13
-12
-13
-15
-16
-17
-19
-18
-17
-16
-15
-15
-13
-15
-16
-16
-14
-13
-13
-15
-16
-16
-16
-14
-16
-15
-15
-15
-16
-14
-15
-16
-15
-18
-17
-17
-17
-15
-16
-15
-14
-15
-18
-21
-19
-20
-17
-17
-17
-16
-14
-15
-17
-18
-18
-18
-18
-17
-17
-18
-18
-18
-20
-20
-19
-20
-19
-19
-21
-19
-19
-18
-16
-13
-10
-8
-8
-7
-5
-1
2
4
4
2
1
1
-1
-4
-6
-9
-11
-14
-16
-21
-22
-26
-28
-28
-28
-29
-29
-29
-29
-28
-26
-24
-22
-18
-15
-14
-14
-12
-12
-12
-11
-9
-9
-8
-9
-11
-11
-11
-13
-15
-15
-17
-18
-19
-18
-16
-15
-17
-19
-20
-17
-15
-15
-13
-12
-11
-10
-10
-12
-13
-12
-12
-11
-11
-13
-11
-12
-14
-18
-20
-21
-21
-20
-20
-19
-17
-13
-11
-9
-9
-8
-7
-7
-5
-4
-3
-3
-5
-8
-7
-6
-6
-6
-9
-10
-11
-12
-15
-16
-15
-15
-15
-16
-16
-15
-17
-15
-15
-15
-16
-14
-12
-10
-11
-10
-11
-12
-12
-11
-10
-12
-14
-15
-15
-13
-12
-14
-16
-18
-18
-17
-18
-15
-11
-10
-11
-12
-11
-9
-7
-5
-4
-5
-7
-10
-9
-11
-12
-9
-8
-10
-10
-10
-11
-11
-11
-10
-10
-8
-8
-8
-8
-7
-6
-5
-5
-6
-7
-7
-7
-8
-7
-8
-8
-7
-8
-10
-10
-10
-11
-12
-11
-11
-10
-9
-5
-5
-6
-6
-5
-6
-5
-4
-5
-5
-8
-8
-10
-7
-6
-7
-7
-7
-7
-7
-8
-9
-9
-11
-10
-9
-8
-8
-8
-7
-7
-9
-9
-6
-6
-3
-1
-2
-4
-4
-4
-5
-3
-2
-3
-3
-3
-3
-3
-2
-1
-1
-1
-1
-2
-1
0
1
0
-1
-1
-1
0
0
1
1
-1
-2
-4
-7
-7
-7
-5
-7
-6
-6
-7
-6
-6
-7
-8
-10
-8
-7
-6
-6
-5
-5
-7
-8
-8
-7
-7
-7
-10
-10
-9
-8
-8
-8
-8
-8
-6
-5
-5
-6
-9
-10
-10
-7
-4
-5
-8
-9
-8
-5
-4
-6
-9
-9
-7
-3
-3
-5
-4
-4
-5
-3
-3
-5
-4
-4
-3
-2
-2
-4
-7
-5
-6
-5
-6
-7
-8
-5
-4
-4
-5
-6
-6
-4
-5
-5
-6
-6
-6
-6
-6
-6
-5
-6
-9
-10
-9
-9
-7
-7
-7
-7
-6
-6
-6
-8
-9
-9
-10
-8
-9
-11
-11
-11
-11
-11
-10
-9
-11
-12
-16
-17
-15
-13
-11
-11
-12
-16
-17
-15
-15
-15
-17
-17
-17
-16
-18
-20
-19
-18
-16
-16
-18
-18
-18
-18
-18
-19
-18
-20
-20
-18
-17
-16
-17
-20
-21
-20
-20
-22
-22
-20
-18
-18
-21
-25
-25
-24
-26
-27
-26
-27
-28
-28
-27
-28
-25
-25
-27
-26
-24
-26
-28
-29
-29
-27
-26
-27
-29
-28
-29
-28
-30
-31
-32
-33
-30
-28
-29
-28
-30
-28
-26
-26
-26
-30
-29
-29
-27
-27
-26
-27
-25
-26
-26
-25
-26
-24
-24
-24
-24
-23
-24
-24
-28
-28
-28
-28
-26
-25
-25
-25
-26
-29
-30
-30
-31
-30
-29
-28
-27
-29
-30
-29
-29
-30
-30
-29
-29
-29
-28
-27
-28
-27
-28
-29
-29
-31
-33
-34
-35
-35
-34
-31
-28
-26
-27
-29
-30
-31
-30
-28
-27
-31
-33
-33
-31
-28
-27
-28
-29
-27
-26
-27
-28
-29
-30
-31
-28
-27
-26
-25
-26
-28
-29
-26
-25
-23
-23
-24
-24
-24
-26
-25
-23
-22
-22
-24
-25
-26
-24
-27
-26
-27
-26
-26
-27
-28
-28
-29
-29
-29
-31
-30
-29
-28
-28
-29
-30
-30
-29
-27
-25
-26
-25
-23
-23
-23
-24
-23
-23
-25
-25
-24
-23
-21
-20
-19
-21
-22
-21
-21
-20
-19
-18
-19
-20
-19
-19
-18
-16
-18
-19
-19
-21
-22
-22
-19
-17
-14
-15
-17
-17
-18
-20
-19
-18
-15
-13
-14
-15
-18
-20
-19
-16
-14
-14
-15
-15
-15
-15
-13
-13
-13
-16
-16
-15
-12
-12
-11
-12
-13
-13
-12
-12
-10
-10
-10
-12
-14
-14
-15
-14
-12
-10
-10
-11
-12
-12
-14
-16
-16
-15
-11
-10
-12
-14
-15
-12
-12
-13
-15
-14
-11
-11
-12
-13
-13
-12
-11
-10
-12
-13
-13
-13
-10
-8
-7
-7
-9
-9
-10
-10
-12
-12
-10
-9
-9
-10
-8
-8
-9
-10
-9
-6
-6
-7
-6
-5
-4
-5
-7
-7
-5
-4
-2
-3
-3
-2
-1
0
-2
-2
-2
-4
-5
-4
-1
3
4
5
3
1
-1
1
1
1
-1
-3
-3
-2
-1
-1
-2
-2
-3
-3
-3
-3
-1
-2
-4
-4
-4
-4
-4
-4
-4
-4
-3
-3
-2
-3
-2
-4
-2
-1
1
0
-3
-3
-3
-3
-2
-1
0
-2
0
0
-1
-2
-4
-4
-2
-1
-1
-2
-4
-6
-4
-4
-2
-2
-4
-5
-5
-5
-3
-2
-3
-5
-5
-5
-5
-4
-4
-4
-4
-6
-5
-3
-4
-6
-7
-6
-6
-5
-6
-6
-3
-2
-1
-2
-2
2
5
5
4
1
0
2
2
1
3
3
5
6
7
8
8
8
8
7
8
8
8
10
11
12
12
13
14
14
12
9
7
7
7
7
8
8
11
13
13
10
7
5
6
6
8
9
9
8
5
4
2
1
-1
-4
-3
-3
0
2
2
1
2
2
3
4
3
3
2
2
1
3
4
6
5
4
4
4
5
5
4
4
6
5
6
6
6
8
8
7
6
6
5
3
5
6
8
8
7
6
6
5
8
8
7
7
8
7
7
8
7
7
6
5
7
6
6
5
3
4
5
6
8
8
9
10
8
6
7
8
7
6
6
6
6
4
4
3
4
5
5
4
5
6
5
4
3
5
6
8
8
8
9
11
12
13
11
10
11
11
10
12
12
12
12
11
9
8
7
6
7
7
6
4
3
4
5
6
5
5
6
6
5
5
3
3
2
3
3
4
5
3
1
0
1
2
3
1
1
3
5
5
5
3
3
3
4
6
6
5
4
7
9
10
7
5
4
5
5
4
2
1
0
2
4
4
4
2
1
3
7
8
10
10
7
5
4
4
5
8
8
5
4
4
4
5
6
5
6
6
3
3
3
4
4
4
2
2
3
4
5
5
6
7
7
8
8
8
10
11
11
9
9
8
9
10
8
8
9
8
7
6
6
7
7
8
8
8
8
7
5
5
6
6
6
6
5
5
7
7
4
4
5
5
4
1
0
2
3
2
1
1
1
2
2
1
-2
-4
-3
-3
-4
-5
-3
-3
-3
-1
0
0
2
1
0
-1
0
-1
-3
-3
-3
-2
-1
-1
-3
-4
-4
-4
-4
-1
-1
-1
-1
-3
-4
-5
-6
-5
-6
-5
-3
-3
-4
-6
-8
-7
-8
-8
-8
-9
-8
-7
-7
-9
-10
-9
-6
-5
-7
-10
-11
-10
-9
-8
-8
-9
-8
-8
-9
-10
-9
-8
-7
-7
-8
-9
-10
-8
-7
-6
-5
-5
-5
-5
-7
-10
-11
-9
-7
-8
-10
-13
-12
-10
-9
-8
-8
-10
-9
-9
-8
-9
-10
-12
-12
-13
-13
-12
-10
-11
-12
-12
-11
-8
-8
-7
-8
-10
-10
-12
-14
-15
-17
-17
-16
-16
-14
-12
-12
-13
-18
-18
-18
-16
-17
-19
-21
-22
-20
-18
-17
-20
-19
-19
-19
-18
-18
-18
-17
-17
-17
-16
-17
-17
-19
-20
-20
-18
-19
-20
-19
-17
-17
-17
-18
-18
-16
-15
-16
-17
-18
-16
-16
-19
-19
-18
-17
-16
-16
-15
-14
-13
-14
-17
-17
-16
-14
-13
-15
-17
-17
-15
-13
-12
-12
-13
-13
-14
-14
-14
-15
-15
-16
-16
-15
-13
-12
-14
-18
-18
-17
-15
-14
-16
-18
-15
-15
-14
-13
-11
-10
-11
-14
-15
-16
-13
-11
-11
-14
-16
-16
-14
-12
-13
-15
-17
-15
-12
-11
-12
-13
-14
-13
-14
-14
-13
-12
-11
-10
-9
-9
-8
-9
-11
-13
-13
-12
-12
-12
-13
-12
-14
-14
-17
-17
-16
-12
-11
-13
-15
-14
-13
-11
-11
-10
-11
-11
-11
-12
-14
-14
-13
-11
-11
-12
-12
-12
-12
-12
-11
-11
-13
-14
-15
-14
-15
-12
-11
-10
-11
-12
-10
-8
-8
-10
-13
-11
-9
-8
-7
-9
-11
-11
-12
-13
-14
-13
-12
-11
-11
-12
-11
-12
-12
-12
-13
-14
-13
-12
-12
-12
-12
-12
-12
-14
-15
-15
-14
-13
-14
-16
-14
-14
-12
-13
-15
-16
-16
-14
-11
-12
-13
-13
-13
-13
-16
-15
-17
-17
-17
-17
-16
-15
-16
-17
-19
-19
-17
-17
-16
-16
-16
-15
-15
-16
-16
-15
-15
-14
-13
-14
-15
-15
-16
-18
-18
-16
-15
-11
-10
-11
-12
-13
-14
-12
-13
-13
-12
-13
-13
-13
-12
-12
-11
-10
-10
-11
-11
-11
-12
-15
-16
-16
-17
-17
-15
-15
-16
-17
-15
-11
-12
-14
-14
-14
-13
-12
-12
-13
-14
-15
-13
-11
-11
-12
-13
-13
-14
-12
-12
-10
-8
-8
-10
-9
-5
-6
-6
-9
-10
-12
-12
-11
-8
-11
-13
-13
-11
-13
-13
-12
-10
-8
-9
-12
-12
-13
-14
-13
-13
-10
-9
-10
-12
-13
-15
-15
-14
-13
-13
-10
-12
-13
-14
-14
-12
-11
-12
-14
-15
-15
-12
-12
-14
-16
-16
-17
-14
-14
-15
-15
-16
-16
-16
-15
-15
-15
-16
-17
-17
-16
-15
-15
-15
-16
-17
-18
-18
-17
-15
-15
-17
-18
-17
-15
-13
-10
-10
-13
-13
-12
-12
-13
-12
-11
-12
-12
-13
-13
-12
-12
-13
-14
-12
-10
-9
-9
-9
-8
-6
-7
-8
-7
-8
-8
-4
-3
-2
-1
-2
-2
-4
-4
-1
0
0
0
-1
-1
0
0
1
3
7
7
5
2
2
3
5
1
-1
-1
-1
0
-1
-2
0
0
2
3
2
2
1
-2
-5
-3
-2
1
1
1
-1
-1
-1
0
1
0
2
0
-1
-3
-3
-4
-2
-1
-1
-1
0
-1
0
-1
-5
-5
-5
-4
-4
-1
0
-1
0
-4
-4
-6
-4
-3
-4
-5
-4
-2
0
1
-1
-3
-5
-4
-2
-2
-2
-2
-2
-1
0
1
2
3
1
0
-1
-1
2
3
4
2
2
2
2
3
2
3
2
2
2
2
2
4
4
3
2
2
2
3
5
4
4
4
6
6
5
5
5
5
4
2
0
1
2
4
3
0
0
0
1
3
1
-2
-3
-5
-4
-2
-3
-2
0
0
-1
1
0
0
1
0
0
2
2
1
2
0
-1
0
-1
-3
-3
-3
-3
-4
-3
-2
-3
-4
-3
-4
-4
-4
-5
-4
-2
-2
-3
-6
-7
-6
-5
-6
-7
-8
-7
-7
-7
-8
-6
-4
-4
-4
-4
-6
-6
-7
-8
-8
-9
-9
-10
-9
-7
-7
-6
-6
-8
-8
-9
-9
-9
-7
-6
-9
-7
-5
-5
-7
-7
-8
-10
-9
-9
-8
-8
-8
-8
-10
-8
-9
-9
-11
-12
-10
-11
-11
-12
-13
-12
-13
-12
-11
-11
-10
-11
-12
-13
-12
-13
-12
-12
-13
-14
-15
-15
-15
-17
-17
-17
-18
-18
-18
-16
-15
-14
-14
-15
-18
-18
-17
-18
-19
-18
-18
-16
-15
-17
-20
-21
-22
-21
-22
-21
-22
-25
-25
-22
-18
-19
-22
-22
-22
-21
-18
-20
-21
-23
-23
-26
-25
-26
-26
-27
-27
-26
-26
-26
-28
-31
-31
-30
-28
-27
-24
-24
-23
-24
-26
-28
-30
-30
-30
-30
-32
-33
-33
-33
-32
-31
-32
-32
-35
-34
-33
-34
-36
-36
-36
-34
-34
-35
-34
-35
-34
-36
-35
-35
-34
-32
-30
-29
-28
-28
-28
-29
-29
-29
-30
-30
-31
-30
-28
-25
-26
-27
-27
-27
-27
-26
-27
-29
-28
-29
-29
-28
-28
-29
-31
-31
-30
-32
-32
-36
-39
-38
-39
-37
-38
-37
-39
-40
-41
-41
-39
-38
-38
-40
-42
-41
-40
-42
-46
-45
-46
-44
-44
-46
-46
-44
-44
-42
-43
-45
-45
-46
-46
-46
-46
-45
-45
-45
-44
-44
-46
-46
-44
-44
-46
-47
-47
-49
-47
-45
-44
-42
-43
-45
-48
-48
-48
-46
-47
-47
-50
-52
-50
-49
-49
-49
-51
-54
-54
-52
-52
-52
-52
-54
-53
-54
-55
-56
-57
-54
-52
-51
-55
-55
-54
-53
-51
-52
-52
-53
-53
-52
-53
-54
-54
-54
-55
-54
-53
-54
-54
-52
-49
-49
-49
-51
-53
-53
-52
-50
-51
-52
-50
-51
-51
-52
-52
-50
-51
-49
-50
-50
-51
-50
-50
-51
-52
-52
-53
-52
-51
-51
-51
-52
-53
-50
-49
-48
-46
-46
-47
-48
-48
-47
-49
-49
-50
-49
-47
-46
-47
-51
-50
-53
-52
-51
-50
-49
-50
-51
-51
-51
-52
-53
-54
-54
-53
-55
-57
-57
-56
-55
-55
-57
-58
-60
-60
-60
-61
-60
-60
-59
-58
-58
-59
-61
-60
-59
-59
-58
-59
-60
-60
-60
-60
-59
-60
-58
-57
-55
-52
-52
-53
-55
-54
-52
-52
-51
-50
-49
-50
-54
-52
-52
-49
-48
-48
-49
-46
-46
-46
-48
-48
-47
-45
-47
-47
-48
-45
-42
-43
-44
-44
-42
-43
-42
-42
-40
-38
-40
-39
-41
-41
-41
-42
-42
-42
-40
-40
-39
-41
-42
-42
-42
-40
-39
-39
-41
-40
-39
-41
-41
-40
-41
-42
-43
-43
-40
-39
-40
-41
-42
-42
-42
-43
-47
-46
-46
-43
-42
-42
-42
-42
-43
-44
-43
-39
-38
-40
-42
-42
-41
-41
-41
-43
-43
-41
-40
-39
-42
-43
-42
-40
-39
-40
-39
-39
-38
-36
-35
-36
-36
-35
-36
-35
-37
-36
-34
-32
-33
-34
-37
-36
-35
-32
-29
-30
-32
-31
-30
-31
-30
-31
-31
-31
-28
-25
-25
-25
-28
-26
-25
-27
-26
-23
-23
-22
-20
-21
-22
-22
-22
-22
-22
-23
-22
-21
-20
-21
-21
-20
-20
-19
-18
-17
-18
-17
-15
-15
-12
-14
-13
-14
-13
-13
-14
-14
-15
-13
-12
-11
-11
-14
-17
-17
-16
-14
-17
-18
-19
-18
-15
-13
-14
-15
-16
-15
-14
-14
-16
-15
-15
-16
-17
-18
-18
-17
-20
-20
-21
-21
-19
-20
-21
-21
-20
-19
-21
-24
-26
-22
-22
-21
-23
-22
-20
-18
-19
-19
-21
-21
-22
-21
-21
-21
-21
-21
-19
-18
-17
-17
-19
-18
-17
-17
-20
-20
-19
-18
-16
-17
-18
-17
-14
-13
-12
-13
-15
-15
-14
-14
-14
-13
-16
-19
-17
-18
-16
-15
-16
-15
-14
-15
-17
-18
-17
-14
-12
-14
-16
-13
-13
-12
-14
-16
-16
-14
-14
-14
-15
-16
-17
-18
-17
-14
-14
-15
-14
-16
-19
-20
-21
-20
-20
-16
-15
-16
-18
-19
-19
-18
-16
-16
-17
-18
-21
-21
-21
-19
-17
-18
-19
-18
-18
-17
-18
-20
-21
-18
-19
-20
-20
-21
-22
-24
-26
-26
-22
-22
-21
-24
-24
-24
-24
-26
-26
-26
-26
-25
-24
-23
-23
-23
-25
-26
-26
-23
-23
-26
-26
-27
-26
-26
-26
-26
-26
-27
-29
-29
-27
-26
-25
-25
-25
-25
-23
-23
-20
-22
-19
-27
-20
-28
-19
-23
-23
-22
-23
-20
-21
-19
-19
-17
-18
-18
-21
-21
-21
-18
-17
-17
-17
-16
-16
-16
-15
-14
-14
-13
-13
-14
-15
-14
-15
-14
-15
-17
-18
-17
-14
-16
-16
-18
-19
-19
-20
-18
-18
-17
-15
-15
-14
-12
-13
-13
-13
-14
-17
-18
-18
-17
-17
-18
-18
-20
-18
-15
-17
-18
-18
-17
-15
-16
-18
-21
-21
-21
-20
-19
-18
-18
-18
-18
-17
-15
-16
-18
-21
-23
-21
-16
-17
-19
-20
-21
-19
-20
-21
-19
-17
-17
-17
-18
-17
-16
-16
-17
-17
-17
-17
-17
-19
-17
-15
-16
-17
-18
-18
-17
-18
-18
-19
-17
-16
-15
-16
-15
-16
-16
-18
-17
-19
-22
-21
-17
-17
-17
-19
-19
-19
-19
-19
-20
-21
-21
-22
-21
-19
-17
-19
-21
-22
-23
-24
-23
-24
-24
-24
-24
-25
-25
-26
-24
-24
-22
-21
-22
-24
-26
-27
-24
-26
-27
-28
-26
-23
-23
-22
-24
-24
-23
-23
-24
-26
-25
-26
-27
-30
-29
-30
-30
-28
-29
-28
-28
-28
-29
-29
-31
-28
-29
-30
-29
-29
-28
-31
-33
-35
-34
-34
-34
-32
-34
-33
-32
-33
-31
-32
-33
-35
-36
-35
-35
-33
-33
-33
-33
-34
-35
-35
-35
-37
-36
-36
-33
-32
-35
-38
-39
-37
-35
-35
-35
-36
-34
-32
-31
-35
-35
-35
-33
-34
-33
-33
-32
-34
-36
-37
-34
-31
-32
-36
-40
-38
-34
-31
-31
-35
-36
-35
-34
-35
-37
-40
-40
-37
-35
-33
-35
-36
-37
-38
-38
-38
-39
-38
-36
-35
-34
-34
-35
-36
-37
-36
-36
-35
-34
-33
-35
-35
-34
-36
-34
-35
-35
-34
-33
-33
-35
-35
-34
-35
-35
-36
-34
-32
-33
-35
-34
-32
-31
-32
-35
-36
-36
-35
-34
-35
-37
-39
-39
-37
-36
-37
-38
-38
-38
-37
-37
-37
-38
-38
-36
-35
-35
-37
-38
-38
-36
-36
-37
-37
-37
-39
-40
-40
-37
-37
-37
-38
-38
-38
-39
-40
-40
-38
-36
-36
-37
-40
-41
-41
-40
-38
-37
-38
-38
-39
-38
-38
-37
-36
-36
-37
-36
-35
-36
-37
-37
-37
-36
-35
-34
-35
-37
-37
-35
-35
-34
-33
-35
-36
-35
-34
-35
-33
-35
-32
-31
-30
-30
-29
-30
-33
-33
-32
-31
-30
-30
-31
-31
-31
-28
-29
-30
-30
-29
-28
-28
-29
-31
-31
-29
-28
-29
-30
-31
-31
-30
-30
-29
-28
-29
-29
-28
-27
-26
-29
-26
-27
-29
-29
-29
-28
-26
-26
-25
-25
-28
-30
-32
-31
-29
-27
-28
-30
-29
-29
-28
-28
-26
-25
-23
-25
-26
-28
-27
-27
-26
-28
-28
-28
-30
-28
-29
-32
-32
-30
-29
-29
-31
-30
-29
-29
-30
-31
-32
-30
-29
-27
-27
-29
-32
-30
-31
-31
-31
-31
-31
-31
-31
-32
-33
-32
-31
-31
-31
-31
-30
-30
-31
-32
-34
-33
-33
-31
-29
-29
-29
-30
-29
-28
-28
-29
-28
-27
-26
-26
-29
-28
-29
-27
-26
-27
-26
-27
-27
-27
-29
-31
-31
-30
-30
-30
-30
-30
-30
-29
-28
-29
-31
-32
-29
-26
-26
-26
-28
-29
-30
-30
-31
-32
-31
-32
-33
-31
-32
-33
-33
-34
-34
-34
-34
-36
-36
-35
-33
-32
-34
-33
-33
-28
-29
-29
-28
-30
-29
-27
-26
-25
-27
-30
-31
-31
-29
-29
-29
-29
-30
-28
-27
-28
-30
-30
-30
-29
-27
-27
-27
-27
-29
-28
-27
-28
-30
-30
-32
-30
-29
-27
-29
-28
-29
-30
-31
-28
-27
-27
-28
-30
-28
-27
-28
-29
-29
-29
-29
-28
-27
-27
-27
-27
-27
-29
-30
-30
-27
-26
-24
-22
-22
-22
-22
-22
-23
-22
-21
-21
-22
-25
-25
-23
-21
-19
-18
-19
-20
-20
-19
-19
-18
-17
-16
-17
-17
-15
-13
-15
-16
-17
-13
-11
-12
-14
-18
-18
-15
-12
-11
-14
-16
-16
-14
-12
-12
-14
-16
-16
-15
-13
-11
-12
-14
-15
-15
-12
-10
-10
-11
-13
-12
-13
-11
-9
-8
-7
-8
-9
-10
-8
-9
-10
-8
-9
-7
-6
-6
-6
-6
-5
-4
-5
-4
-4
-4
-3
-1
-2
-2
-1
-3
-3
-3
-3
-1
-3
-2
-1
-1
-1
-4
-4
-3
-2
-1
-3
-5
-4
-3
0
0
0
-1
-1
0
2
2
2
3
3
4
4
3
3
4
5
7
8
8
6
5
5
6
6
6
6
3
5
5
6
6
7
4
2
0
-1
2
2
1
-2
-1
-1
1
3
4
4
4
3
2
4
3
2
0
0
3
3
3
3
3
2
3
5
2
0
0
2
2
3
4
4
7
7
5
2
0
0
2
3
4
1
-1
-2
-2
-1
0
2
2
1
0
0
1
2
2
3
2
0
1
-1
-2
-1
0
1
2
0
0
1
-2
-5
-5
-3
-2
-4
-5
-5
-5
-4
-3
-3
-6
-6
-5
-9
-11
-10
-9
-9
-10
-9
-8
-7
-9
-11
-13
-12
-13
-12
-13
-15
-13
-11
-12
-10
-10
-8
-11
-9
-18
-23
-10
-22
-15
-15
-19
-22
-18
-22
-26
-22
-21
-18
-15
-10
-13
-13
-18
-22
-18
-16
-11
-10
-8
-9
-10
-15
-20
-21
-16
-13
-11
-10
-11
-15
-18
-22
-21
-18
-16
-16
-14
-16
-18
-17
-19
-18
-15
-14
-13
-14
-15
-15
-15
-16
-17
-17
-17
-15
-16
-17
-19
-18
-19
-20
-24
-23
-21
-19
-18
-20
-24
-26
-24
-22
-18
-17
-17
-18
-19
-20
-21
-20
-19
-20
-20
-20
-19
-20
-18
-18
-19
-17
-17
-17
-17
-16
-17
-16
-16
-16
-14
-13
-14
-17
-17
-15
-14
-16
-15
-13
-12
-10
-9
-12
-13
-12
-12
-13
-12
-13
-12
-12
-13
-14
-14
-14
-14
-15
-16
-15
-14
-14
-15
-16
-19
-18
-20
-17
-16
-17
-18
-19
-18
-17
-15
-16
-16
-17
-17
-15
-14
-17
-18
-19
-18
-17
-17
-17
-17
-17
-16
-16
-17
-14
-13
-12
-13
-16
-18
-19
-18
-17
-16
-16
-15
-15
-17
-17
-18
-19
-19
-18
-16
-16
-18
-17
-19
-19
-16
-18
-20
-20
-20
-17
-16
-18
-20
-20
-21
-20
-20
-22
-23
-22
-20
-20
-21
-24
-25
-24
-23
-22
-22
-21
-21
-20
-22
-25
-25
-25
-26
-25
-23
-23
-21
-23
-28
-28
-28
-27
-27
-27
-27
-27
-27
-28
-30
-30
-28
-29
-29
-29
-29
-32
-33
-32
-31
-28
-29
-30
-28
-29
-31
-34
-35
-35
-32
-32
-32
-33
-34
-35
-33
-34
-34
-32
-32
-31
-31
-32
-32
-32
-32
-33
-34
-34
-33
-34
-35
-36
-36
-36
-37
-38
-38
-39
-40
-40
-40
-39
-39
-40
-40
-40
-42
-40
-40
-40
-40
-41
-43
-42
-41
-41
-42
-44
-44
-43
-41
-41
-42
-43
-42
-44
-43
-45
-45
-43
-43
-43
-43
-43
-43
-45
-45
-44
-44
-43
-43
-44
-46
-45
-43
-43
-43
-44
-45
-46
-45
-46
-46
-47
-49
-48
-46
-47
-48
-48
-48
-45
-45
-45
-45
-43
-42
-43
-45
-45
-46
-46
-46
-45
-44
-43
-42
-44
-42
-43
-44
-44
-42
-40
-41
-45
-46
-45
-45
-44
-44
-44
-43
-42
-46
-47
-47
-46
-47
-47
-48
-48
-47
-48
-46
-45
-45
-47
-47
-48
-48
-47
-46
-46
-44
-46
-44
-47
-48
-48
-47
-48
-50
-50
-47
-48
-48
-46
-46
-45
-45
-45
-44
-42
-42
-45
-45
-43
-40
-42
-44
-46
-44
-40
-37
-39
-40
-40
-41
-39
-36
-35
-34
-36
-37
-36
-34
-35
-36
-37
-37
-37
-36
-35
-34
-34
-35
-33
-33
-33
-32
-31
-30
-31
-30
-32
-33
-34
-34
-34
-33
-30
-28
-28
-27
-26
-26
-26
-25
-26
-26
-27
-26
-25
-24
-24
-24
-23
-24
-25
-24
-25
-25
-27
-29
-26
-23
-21
-22
-21
-22
-23
-23
-22
-21
-20
-20
-20
-19
-17
-17
-18
-19
-18
-17
-17
-17
-15
-15
-13
-14
-16
-18
-17
-15
-14
-13
-12
-12
-10
-10
-10
-9
-8
-8
-9
-8
-8
-7
-5
-8
-9
-9
-9
-8
-6
-7
-5
-6
-7
-6
-6
-6
-5
-4
-3
-2
-4
-8
-8
-7
-5
-3
-6
-6
-5
-4
-3
-5
-4
-4
-3
-1
-1
-2
-2
-4
-2
-2
-3
-6
-5
-5
-2
-2
-2
-2
-4
-3
-3
-3
-4
-7
-6
-4
-1
-2
-3
-5
-5
-4
-4
-5
-4
-4
-3
-3
-2
-2
-2
-2
-5
-5
-8
-9
-11
-9
-1
1
1
0
-4
-4
-3
-1
1
2
2
2
2
1
1
-2
-4
-5
-6
-4
-5
-3
-2
-3
-4
-5
-3
-2
-2
-3
-4
-4
-4
-3
-2
-3
-3
-3
-2
-3
-3
-4
-4
-3
-3
-4
-6
-6
-5
-5
-5
-4
-5
-5
-6
-6
-6
-3
-4
-4
-5
-4
-5
-5
-7
-6
-2
0
0
-1
-1
0
1
-1
-3
-3
-1
1
2
1
-1
0
2
4
4
0
-1
0
1
2
2
3
2
4
5
4
5
1
1
4
6
5
2
2
3
6
6
7
6
6
6
5
4
4
4
5
6
7
6
7
6
4
5
6
8
8
7
8
9
7
10
9
8
9
11
12
9
7
7
6
10
11
12
12
11
10
9
10
8
7
6
7
8
9
10
9
8
8
7
7
6
4
4
6
6
7
8
9
8
5
5
5
8
7
4
5
6
7
7
3
1
1
1
0
0
1
2
3
3
1
1
3
4
4
5
4
4
5
5
3
0
-3
-3
-1
-1
-1
-1
-1
-1
1
-1
-3
-3
-2
2
3
2
-1
-3
-4
-4
-3
-2
-2
0
0
-3
-2
-1
-2
-3
-5
-5
-4
-2
-2
-1
-1
0
-1
-3
-4
-2
1
2
0
-3
-4
-3
-4
-6
-6
-8
-7
-5
-2
-2
0
1
0
1
-1
-2
-2
-1
0
0
0
0
1
-1
-1
-2
-2
-1
0
2
3
4
2
0
-1
-2
-1
1
2
0
0
0
1
2
-1
-2
-3
-2
0
2
1
-1
-1
1
2
3
2
2
3
2
3
7
7
7
8
6
5
7
8
6
3
2
2
2
4
4
4
3
2
4
5
5
5
4
5
5
6
7
3
1
2
3
5
5
7
6
6
5
5
7
6
7
6
7
5
3
3
4
6
5
3
4
5
7
8
5
4
4
5
7
6
4
2
2
1
0
0
0
3
4
4
5
4
4
2
1
2
4
6
6
5
4
4
5
6
7
10
8
8
8
8
8
8
7
6
6
6
6
7
6
6
5
5
5
5
5
4
5
7
7
7
7
6
4
3
0
0
1
3
2
1
1
0
2
4
7
8
4
3
2
4
4
4
4
1
1
1
1
-1
0
-1
0
0
1
0
0
-1
-2
0
0
0
-1
-1
0
-1
-4
-4
-4
-2
-1
0
-1
-1
0
-1
-4
-3
-2
-1
-1
-3
-2
0
0
-1
-1
-1
-2
-3
-3
-1
1
1
2
1
-1
1
3
3
3
4
3
3
3
3
2
1
2
2
2
1
1
1
1
1
1
2
3
2
2
1
2
4
2
1
2
3
5
5
4
2
-1
0
0
1
2
2
2
3
2
2
1
1
2
0
2
4
4
6
4
3
1
1
2
3
3
3
3
2
3
4
5
3
3
2
1
3
4
2
2
1
1
2
1
1
2
0
1
4
5
4
2
1
2
4
5
6
5
6
5
4
3
5
5
7
6
3
4
3
2
0
-1
-2
-1
-3
-4
-2
0
-1
-2
-5
-4
-2
-1
0
-1
-2
-1
0
0
0
0
0
-1
0
0
1
1
0
1
0
-2
0
1
4
3
1
1
2
4
5
3
2
2
2
3
4
5
4
3
4
4
5
4
4
2
2
3
4
6
5
3
2
2
3
4
2
1
5
8
8
6
4
2
4
6
7
7
8
7
5
4
7
8
8
7
6
7
8
9
9
8
9
9
7
5
3
3
2
1
2
2
1
2
4
5
4
1
1
1
3
5
2
0
0
0
2
2
0
-1
1
2
3
3
2
1
0
0
1
2
4
3
0
0
1
1
1
1
1
2
3
3
5
4
1
1
2
2
3
4
4
4
4
4
2
1
1
2
1
2
1
2
3
4
3
2
1
-1
0
1
1
0
0
2
1
2
3
0
-1
0
2
3
3
-1
-2
1
3
4
1
0
1
4
3
2
-2
-2
-2
1
-1
0
0
-1
1
0
0
1
1
2
2
1
1
1
0
0
-1
1
0
0
0
-1
0
-1
-2
-1
1
0
0
-1
-1
-1
-2
-1
0
2
3
2
3
3
4
1
1
1
-1
0
-1
-4
-3
1
2
1
-2
-4
-3
-1
-1
0
1
2
0
-1
-2
0
-1
-1
-3
-3
-1
-1
-2
-1
-1
-2
-1
-1
-2
-2
-1
-2
-2
-3
-3
0
-1
0
-1
0
1
1
2
1
1
1
1
2
4
5
5
4
6
5
7
7
6
5
4
3
2
2
0
2
1
3
5
5
4
3
3
6
7
6
3
4
4
4
4
4
5
6
7
5
6
7
7
7
8
9
9
10
11
10
11
10
9
8
8
8
6
7
5
5
4
4
5
8
10
10
9
7
7
7
9
7
7
7
9
9
7
5
3
3
3
3
3
4
5
7
5
5
5
7
7
8
6
5
6
6
7
5
6
7
8
10
11
12
11
11
9
8
5
3
3
4
4
4
4
3
6
7
7
7
7
6
6
7
5
3
3
4
6
6
6
4
3
1
0
1
0
1
1
2
5
8
6
4
2
2
3
3
1
-1
1
4
6
4
2
1
1
0
2
4
8
9
7
2
-1
1
2
4
2
2
2
4
2
0
-1
-1
2
3
4
4
5
6
6
5
4
3
3
3
4
4
4
4
5
4
3
3
3
2
3
3
2
-2
-2
-4
-4
-3
-3
0
1
1
-2
-2
-2
-1
-1
-3
-3
-1
-1
-3
-4
-4
-4
-4
-4
-4
-3
-3
-3
-3
-3
-3
-4
-4
-5
-5
-6
-5
-3
-1
0
-2
-3
-3
-3
-3
-1
1
2
3
4
2
0
-1
-1
-1
1
2
2
2
0
-1
-2
-4
-3
-3
-3
-3
-1
0
0
0
-2
-1
0
1
2
4
2
1
0
1
1
0
1
1
3
2
1
2
1
1
1
2
3
4
5
4
6
7
8
9
5
5
7
8
10
10
8
8
9
8
11
13
10
9
9
9
8
5
5
6
8
7
7
7
6
8
6
7
9
8
8
6
7
9
11
9
7
5
4
3
3
3
3
5
9
9
8
7
6
7
8
7
8
8
7
8
8
7
7
8
11
10
10
9
7
8
9
8
9
8
9
8
9
11
9
8
8
8
9
11
9
8
7
8
8
6
3
1
1
3
5
6
6
7
5
4
2
2
1
3
4
4
7
6
6
5
5
5
6
7
7
8
7
6
4
5
4
5
5
5
4
3
2
2
4
4
3
2
4
7
8
5
4
1
2
3
3
2
2
1
3
2
2
1
2
4
5
4
3
3
3
2
0
-2
-2
-2
1
1
0
0
-1
-1
-2
-2
-1
-1
-1
-2
-2
-3
-2
-3
-2
-4
-5
-6
-6
-7
-7
-8
-7
-7
-9
-9
-10
-9
-7
-7
-8
-8
-7
-7
-5
-5
-7
-7
-7
-6
-5
-4
-5
-7
-8
-8
-7
-7
-7
-9
-8
-7
-6
-6
-4
-5
-9
-11
-10
-7
-6
-6
-7
-6
-5
-4
-6
-7
-8
-8
-9
-8
-8
-9
-9
-10
-8
-6
-4
-4
-7
-7
-9
-7
-6
-6
-5
-7
-8
-7
-6
-7
-5
-6
-6
-6
-7
-8
-6
-5
-5
-5
-5
-5
-2
-2
-4
-4
-4
-3
-4
-5
-5
-5
-5
-4
-4
-1
1
3
1
-1
0
2
2
1
-2
-3
-2
0
2
1
1
0
0
-1
-3
-3
2
3
1
-3
-4
-3
-2
-1
1
2
2
0
-1
0
3
4
4
6
5
5
3
2
3
4
6
6
5
5
6
6
3
3
5
5
5
5
5
6
8
9
7
5
6
6
7
8
7
5
2
1
3
4
5
5
4
6
6
6
4
4
4
7
8
9
10
9
8
7
6
5
5
6
7
8
6
7
8
9
10
10
10
9
11
13
14
13
12
11
9
9
11
11
10
9
10
11
11
9
8
10
11
12
12
10
12
15
16
14
11
12
9
11
13
14
15
16
15
13
12
12
12
11
10
12
13
14
14
14
11
11
11
13
13
12
11
12
13
11
9
6
5
6
8
7
8
8
8
9
9
8
10
11
13
13
12
10
10
12
13
12
11
12
14
14
15
15
16
15
15
13
15
15
16
16
15
13
11
12
12
15
15
15
16
17
16
15
15
15
14
12
10
9
10
11
13
15
15
14
12
11
11
13
15
15
17
18
15
15
14
14
15
15
16
16
17
19
19
18
17
15
15
18
19
20
18
16
16
17
17
18
18
18
19
21
21
22
19
16
14
14
14
15
15
16
16
15
15
15
15
15
16
16
15
14
14
15
14
13
12
12
13
14
14
13
15
14
14
11
9
10
14
17
16
14
15
14
15
14
13
12
15
16
15
15
12
12
12
13
13
14
12
11
12
11
11
9
9
8
11
13
13
14
14
14
14
15
14
13
11
11
10
9
10
11
9
8
7
9
10
10
11
10
8
6
5
4
4
5
6
5
5
7
6
6
7
6
6
8
8
9
8
6
6
8
9
10
9
7
6
6
7
9
7
7
8
7
8
10
10
9
10
10
8
7
6
6
7
7
7
7
7
9
9
8
8
7
7
8
6
5
4
3
3
6
8
7
8
9
7
8
9
7
7
5
6
9
11
9
5
2
5
7
9
9
6
6
7
7
7
7
6
3
5
6
6
7
5
4
5
5
7
7
7
8
8
8
7
7
8
7
5
6
3
1
3
5
6
7
5
3
4
5
4
5
3
2
3
4
3
4
4
2
4
4
4
6
6
5
5
4
1
2
3
4
7
6
7
9
8
9
8
8
8
8
7
7
8
9
11
10
8
8
8
8
9
8
9
12
12
12
12
11
11
10
8
8
11
13
13
11
11
11
11
9
9
11
11
12
13
12
12
12
11
9
11
11
9
7
8
10
12
12
10
9
9
11
12
12
11
11
12
12
14
14
13
15
14
13
11
11
12
13
16
15
14
13
12
10
10
10
10
12
13
15
16
17
14
13
15
16
16
17
16
15
16
15
15
15
14
13
16
16
16
15
14
15
17
17
13
12
13
15
17
16
14
12
12
12
13
12
14
16
20
20
17
15
14
16
16
16
15
13
12
13
13
11
10
12
13
13
14
14
12
13
15
14
13
12
11
11
10
11
12
11
11
10
10
11
12
12
12
12
13
13
11
10
10
12
13
12
12
10
11
13
16
18
15
12
8
9
10
11
9
8
9
11
12
11
8
9
10
12
13
13
12
8
7
6
9
11
11
9
7
8
10
11
10
6
5
5
8
10
9
8
8
8
8
7
7
6
5
8
8
6
7
7
9
9
8
5
5
8
10
10
8
8
6
6
6
6
6
5
4
4
4
6
5
3
1
0
0
1
1
1
2
2
5
8
8
6
6
4
3
5
6
8
8
7
6
5
4
6
6
7
10
11
11
8
5
3
6
9
12
12
11
9
9
9
9
10
10
8
8
8
9
9
10
10
11
11
11
13
15
14
13
13
12
11
13
12
11
10
10
9
11
14
15
13
14
14
15
17
16
14
15
14
13
9
9
13
12
12
11
12
10
9
6
5
7
7
7
8
9
9
7
6
7
7
8
8
6
6
7
6
7
7
5
3
5
5
4
4
4
4
5
5
3
3
0
-1
1
3
5
5
5
3
4
6
5
4
3
1
2
2
3
4
4
4
1
1
0
-1
-1
-2
-4
-5
-7
-4
-2
-2
-3
-6
-6
-4
-1
-1
0
-1
-4
-4
-3
0
1
-1
-1
0
-2
-4
-7
-8
-8
-6
-5
-6
-5
-4
-5
-5
-5
-4
-4
-4
-3
-2
-2
-2
-3
-2
-1
-1
-2
-3
-5
-7
-7
-5
-5
-5
-5
-6
-5
-3
-3
-5
-5
-5
-2
-2
-2
-5
-5
-6
-4
-3
-4
-4
-4
-3
-5
-6
-6
-5
-6
-4
-3
-1
0
0
-2
-4
-6
-6
-6
-5
-4
-4
-4
-5
-6
-6
-4
-2
-1
-2
-2
-2
-3
-2
-3
-4
-5
-6
-4
-5
-7
-7
-7
-8
-9
-7
-6
-5
-7
-9
-11
-10
-8
-8
-8
-7
-7
-7
-7
-7
-6
-6
-5
-5
-5
-6
-6
-6
-7
-7
-6
-4
-3
-3
-5
-7
-8
-7
-8
-7
-9
-6
-4
-5
-4
-5
-7
-6
-8
-9
-9
-8
-9
-10
-9
-9
-10
-10
-10
-10
-8
-9
-8
-10
-11
-12
-12
-14
-15
-14
-11
-10
-8
-8
-11
-13
-13
-11
-10
-10
-8
-10
-9
-9
-9
-12
-11
-12
-13
-13
-15
-15
-12
-12
-14
-15
-17
-16
-15
-13
-12
-13
-14
-15
-14
-14
-13
-14
-14
-15
-12
-10
-10
-14
-16
-16
-17
-15
-13
-14
-11
-11
-12
-13
-16
-18
-18
-17
-17
-17
-18
-18
-18
-18
-18
-17
-18
-17
-18
-19
-19
-16
-14
-15
-16
-16
-16
-16
-15
-15
-14
-11
-10
-10
-12
-14
-14
-13
-13
-13
-11
-9
-6
-6
-8
-8
-7
-8
-7
-6
-8
-8
-7
-7
-7
-8
-10
-8
-8
-7
-5
-6
-6
-6
-4
-5
-7
-8
-9
-8
-7
-6
-7
-7
-5
-3
-2
-2
-4
-4
-2
-1
-1
-3
-4
-4
-4
-4
-2
-1
0
-2
-4
-5
-4
-3
-6
-5
-4
-2
-4
-5
-7
-7
-8
-10
-10
-8
-7
-6
-8
-10
-9
-8
-9
-11
-10
-10
-7
-7
-8
-9
-10
-10
-7
-7
-7
-6
-6
-5
-8
-7
-6
-7
-6
-6
-7
-8
-8
-9
-9
-7
-6
-4
-4
-5
-8
-8
-7
-7
-7
-8
-9
-7
-6
-6
-6
-7
-6
-4
-2
-2
-4
-6
-7
-10
-9
-8
-8
-7
-4
-6
-8
-9
-11
-8
-7
-7
-8
-9
-8
-9
-8
-9
-7
-7
-6
-5
-4
-7
-5
-4
-4
-4
-6
-5
-5
-5
-3
-2
-3
-5
-6
-7
-7
-5
-4
-4
-4
-4
-2
-2
-1
1
1
2
1
-3
-4
-5
-4
-2
0
0
0
-1
1
0
-2
-2
-4
-2
-4
-3
-1
-2
-3
-5
-5
-3
-1
-2
-3
-2
0
0
-2
-3
-3
-3
0
5
7
4
2
2
5
8
7
6
3
3
3
3
1
2
3
4
6
7
7
6
5
3
4
6
8
9
8
5
2
3
4
3
2
1
3
3
2
0
0
0
0
-1
0
0
0
3
3
1
2
1
0
0
2
4
4
1
2
2
3
4
1
-1
2
5
5
2
0
-1
1
2
1
0
0
1
1
0
-3
-2
-3
-1
0
0
1
-2
-2
-1
1
0
0
0
3
4
2
-2
0
1
2
3
1
-1
0
3
5
3
5
6
6
6
6
5
5
6
4
4
5
6
4
3
3
1
-1
0
-2
-1
2
1
1
2
3
3
4
3
2
3
2
3
3
2
3
0
1
0
1
4
2
1
0
0
-1
1
2
2
2
1
1
3
4
2
0
-1
-1
1
1
-1
-2
-3
-3
-3
-4
-5
-3
-2
0
-1
-1
-1
-2
-1
-1
2
0
0
1
0
0
0
1
1
2
2
4
3
1
1
0
0
2
2
3
3
3
3
1
-2
-3
-3
-3
-2
-2
0
-1
-3
-4
-4
-3
-3
-3
-2
-1
-1
-4
-5
-3
0
0
-2
-3
-4
-4
-3
-1
-3
-4
-5
-8
-5
-3
-1
-2
-4
-6
-5
-5
-5
-6
-8
-7
-6
-5
-5
-5
-6
-5
-3
-1
-4
-5
-6
-4
-1
-1
0
0
-1
-1
0
-1
-1
-1
0
4
5
3
2
2
4
5
5
3
1
1
1
3
4
3
3
2
4
6
3
0
-1
-2
0
2
1
1
0
-2
0
1
1
2
2
5
4
3
2
2
3
2
2
3
4
4
5
5
6
8
8
6
6
5
5
4
3
4
5
6
4
4
3
4
4
5
4
4
3
2
3
2
0
-2
0
1
1
3
0
2
1
0
0
-2
-3
-1
4
5
4
2
1
2
2
3
2
0
0
-2
-1
-1
-2
-1
-1
1
3
4
3
2
1
2
1
2
5
4
5
2
1
2
2
1
2
1
-1
1
1
0
-1
-3
-4
-4
-2
-1
0
2
2
0
-1
-1
-1
2
1
-2
-3
-2
-2
-1
-4
-4
-3
-3
-4
-6
-8
-8
-9
-6
-6
-5
-5
-7
-8
-9
-9
-8
-10
-9
-9
-10
-11
-9
-8
-8
-11
-14
-13
-13
-11
-9
-9
-11
-13
-14
-13
-12
-12
-13
-13
-11
-9
-9
-12
-14
-14
-13
-14
-13
-15
-14
-13
-12
-12
-11
-11
-11
-12
-12
-13
-13
-12
-11
-11
-9
-8
-8
-7
-8
-9
-6
-6
-5
-2
0
0
-1
0
2
3
6
5
5
5
5
4
8
9
10
9
7
7
9
13
11
13
13
13
15
14
14
14
13
15
14
14
11
12
11
12
10
11
11
12
14
14
14
12
10
10
11
9
10
8
8
7
6
4
3
0
2
3
3
1
-2
-5
-5
-4
-3
-4
-8
-10
-11
-12
-13
-10
-12
-12
-13
-14
-15
-16
-19
-20
-23
-24
-22
-23
-22
-19
-20
-20
-19
-20
-20
-20
-20
-16
-16
-15
-16
-17
-17
-17
-18
-20
-17
-17
-14
-13
-14
-15
-16
-15
-13
-11
-8
-6
-4
-3
-1
1
6
11
14
15
17
19
22
27
29
30
32
37
40
46
48
50
54
58
60
65
65
66
67
68
70
73
73
72
71
73
73
73
70
70
68
65
63
60
58
56
51
48
47
40
37
33
25
21
16
11
8
1
-9
-16
-20
-26
-34
-43
-53
-56
-60
-68
-74
-81
-86
-88
-96
-105
-111
-118
-118
-121
-127
-137
-143
-147
-147
-153
-155
-159
-162
-162
-162
-162
-159
-152
-141
-123
-107
-92
-80
-66
-55
-39
-24
-9
3
14
26
42
55
65
71
73
77
81
84
85
83
80
81
86
90
91
88
83
76
67
61
57
55
51
47
44
43
43
45
44
43
44
46
51
54
57
59
64
67
76
85
90
92
94
97
97
96
97
98
100
98
100
103
103
103
98
94
92
90
86
78
65
57
47
41
32
25
15
3
-12
-26
-41
-53
-65
-75
-85
-92
-99
-109
-116
-125
-137
-146
-154
-162
-166
-173
-180
-185
-193
-200
-203
-212
-216
-224
-229
-223
-208
-189
-161
-144
-130
-116
-102
-82
-60
-44
-30
-13
2
20
38
52
59
64
60
59
59
59
57
55
52
58
64
72
75
68
55
42
32
28
21
10
3
-6
-10
-15
-20
-26
-33
-42
-45
-46
-45
-45
-47
-47
-42
-33
-25
-19
-14
-10
-5
5
10
16
20
31
47
63
75
84
89
98
107
114
116
116
120
121
120
119
117
112
107
101
98
94
89
84
78
76
77
75
71
66
60
56
52
50
43
35
24
10
-6
-20
-36
-49
-63
-74
-84
-93
-107
-121
-137
-150
-164
-175
-187
-200
-211
-221
-230
-238
-250
-262
-274
-285
-288
-288
-277
-261
-238
-217
-198
-182
-161
-144
-122
-107
-90
-73
-54
-35
-15
1
12
17
16
19
18
24
25
27
31
37
45
55
57
51
41
32
27
22
15
8
-4
-10
-15
-21
-24
-30
-34
-41
-42
-41
-36
-34
-29
-22
-15
-8
2
14
24
32
41
52
63
78
84
92
100
113
128
138
146
151
151
157
161
161
159
149
139
131
126
123
118
108
100
92
85
77
70
64
54
46
42
37
31
21
11
-1
-17
-36
-56
-70
-80
-89
-101
-118
-138
-154
-165
-175
-189
-205
-224
-235
-243
-251
-262
-272
-291
-306
-317
-323
-322
-318
-309
-286
-258
-238
-216
-202
-184
-162
-137
-114
-85
-67
-45
-18
5
24
39
36
36
39
39
52
55
60
63
72
81
94
94
91
78
65
57
51
40
25
10
-2
-10
-18
-21
-30
-40
-54
-56
-57
-56
-57
-57
-52
-39
-31
-22
-11
-3
7
16
31
48
61
68
82
95
113
129
144
156
166
174
184
191
187
185
181
176
176
173
169
162
152
145
138
132
125
115
104
97
92
90
84
76
66
53
40
22
1
-19
-34
-43
-55
-68
-86
-108
-126
-143
-159
-177
-200
-219
-235
-251
-261
-272
-287
-306
-322
-339
-345
-348
-344
-325
-300
-269
-245
-226
-209
-187
-162
-138
-115
-84
-64
-39
-6
18
34
45
41
45
53
57
68
71
75
85
95
109
119
113
107
89
79
74
66
57
41
26
14
0
-11
-17
-31
-42
-55
-62
-62
-62
-59
-55
-51
-41
-36
-25
-15
-7
7
20
35
48
55
64
82
99
124
146
162
175
185
192
205
206
206
204
203
205
205
204
196
187
180
174
168
159
144
133
122
118
115
108
99
86
68
53
34
12
-10
-29
-43
-55
-72
-91
-114
-137
-156
-176
-194
-217
-240
-253
-272
-287
-305
-326
-346
-364
-381
-389
-390
-379
-355
-321
-294
-271
-254
-233
-203
-173
-141
-110
-79
-49
-16
15
39
53
57
53
61
66
76
85
85
93
105
120
135
137
128
111
92
84
78
67
53
32
12
-1
-15
-28
-44
-66
-85
-99
-103
-103
-101
-103
-99
-91
-81
-75
-65
-56
-47
-33
-18
-2
13
25
39
60
83
110
134
152
165
184
197
207
213
213
216
218
222
224
220
213
205
197
191
180
166
151
137
131
124
120
113
103
91
77
58
35
12
-10
-28
-45
-58
-77
-98
-121
-147
-164
-186
-210
-233
-261
-284
-300
-319
-337
-357
-383
-401
-413
-421
-416
-399
-370
-338
-316
-297
-275
-247
-216
-184
-153
-120
-87
-59
-20
7
25
42
37
38
46
52
68
74
80
93
105
121
133
132
119
100
78
72
63
48
31
11
-2
-15
-34
-53
-76
-95
-112
-124
-124
-128
-128
-127
-124
-111
-100
-92
-83
-78
-68
-54
-40
-26
-10
5
26
47
76
103
124
142
160
182
199
210
215
218
223
228
231
231
228
220
213
204
194
183
169
157
149
144
144
139
132
123
109
92
70
47
24
8
-6
-21
-40
-61
-89
-113
-141
-161
-190
-214
-241
-266
-284
-307
-329
-354
-388
-410
-432
-442
-443
-440
-405
-374
-350
-329
-318
-299
-263
-230
-196
-156
-129
-97
-54
-22
8
27
18
17
22
36
57
64
69
79
100
126
146
150
141
117
98
93
91
78
60
37
24
13
-2
-24
-48
-72
-96
-111
-119
-122
-125
-130
-126
-115
-106
-97
-94
-92
-82
-73
-60
-44
-32
-19
2
24
52
78
102
123
146
168
187
200
206
214
222
228
232
231
226
222
214
209
198
186
173
160
153
149
142
137
133
123
112
100
82
60
34
14
-5
-19
-35
-59
-83
-109
-131
-155
-178
-211
-241
-266
-289
-308
-332
-357
-384
-413
-437
-449
-463
-463
-447
-415
-381
-355
-340
-323
-289
-254
-219
-178
-142
-109
-71
-35
-2
25
33
25
25
33
48
66
69
77
91
116
142
156
159
147
120
105
96
90
78
50
26
11
0
-20
-43
-74
-101
-123
-137
-140
-141
-146
-147
-143
-130
-119
-113
-108
-105
-96
-83
-69
-57
-42
-27
-3
23
54
84
103
126
150
171
192
204
209
219
226
233
239
242
235
229
219
210
201
184
171
160
155
151
145
136
126
116
104
88
71
46
29
11
-6
-22
-46
-74
-100
-129
-154
-180
-209
-234
-260
-284
-306
-333
-359
-393
-428
-447
-462
-472
-463
-440
-398
-368
-347
-329
-311
-276
-243
-208
-169
-137
-98
-59
-19
14
35
39
34
35
38
49
59
63
77
97
125
147
158
157
138
119
106
99
89
70
45
28
16
2
-21
-46
-70
-95
-114
-123
-131
-134
-143
-145
-130
-114
-101
-96
-92
-85
-73
-57
-44
-34
-24
-7
16
46
75
101
125
149
174
203
221
235
239
244
251
252
250
246
239
232
227
216
210
196
180
170
157
147
138
125
117
105
93
78
58
37
23
8
-12
-37
-68
-102
-127
-154
-179
-201
-234
-259
-285
-310
-336
-363
-398
-429
-452
-472
-476
-464
-436
-390
-360
-344
-320
-299
-256
-219
-189
-149
-110
-72
-22
21
52
80
75
68
75
74
83
86
81
100
122
151
174
180
178
163
144
135
128
112
90
60
43
32
17
1
-23
-46
-65
-85
-95
-104
-119
-127
-130
-119
-103
-94
-88
-77
-60
-41
-26
-12
0
10
27
43
66
96
124
147
178
203
231
256
269
280
284
283
279
269
256
246
236
231
225
216
203
190
180
168
152
138
122
108
93
78
63
47
33
23
11
-7
-34
-68
-102
-132
-162
-191
-218
-246
-267
-291
-308
-332
-354
-388
-417
-439
-459
-455
-434
-391
-350
-325
-310
-292
-257
-206
-176
-139
-108
-69
-19
32
75
99
108
96
95
101
109
111
107
105
125
145
175
190
192
182
162
149
141
132
108
79
48
35
23
9
-14
-32
-49
-66
-86
-98
-111
-123
-128
-126
-112
-97
-82
-66
-46
-29
-9
4
24
36
51
67
87
111
136
155
178
206
232
260
280
292
298
300
