-20
-21
-23
-24
-21
-21
-19
-20
-23
-24
-22
-19
-21
-20
-21
-19
-19
-20
-21
-23
-26
-27
-26
-26
-23
-21
-23
-24
-25
-25
-25
-26
-26
-25
-23
-22
-21
-22
-23
-22
-22
-26
-26
-26
-25
-25
-23
-24
-24
-22
-23
-24
-25
-25
-24
-24
-24
-24
-21
-19
-19
-20
-21
-20
-17
-18
-18
-20
-21
-22
-21
-20
-18
-15
-14
-15
-17
-19
-19
-20
-19
-20
-18
-16
-16
-17
-19
-21
-24
-23
-23
-21
-21
-20
-20
-18
-16
-20
-21
-22
-21
-17
-18
-21
-21
-21
-17
-14
-14
-15
-16
-17
-18
-16
-17
-16
-14
-15
-16
-14
-13
-13
-13
-13
-12
-15
-15
-15
-14
-12
-12
-13
-14
-15
-13
-8
-9
-10
-11
-11
-11
-10
-10
-10
-10
-10
-12
-12
-10
-9
-10
-7
-5
-8
-6
-7
-7
-5
-4
-4
-3
-5
-6
-3
-2
-2
-5
-6
-6
-6
-4
-1
0
1
1
-1
-3
-4
-7
-9
-8
-6
-3
-4
-8
-10
-10
-8
-9
-11
-9
-5
-4
-2
-7
-11
-12
-9
-8
-7
-7
-7
-9
-8
-7
-9
-8
-9
-11
-13
-13
-11
-9
-6
-6
-8
-9
-8
-10
-11
-9
-8
-7
-6
-7
-9
-9
-10
-13
-13
-12
-14
-16
-13
-12
-13
-10
-12
-11
-10
-10
-14
-19
-17
-16
-17
-16
-17
-20
-18
-15
-17
-18
-18
-20
-18
-16
-15
-15
-15
-15
-17
-15
-14
-20
-21
-21
-20
-17
-17
-15
-13
-12
-13
-17
-19
-17
-16
-16
-14
-13
-12
-13
-14
-14
-14
-13
-14
-12
-11
-11
-13
-14
-16
-14
-14
-12
-11
-11
-12
-14
-16
-17
-15
-14
-13
-11
-10
-9
-8
-10
-10
-9
-9
-9
-11
-10
-9
-8
-9
-11
-12
-13
-14
-12
-12
-12
-10
-11
-14
-15
-15
-13
-12
-12
-13
-14
-13
-10
-9
-11
-8
-7
-6
-6
-9
-11
-10
-11
-10
-8
-10
-12
-12
-11
-10
-13
-12
-13
-13
-12
-13
-13
-11
-10
-10
-11
-9
-9
-9
-13
-15
-15
-11
-9
-9
-8
-8
-6
-7
-9
-11
-11
-12
-11
-12
-14
-15
-14
-13
-13
-14
-14
-10
-8
-9
-11
-11
-9
-10
-9
-8
-8
-8
-6
-4
-6
-7
-8
-10
-8
-7
-6
-7
-7
-8
-12
-12
-10
-9
-7
-6
-5
-7
-6
-7
-8
-8
-10
-10
-11
-8
-5
-5
-5
-6
-6
-7
-8
-7
-5
-5
-6
-9
-9
-8
-7
-6
-7
-8
-7
-9
-10
-10
-10
-7
-8
-6
-5
-2
2
0
1
-3
-6
-3
-1
-1
0
-1
-1
-4
-3
-3
-2
-3
-4
-2
-1
0
-2
-4
-1
0
0
0
0
0
0
-1
-2
-3
-5
-1
0
0
0
-1
-1
-1
-1
-1
2
3
4
4
3
5
5
3
3
4
4
5
5
5
4
5
6
5
6
6
6
6
8
9
8
5
3
1
1
3
1
-1
2
2
1
2
5
2
1
1
-3
-3
-1
1
-1
-2
-1
2
6
7
4
0
-2
-1
-1
1
2
0
0
0
-1
-2
2
4
2
1
-1
-3
-4
-3
0
2
1
1
-2
-3
-1
0
1
0
-2
-2
-1
1
-4
-5
-4
-1
0
-4
-3
-2
-1
-1
-5
-8
-7
-3
-4
-2
0
2
1
-2
-3
-3
-1
0
1
0
0
-1
0
-1
-3
-3
-5
-5
-6
-5
-3
-3
-3
-3
-4
-5
-3
-1
0
0
-3
-7
-9
-9
-10
-8
-6
-5
-5
-6
-4
-6
-5
-6
-8
-9
-9
-9
-6
-4
-6
-5
-7
-6
-4
-5
-7
-9
-7
-7
-5
-5
-5
-5
-8
-6
-4
-5
-4
-6
-7
-8
-7
-5
-6
-6
-7
-10
-12
-12
-13
-15
-15
-12
-9
-7
-12
-14
-13
-12
-11
-12
-11
-10
-7
-9
-9
-11
-11
-9
-8
-7
-7
-6
-5
-8
-9
-12
-12
-11
-10
-8
-10
-8
-9
-7
-9
-9
-9
-11
-10
-8
-7
-11
-7
-8
-8
-5
-6
-6
-12
-10
-10
-9
-7
-6
-6
-7
-5
-5
-5
-3
-6
-8
-9
-6
-4
-5
-4
-10
-8
-6
-6
-6
-7
-7
-8
-2
-2
-4
-8
-13
-10
-8
-4
-4
-8
-7
-9
-5
-9
-9
-8
-8
-9
-8
-6
-8
-4
-6
-6
-4
-4
-8
-10
-8
-9
-6
-7
-8
-6
-7
-4
-5
-4
-5
-6
-2
-1
-1
-2
-6
-5
-2
-5
-6
-5
-4
1
-2
-4
-5
-4
-3
-5
-8
-8
-4
-5
-5
-6
-4
-3
-4
-6
-5
-3
-3
-2
-1
0
-3
-3
-5
-7
-7
-5
-4
-3
-2
-2
-3
-2
-4
-2
-2
-3
-5
-5
-3
-2
0
-3
0
0
-1
-1
1
5
6
6
2
2
2
2
0
4
4
3
5
2
4
1
-1
-2
-3
2
3
1
1
1
0
0
-2
3
4
3
2
-1
2
1
2
-2
-3
-1
-1
0
-1
2
2
2
1
1
1
-2
0
-3
0
1
0
0
1
4
3
4
-1
-3
-4
-3
-4
-4
2
0
0
-2
-2
-2
-4
-3
-6
-4
0
1
1
3
1
-3
-3
-5
-2
-1
2
0
-3
-4
-6
-6
-7
-6
-9
-9
-7
-7
-5
-7
-7
-10
-11
-12
-10
-9
-11
-11
-13
-10
-11
-10
-13
-18
-15
-12
-9
-9
-13
-14
-10
-9
-9
-8
-10
-10
-9
-8
-9
-9
-11
-11
-9
-10
-9
-9
-10
-8
-7
-8
-5
0
1
2
2
-3
-6
-7
-6
-3
-1
-2
-3
-4
-5
-4
-3
-1
-2
-1
-4
-1
2
3
-2
-5
-2
-2
1
-1
-4
-7
-7
-8
-6
-4
-5
-4
-8
-8
-6
-8
-6
-6
-6
-5
-2
-4
-5
-1
-2
-3
-6
-3
-2
-1
-1
0
0
-2
-3
-5
-2
1
2
0
-4
-4
-3
1
-1
0
-4
-5
-3
-2
0
0
0
-3
-3
-3
-4
-2
2
1
2
2
1
2
4
3
0
0
0
1
-1
1
1
2
2
1
-1
1
2
5
5
5
3
2
0
-1
1
2
5
5
8
13
11
8
8
12
11
9
7
13
9
13
9
9
13
11
15
10
16
15
13
13
12
15
16
17
14
13
11
12
12
10
14
12
13
12
8
9
9
12
14
14
9
7
7
8
13
11
10
9
12
14
13
12
13
13
14
17
15
13
12
12
11
12
13
11
15
14
15
14
13
13
11
15
14
12
9
13
17
16
18
15
16
15
18
15
16
16
12
15
14
15
15
17
14
13
17
16
15
15
13
15
15
12
13
17
17
17
14
16
17
18
19
13
15
15
15
15
16
19
19
20
20
19
20
22
19
19
22
20
22
19
20
18
18
17
15
17
16
16
17
19
20
19
17
16
17
19
21
20
24
20
19
23
23
28
28
27
23
24
23
25
25
22
26
25
29
28
28
26
26
27
24
24
25
26
27
26
25
23
26
23
23
24
21
21
21
21
20
21
23
23
25
25
25
24
25
22
18
20
20
24
22
23
20
22
25
23
26
26
25
25
27
27
25
26
24
22
20
18
15
14
17
17
17
19
19
15
13
14
14
15
17
13
11
11
13
19
17
16
13
12
13
13
12
13
13
15
14
15
18
18
17
12
13
14
16
16
15
16
17
15
12
16
14
17
13
14
18
19
19
10
21
17
20
14
14
14
14
16
12
15
12
12
11
14
16
14
11
11
12
16
13
14
14
13
11
9
10
12
13
11
12
13
14
14
12
8
8
8
9
14
16
14
11
14
14
13
12
11
13
12
10
8
13
16
20
18
14
15
11
13
13
13
15
12
13
11
12
14
13
10
8
9
9
8
7
9
6
6
4
2
3
5
7
5
4
7
9
7
5
2
3
4
7
4
4
3
5
7
5
7
6
6
8
9
9
5
6
8
10
12
10
7
5
5
6
10
11
10
10
9
10
13
13
10
9
12
14
16
17
12
8
9
12
12
13
12
8
10
9
11
8
8
8
10
13
12
12
9
8
7
6
6
5
9
13
16
16
10
10
10
10
8
8
10
10
14
14
13
11
8
11
11
10
11
7
6
4
5
9
11
12
10
8
7
8
10
11
9
9
6
7
9
8
7
8
8
7
5
3
6
9
8
7
7
7
7
7
8
7
8
10
12
10
6
5
4
6
6
6
8
7
6
8
9
11
11
12
9
7
6
7
5
7
7
6
7
7
6
5
6
7
6
8
7
7
10
10
10
7
5
5
4
4
4
4
3
6
7
3
2
2
0
1
1
1
3
3
1
0
1
3
4
1
-2
-1
1
-1
-3
-3
0
-1
-1
0
-3
-1
2
3
2
3
4
4
6
4
3
5
4
4
6
7
6
2
1
3
5
2
1
1
0
4
5
4
3
6
5
5
3
1
0
-2
-3
-2
-1
1
2
0
-1
-3
-4
-4
-4
-5
-6
-5
-3
-3
-4
-4
-4
-4
-7
-8
-10
-9
-7
-9
-9
-6
-7
-8
-7
-7
-4
-4
-6
-10
-10
-10
-11
-11
-12
-12
-11
-9
-10
-10
-7
-5
-4
-6
-7
-12
-12
-12
-10
-8
-6
-6
-7
-8
-9
-9
-5
-7
-9
-9
-9
-6
-6
-6
-7
-11
-9
-10
-11
-8
-7
-9
-9
-7
-5
-5
-7
-11
-12
-12
-9
-9
-11
-13
-12
-10
-8
-9
-10
-12
-12
-12
-13
-12
-13
-10
-6
-4
-7
-11
-13
-10
-8
-8
-7
-6
-5
-4
-4
-8
-9
-12
-10
-8
-7
-6
-6
-8
-7
-7
-8
-9
-8
-7
-4
-6
-7
-7
-7
-6
-6
-6
-8
-5
-4
-4
-5
-4
-5
-3
-3
-4
-2
-2
-2
-3
-4
-3
-2
-4
-7
-7
-5
-5
-2
-4
-7
-6
-4
-1
0
0
0
-1
-1
-3
-5
-5
-3
-1
1
0
-2
0
0
-1
0
0
2
3
3
2
3
6
7
4
2
0
0
4
4
4
1
0
2
4
4
2
0
1
3
4
3
5
6
7
6
6
6
6
7
4
5
5
7
8
5
4
7
8
6
5
4
4
5
6
8
8
7
8
6
4
2
4
3
4
3
3
5
4
3
2
3
2
3
1
-1
0
0
1
2
1
-2
-2
-2
0
0
-2
-2
-3
-1
-1
-4
-4
-4
0
1
-2
-4
-3
-3
-4
-6
-7
-8
-7
-8
-11
-10
-8
-8
-10
-11
-12
-10
-8
-9
-11
-13
-15
-12
-8
-8
-10
-12
-12
-9
-8
-7
-6
-9
-10
-12
-13
-13
-13
-13
-14
-15
-16
-13
-12
-12
-13
-14
-14
-12
-14
-16
-17
-17
-16
-16
-15
-16
-14
-12
-13
-17
-16
-15
-13
-13
-13
-14
-15
-15
-16
-16
-16
-17
-15
-14
-16
-15
-16
-15
-15
-13
-15
-15
-14
-15
-19
-21
-20
-17
-15
-16
-17
-18
-17
-18
-20
-18
-19
-17
-19
-20
-22
-23
-21
-23
-25
-26
-24
-23
-23
-23
-21
-23
-21
-23
-22
-20
-19
-22
-24
-25
-24
-21
-19
-18
-19
-20
-19
-18
-17
-19
-19
-19
-17
-16
-18
-19
-20
-21
-20
-20
-19
-19
-17
-17
-16
-16
-16
-17
-17
-16
-16
-13
-13
-15
-18
-18
-17
-14
-16
-17
-16
-16
-15
-16
-17
-17
-17
-17
-15
-13
-16
-16
-16
-15
-15
-15
-15
-16
-15
-16
-15
-17
-15
-15
-15
-16
-14
-13
-12
-13
-15
-18
-21
-20
-19
-16
-16
-16
-16
-16
-16
-15
-15
-13
-13
-11
-13
-11
-14
-14
-16
-15
-16
-15
-13
-13
-15
-15
-15
-11
-9
-9
-10
-13
-13
-12
-11
-8
-7
-7
-8
-8
-9
-6
-4
-5
-5
-6
-7
-9
-10
-9
-10
-8
-8
-7
-6
-3
-2
-2
-4
-5
-3
-2
-2
-2
-3
-2
0
-1
-1
-3
-2
-1
0
0
2
3
2
2
1
-3
-3
-1
-1
-3
-4
-4
-1
0
-2
-1
-1
2
3
0
-1
0
0
0
0
-2
-4
-4
-2
0
0
2
-1
-3
-1
1
1
0
-2
-3
-2
1
2
0
0
0
0
1
3
2
3
4
4
5
2
1
0
2
5
5
1
-2
-2
-1
2
0
-1
-1
1
1
2
0
-2
-3
-5
-4
-2
0
0
-2
-2
-1
0
0
-1
-1
-2
0
0
-1
0
-1
-3
-6
-8
-9
-8
-5
-4
-4
-4
-4
-3
-1
-2
-3
-4
-1
0
0
-2
-5
-3
-2
-1
-1
-2
-1
0
-1
0
3
3
2
-1
-4
-4
-1
2
4
4
1
0
-3
-3
-2
1
1
1
-1
-1
-1
1
0
0
0
-1
-1
-2
-2
1
1
1
2
0
-2
-1
-1
1
1
-1
-1
-2
0
1
2
1
2
2
1
-2
-4
-3
-1
0
0
0
-1
0
-1
-1
-3
-3
-4
-5
-2
-2
-2
-2
-3
-3
-2
-2
-2
-2
0
2
1
-2
-3
-2
0
0
0
-1
1
0
-1
-1
-2
-1
0
2
2
1
1
1
1
1
0
0
-1
1
2
3
3
4
2
0
1
4
5
3
0
0
0
1
0
0
0
1
1
0
1
0
0
1
1
2
2
2
2
0
-1
0
0
0
1
0
-1
0
1
1
3
4
4
1
0
-1
0
1
2
0
2
2
2
1
2
0
2
3
1
1
1
3
5
5
5
2
1
-1
-3
-2
-1
2
4
4
2
2
1
1
1
2
3
0
2
3
4
0
-2
-3
-2
1
2
1
2
0
0
0
1
0
-1
-2
-2
-1
-2
-1
-3
-3
-3
0
1
1
0
0
1
1
-2
-3
-3
-3
1
0
-1
0
1
0
-1
-3
-4
-2
-2
-1
-1
-3
-2
0
-2
-3
-6
-7
-4
-2
-2
-3
-6
-6
-5
-8
-7
-5
-2
1
1
-1
-1
-1
-2
-2
-6
-3
2
2
1
-1
-4
-4
-2
-1
0
-1
-3
-4
-2
-2
-2
-6
-8
-6
-3
-3
-5
-7
-6
-6
-7
-8
-10
-10
-10
-8
-7
-7
-7
-8
-8
-9
-9
-10
-10
-10
-11
-10
-12
-11
-10
-9
-8
-11
-13
-15
-13
-10
-10
-10
-11
-10
-10
-11
-10
-11
-10
-10
-11
-15
-15
-14
-15
-12
-14
-15
-15
-16
-15
-12
-12
-14
-16
-14
-13
-13
-13
-13
-13
-13
-12
-14
-15
-16
-15
-16
-18
-18
-19
-16
-13
-12
-13
-16
-16
-14
-12
-14
-15
-18
-16
-14
-14
-13
-13
-14
-12
-13
-13
-13
-15
-15
-13
-14
-15
-16
-17
-16
-15
-15
-17
-17
-15
-16
-15
-16
-17
-18
-18
-18
-16
-15
-15
-16
-18
-19
-19
-19
-19
-20
-19
-16
-15
-15
-15
-17
-17
-17
-16
-16
-17
-18
-19
-18
-19
-19
-19
-20
-17
-15
-14
-15
-16
-18
-19
-17
-18
-19
-19
-18
-18
-17
-15
-13
-13
-13
-16
-17
-18
-15
-12
-11
-12
-15
-18
-18
-18
-16
-16
-18
-17
-15
-13
-15
-18
-18
-18
-17
-17
-17
-16
-17
-17
-15
-13
-11
-12
-11
-13
-14
-12
-12
-11
-11
-10
-11
-12
-15
-14
-14
-14
-14
-10
-7
-8
-10
-14
-15
-13
-12
-11
-11
-8
-8
-8
-11
-12
-10
-10
-10
-11
-10
-8
-7
-9
-9
-8
-6
-5
-7
-8
-6
-6
-8
-10
-11
-10
-10
-11
-12
-10
-7
-3
-3
-5
-4
-2
-1
1
1
-1
-4
-3
-3
0
3
3
0
-3
0
2
1
2
1
3
6
6
3
0
-2
0
2
3
2
2
2
1
1
2
3
2
4
6
6
1
1
2
0
-2
-2
-2
0
3
2
1
1
1
0
0
0
3
4
3
1
-1
0
0
2
1
-2
-3
-3
-3
-2
-4
-7
-5
-2
0
-1
-1
-2
-3
-3
-3
-4
-3
-3
-4
-4
-4
-4
-2
-1
-1
0
-1
-2
-2
-5
-5
-4
-5
-8
-9
-8
-5
-4
-5
-6
-6
-4
-3
-4
-5
-6
-7
-8
-5
-3
-3
-2
-3
-3
-4
-4
-5
-5
-4
-4
-3
-3
-4
-4
-5
-5
-4
-3
-3
-4
-3
-3
-3
-4
-4
-4
-3
-3
-5
-7
-7
-7
-5
-6
-5
-4
-3
-4
-6
-5
-5
-6
-9
-10
-9
-9
-9
-11
-11
-11
-11
-11
-9
-10
-12
-11
-10
-10
-11
-13
-12
-13
-15
-14
-13
-13
-15
-17
-19
-19
-15
-14
-15
-18
-19
-18
-15
-14
-15
-15
-18
-19
-19
-18
-16
-16
-16
-18
-19
-20
-19
-18
-18
-16
-14
-15
-14
-13
-17
-18
-16
-15
-15
-16
-15
-15
-14
-16
-14
-16
-14
-13
-13
-13
-14
-14
-13
-13
-17
-18
-17
-17
-13
-14
-16
-17
-14
-14
-12
-11
-12
-15
-17
-17
-15
-13
-13
-14
-14
-14
-13
-12
-13
-13
-10
-10
-12
-12
-12
-13
-13
-14
-13
-12
-11
-12
-12
-11
-12
-12
-11
-11
-13
-12
-14
-13
-13
-16
-17
-19
-18
-17
-16
-17
-16
-16
-16
-15
-15
-17
-19
-17
-15
-13
-16
-19
-19
-22
-22
-23
-23
-21
-19
-18
-20
-21
-23
-26
-25
-24
-22
-20
-19
-21
-20
-22
-22
-22
-19
-16
-17
-18
-17
-17
-17
-18
-20
-18
-16
-16
-19
-20
-22
-20
-17
-20
-21
-20
-19
-17
-16
-17
-19
-20
-20
-19
-18
-16
-18
-19
-19
-18
-20
-20
-18
-18
-15
-13
-13
-15
-18
-21
-20
-19
-17
-15
-16
-16
-15
-16
-15
-15
-12
-9
-9
-8
-11
-11
-12
-10
-8
-9
-7
-5
-7
-9
-11
-12
-8
-8
-9
-8
-7
-7
-8
-10
-9
-7
-7
-7
-8
-9
-9
-10
-10
-11
-11
-12
-12
-12
-13
-14
-12
-11
-9
-8
-10
-10
-10
-9
-12
-16
-16
-15
-14
-16
-18
-18
-16
-15
-14
-16
-18
-20
-17
-16
-16
-16
-17
-16
-16
-17
-19
-17
-15
-15
-18
-19
-16
-14
-15
-18
-18
-18
-17
-17
-19
-21
-20
-17
-14
-17
-18
-18
-16
-14
-14
-17
-20
-20
-19
-20
-20
-20
-20
-19
-22
-25
-25
-24
-23
-24
-24
-20
-20
-19
-23
-26
-27
-24
-23
-23
-23
-22
-21
-22
-23
-24
-25
-27
-25
-25
-25
-25
-24
-25
-28
-29
-27
-29
-30
-31
-30
-30
-28
-28
-27
-28
-28
-31
-32
-30
-27
-25
-26
-27
-28
-31
-30
-29
-30
-32
-31
-30
-28
-27
-29
-30
-30
-32
-30
-28
-29
-30
-32
-35
-36
-34
-32
-34
-35
-34
-32
-29
-29
-33
-34
-37
-36
-33
-33
-34
-34
-33
-34
-37
-39
-38
-36
-35
-36
-41
-42
-39
-37
-36
-37
-38
-40
-40
-40
-37
-38
-38
-39
-39
-38
-38
-40
-41
-38
-36
-35
-37
-41
-40
-40
-41
-42
-40
-41
-43
-42
-42
-43
-41
-38
-39
-38
-41
-41
-42
-42
-42
-42
-42
-40
-38
-39
-42
-43
-41
-40
-39
-38
-41
-41
-41
-40
-40
-40
-42
-42
-42
-41
-40
-38
-38
-39
-39
-40
-38
-37
-38
-36
-34
-35
-35
-37
-37
-36
-35
-37
-38
-38
-38
-38
-35
-35
-35
-36
-35
-33
-31
-31
-35
-36
-35
-33
-33
-35
-35
-34
-35
-35
-36
-37
-38
-38
-38
-37
-38
-38
-36
-36
-37
-37
-39
-41
-41
-37
-34
-32
-32
-31
-30
-32
-33
-34
-34
-32
-32
-33
-32
-32
-32
-31
-33
-33
-34
-33
-32
-31
-31
-31
-30
-29
-30
-31
-33
-32
-32
-32
-34
-36
-33
-30
-30
-35
-36
-37
-35
-33
-33
-36
-37
-37
-37
-37
-38
-39
-38
-39
-39
-38
-38
-37
-39
-39
-37
-36
-35
-36
-36
-37
-37
-40
-39
-39
-40
-38
-37
-36
-38
-37
-38
-35
-33
-35
-35
-34
-36
-37
-36
-36
-35
-36
-37
-35
-35
-37
-36
-38
-36
-36
-34
-34
-35
-37
-37
-36
-37
-36
-33
-30
-34
-37
-40
-43
-44
-42
-43
-41
-40
-37
-37
-36
-38
-39
-38
-40
-40
-40
-40
-41
-40
-39
-40
-39
-37
-38
-39
-41
-41
-40
-41
-43
-43
-41
-40
-38
-40
-42
-42
-43
-45
-47
-47
-46
-44
-45
-45
-46
-45
-44
-43
-43
-43
-43
-44
-45
-46
-47
-45
-44
-45
-46
-46
-47
-48
-48
-48
-47
-46
-44
-44
-45
-47
-49
-48
-47
-45
-47
-48
-45
-42
-43
-46
-48
-47
-44
-45
-46
-47
-46
-47
-47
-48
-46
-45
-41
-40
-40
-41
-43
-43
-42
-40
-40
-40
-37
-37
-40
-43
-43
-43
-40
-42
-44
-44
-41
-37
-37
-40
-43
-43
-41
-38
-37
-38
-38
-39
-39
-39
-40
-40
-40
-42
-44
-45
-45
-44
-43
-44
-45
-45
-46
-45
-43
-44
-43
-42
-43
-44
-44
-43
-44
-43
-44
-46
-46
-45
-43
-43
-43
-43
-44
-44
-44
-44
-43
-44
-45
-44
-42
-42
-43
-44
-44
-43
-43
-44
-46
-45
-43
-41
-40
-40
-43
-45
-45
-44
-43
-42
-42
-42
-40
-41
-42
-43
-44
-45
-45
-46
-45
-44
-45
-45
-44
-43
-44
-43
-44
-44
-44
-45
-45
-44
-43
-44
-43
-44
-43
-43
-43
-43
-44
-46
-47
-48
-45
-43
-42
-44
-43
-44
-45
-45
-45
-43
-42
-41
-44
-46
-47
-47
-45
-45
-44
-42
-45
-46
-46
-46
-44
-42
-41
-41
-40
-43
-46
-48
-45
-43
-42
-42
-44
-44
-44
-43
-43
-41
-42
-43
-43
-45
-45
-45
-45
-44
-43
-42
-42
-45
-45
-43
-44
-43
-42
-41
-44
-45
-46
-46
-46
-47
-46
-45
-45
-42
-43
-43
-46
-46
-46
-44
-42
-43
-44
-43
-41
-41
-43
-45
-46
-44
-42
-42
-42
-42
-43
-45
-47
-46
-42
-39
-39
-41
-42
-40
-39
-43
-45
-50
-49
-47
-46
-45
-44
-44
-44
-45
-46
-47
-46
-47
-47
-48
-48
-46
-48
-47
-45
-42
-41
-42
-44
-45
-45
-47
-47
-48
-50
-47
-46
-45
-44
-45
-45
-44
-45
-45
-44
-43
-45
-43
-43
-43
-42
-44
-44
-44
-44
-46
-48
-48
-46
-43
-44
-47
-48
-47
-47
-46
-47
-50
-50
-49
-49
-50
-49
-48
-45
-46
-47
-49
-50
-52
-51
-51
-50
-48
-49
-51
-52
-50
-49
-51
-54
-53
-51
-49
-50
-50
-51
-51
-51
-53
-53
-54
-53
-52
-52
-50
-49
-52
-52
-54
-56
-55
-58
-57
-53
-53
-52
-56
-58
-57
-54
-53
-54
-56
-57
-56
-56
-54
-52
-51
-53
-54
-53
-52
-52
-52
-53
-54
-54
-55
-55
-54
-57
-57
-54
-54
-55
-56
-58
-59
-60
-58
-59
-57
-57
-58
-56
-57
-59
-59
-58
-58
-58
-57
-59
-58
-57
-57
-58
-58
-58
-59
-61
-58
-57
-56
-56
-55
-54
-54
-52
-52
-53
-53
-54
-54
-54
-54
-54
-56
-56
-58
-57
-54
-53
-51
-52
-52
-51
-54
-54
-53
-52
-53
-56
-58
-58
-55
-54
-52
-52
-51
-49
-52
-55
-55
-55
-55
-53
-53
-53
-55
-57
-57
-56
-54
-55
-56
-58
-58
-56
-54
-53
-56
-59
-58
-57
-53
-53
-54
-56
-55
-53
-53
-55
-55
-56
-56
-54
-52
-51
-53
-53
-54
-54
-53
-53
-54
-54
-52
-48
-47
-48
-51
-51
-52
-49
-48
-50
-51
-52
-51
-50
-50
-51
-52
-51
-51
-51
-50
-49
-52
-51
-52
-51
-50
-50
-52
-51
-50
-48
-47
-48
-49
-49
-46
-48
-50
-52
-53
-53
-49
-48
-49
-50
-50
-52
-51
-51
-51
-52
-54
-54
-53
-52
-52
-51
-51
-53
-52
-54
-56
-57
-56
-55
-53
-54
-55
-56
-54
-53
-53
-52
-52
-51
-51
-55
-57
-57
-57
-56
-54
-52
-54
-54
-55
-56
-56
-55
-55
-55
-56
-58
-58
-58
-57
-56
-55
-57
-55
-56
-58
-60
-59
-57
-55
-54
-54
-56
-55
-56
-55
-58
-57
-52
-52
-51
-51
-52
-57
-57
-55
-51
-48
-47
-48
-49
-48
-49
-51
-52
-50
-48
-46
-48
-50
-53
-54
-54
-55
-54
-56
-57
-55
-57
-56
-53
-53
-52
-52
-54
-53
-54
-54
-54
-55
-54
-54
-51
-53
-55
-55
-56
-54
-52
-54
-57
-57
-54
-53
-52
-54
-55
-54
-50
-48
-48
-46
-48
-49
-50
-51
-51
-51
-52
-52
-49
-46
-44
-45
-48
-47
-48
-49
-51
-50
-49
-49
-49
-51
-52
-51
-50
-52
-52
-53
-51
-51
-52
-52
-52
-52
-50
-51
-53
-54
-54
-53
-52
-51
-51
-50
-52
-51
-52
-52
-52
-52
-51
-51
-50
-51
-50
-53
-54
-51
-50
-50
-50
-50
-49
-48
-47
-50
-53
-52
-50
-49
-49
-50
-51
-52
-52
-53
-54
-53
-52
-53
-53
-51
-49
-50
-52
-52
-53
-52
-50
-48
-51
-53
-54
-52
-51
-51
-52
-53
-52
-48
-48
-50
-53
-52
-52
-53
-53
-54
-55
-55
-56
-56
-56
-55
-54
-52
-50
-53
-55
-55
-55
-56
-58
-58
-60
-60
-59
-59
-58
-59
-57
-55
-56
-59
-59
-61
-59
-59
-57
-58
-58
-58
-58
-58
-57
-58
-57
-56
-56
-57
-58
-59
-60
-59
-57
-57
-56
-57
-56
-55
-54
-55
-55
-57
-57
-56
-59
-59
-60
-58
-56
-57
-58
-59
-58
-57
-56
-57
-59
-60
-60
-57
-55
-54
-57
-57
-56
-55
-55
-55
-55
-56
-58
-56
-54
-55
-54
-53
-53
-54
-54
-52
-52
-53
-51
-53
-52
-52
-54
-53
-52
-50
-50
-55
-58
-58
-58
-55
-56
-56
-55
-56
-54
-56
-58
-58
-59
-59
-56
-54
-55
-57
-59
-58
-59
-58
-57
-57
-56
-57
-58
-59
-59
-59
-61
-60
-61
-61
-61
-60
-60
-59
-59
-58
-59
-59
-58
-58
-58
-58
-57
-54
-53
-55
-55
-56
-56
-56
-54
-55
-55
-55
-56
-58
-56
-56
-57
-59
-60
-60
-58
-59
-61
-62
-62
-61
-59
-60
-61
-59
-58
-58
-56
-57
-58
-58
-56
-56
-55
-55
-55
-54
-54
-55
-56
-55
-57
-56
-54
-53
-53
-54
-54
-54
-52
-51
-49
-49
-52
-55
-53
-51
-52
-52
-49
-48
-46
-48
-51
-52
-52
-52
-52
-51
-49
-49
-52
-53
-53
-52
-51
-53
-51
-53
-53
-50
-53
-54
-53
-54
-53
-51
-51
-52
-49
-48
-49
-51
-53
-55
-54
-52
-53
-55
-55
-56
-55
-54
-56
-56
-56
-54
-54
-56
-56
-54
-55
-54
-55
-52
-52
-53
-54
-54
-52
-51
-52
-52
-52
-51
-51
-52
-55
-53
-51
-49
-51
-53
-53
-52
-51
-51
-52
-52
-51
-51
-51
-50
-49
-49
-49
-48
-46
-46
-47
-49
-50
-47
-44
-44
-43
-44
-43
-42
-42
-44
-45
-44
-44
-44
-42
-41
-41
-42
-42
-39
-37
-36
-37
-40
-41
-40
-38
-38
-37
-36
-34
-32
-34
-36
-38
-38
-36
-36
-36
-37
-37
-36
-36
-36
-35
-35
-35
-35
-34
-35
-37
-40
-40
-39
-37
-37
-36
-34
-33
-35
-35
-35
-32
-31
-32
-35
-36
-36
-35
-36
-38
-37
-33
-32
-31
-30
-31
-31
-29
-30
-29
-30
-32
-31
-31
-29
-30
-30
-29
-29
-27
-29
-31
-28
-28
-26
-30
-32
-31
-28
-25
-30
-35
-34
-30
-27
-26
-27
-29
-32
-29
-29
-31
-31
-32
-29
-28
-28
-28
-29
-30
-33
-33
-32
-29
-27
-28
-28
-27
-25
-22
-20
-24
-27
-27
-28
-25
-24
-24
-24
-25
-23
-22
-22
-22
-22
-23
-24
-23
-25
-27
-29
-28
-27
-27
-28
-29
-31
-29
-27
-27
-27
-27
-26
-28
-27
-26
-27
-29
-30
-28
-27
-29
-32
-31
-29
-29
-30
-32
-33
-33
-32
-32
-32
-30
-32
-33
-32
-34
-36
-36
-36
-35
-34
-34
-34
-34
-32
-31
-31
-32
-33
-34
-34
-32
-32
-32
-32
-33
-34
-32
-32
-33
-34
-33
-32
-34
-35
-38
-39
-36
-32
-31
-31
-31
-30
-29
-29
-31
-32
-32
-32
-32
-33
-31
-29
-29
-31
-33
-32
-32
-29
-29
-31
-30
-29
-29
-30
-31
-32
-32
-31
-31
-31
-31
-30
-32
-32
-30
-30
-30
-27
-27
-27
-28
-28
-29
-30
-30
-31
-31
-31
-29
-27
-24
-23
-25
-25
-27
-29
-28
-29
-27
-25
-26
-26
-27
-26
-27
-28
-28
-27
-26
-30
-31
-32
-27
-25
-24
-24
-24
-21
-21
-24
-26
-26
-22
-21
-21
-23
-27
-25
-25
-23
-23
-25
-24
-24
-25
-26
-27
-26
-24
-24
-24
-26
-26
-27
-27
-25
-24
-23
-25
-24
-23
-23
-26
-27
-28
-27
-24
-26
-26
-24
-23
-24
-22
-22
-24
-25
-24
-24
-24
-24
-22
-25
-24
-24
-23
-24
-23
-22
-24
-26
-25
-28
-27
-26
-24
-24
-22
-23
-26
-26
-27
-27
-27
-27
-28
-25
-25
-25
-26
-29
-29
-27
-27
-27
-26
-26
-24
-23
-24
-25
-25
-24
-25
-24
-25
-25
-24
-27
-26
-26
-26
-26
-28
-26
-26
-25
-23
-25
-26
-27
-26
-26
-28
-27
-25
-23
-24
-26
-26
-26
-26
-26
-29
-29
-30
-28
-26
-28
-30
-29
-30
-29
-27
-28
-29
-29
-29
-30
-32
-33
-32
-32
-30
-32
-34
-34
-33
-31
-32
-32
-29
-27
-25
-25
-27
-29
-31
-30
-32
-31
-30
-28
-28
-30
-33
-34
-33
-30
-29
-29
-29
-29
-31
-31
-32
-31
-30
-30
-30
-31
-30
-30
-32
-31
-30
-28
-27
-29
-30
-29
-29
-28
-26
-26
-27
-28
-27
-26
-23
-23
-25
-25
-26
-25
-24
-23
-22
-26
-26
-26
-24
-20
-21
-20
-20
-21
-21
-22
-20
-21
-23
-23
-23
-21
-20
-21
-23
-26
-25
-23
-24
-22
-24
-27
-23
-21
-19
-19
-21
-22
-24
-23
-22
-23
-22
-22
-22
-22
-22
-21
-22
-22
-22
-22
-22
-21
-21
-22
-22
-20
-20
-20
-17
-18
-16
-15
-16
-14
-14
-14
-16
-17
-17
-15
-14
-16
-18
-19
-19
-18
-15
-14
-15
-15
-17
-19
-21
-20
-17
-14
-17
-19
-22
-22
-21
-22
-23
-22
-24
-21
-24
-24
-27
-26
-24
-23
-21
-24
-29
-32
-34
-33
-32
-34
-34
-36
-35
-32
-31
-34
-35
-37
-34
-35
-36
-38
-40
-39
-39
-39
-42
-41
-37
-36
-37
-40
-42
-42
-40
-38
-36
-35
-39
-42
-43
-41
-37
-37
-37
-39
-39
-36
-33
-29
-30
-30
-33
-33
-32
-32
-31
-30
-30
-29
-29
-26
-24
-23
-23
-23
-19
-19
-19
-20
-19
-16
-13
-12
-14
-14
-9
-5
-3
0
-2
-1
2
5
7
7
8
7
10
12
15
16
15
14
15
16
15
17
16
15
13
14
14
14
13
10
9
9
8
8
4
4
1
5
3
3
-2
-6
-6
-13
-13
-18
-19
-23
-28
-29
-33
-35
-36
-36
-36
-36
-37
-44
-46
-49
-49
-51
-52
-53
-57
-59
-60
-60
-63
-65
-65
-69
-69
-70
-71
-70
-71
-69
-73
-72
-76
-74
-72
-72
-68
-66
-64
-61
-59
-55
-52
-47
-41
-37
-31
-26
-18
-12
-4
6
16
24
32
37
45
54
63
69
77
82
89
94
97
104
107
111
113
117
120
124
124
125
125
125
125
126
121
120
119
116
112
109
105
102
99
93
88
81
78
74
68
61
56
49
40
36
33
28
21
12
2
-5
-11
-22
-28
-42
-46
-57
-62
-78
-86
-97
-107
-109
-123
-126
-139
-147
-153
-167
-177
-187
-196
-200
-206
-210
-216
-217
-228
-225
-227
-208
-190
-171
-152
-144
-122
-105
-86
-65
-48
-28
-4
12
35
51
70
82
87
89
98
100
106
108
115
122
124
132
125
124
121
113
106
99
92
87
76
70
64
58
50
42
31
24
16
13
10
8
15
19
26
32
34
38
42
46
52
56
62
72
77
87
91
97
104
107
113
111
114
114
115
115
113
113
109
105
102
97
92
83
75
68
62
56
51
47
42
40
39
38
33
29
25
23
22
20
17
17
12
8
2
-4
-6
-14
-24
-32
-42
-46
-54
-60
-66
-75
-83
-96
-105
-119
-131
-138
-151
-155
-167
-172
-176
-190
-187
-193
-185
-171
-157
-142
-132
-123
-109
-98
-80
-68
-51
-30
-18
3
13
25
34
37
42
49
48
55
55
59
65
67
69
71
67
66
59
51
47
36
32
26
21
19
14
8
3
-3
-2
-4
-1
4
12
23
35
44
58
69
76
87
88
98
108
117
131
134
146
155
160
170
168
174
170
165
168
165
167
163
158
158
153
149
141
130
119
107
93
87
77
69
60
48
41
32
24
15
5
-9
-21
-36
-48
-60
-66
-76
-86
-95
-109
-120
-133
-145
-158
-168
-185
-193
-206
-216
-223
-236
-241
-253
-267
-273
-285
-287
-277
-262
-230
-215
-194
-179
-161
-137
-117
-98
-80
-59
-35
-7
21
39
55
62
65
72
75
82
85
91
96
105
113
117
119
111
103
95
88
81
70
62
57
54
50
44
32
19
8
1
-4
-8
-5
-3
6
15
20
25
32
41
50
62
69
80
89
99
115
128
143
150
160
165
173
181
176
178
175
178
180
178
179
176
172
167
160
150
139
128
121
117
110
107
101
92
89
80
74
65
57
50
41
32
22
13
-3
-13
-24
-28
-41
-49
-69
-83
-99
-115
-122
-144
-151
-176
-183
-204
-211
-223
-241
-248
-270
-278
-289
-301
-299
-287
-262
-235
-215
-203
-195
-175
-162
-131
-119
-98
-79
-56
-22
0
20
34
38
41
49
51
58
61
67
79
89
96
104
101
97
86
74
63
54
47
42
36
30
21
9
-1
-11
-16
-23
-26
-28
-25
-19
-10
-3
8
16
22
33
41
56
63
69
84
95
116
131
144
155
161
168
177
177
178
180
180
185
183
182
182
175
172
165
156
146
134
125
118
112
105
97
92
87
82
75
62
50
39
28
18
7
-5
-15
-32
-42
-53
-66
-82
-104
-119
-140
-153
-172
-189
-204
-224
-232
-252
-264
-285
-303
-316
-335
-348
-364
-371
-368
-348
-320
-289
-273
-256
-238
-215
-189
-163
-137
-117
-86
-62
-26
6
22
41
39
43
60
63
75
78
85
102
110
117
121
117
107
98
84
77
60
45
35
26
22
10
-10
-23
-38
-45
-56
-65
-63
-64
-53
-45
-33
-21
-15
-4
12
26
36
41
48
68
87
106
124
136
149
164
173
184
186
187
187
190
199
207
208
208
206
205
197
186
172
160
151
143
138
131
124
115
110
102
91
75
57
43
31
21
10
-7
-21
-34
-41
-55
-74
-94
-120
-138
-159
-176
-194
-220
-234
-253
-274
-283
-311
-321
-344
-366
-382
-401
-412
-415
-407
-385
-348
-321
-300
-283
-272
-240
-211
-189
-154
-139
-91
-60
-20
14
25
41
40
48
59
67
76
85
96
115
125
131
130
122
108
95
75
68
54
40
33
19
15
-3
-23
-39
-56
-69
-75
-88
-84
-78
-67
-52
-43
-37
-24
-15
1
13
21
34
44
67
89
114
135
149
162
170
181
191
190
197
199
207
221
227
234
236
233
229
219
204
192
178
170
164
158
152
144
136
129
117
105
88
71
61
49
36
23
11
-4
-17
-31
-49
-72
-92
-119
-141
-161
-185
-202
-227
-244
-266
-290
-308
-336
-355
-387
-406
-436
-443
-456
-454
-433
-407
-367
-342
-328
-306
-286
-257
-217
-197
-157
-126
-91
-45
-5
15
42
37
43
59
64
85
88
100
119
137
146
154
141
134
114
101
88
77
64
54
43
34
19
-5
-23
-47
-56
-76
-80
-85
-79
-67
-52
-38
-21
-15
-9
4
10
29
39
52
74
94
121
142
159
180
190
203
207
213
217
222
236
247
261
266
270
266
257
245
232
216
204
190
181
175
171
165
159
145
133
121
106
91
74
61
47
37
23
9
-8
-26
-45
-74
-94
-122
-142
-174
-196
-217
-241
-258
-284
-308
-330
-358
-383
-411
-435
-454
-473
-469
-470
-424
-395
-356
-345
-336
-311
-279
-235
-201
-164
-141
-93
-60
2
27
54
63
61
74
93
99
115
121
137
162
165
181
172
166
141
128
109
107
81
74
56
47
39
9
-15
-42
-62
-77
-87
-101
-92
-95
-75
-66
-47
-40
-33
-24
-7
3
12
23
37
71
94
124
144
156
177
191
199
219
213
227
232
242
264
272
280
279
272
263
255
239
228
209
201
194
190
188
176
168
159
145
132
111
91
75
60
51
36
23
7
-10
-27
-55
-77
-114
-137
-168
-191
-217
-240
-256
-290
-305
-349
-369
-408
-430
-463
-480
-492
-504
-475
-457
-392
-383
-368
-351
-344
-293
-265
-234
-191
-167
-118
-74
-25
2
25
24
24
52
57
86
85
104
132
153
173
171
170
159
145
128
115
105
88
73
59
47
31
4
-22
-51
-69
-87
-98
-103
-103
-88
-83
-69
-58
-51
-43
-34
-24
-9
-2
10
35
60
91
114
134
151
167
182
197
210
218
227
240
257
271
276
278
276
270
262
250
237
224
207
197
187
180
175
167
158
143
127
110
91
74
53
40
22
7
-10
-30
-50
-74
-98
-126
-153
-184
-210
-235
-261
-284
-314
-339
-366
-393
-426
-451
-486
-503
-519
-526
-501
-479
-415
-413
-386
-375
-356
-300
-281
-244
-215
-176
-142
-85
-44
-13
12
8
14
38
43
71
73
93
123
142
164
163
167
152
147
124
122
105
92
73
59
47
31
4
-23
-45
-68
-89
-106
-110
-112
-97
-97
-83
-75
-69
-56
-41
-36
-26
-21
-13
14
38
68
87
109
128
146
162
176
183
197
209
226
244
256
261
262
262
261
259
245
233
215
204
196
189
185
170
160
151
143
136
116
99
76
54
41
28
15
-3
-21
-42
-66
-92
-123
-159
-183
-216
-234
-263
-289
-313
-343
-372
-407
-443
-473
-496
-516
-524
-523
-484
-440
-408
-394
-390
-370
-331
-292
-261
-233
-197
-154
-106
-50
-23
11
6
2
11
30
50
65
77
105
137
157
175
180
176
163
146
134
133
113
99
78
68
56
34
4
-22
-46
-71
-87
-101
-100
-95
-86
-80
-70
-62
-53
-47
-39
-33
-26
-19
-3
25
51
75
96
115
133
152
166
184
194
207
220
239
255
267
272
275
270
263
254
241
230
216
208
199
190
182
173
163
156
144
132
113
91
72
52
36
27
12
-2
-31
-58
-81
-111
-134
-177
-202
-236
-252
-280
-306
-338
-374
-409
-446
-467
-496
-498
-516
-478
-444
-385
-370
-364
-348
-335
-279
-252
-212
-180
-137
-100
-29
0
40
48
37
34
47
59
77
88
102
151
167
206
209
219
202
191
167
168
148
139
122
109
109
92
73
37
17
-17
-30
-58
-60
-71
-57
-56
-41
-29
-17
1
1
7
6
10
16
40
57
87
104
130
153
175
190
204
209
220
231
241
261
266
278
284
287
285
279
264
250
233
218
204
191
183
173
167
160
143
133
109
94
76
62
51
36
23
4
-11
-35
-53
-87
-111
-150
-171
-208
-231
-255
-295
-305
-354
-375
-427
-440
-473
-472
-476
-450
-397
-354
-337
-323
-302
-279
-215
-209
-162
-139
-84
-48
29
52
88
99
79
91
85
99
99
110
118
172
180
225
215
228
214
205
182
177
158
136
128
106
114
92
79
51
43
9
-2
-40
-46
-57
-49
-52
-36
-19
-1
26
33
46
50
53
52
74
84
110
117
139
160
194
212
231
238
249
255
264
270
273
276
276
281
280
279
261
249
231
218
204
185
163
147
129
127
110
102
76
68
52
48
40
17
-4
-28
-47
-65
-93
-116
-154
-175
-207
-229
-245
-293
-307
-369
-387
-433
-451
-467
-472
-461
-416
-367
-329
-296
-298
-262
-225
-191
-147
-114
-82
-19
12
92
112
141
139
126
128
132
137
138
148
161
200
214
228
231
229
217
206
178
177
149
136
113
101
93
70
50
30
17
1
-16
-44
-49
-66
-62
-63
-54
-38
-15
7
36
52
64
75
78
98
107
122
144
161
189
220
243
269
276
284
292
297
305
300
293
290
283
285
278
269
251
237
215
203
176
155
124
97
85
63
49
25
10
-2
-7
-23
-29
-53
-73
-103
-128
-159
-187
-225
-248
-281
-293
-318
-354
-372
-423
-443
-479
-485
-493
-468
-437
-370
-346
-308
-288
-265
-195
-176
-121
-95
-40
14
87
136
177
192
190
180
181
178
182
178
182
210
224
265
257
271
249
239
210
192
166
145
114
91
82
68
53
31
15
-7
-16
-50
-66
-96
-99
-117
-111
-111
-100
-78
-49
-15
18
39
50
70
83
113
122
144
164
195
229
262
288
315
331
348
350
347
343
334
328
316
305
292
282
271
261
242
216
191
162
134
104
74
45
14
-9
-31
-46
-60
-70
-92
-107
-132
-161
-189
-230
-266
-300
-326
-353
-381
-417
-440
-466
-488
-506
-523
-525
-523
-486
-429
-371
-337
-315
-293
-243
-192
-142
-96
-63
15
66
154
212
240
267
251
241
246
227
229
223
219
257
275
297
307
300
289
277
237
222
184
142
110
76
62
46
18
7
-8
-23
-34
-65
-81
-96
-113
-128
-141
-147
-140
-124
-92
-49
-13
27
55
95
127
152
172
187
214
248
283
316
352
380
418
440
458
468
453
444
439
427
420
394
368
351
326
301
264
234
191
155
134
96
45
1
-60
-104
-156
-188
-231
-258
-318
-354
-395
-440
-487
-523
-592
-611
-680
-716
-739
-777
-728
-749
-671
-591
-410
-327
-100
-63
139
176
225
187
290
256
374
394
425
542
564
644
605
607
513
448
260
228
53
69
-20
-44
-78
-27
-48
-17
-69
-112
-98
-206
-227
-292
-275
-287
-254
-264
-125
-86
11
13
69
95
106
63
49
30
24
38
46
107
151
210
240
301
314
349
314
320
303
326
312
318
314
375
405
432
438
440
443
406
355
316
285
240
213
190
226
226
230
234
239
224
196
128
106
44
-17
-74
-126
-138
-167
-194
-221
-249
-277
-343
-399
-483
-572
-674
-783
-824
-891
-933
-960
-992
-944
-882
-826
-735
-569
-317
-104
62
209
376
543
602
595
644
663
728
722
742
794
791
745
623
521
368
175
-50
-213
-334
-383
-435
-460
-429
-331
-279
-231
-248
-235
-209
-220
-224
-187
-116
-35
35
116
252
338
354
323
307
287
227
102
34
-20
-40
-73
-93
-51
-25
-28
-26
-9
39
64
63
103
176
260
343
409
505
598
657
694
708
703
681
613
555
508
440
392
331
294
263
224
162
130
88
48
-14
-60
-90
-120
-161
-199
-212
-209
-200
-240
-220
-261
-265
-303
-361
-416
-500
-587
-649
-719
-786
-846
-923
-944
-974
-929
-891
-786
-699
-430
-196
65
232
363
533
678
689
653
630
627
691
654
682
667
682
607
512
348
215
-40
-245
-443
-524
-559
-567
-587
-487
-343
-211
-140
-135
-78
-26
-12
-45
-23
31
131
151
246
339
440
418
373
314
294
170
5
-142
-207
-238
-281
-302
-248
-153
-65
12
71
167
208
245
272
338
401
470
521
625
723
800
818
812
801
749
637
508
396
302
224
133
82
66
46
26
3
-18
-51
-107
-153
-182
-207
-244
-269
-250
-210
-169
-166
-147
-164
-167
-242
-323
-422
-537
-630
-746
-826
-924
-963
-1035
-985
-962
-838
-765
-553
-294
-36
166
297
445
615
692
625
595
580
638
634
608
590
624
590
488
333
211
29
-197
-417
-536
-584
-593
-631
-576
-416
-241
-136
-86
-24
75
131
102
81
105
180
199
235
299
399
425
399
335
314
228
64
-123
-253
-323
-384
-460
-460
-365
-237
-102
4
132
265
347
402
432
468
501
518
556
632
708
754
777
787
787
709
574
422
289
168
36
-84
-147
-161
-146
-137
-120
-96
-83
-90
-120
-154
-194
-249
-263
-255
-214
-190
-154
-130
-95
-107
-159
-268
-379
-527
-650
-831
-949
-1059
-1098
-1105
-1040
-949
-773
-527
-239
25
229
368
511
616
625
555
489
465
482
497
483
507
534
535
446
329
163
-32
-282
-493
-650
-699
-747
-743
-667
-462
-254
-88
-13
88
195
251
208
154
140
175
185
210
276
366
424
421
408
388
293
93
-114
-279
-379
-507
-614
-643
-533
-379
-221
-78
111
285
421
487
526
558
559
537
539
576
626
666
685
735
755
711
588
447
308
169
-14
-170
-266
-293
-283
-264
-213
-132
-57
-2
10
7
-31
-87
-141
-167
-182
-185
-179
-143
-79
-61
-65
-136
-231
-337
-514
-705
-916
-1095
-1202
-1254
-1238
-1141
-998
-718
-353
-26
245
416
565
725
745
639
501
402
402
416
374
374
417
476
488
404
270
84
-170
-390
-584
-726
-821
-893
-832
-624
-399
-189
-42
125
331
435
413
344
278
271
223
161
165
218
298
358
378
426
396
257
83
-106
-262
-453
-661
-763
-742
-634
-483
-335
-95
173
397
556
647
700
735
684
632
589
556
551
557
592
649
643
603
542
458
350
167
-23
-161
-257
-317
-350
-350
-259
-143
-29
64
126
150
156
90
57
-25
-77
-150
-159
-157
-128
-147
-168
-217
-263
-377
-544
-753
-938
-1106
-1232
-1312
-1330
-1240
-1071
-720
-354
16
283
547
774
968
951
809
653
562
530
449
330
290
338
409
434
338
217
56
-112
-301
-505
-720
-846
-914
-837
-704
-539
-342
-117
128
363
472
519
511
475
419
321
216
158
107
118
152
198
235
202
136
81
-30
-187
-402
-596
-677
-712
-701
-625
-476
-214
74
339
583
768
912
996
996
943
836
701
614
543
503
452
407
400
409
375
298
174
57
-54
-176
-284
-370
-401
-368
-289
-168
-42
65
162
229
266
249
186
92
18
-65
-131
-224
-283
-339
-379
-451
-545
-664
-782
-932
-1087
-1222
-1292
-1311
-1261
-1141
-857
-484
-111
221
502
817
1057
1159
1063
949
823
773
624
460
303
287
312
317
204
113
14
-60
-232
-444
-652
-751
-834
-858
-840
-710
-515
-313
-108
138
365
521
572
562
563
530
419
263
133
94
95
54
5
-29
-8
-3
-74
-204
-324
-426
-504
-593
-634
-602
-492
-330
-107
151
430
656
857
1014
1123
1130
1047
918
819
698
555
402
299
273
265
227
178
138
110
57
-34
-139
-220
-282
-301
-306
-262
-179
-82
46
144
230
270
278
259
200
132
18
-75
-201
-265
-401
-475
-604
-675
-787
-881
-1021
-1120
-1212
-1251
-1254
-1193
-1039
-737
-413
-48
264
604
916
1157
1232
1190
1096
1021
921
728
526
362
321
289
196
70
-14
-73
-152
-333
-508
-643
-729
-819
-860
-837
-699
-553
-378
-169
102
339
500
575
658
698
664
525
377
266
205
101
-6
-91
-94
-88
-117
-200
-270
-327
-385
-475
-544
-577
-549
-489
-367
-186
49
283
519
754
972
1113
1158
1130
1078
1001
863
686
507
386
310
247
175
121
90
86
54
-12
-88
-148
-183
-199
-223
-211
-160
-70
39
136
226
295
337
349
329
259
178
48
-71
-194
-302
-451
-564
-698
-776
-871
-977
-1100
-1189
-1218
-1218
-1181
-1125
-931
-620
-241
97
410
732
1065
1294
1365
1286
1216
1134
1022
797
568
388
336
257
141
-9
-98
-161
-250
-424
-582
-707
-765
-834
-861
-824
-696
-538
-354
-141
135
371
536
626
709
773
747
614
453
330
252
141
-8
-106
-137
-136
-175
-257
-310
-331
-368
-418
-478
-481
-442
-393
-306
-152
52
274
470
679
898
1061
1137
1130
1102
1057
941
766
594
468
387
281
169
97
70
49
-7
-71
-98
-116
-141
-182
-184
-137
-71
-5
69
173
292
368
407
403
407
343
262
116
17
-114
-217
-374
-502
-602
-697
-792
-899
-998
-1053
-1119
-1149
-1169
-1074
-945
-692
-410
-60
298
636
952
1177
1346
1370
1333
1201
1077
878
699
486
348
233
139
20
-75
-190
-262
-387
-506
-636
-729
-794
-815
-814
-722
-613
-432
-244
-20
219
432
585
706
769
799
748
637
514
387
269
153
19
-63
-124
-172
-223
-277
-306
-314
-349
-372
-390
-369
-320
-269
-192
-66
92
277
441
606
768
901
993
1029
1033
1007
939
831
717
597
483
352
226
130
57
-3
-71
-121
-131
-122
-121
-109
-77
-1
80
159
239
323
402
446
456
442
412
349
267
162
81
-31
-132
-268
-359
-466
-567
-684
-808
-906
-997
-1084
-1136
-1121
-1061
-933
-763
-457
-94
280
571
858
1136
1368
1417
1336
1209
1124
995
777
507
323
242
152
2
-151
-249
-279
-370
-502
-618
-672
-685
-721
-736
-653
-529
-372
-229
-49
217
440
585
676
769
877
870
744
615
518
447
299
84
-50
-116
-167
-249
-364
-382
-346
-337
-350
-372
-323
-243
-210
-160
-81
44
172
258
385
560
715
833
891
977
1079
1096
1028
911
800
715
554
357
177
53
-24
-106
-182
-186
-155
-100
-46
21
119
205
270
331
404
463
483
460
475
485
474
397
313
257
195
105
-29
-150
-254
-341
-494
-595
-723
-765
-852
-892
-968
-917
-915
-821
-749
-561
-299
7
254
540
830
1103
1283
1288
1256
1207
1113
927
663
413
283
135
-16
-190
-300
-324
-354
-433
-477
-517
-477
-478
-489
-450
-371
-284
-185
-100
77
249
380
483
581
706
781
726
662
586
526
412
219
55
-34
-112
-187
-301
-343
-319
-298
-282
-275
-239
-160
-124
-85
-37
35
126
180
245
371
495
620
696
780
900
979
982
929
848
788
662
484
305
156
67
-24
-108
-132
-104
-37
25
72
157
244
317
366
394
444
480
497
496
489
482
457
394
335
263
184
76
-35
-143
-212
-314
-393
-490
-525
-588
-619
-715
-722
-779
-770
-794
-762
-675
-503
-283
-57
228
470
771
967
1137
1165
1173
1080
987
781
572
325
156
14
-116
-248
-320
-359
-329
-346
-360
-358
-331
-298
-276
-271
-216
-171
-101
-39
42
158
256
342
434
509
574
577
539
510
464
387
269
138
61
-13
-98
-188
-252
-258
-243
-252
-236
-207
-139
-74
-33
25
89
152
217
275
369
462
528
593
662
735
779
755
725
695
655
574
446
339
275
206
135
54
29
50
75
94
124
182
262
319
364
420
467
516
524
531
540
531
491
439
376
331
254
170
79
2
-60
-149
-218
-310
-356
-430
-479
-559
-589
-662
-689
-737
-751
-743
-707
-609
-462
-229
-40
208
407
662
821
949
923
949
886
824
645
470
307
221
87
-20
-150
-177
-199
-217
-256
-261
-246
-197
-219
-203
-190
-151
-132
-119
-90
1
65
138
188
265
364
423
443
460
468
486
440
366
293
231
157
64
-39
-90
-141
-174
-210
-223
-195
-160
-124
-61
1
84
141
196
267
335
378
412
437
496
537
554
557
568
587
592
557
521
496
475
428
354
296
263
240
205
167
167
201
240
274
316
377
447
498
545
583
615
618
602
567
525
443
348
235
153
51
-38
-156
-234
-299
-348
-417
-476
-526
-534
-557
-596
-634
-646
-633
-637
-631
-622
-505
-371
-186
-48
168
381
638
770
859
883
955
923
833
640
502
391
290
108
-35
-134
-151
-199
-257
-294
-258
-228
-208
-217
-163
-111
-72
-77
-53
10
79
83
103
155
255
317
325
347
419
481
483
419
386
388
351
251
127
39
-13
-96
-188
-252
-254
-234
-215
-181
-88
11
100
154
227
314
377
389
387
410
460
477
473
478
517
564
577
560
555
561
557
515
467
430
402
368
330
306
305
308
319
340
379
426
467
500
539
568
583
567
547
509
461
363
256
137
46
-77
-181
-302
-369
-411
-448
-472
-494
-483
-487
-486
-530
-521
-555
-550
-606
-611
-621
-564
-495
-354
-201
6
205
431
634
804
902
954
969
950
858
706
535
394
258
100
-57
-171
-227
-258
-301
-314
-287
-228
-182
-154
-105
-41
-7
6
-2
25
54
51
46
74
136
197
224
268
338
412
453
442
430
425
382
302
185
76
-16
-112
-209
-278
-308
-293
-274
-225
-144
-45
50
132
218
314
383
424
448
477
507
509
508
524
550
579
578
592
616
631
621
592
565
550
513
460
403
356
330
300
270
256
260
284
308
324
348
371
391
392
375
350
312
253
183
102
32
-50
-130
-197
-261
-284
-341
-356
-396
-384
-407
-403
-446
-449
-492
-485
-525
-531
-556
-535
-518
-432
-334
-179
-18
162
369
561
723
815
860
885
878
795
659
485
366
251
125
-24
-129
-193
-202
-244
-263
-263
-215
-171
-141
-124
-71
-55
-36
-52
-38
-10
2
-6
25
76
152
181
212
271
350
394
396
372
380
358
297
186
82
-3
-83
-180
-250
-292
-287
-272
-231
-154
-53
49
148
248
368
460
521
553
591
628
639
605
590
585
602
587
558
537
546
538
511
463
430
396
346
283
228
188
160
132
123
132
155
185
216
260
309
342
360
365
372
362
335
279
226
162
96
12
-68
-138
-199
-262
-325
-367
-407
-424
-464
-480
-491
-473
-469
-467
-444
-432
-362
-367
-312
-324
-210
-148
-20
52
184
322
471
566
628
684
727
741
676
580
473
397
291
157
14
-79
-148
-204
-277
-318
-316
-296
-285
-267
-235
-160
-126
-89
-68
-13
27
44
43
79
106
129
117
128
173
208
211
197
195
220
215
181
136
106
85
51
-2
-23
-36
-26
-26
-8
32
92
145
212
281
367
432
482
527
567
590
587
557
537
511
470
422
376
347
322
292
268
260
266
265
252
239
245
251
248
230
223
228
233
231
223
221
230
234
231
228
230
232
219
193
162
125
62
-8
-83
-137
-201
-254
-322
-335
-352
-343
-357
-345
-314
-274
-249
-248
-227
-213
-193
-200
-208
-219
-205
-182
-139
-66
-5
102
197
310
411
454
487
515
511
478
382
276
216
133
40
-73
-156
-190
-230
-287
-312
-319
-285
-262
-251
-195
-142
-100
-72
-69
-24
1
-3
-6
-1
21
37
12
25
55
95
121
117
150
202
229
241
232
243
252
227
200
179
170
155
122
105
111
116
125
132
168
222
253
275
302
342
382
393
386
391
394
397
367
332
309
300
286
257
228
222
230
223
214
201
210
214
212
202
199
193
186
159
140
122
99
77
56
50
43
35
26
25
29
21
7
-17
-27
-43
-69
-94
-124
-133
-148
-179
-197
-214
-221
-251
-288
-312
-333
-348
-376
-395
-404
-397
-370
-342
-275
-214
-116
-36
62
146
211
262
316
339
356
318
289
262
236
171
88
0
-67
-140
-220
-301
-358
-387
-401
-404
-377
-335
-287
-238
-199
-142
-101
-79
-68
-50
-25
-5
-10
7
38
86
120
146
180
233
270
296
298
297
282
254
210
160
107
62
12
-24
-54
-63
-50
-28
12
56
108
169
229
286
337
366
395
403
406
388
359
318
279
236
191
144
103
73
48
31
16
12
17
27
31
34
40
54
63
62
60
60
71
82
87
101
120
136
156
167
180
177
164
135
104
52
-1
-58
-113
-165
-220
-274
-316
-353
-389
-418
-458
-474
-503
-513
-544
-550
-568
-564
-575
-552
-510
-429
-348
-242
-136
1
106
204
257
331
368
388
352
304
261
219
144
49
-50
-125
-195
-279
-350
-397
-415
-426
-430
-415
-365
-318
-278
-240
-189
-132
-97
-78
-49
-17
17
25
38
69
111
137
153
172
215
245
260
257
266
269
251
214
181
151
119
79
39
19
8
-2
-4
1
26
53
71
91
123
160
190
204
216
235
252
255
235
214
192
171
130
94
57
39
17
5
1
10
32
56
81
110
137
162
176
182
190
196
197
188
182
176
166
149
131
113
101
66
32
-9
-41
-83
-137
-183
-231
-261
-306
-332
-373
-384
-412
-424
-453
-460
-480
-474
-497
-488
-503
-489
-499
-502
-495
-459
-416
-352
-297
-194
-103
9
72
148
213
278
301
279
254
236
203
125
31
-52
-107
-183
-261
-338
-357
-370
-375
-379
-346
-296
-247
-217
-175
-124
-68
-46
-25
-3
41
51
50
52
89
126
148
153
187
232
273
281
284
291
298
281
243
198
156
108
54
-5
-56
-92
-116
-121
-109
-79
-44
0
52
117
175
218
243
261
280
288
267
230
189
160
126
84
45
30
40
45
49
61
96
134
155
161
175
191
190
166
137
118
96
61
16
-5
-16
-25
-46
-54
-56
-52
-67
-80
-102
-106
-141
-173
-221
-250
-296
-349
-402
-451
-471
-509
-528
-562
-552
-556
-536
-543
-524
-506
-486
-473
-441
-396
-333
-270
-196
-111
-15
55
113
168
228
268
260
232
211
198
143
62
-28
-83
-146
-206
-290
-327
-344
-338
-346
-326
-291
-229
-183
-134
-86
-30
8
33
59
88
106
98
92
104
124
138
132
143
170
199
207
197
193
193
181
148
104
66
34
-7
-45
-77
-90
-86
-71
-44
-7
46
92
149
197
246
280
293
298
299
296
270
228
183
149
117
82
43
26
24
32
33
37
62
89
107
108
108
113
108
92
70
55
42
23
-3
-15
-23
-26
-39
-46
-51
-65
-85
-115
-134
-161
-188
-232
-266
-302
-329
-368
-401
-433
-439
-460
-464
-469
-463
-451
-441
-434
-418
-418
-407
-427
-415
-413
-380
-352
-304
-243
-161
-81
-9
51
131
198
250
259
264
268
257
217
145
84
24
-37
-116
-184
-229
-253
-273
-283
-273
-230
-195
-146
-109
-59
-19
8
21
47
61
64
48
45
53
68
76
82
108
141
173
193
219
241
253
249
234
218
183
147
100
67
36
11
-3
-1
17
43
71
109
148
190
222
243
269
283
290
281
262
239
215
188
157
121
96
76
69
53
43
35
36
39
32
19
10
2
-5
-21
-32
-41
-42
-40
-43
-44
-44
-39
-45
-49
-62
-66
-81
-95
-115
-138
-160
-201
-230
-275
-297
-336
-360
-390
-406
-414
-422
-419
-428
-418
-419
-406
-401
-396
-385
-366
-327
-276
-234
-162
-103
-9
45
124
154
208
227
248
234
215
188
163
112
49
-9
-62
-101
-163
-195
-232
-228
-240
-230
-215
-171
-139
-91
-59
0
32
71
87
115
128
135
129
135
135
138
135
135
144
161
169
177
186
193
194
183
177
160
154
135
124
111
106
102
111
118
137
153
179
201
225
243
257
265
273
263
252
226
203
175
137
99
62
29
-2
-30
-42
-48
-49
-46
-39
-21
0
15
28
34
39
32
21
8
-7
-24
-48
-74
-91
-106
-115
-127
-133
-137
-136
-137
-147
-159
-175
-199
-234
-260
-289
-307
-334
-351
-361
-362
-353
-346
-332
-319
-301
-283
-277
-262
-253
-235
-218
-192
-169
-134
-100
-60
-26
3
27
44
58
63
60
53
39
26
10
-14
-37
-60
-80
-98
-115
-120
-120
-114
-102
-87
-61
-35
-12
10
36
61
85
102
115
129
136
138
136
135
136
139
141
145
149
163
170
183
186
196
199
201
193
178
159
146
133
123
117
120
128
133
146
154
166
172
173
172
168
163
150
133
117
104
95
82
73
66
63
56
51
39
35
24
11
-5
-19
-33
-46
-61
-69
-76
-84
-96
-101
-104
-103
-107
-106
-111
-104
-106
-100
-96
-90
-88
-97
-107
-127
-144
-170
-193
-222
-236
-256
-268
-281
-282
-284
-277
-274
-265
-263
-254
-253
-245
-233
-218
-200
-179
-148
-114
-82
-49
-21
8
25
37
35
39
30
17
0
-20
-32
-46
-58
-69
-76
-77
-78
-75
-72
-62
-51
-38
-22
-1
20
41
62
85
112
135
155
168
187
194
203
202
203
201
199
195
190
188
185
181
180
176
175
170
165
157
149
143
137
139
138
138
136
142
146
153
156
158
157
154
146
139
129
117
110
98
91
81
72
61
52
43
31
21
4
-4
-11
-13
-21
-27
-30
-31
-30
-31
-37
-46
-54
-68
-75
-87
-91
-97
-103
-109
-111
-112
-119
-121
-125
-125
-130
-138
-140
-148
-153
-168
-176
-192
-196
-210
-215
-220
-219
-218
-222
-218
-211
-198
-188
-173
-159
-137
-123
-104
-89
-72
-49
-46
-32
-32
-17
-17
-15
-17
-16
-15
-17
-24
-22
-22
-17
-12
-5
8
17
28
38
48
57
68
76
92
98
108
113
127
140
155
158
170
182
201
205
210
210
217
224
221
217
213
209
203
196
188
182
177
164
154
142
137
125
115
104
100
99
95
95
98
106
113
116
117
122
122
120
119
114
113
106
96
88
83
80
70
58
50
44
37
28
17
8
-9
-20
-41
-58
-75
-83
-93
-94
-96
-92
-91
-87
-86
-80
-77
-77
-79
-80
-76
-76
-76
-80
-80
-86
-92
-112
-123
-149
-163
-189
-203
-224
-227
-233
-230
-222
-209
-184
-168
-133
-110
-76
-47
-24
-1
12
26
33
37
37
37
39
36
27
22
14
15
14
10
9
9
15
24
27
39
48
67
77
87
96
112
120
131
137
148
160
171
187
201
216
226
237
245
252
253
249
242
238
224
211
193
179
164
145
129
121
118
113
109
109
114
121
125
127
128
132
134
131
131
132
134
129
126
127
125
120
113
106
103
96
89
80
73
63
50
37
28
16
8
-4
-16
-28
-38
-42
-48
-50
-56
-50
-49
-49
-52
-54
-57
-62
-70
-71
-71
-76
-81
-89
-89
-94
-99
-107
-108
-114
-120
-138
-141
-151
-155
-169
-177
-175
-167
-154
-145
-127
-102
-75
-53
-33
-17
2
12
22
26
30
38
34
31
29
32
32
28
25
32
37
44
48
54
67
74
77
76
81
84
91
100
106
120
133
145
160
178
198
216
234
249
263
267
271
264
263
252
244
233
227
214
202
185
178
166
164
160
161
161
159
158
151
146
138
132
127
118
114
113
114
117
121
128
138
149
157
167
173
173
168
159
146
134
114
94
69
49
30
13
0
-9
-13
-16
-16
-16
-14
-11
-11
-16
-22
-27
-31
-41
-49
-62
-64
-65
-68
-70
-69
-66
-66
-68
-69
-70
-74
-79
-91
-98
-108
-119
-131
-141
-146
-151
-153
-153
-142
-127
-114
-97
-81
-58
-37
-19
-5
14
27
40
40
45
47
49
45
37
33
33
31
33
38
42
48
57
66
76
85
89
92
97
105
108
115
117
129
142
153
159
168
179
189
188
193
196
204
204
202
197
194
192
187
182
182
179
175
171
165
167
163
156
148
147
146
146
139
138
140
137
138
136
138
138
134
130
126
128
127
126
121
114
106
99
89
82
69
58
43
31
19
7
-3
-12
-13
-12
-9
-11
-12
-13
-16
-23
-33
-44
-55
-64
-72
-81
-88
-91
-89
-91
-89
-93
-90
-93
-91
-98
-99
-103
-106
-109
-120
-124
-130
-134
-135
-137
-135
-130
-128
-113
-102
-83
-73
-61
-46
-33
-18
-13
-7
3
7
12
8
12
15
20
22
20
25
31
38
43
46
53
61
67
77
78
83
83
82
81
83
90
96
101
109
119
131
138
145
153
159
160
162
164
166
166
162
163
164
160
160
158
158
159
156
156
153
151
145
139
131
121
116
109
104
97
90
84
78
72
69
69
67
64
64
63
59
55
48
44
42
41
32
25
18
14
5
-6
-18
-27
-36
-49
-60
-67
-73
-80
-89
-96
-101
-106
-107
-113
-109
-112
-108
-113
-114
-113
-111
-112
-112
-118
-123
-131
-139
-145
-148
-150
-153
-152
-152
-148
-143
-137
-127
-115
-104
-99
-94
-86
-79
-70
-70
-65
-59
-49
-44
-38
-32
-22
-17
-13
-9
-6
2
5
10
11
19
24
29
30
35
39
42
44
47
48
50
51
54
56
60
66
73
80
90
98
107
114
123
128
132
133
131
128
126
124
121
120
117
117
116
116
117
115
114
111
104
97
92
84
75
64
54
44
32
26
20
17
17
12
9
7
3
0
-2
-5
-4
-2
-5
-9
-12
-15
-23
-30
-46
-58
-74
-86
-102
-112
-122
-130
-132
-135
-133
-136
-135
-137
-137
-140
-138
-136
-132
-131
-133
-137
-141
-142
-145
-147
-149
-150
-148
-151
-150
-153
-152
-154
-151
-146
-142
-137
-135
-128
-125
-119
-118
-115
-108
-101
-98
-93
-87
-78
-63
-54
-46
-39
-28
-19
-13
-10
-10
-7
-6
-4
3
6
9
11
15
21
25
30
36
37
42
45
49
47
52
56
64
69
71
73
74
72
74
78
82
84
86
85
90
94
94
92
92
92
91
84
77
69
62
54
44
38
29
21
11
1
-3
-10
-18
-23
-25
-24
-21
-27
-30
-34
-36
-41
-46
-51
-57
-60
-67
-69
-76
-78
-85
-91
-98
-104
-112
-119
-127
-133
-137
-139
-143
-146
-146
-147
-152
-155
-163
-164
-168
-168
-169
-167
-167
-163
-159
-157
-154
-151
-150
-144
-143
-142
-140
-141
-143
-144
-145
-148
-149
-151
-150
-148
-143
-138
-131
-124
-119
-113
-106
-100
-96
-89
-82
-75
-67
-62
-55
-50
-43
-35
-27
-21
-17
-11
-9
-6
-5
-6
-3
-2
-5
-7
-7
-1
1
2
0
5
12
20
32
40
46
53
58
62
65
63
64
59
56
50
47
43
41
37
35
33
31
30
23
17
8
0
-7
-17
-28
-32
-38
-40
-45
-51
-54
-58
-58
-62
-66
-72
-75
-79
-81
-80
-81
-84
-86
-92
-94
-98
-107
-118
-121
-129
-132
-140
-146
-154
-158
-165
-170
-179
-178
-177
-176
-174
-175
-172
-172
-169
-169
-172
-171
-168
-164
-163
-164
-163
-160
-154
-150
-152
-153
-157
-159
-162
-164
-164
-163
-161
-157
-151
-147
-140
-133
-127
-123
-116
-109
-103
-97
-93
-88
-87
-83
-80
-75
-71
-68
-62
-59
-54
-46
-40
-33
-25
-19
-16
-13
-12
-13
-13
-11
-12
-7
-7
-3
-3
-2
-1
3
6
9
14
22
25
25
25
25
24
19
16
13
10
8
3
-1
-4
-8
-8
-8
-9
-6
-11
-16
-22
-26
-32
-42
-53
-62
-68
-73
-83
-86
-89
-89
-92
-95
-95
-98
-100
-106
-108
-113
-114
-121
-129
-135
-140
-142
-144
-147
-148
-148
-148
-149
-149
-148
-149
-147
-149
-154
-156
-158
-162
-165
-169
-167
-163
-159
-158
-157
-154
-152
-149
-149
-149
-147
-148
-148
-149
-150
-148
-145
-141
-140
-135
-130
-124
-120
-118
-116
-116
-115
-113
-113
-112
-109
-106
-103
-98
-94
-91
-83
-75
-65
-55
-48
-40
-33
-27
-24
-21
-20
-17
-12
-12
-15
-15
-18
-20
-22
-24
-26
-23
-21
-20
-17
-12
-6
-2
-1
0
2
6
12
15
14
10
8
6
7
6
3
-3
-8
-13
-17
-24
-31
-36
-42
-48
-54
-62
-70
-76
-81
-88
-93
-97
-98
-101
-103
-108
-108
-108
-108
-108
-108
-109
-111
-113
-114
-118
-122
-129
-134
-137
-139
-140
-140
-141
-142
-143
-142
-142
-142
-142
-145
-147
-149
-148
-147
-143
-140
-137
-139
-139
-138
-136
-135
-136
-136
-136
-139
-141
-144
-145
-144
-142
-141
-140
-137
-134
-130
-126
-121
-116
-109
-103
-97
-92
-84
-81
-77
-73
-68
-63
-61
-59
-57
-53
-51
-51
-53
-53
-52
-49
-47
-45
-43
-37
-33
-29
-27
-23
-19
-15
-12
-10
-11
-11
-9
-8
-6
-5
-4
-7
-6
-9
-12
-12
-14
-13
-17
-18
-20
-23
-25
-29
-29
-33
-39
-43
-47
-52
-58
-68
-76
-82
-85
-87
-94
-94
-94
-90
-91
-90
-91
-89
-88
-88
-93
-97
-104
-108
-115
-122
-127
-130
-134
-134
-137
-138
-138
-134
-131
-125
-123
-121
-121
-121
-121
-119
-119
-122
-125
-129
-131
-135
-137
-140
-141
-142
-141
-143
-142
-139
-138
-137
-138
-138
-137
-133
-130
-129
-128
-122
-121
-121
-120
-115
-108
-101
-96
-93
-87
-82
-77
-75
-72
-69
-66
-66
-67
-68
-65
-60
-52
-46
-46
-45
-44
-42
-42
-37
-34
-34
-31
-30
-24
-19
-15
-12
-10
-6
-2
4
6
4
3
2
1
-2
-5
-10
-14
-15
-16
-16
-19
-23
-24
-24
-27
-26
-30
-32
-34
-35
-36
-37
-40
-43
-44
-44
-44
-48
-51
-55
-57
-61
-65
-70
-75
-77
-78
-81
-85
-90
-93
-96
-100
-102
-104
-105
-103
-104
-104
-105
-105
-101
-98
-94
-92
-90
-89
-89
-92
-97
-97
-97
-98
-96
-98
-99
-98
-96
-96
-96
-96
-96
-96
-97
-97
-98
-96
-94
-93
-92
-91
-89
-87
-84
-80
-78
-78
-79
-78
-74
-70
-69
-68
-66
-59
-55
-50
-46
-44
-40
-38
-38
-39
-39
-40
-40
-38
-36
-31
-28
-27
-22
-17
-15
-14
-12
-11
-11
-9
-8
-8
-4
1
4
2
1
0
1
2
1
-1
-4
-6
-10
-14
-19
-23
-25
-29
-30
-35
-40
-40
-35
-32
-34
-36
-40
-40
-41
-46
-50
-56
-57
-60
-60
-62
-66
-70
-74
-76
-79
-81
-82
-85
-89
-92
-93
-94
-93
-96
-97
-100
-101
-100
-98
-98
-100
-101
-100
-100
-98
-99
-100
-99
-99
-100
-99
-101
-102
-104
-103
-104
-101
-100
-98
-96
-91
-87
-87
-86
-88
-88
-91
-92
-93
-93
-94
-92
-88
-85
-84
-79
-75
-71
-67
-67
-63
-60
-58
-54
-51
-50
-44
-43
-42
-44
-41
-39
-36
-37
-39
-40
-38
-38
-37
-36
-32
-30
-29
-28
-29
-29
-28
-28
-29
-27
-24
-21
-24
-26
-26
-26
-27
-25
-28
-26
-24
-24
-25
-24
-22
-30
-32
-32
-34
-43
-41
-44
-50
-44
-48
-58
-55
-58
-64
-61
-59
-58
-55
-54
-54
-57
-55
-55
-63
-62
-66
-70
-73
-72
-78
-80
-78
-80
-80
-74
-78
-82
-80
-82
-80
-80
-80
-81
-82
-82
-82
-78
-79
-79
-80
-79
-77
-75
-74
-75
-76
-77
-78
-80
-81
-82
-84
-84
-81
-81
-79
-76
-73
-71
-68
-66
-63
-62
-61
-61
-59
-56
-54
-52
-48
-43
-41
-37
-33
-32
-30
-34
-34
-33
-30
-28
-27
-27
-29
-28
-26
-26
-28
-28
-30
-31
-30
-30
-28
-29
-28
-27
-25
-20
-15
-12
-12
-10
-7
-3
-2
-2
-3
-7
-9
-9
-8
-8
-8
-7
-5
-7
-8
-9
-14
-18
-18
-18
-17
-20
-22
-22
-22
-23
-24
-25
-23
-20
-20
-21
-23
-25
-26
-30
-34
-33
-32
-33
-35
-38
-41
-38
-38
-40
-41
-39
-39
-38
-40
-41
-42
-40
-41
-40
-39
-39
-39
-37
-37
-37
-38
-39
-39
-41
-42
-42
-44
-43
-42
-43
-45
-44
-42
-41
-42
-41
-40
-38
-35
-31
-28
-25
-23
-21
-21
-20
-16
-14
-12
-11
-10
-10
-9
-9
-7
-2
1
2
2
3
1
2
3
1
4
8
9
9
9
12
15
16
15
12
12
11
10
10
11
11
14
13
12
12
14
15
17
18
21
22
22
20
20
22
21
22
20
20
18
16
16
17
18
17
17
18
16
15
8
6
3
2
1
-1
-1
-1
-1
-2
-4
-5
-3
-2
-2
-2
-5
-6
-5
-7
-10
-9
-10
-11
-10
-11
-12
-11
-12
-14
-15
-15
-15
-15
-17
-17
-22
-22
-23
-24
-24
-24
-25
-26
-25
-26
-26
-25
-22
-21
-20
-19
-20
-21
-22
-23
-26
-27
-24
-21
-19
-17
-16
-18
-18
-17
-17
-16
-14
-12
-10
-10
-10
-9
-6
-3
0
3
2
4
5
4
2
2
4
3
1
1
3
6
8
11
10
7
8
8
8
11
12
12
9
8
10
10
10
7
8
11
13
16
19
17
19
22
24
23
22
20
18
22
24
20
16
11
15
18
16
12
7
8
11
12
9
8
9
13
13
9
6
5
4
1
-2
-4
-5
-5
-7
-8
-7
-7
-9
-7
-7
-7
-6
-9
-11
-12
-13
-14
-15
-15
-15
-17
-18
-21
-23
-22
-21
-22
-22
-21
-19
-18
-19
-23
-25
-22
-19
-19
-17
-16
-14
-12
-11
-10
-10
-8
-9
-8
-4
-1
0
1
2
3
4
3
3
3
2
2
4
2
6
8
11
15
15
19
19
22
21
19
20
21
25
28
30
31
30
29
31
31
31
29
26
25
27
29
28
23
21
16
15
16
15
16
16
18
22
27
31
31
30
32
33
32
30
30
28
26
23
21
20
18
15
8
7
10
12
13
11
9
9
6
5
1
-2
-3
-3
-6
-9
-10
-8
-6
-3
-2
-2
-1
-1
-2
-6
-9
-11
-15
-19
-23
-24
-26
-29
-31
-31
-31
-31
-33
-33
-31
-30
-28
-29
-29
-28
-25
-22
-21
-17
-13
-11
-9
-6
-5
-4
-4
-3
-2
-6
-10
-15
-16
-15
-16
-17
-20
-20
-18
-17
-13
-8
-10
-11
-11
-8
-2
3
2
0
-2
1
3
3
-1
-2
-3
-6
-7
-10
-12
-14
-16
-14
-13
-12
-14
-17
-18
-18
-20
-22
-24
-27
-26
-25
-24
-23
-23
-23
-23
-25
-24
-25
-26
-27
-30
-30
-30
-30
-32
-35
-37
-38
-42
-45
-48
-49
-51
-54
-56
-58
-57
-56
-53
-52
-49
-45
-47
-46
-48
-49
-53
-55
-55
-56
-59
-62
-64
-65
-66
-69
-71
-71
-70
-72
-74
-76
-78
-78
-77
-77
-79
-78
-79
-79
-78
-77
-73
-70
-71
-71
-72
-69
-68
-67
-69
-68
-66
-64
-64
-64
-61
-60
-57
-55
-55
-55
-54
-56
-57
-55
-53
-52
-51
-53
-54
-51
-50
-51
-51
-51
-50
-47
-46
-44
-43
-42
-42
-41
-42
-41
-40
-39
-36
-35
-35
-36
-36
-36
-35
-34
-31
-30
-29
-26
-25
-26
-23
-23
-23
-26
-27
-28
-31
-33
-35
-36
-38
-38
-39
-40
-39
-39
-37
-40
-41
-44
-45
-43
-43
-42
-42
-44
-45
-44
-45
-49
-49
-50
-52
-51
-52
-53
-55
-59
-60
-58
-55
-56
-57
-59
-58
-57
-55
-54
-56
-57
-55
-53
-51
-51
-52
-52
-51
-51
-54
-56
-54
-54
-54
-55
-57
-57
-57
-55
-54
-53
-52
-51
-53
-54
-55
-54
-53
-51
-51
-50
-47
-45
-40
-39
-37
-36
-36
-35
-33
-31
-32
-34
-35
-38
-38
-39
-40
-41
-40
-40
-39
-35
-34
-32
-33
-33
-35
-33
-31
-31
-29
-28
-28
-29
-29
-30
-28
-27
-30
-31
-35
-38
-37
-37
-34
-30
-29
-30
-30
-30
-26
-24
-23
-22
-21
-22
-23
-23
-25
-27
-27
-28
-28
-27
-27
-25
-25
-25
-24
-23
-24
-26
-27
-29
-31
-30
-29
-27
-26
-30
-32
-31
-31
-34
-37
-37
-35
-34
-37
-37
-37
-39
-41
-43
-42
-41
-41
-41
-39
-40
-41
-42
-42
-41
-42
-44
-43
-42
-40
-37
-38
-40
-40
-38
-36
-36
-34
-35
-33
-30
-27
-26
-28
-30
-32
-31
-29
-30
-32
-34
-34
-32
-30
-28
-28
-27
-26
-25
-21
-20
-21
-24
-24
-23
-20
-21
-21
-21
-20
-18
-20
-21
-22
-23
-20
-22
-22
-20
-20
-22
-26
-29
-29
-25
-21
-21
-21
-22
-24
-26
-28
-28
-27
-24
-26
-25
-25
-26
-24
-22
-23
-24
-24
-25
-26
-29
-31
-36
-35
-37
-37
-35
-34
-34
-38
-35
-34
-33
-33
-33
-34
-33
-34
-34
-33
-32
-31
-31
-34
-37
-37
-37
-37
-37
-42
-46
-44
-44
-44
-44
-48
-49
-46
-44
-42
-43
-42
-40
-37
-32
-30
-31
-32
-31
-32
-29
-27
-27
-26
-27
-29
-28
-28
-30
-31
-35
-34
-34
-35
-36
-37
-37
-37
-36
-36
-35
-32
-32
-32
-33
-33
-30
-28
-28
-26
-26
-24
-23
-23
-24
-25
-23
-24
-25
-26
-27
-29
-29
-29
-29
-28
-28
-29
-27
-29
-30
-30
-28
-26
-25
-24
-22
-22
-20
-19
-22
-24
-25
-23
-23
-25
-28
-28
-26
-27
-29
-31
-34
-35
-34
-33
-31
-33
-34
-33
-32
-34
-35
-35
-33
-30
-29
-31
-35
-34
-36
-35
-36
-36
-34
-34
-35
-37
-38
-37
-38
-41
-43
-41
-42
-42
-44
-47
-49
-50
-50
-49
-47
-47
-49
-49
-48
-46
-46
-45
-44
-43
-41
-40
-41
-40
-39
-39
-41
-42
-42
-41
-38
-41
-43
-44
-42
-40
-39
-40
-37
-36
-35
-33
-33
-33
-34
-34
-34
-32
-32
-32
-32
-31
-32
-33
-36
-35
-36
-36
-34
-34
-34
-34
-37
-36
-36
-36
-36
-36
-37
-36
-33
-33
-32
-33
-33
-32
-31
-32
-32
-32
-31
-31
-34
-37
-39
-40
-39
-39
-38
-36
-35
-38
-42
-45
-43
-43
-44
-46
-49
-51
-51
-49
-46
-45
-46
-49
-51
-52
-52
-53
-55
-57
-58
-61
-62
-65
-66
-65
-65
-66
-66
-69
-66
-63
-62
-60
-61
-62
-61
-58
-59
-60
-63
-65
-67
-66
-64
-64
-66
-68
-72
-73
-71
-70
-70
-72
-74
-75
-75
-76
-73
-70
-68
-69
-72
-72
-70
-69
-70
-71
-70
-72
-71
-71
-72
-73
-73
-75
-73
-70
-68
-68
-69
-71
-71
-72
-74
-75
-76
-74
-72
-72
-71
-70
-70
-71
-71
-72
-68
-65
-62
-62
-62
-62
-62
-62
-66
-67
-68
-66
-65
-65
-66
-67
-68
-67
-70
-70
-68
-67
-66
-64
-62
-60
-63
-64
-63
-62
-60
-62
-62
-63
-63
-62
-64
-64
-65
-63
-63
-65
-65
-65
-65
-65
-68
-70
-72
-71
-71
-75
-76
-77
-78
-77
-77
-75
-72
-69
-69
-68
-70
-70
-68
-71
-73
-73
-72
-75
-77
-78
-77
-76
-77
-79
-78
-79
-77
-77
-78
-78
-80
-80
-80
-80
-78
-78
-78
-76
-75
-73
-74
-74
-73
-72
-70
-69
-68
-69
-68
-69
-72
-71
-69
-65
-66
-68
-69
-68
-63
-59
-63
-65
-67
-67
-65
-66
-66
-65
-61
-60
-63
-65
-68
-67
-68
-68
-70
-70
-66
-66
-67
-68
-71
-73
-74
-74
-73
-70
-70
-71
-74
-73
-69
-65
-67
-70
-72
-70
-70
-71
-74
-72
-69
-67
-69
-72
-76
-77
-78
-78
-78
-75
-75
-76
-77
-77
-77
-77
-79
-81
-80
-79
-80
-80
-81
-81
-84
-84
-85
-84
-82
-83
-85
-84
-83
-83
-83
-84
-84
-84
-84
-83
-79
-75
-74
-74
-77
-79
-77
-75
-73
-72
-72
-74
-73
-75
-74
-74
-75
-75
-76
-76
-74
-75
-76
-78
-80
-82
-81
-82
-80
-78
-78
-77
-79
-81
-81
-80
-80
-79
-78
-79
-78
-77
-77
-76
-76
-75
-74
-72
-69
-68
-71
-72
-70
-68
-67
-68
-68
-66
-65
-66
-66
-66
-64
-62
-60
-60
-58
-60
-62
-62
-62
-61
-62
-64
-66
-68
-68
-67
-66
-66
-67
-67
-68
-70
-71
-73
-74
-73
-73
-71
-70
-70
-72
-73
-71
-69
-66
-67
-70
-72
-71
-70
-71
-72
-71
-68
-68
-71
-73
-73
-71
-70
-72
-75
-75
-74
-73
-75
-75
-78
-79
-78
-79
-77
-75
-75
-78
-78
-78
-80
-80
-79
-79
-78
-76
-73
-73
-72
-73
-76
-74
-73
-73
-74
-76
-74
-74
-73
-74
-74
-73
-72
-68
-67
-67
-70
-70
-67
-64
-63
-65
-67
-66
-65
-64
-65
-67
-68
-69
-68
-67
-66
-67
-64
-63
-63
-65
-68
-66
-64
-64
-65
-66
-66
-66
-66
-66
-64
-64
-65
-65
-66
-66
-63
-63
-61
-61
-64
-67
-68
-69
-69
-69
-70
-70
-69
-68
-69
-70
-71
-72
-69
-70
-70
-70
-70
-70
-70
-70
-72
-71
-72
-71
-72
-73
-72
-71
-72
-71
-73
-73
-73
-75
-72
-71
-67
-67
-68
-70
-70
-69
-69
-70
-68
-68
-66
-65
-67
-69
-69
-71
-72
-72
-71
-69
-68
-68
-69
-70
-70
-69
-66
-66
-65
-65
-66
-63
-62
-62
-63
-65
-65
-64
-63
-64
-64
-65
-62
-60
-61
-62
-62
-60
-58
-56
-57
-57
-59
-59
-58
-58
-58
-58
-60
-59
-60
-60
-60
-59
-57
-56
-55
-54
-55
-54
-55
-55
-56
-58
-56
-55
-53
-52
-53
-54
-54
-54
-54
-52
-53
-52
-51
-51
-50
-48
-48
-45
-47
-49
-49
-49
-51
-51
-50
-49
-47
-50
-48
-51
-53
-55
-56
-56
-54
-51
-51
-52
-54
-53
-54
-54
-56
-58
-55
-52
-53
-54
-57
-59
-57
-56
-57
-58
-58
-57
-55
-55
-54
-55
-57
-55
-54
-54
-54
-52
-49
-50
-52
-50
-50
-53
-55
-58
-59
-58
-56
-58
-60
-61
-60
-57
-57
-57
-56
-54
-54
-52
-52
-54
-56
-55
-55
-54
-52
-53
-52
-53
-50
-50
-50
-51
-51
-50
-51
-53
-54
-53
-52
-52
-52
-54
-55
-57
-59
-60
-60
-57
-54
-54
-54
-54
-55
-56
-58
-59
-59
-57
-57
-60
-61
-61
-61
-62
-60
-59
-59
-60
-59
-56
-57
-59
-61
-61
-61
-63
-62
-62
-62
-60
-62
-64
-63
-63
-62
-61
-61
-60
-59
-59
-58
-61
-63
-64
-66
-67
-65
-67
-67
-68
-69
-68
-69
-69
-70
-70
-70
-71
-72
-72
-71
-70
-70
-70
-70
-69
-71
-72
-72
-72
-68
-66
-68
-69
-70
-69
-71
-72
-74
-75
-74
-74
-75
-77
-79
-79
-79
-79
-80
-80
-79
-78
-76
-74
-73
-73
-73
-74
-74
-73
-73
-75
-77
-78
-79
-81
-81
-81
-80
-79
-79
-78
-78
-80
-81
-82
-82
-82
-81
-82
-80
-80
-79
-79
-77
-76
-78
-80
-80
-78
-76
-75
-75
-79
-81
-80
-81
-82
-84
-85
-84
-83
-82
-82
-83
-83
-83
-81
-78
-76
-79
-80
-83
-84
-84
-84
-84
-83
-83
-88
-87
-88
-87
-86
-88
-91
-91
-91
-89
-91
-92
-94
-95
-93
-91
-91
-92
-95
-94
-94
-96
-96
-100
-100
-98
-98
-98
-99
-100
-100
-100
-102
-103
-104
-103
-100
-96
-94
-96
-100
-102
-99
-97
-97
-100
-100
-100
-99
-99
-101
-103
-101
-100
-99
-98
-99
-99
-99
-97
-101
-104
-103
-103
-101
-100
-100
-100
-100
-99
-99
-100
-103
-102
-102
-102
-104
-105
-103
-102
-101
-101
-102
-104
-105
-105
-104
-104
-105
-105
-103
-103
-104
-104
-102
-101
-102
-102
-102
-99
-99
-98
-99
-97
-96
-96
-95
-97
-96
-96
-95
-94
-95
-94
-95
-95
-95
-94
-96
-96
-95
-97
-94
-94
-95
-97
-100
-102
-102
-99
-98
-97
-99
-100
-99
-98
-99
-99
-97
-97
-97
-98
-97
-95
-94
-96
-99
-99
-100
-100
-101
-101
-103
-103
-103
-101
-103
-103
-103
-103
-102
-100
-100
-103
-105
-106
-105
-104
-106
-105
-106
-104
-101
-102
-102
-103
-103
-102
-103
-105
-104
-104
-107
-106
-106
-105
-105
-104
-104
-104
-104
-102
-101
-102
-102
-100
-101
-99
-98
-101
-103
-102
-101
-101
-102
-104
-101
-101
-102
-103
-104
-106
-104
-102
-101
-98
-99
-99
-98
-101
-100
-100
-98
-97
-96
-93
-94
-93
-92
-91
-95
-99
-98
-95
-93
-93
-95
-96
-94
-92
-91
-91
-91
-91
-92
-91
-90
-90
-90
-93
-94
-94
-92
-90
-89
-89
-89
-92
-92
-91
-92
-93
-96
-99
-99
-97
-96
-98
-99
-98
-95
-94
-94
-96
-97
-97
-94
-94
-94
-98
-99
-99
-99
-97
-97
-98
-98
-99
-99
-99
-100
-101
-99
-99
-99
-99
-99
-100
-101
-100
-101
-100
-99
-99
-99
-99
-101
-101
-100
-100
-100
-100
-103
-105
-105
-103
-103
-103
-106
-105
-103
-103
-101
-102
-103
-102
-104
-105
-101
-100
-101
-101
-105
-107
-106
-105
-103
-102
-101
-101
-99
-100
-100
-99
-100
-101
-100
-98
-95
-95
-96
-98
-97
-94
-94
-95
-97
-97
-97
-96
-95
-96
-96
-96
-98
-96
-96
-95
-99
-99
-97
-96
-99
-100
-101
-101
-101
-101
-101
-100
-99
-100
-100
-103
-105
-105
-105
-106
-107
-108
-107
-105
-105
-105
-106
-109
-113
-113
-110
-110
-112
-112
-112
-111
-109
-108
-107
-106
-106
-105
-108
-110
-109
-110
-110
-110
-111
-110
-110
-110
-110
-112
-112
-115
-114
-111
-107
-107
-109
-109
-110
-108
-107
-108
-112
-113
-112
-111
-112
-113
-113
-111
-109
-109
-110
-110
-110
-112
-113
-111
-112
-113
-113
-113
-113
-111
-110
-110
-108
-108
-109
-107
-109
-108
-106
-106
-105
-103
-105
-105
-105
-103
-106
-106
-107
-108
-106
-107
-106
-107
-107
-108
-106
-104
-105
-105
-105
-105
-104
-102
-104
-106
-106
-104
-102
-100
-100
-102
-100
-97
-96
-97
-100
-102
-100
-100
-100
-100
-102
-103
-104
-103
-102
-101
-101
-101
-105
-104
-101
-101
-105
-108
-110
-109
-107
-106
-108
-107
-103
-103
-104
-106
-108
-109
-111
-111
-108
-107
-107
-109
-111
-111
-113
-113
-110
-108
-107
-109
-112
-113
-113
-112
-114
-113
-111
-111
-111
-111
-110
-107
-108
-109
-109
-109
-108
-108
-111
-111
-110
-109
-110
-113
-113
-111
-109
-108
-109
-109
-110
-110
-109
-109
-111
-111
-112
-110
-110
-112
-113
-115
-114
-113
-113
-113
-114
-114
-113
-112
-111
-111
-110
-110
-109
-109
-108
-108
-110
-112
-114
-113
-112
-113
-112
-110
-110
-112
-112
-110
-111
-111
-112
-111
-111
-109
-110
-110
-113
-116
-115
-116
-116
-114
-113
-110
-109
-111
-113
-114
-114
-115
-116
-116
-117
-115
-115
-114
-113
-112
-113
-115
-118
-116
-113
-111
-113
-114
-111
-111
-112
-110
-111
-113
-112
-110
-110
-108
-106
-108
-109
-111
-111
-110
-109
-109
-111
-111
-113
-111
-111
-112
-115
-113
-112
-111
-112
-112
-110
-109
-109
-111
-113
-115
-111
-110
-112
-113
-114
-112
-110
-108
-106
-107
-107
-107
-107
-106
-107
-106
-106
-106
-106
-106
-104
-103
-102
-103
-103
-101
-100
-101
-103
-102
-104
-105
-105
-104
-103
-104
-106
-108
-108
-107
-103
-99
-98
-98
-100
-100
-99
-98
-101
-103
-105
-101
-101
-103
-106
-105
-103
-101
-104
-109
-108
-104
-103
-106
-107
-107
-105
-105
-107
-109
-108
-107
-107
-107
-106
-105
-104
-105
-107
-107
-108
-109
-106
-105
-105
-107
-110
-110
-111
-111
-111
-112
-110
-108
-108
-109
-109
-107
-106
-105
-106
-106
-107
-105
-107
-106
-106
-104
-102
-101
-102
-102
-103
-103
-101
-103
-105
-105
-106
-105
-105
-104
-103
-101
-100
-100
-102
-99
-98
-97
-97
-97
-96
-94
-95
-96
-98
-99
-98
-97
-97
-99
-96
-95
-92
-93
-94
-95
-93
-90
-89
-91
-92
-91
-92
-89
-88
-87
-88
-88
-88
-86
-85
-84
-83
-85
-87
-86
-83
-82
-85
-86
-87
-86
-84
-82
-81
-80
-81
-80
-82
-81
-80
-78
-78
-77
-78
-79
-79
-79
-78
-75
-72
-76
-76
-78
-78
-75
-73
-74
-75
-76
-74
-73
-76
-77
-78
-79
-77
-78
-80
-78
-77
-77
-74
-75
-74
-74
-75
-76
-75
-74
-74
-76
-77
-78
-75
-74
-75
-77
-76
-74
-72
-73
-73
-76
-76
-75
-75
-76
-77
-78
-78
-77
-77
-77
-78
-77
-77
-75
-78
-79
-81
-82
-79
-76
-76
-76
-79
-82
-82
-82
-83
-81
-83
-81
-80
-80
-81
-81
-82
-83
-83
-84
-83
-83
-82
-81
-81
-80
-80
-81
-83
-83
-83
-83
-86
-86
-86
-85
-86
-87
-87
-86
-83
-84
-85
-85
-83
-81
-80
-78
-77
-78
-80
-83
-82
-79
-77
-77
-78
-78
-77
-75
-75
-76
-79
-79
-76
-74
-75
-77
-77
-78
-77
-77
-76
-74
-72
-66
-66
-70
-71
-70
-68
-68
-68
-68
-67
-67
-68
-70
-69
-67
-66
-68
-69
-68
-68
-67
-66
-66
-66
-64
-65
-65
-68
-69
-68
-65
-66
-67
-68
-70
-67
-67
-66
-69
-71
