182
179
175
170
157
137
125
100
84
76
59
52
27
7
-13
-30
-40
-59
-75
-82
-78
-60
-41
-31
-17
0
20
40
53
57
61
69
87
113
136
154
162
180
201
215
213
209
202
208
220
226
228
217
213
207
204
190
165
137
108
90
71
55
33
7
-12
-22
-31
-44
-72
-94
-115
-122
-127
-144
-159
-180
-199
-204
-218
-231
-258
-284
-304
-323
-334
-360
-382
-402
-421
-431
-441
-438
-448
-403
-356
-318
-269
-276
-242
-214
-178
-132
-111
-87
-41
-5
47
103
112
153
138
132
141
139
139
143
135
155
189
192
210
194
190
187
167
148
134
103
87
70
49
44
15
-3
-23
-34
-44
-62
-85
-98
-102
-91
-72
-67
-46
-28
-1
26
39
51
60
67
85
107
132
154
168
191
217
236
248
246
248
252
256
262
262
256
252
248
243
239
216
193
165
140
116
93
70
45
21
3
-8
-31
-53
-78
-105
-113
-135
-145
-167
-184
-206
-228
-240
-269
-285
-319
-336
-365
-379
-415
-423
-454
-459
-470
-483
-467
-483
-425
-410
-326
-312
-282
-251
-232
-164
-138
-94
-80
-26
-2
74
111
135
173
163
166
168
164
159
170
146
184
193
210
224
209
212
206
182
162
146
104
91
55
43
33
12
-7
-24
-36
-49
-59
-87
-96
-105
-97
-84
-83
-76
-60
-34
-2
22
45
61
78
101
116
146
163
178
204
224
253
264
269
278
290
300
304
301
292
292
279
281
271
241
226
198
184
164
130
104
82
54
35
7
-28
-45
-92
-108
-122
-140
-108
-158
-203
-221
-265
-264
-272
-324
-357
-398
-435
-449
-455
-516
-494
-554
-567
-533
-564
-472
-445
-384
-316
-281
-255
-188
-170
-118
-43
-56
14
75
112
211
240
219
295
247
258
270
196
228
200
172
221
214
211
244
200
212
213
142
134
94
39
38
-11
-47
-43
-91
-82
-78
-109
-99
-117
-127
-119
-136
-135
-119
-127
-110
-79
-40
9
32
65
110
155
180
197
212
239
256
274
299
313
332
335
359
369
384
371
421
457
391
346
330
288
251
225
174
183
157
137
126
88
58
41
-22
-80
-127
-183
-181
-215
-227
-213
-241
-248
-276
-299
-312
-373
-434
-474
-549
-577
-639
-669
-655
-659
-657
-591
-582
-479
-338
-274
-157
-107
-45
65
95
66
181
173
273
325
303
421
446
430
443
387
334
331
149
110
61
6
35
-17
-52
19
12
-1
-5
-108
-76
-130
-206
-216
-233
-213
-188
-211
-153
-58
-45
-13
-33
-9
32
11
-3
30
64
111
141
163
245
279
307
314
328
345
346
316
313
316
311
307
288
295
300
286
262
261
247
241
208
184
186
176
175
161
154
173
172
170
175
162
151
126
103
68
45
-19
-78
-107
-139
-172
-188
-242
-252
-280
-327
-365
-427
-491
-553
-615
-679
-710
-771
-789
-794
-796
-746
-718
-676
-556
-374
-206
-35
58
175
337
424
433
425
429
496
547
533
564
581
603
561
471
370
287
112
-52
-198
-273
-288
-339
-386
-359
-275
-233
-215
-265
-242
-218
-218
-250
-248
-193
-116
-75
-33
75
170
225
207
213
245
254
194
149
134
169
175
151
157
190
221
209
195
195
215
201
183
179
202
219
215
222
254
293
299
297
297
331
324
305
267
266
269
248
215
184
199
184
173
132
107
87
50
-4
-39
-86
-138
-188
-225
-217
-238
-264
-279
-301
-283
-325
-384
-436
-491
-551
-598
-654
-706
-711
-766
-729
-709
-668
-626
-570
-450
-211
-57
86
217
299
503
552
515
488
488
506
552
466
466
479
456
421
308
190
116
-77
-253
-355
-449
-443
-495
-538
-455
-336
-258
-184
-209
-121
-49
-51
-58
-74
-37
47
59
92
191
237
310
282
275
290
264
173
100
32
38
26
-20
10
46
115
149
164
197
257
248
256
236
254
291
272
291
318
361
388
395
383
421
395
357
287
238
218
162
92
40
42
50
50
5
0
2
-15
-53
-114
-169
-187
-235
-247
-259
-248
-239
-235
-223
-222
-227
-303
-339
-459
-474
-619
-646
-768
-749
-807
-751
-745
-658
-591
-501
-278
-111
101
169
293
384
559
505
485
396
458
507
476
402
391
427
413
317
131
67
-68
-214
-410
-506
-526
-486
-549
-512
-397
-226
-127
-122
-96
20
91
70
10
2
99
131
120
126
215
293
319
254
262
257
214
94
-6
-38
-34
-81
-115
-66
27
122
138
183
262
346
346
319
307
351
367
332
314
342
395
409
399
397
424
396
323
239
186
151
70
-21
-56
-43
-27
-45
-79
-35
-5
-5
-54
-117
-129
-142
-191
-204
-233
-192
-181
-183
-168
-167
-198
-263
-367
-454
-536
-650
-768
-838
-875
-838
-803
-752
-643
-498
-245
-26
136
259
362
483
595
532
464
408
429
484
451
381
390
412
424
332
159
58
-84
-242
-411
-543
-579
-551
-582
-509
-379
-206
-61
-21
38
162
226
211
137
89
160
179
156
139
182
272
313
258
235
212
154
52
-81
-142
-164
-205
-229
-194
-94
18
90
163
285
391
450
441
437
459
462
421
369
363
397
419
409
410
412
421
376
301
235
163
85
-8
-75
-84
-80
-80
-59
-28
53
100
84
67
32
21
-11
-84
-133
-161
-153
-154
-153
-161
-179
-201
-272
-341
-463
-573
-709
-829
-910
-974
-977
-942
-859
-728
-554
-280
-14
199
365
475
625
714
658
553
469
465
504
438
365
363
409
438
352
172
58
-63
-231
-413
-599
-659
-643
-658
-599
-468
-281
-75
4
106
248
341
342
264
192
225
220
153
101
111
204
252
213
183
173
142
62
-86
-182
-221
-270
-286
-277
-187
-61
44
149
290
424
526
547
547
577
576
534
457
404
412
435
399
394
389
421
413
346
274
214
129
37
-55
-104
-97
-112
-93
-42
41
131
145
161
161
158
113
29
-69
-87
-139
-144
-205
-203
-205
-198
-275
-330
-439
-508
-637
-762
-893
-950
-1001
-975
-934
-852
-658
-487
-139
100
363
519
679
784
900
775
698
545
547
500
431
306
310
329
355
242
80
-21
-144
-303
-506
-661
-730
-700
-753
-642
-528
-276
-104
24
145
350
437
469
357
322
327
285
176
93
83
170
192
144
124
117
120
39
-85
-177
-209
-261
-278
-287
-202
-101
19
135
301
451
580
615
656
680
675
606
499
438
424
402
368
340
354
382
366
323
264
206
127
18
-66
-99
-132
-134
-133
-66
53
133
189
237
249
294
209
117
18
-51
-106
-174
-229
-245
-226
-248
-293
-356
-421
-468
-591
-709
-800
-916
-915
-984
-945
-870
-755
-575
-313
-23
281
482
665
838
978
980
852
684
587
546
412
275
150
157
188
141
14
-88
-181
-269
-454
-618
-734
-754
-782
-759
-662
-463
-248
-80
75
286
478
560
528
468
460
428
315
159
81
91
116
70
21
33
74
67
-9
-108
-160
-213
-254
-308
-290
-225
-146
-37
108
290
481
578
661
726
779
770
665
549
483
444
383
304
232
242
273
265
231
176
127
101
21
-31
-87
-136
-125
-104
-24
57
112
190
270
348
349
299
188
146
75
-18
-109
-216
-245
-250
-306
-321
-406
-424
-494
-568
-654
-749
-836
-906
-937
-927
-863
-775
-661
-388
-69
229
500
632
862
1011
1044
929
717
602
531
363
206
20
3
29
-8
-101
-174
-221
-278
-405
-556
-645
-684
-722
-714
-646
-475
-262
-121
63
276
481
615
601
564
558
512
401
215
79
42
17
-34
-82
-79
-27
-4
-37
-91
-124
-183
-249
-296
-296
-253
-197
-135
31
238
436
552
633
750
845
851
746
618
546
493
386
254
160
149
153
136
91
85
99
78
43
-2
-29
-39
-70
-70
-17
36
114
170
257
356
393
391
346
293
245
120
5
-111
-162
-243
-277
-366
-385
-420
-464
-514
-584
-652
-732
-833
-882
-910
-918
-865
-804
-633
-346
-67
192
436
623
878
985
981
848
710
598
470
252
83
-68
-79
-96
-129
-205
-206
-239
-267
-346
-461
-525
-574
-613
-572
-533
-397
-249
-108
106
299
465
583
594
607
611
524
393
215
88
32
-30
-116
-153
-161
-89
-65
-93
-112
-128
-150
-164
-222
-232
-217
-174
-83
43
181
335
450
598
743
820
821
763
695
661
554
393
241
144
120
75
17
-16
9
59
83
67
66
66
73
58
56
68
103
134
191
272
355
402
389
372
345
303
212
82
-18
-97
-167
-244
-329
-391
-426
-492
-542
-608
-689
-748
-840
-884
-894
-895
-871
-805
-675
-401
-134
94
333
520
781
935
904
817
683
611
507
283
96
-29
-48
-38
-114
-187
-188
-189
-204
-273
-380
-409
-437
-483
-462
-439
-330
-212
-126
51
225
377
491
483
521
564
511
400
232
112
87
6
-94
-168
-183
-119
-96
-136
-147
-150
-140
-144
-195
-198
-176
-150
-84
9
130
280
377
508
652
738
787
744
702
678
586
458
307
205
150
87
15
-21
2
31
61
68
93
145
130
134
137
156
211
198
238
302
350
405
387
396
403
349
289
175
105
21
-84
-191
-288
-325
-411
-463
-542
-598
-608
-701
-756
-827
-872
-877
-906
-887
-820
-699
-488
-248
-18
237
447
651
822
876
830
741
632
545
406
216
76
6
-7
-25
-118
-143
-142
-155
-170
-272
-328
-344
-405
-408
-422
-378
-283
-229
-113
48
188
323
362
402
481
484
418
304
194
158
99
-8
-75
-114
-84
-62
-89
-90
-80
-94
-93
-143
-149
-128
-140
-105
-43
61
181
267
361
495
613
678
680
656
656
624
519
400
282
221
161
79
40
35
64
85
92
129
171
195
191
183
210
225
233
238
273
332
364
393
407
425
430
351
293
195
117
26
-107
-196
-269
-339
-380
-477
-512
-558
-604
-666
-734
-778
-826
-848
-863
-871
-790
-743
-556
-355
-141
115
284
526
704
790
815
718
684
608
470
328
154
108
71
17
-45
-89
-76
-83
-133
-205
-262
-291
-353
-398
-434
-394
-339
-295
-203
-92
56
186
245
333
394
431
420
344
297
262
201
135
52
16
21
2
-26
-44
-56
-58
-84
-120
-127
-143
-143
-135
-108
-32
47
121
224
331
447
527
557
584
598
582
534
450
383
332
272
216
168
149
163
157
162
175
196
228
223
232
251
264
286
280
308
350
377
399
402
407
406
345
285
203
139
29
-66
-180
-256
-306
-398
-447
-535
-558
-605
-662
-706
-764
-786
-817
-847
-842
-828
-750
-673
-482
-286
-78
151
324
536
701
753
760
700
677
606
480
339
221
185
149
65
-15
-55
-71
-98
-170
-253
-295
-328
-360
-388
-388
-340
-300
-244
-153
-51
73
148
203
289
353
388
361
315
311
301
249
177
108
93
85
37
-17
-53
-74
-86
-126
-164
-179
-188
-184
-160
-113
-43
29
112
219
318
401
456
494
542
563
546
517
479
457
423
360
303
269
251
235
207
198
219
239
253
254
262
296
313
326
339
353
373
379
372
362
343
306
254
189
124
43
-40
-113
-185
-231
-303
-346
-410
-446
-487
-530
-565
-609
-637
-670
-682
-703
-714
-697
-686
-641
-561
-436
-265
-108
57
227
432
573
655
663
658
681
628
527
392
288
273
188
104
11
-50
-42
-97
-153
-205
-236
-232
-274
-292
-280
-262
-230
-226
-177
-102
-35
8
45
124
206
247
249
254
295
315
289
227
193
178
139
74
6
-29
-51
-94
-134
-155
-154
-151
-163
-145
-85
-28
25
68
140
241
311
355
398
462
526
540
523
508
517
506
462
407
382
370
335
293
278
286
289
273
274
299
323
315
295
298
305
299
260
231
230
217
200
155
129
102
68
-7
-65
-123
-186
-216
-307
-324
-358
-404
-408
-460
-461
-483
-537
-559
-623
-621
-679
-693
-710
-691
-622
-526
-374
-220
-34
148
331
521
613
670
688
697
685
586
469
349
310
240
140
45
-13
-20
-52
-119
-161
-187
-180
-233
-277
-292
-283
-272
-286
-269
-211
-142
-90
-59
20
107
175
199
217
270
316
316
274
242
238
212
142
65
13
-25
-74
-137
-178
-183
-186
-188
-168
-109
-42
11
61
148
253
332
373
418
483
554
572
564
558
578
589
553
504
476
466
441
390
346
320
296
257
217
198
192
178
164
176
199
212
212
220
245
262
243
203
187
169
136
66
4
-33
-66
-113
-170
-208
-229
-264
-315
-375
-397
-462
-500
-567
-641
-653
-711
-753
-748
-757
-707
-654
-570
-407
-225
-35
149
334
514
661
721
738
757
725
664
549
409
358
267
178
88
-3
-24
-71
-141
-178
-215
-214
-245
-278
-285
-276
-275
-295
-304
-275
-229
-193
-173
-108
-15
71
133
174
242
312
340
324
299
289
258
181
94
19
-27
-88
-156
-190
-183
-164
-153
-137
-74
11
83
134
196
282
368
417
447
490
547
579
587
576
581
585
555
515
463
426
388
325
277
241
215
192
156
151
156
162
165
173
204
231
240
241
254
278
280
263
239
224
206
156
97
35
-15
-75
-130
-189
-235
-269
-336
-364
-419
-449
-486
-546
-561
-583
-595
-585
-609
-567
-548
-503
-461
-418
-314
-204
-52
77
201
360
452
578
603
591
630
551
535
428
313
276
181
124
44
-47
-49
-118
-150
-200
-235
-226
-251
-276
-286
-281
-258
-262
-253
-238
-188
-148
-125
-76
-20
48
92
119
175
226
257
259
244
260
238
193
130
75
42
-1
-49
-68
-65
-36
-10
29
94
170
235
296
351
419
471
489
491
504
522
516
489
456
452
454
425
384
352
343
327
290
262
245
247
234
219
222
235
250
255
267
295
304
308
293
293
286
250
210
171
148
110
57
4
-42
-74
-122
-178
-222
-260
-286
-328
-353
-394
-389
-416
-413
-403
-406
-371
-365
-335
-309
-289
-285
-287
-289
-271
-223
-162
-98
4
93
231
322
392
421
459
476
462
397
305
243
189
121
37
-48
-85
-103
-139
-152
-181
-163
-162
-168
-172
-170
-170
-177
-198
-190
-180
-164
-170
-145
-96
-40
-2
27
78
151
198
213
212
230
245
229
202
181
181
172
151
135
144
152
153
148
172
207
231
244
272
317
363
382
396
425
460
470
459
449
451
444
415
383
365
359
340
316
306
315
319
311
295
301
307
297
272
260
257
247
216
186
176
172
151
124
98
95
79
40
1
-33
-62
-95
-139
-175
-176
-196
-203
-209
-211
-198
-201
-215
-221
-221
-249
-266
-304
-335
-344
-388
-404
-412
-423
-364
-309
-228
-123
-42
74
192
272
322
353
369
394
368
313
264
232
199
149
75
35
2
-37
-86
-129
-149
-161
-195
-224
-224
-214
-205
-215
-213
-186
-157
-148
-141
-111
-60
-24
2
32
92
157
203
234
279
324
347
340
330
331
315
274
225
200
191
165
128
115
136
168
186
214
267
337
388
420
453
497
520
522
511
505
493
464
415
385
363
333
295
259
244
233
211
187
180
187
193
178
174
186
198
192
178
170
179
167
149
128
126
122
106
82
81
76
57
29
9
4
4
-34
-54
-72
-89
-92
-145
-161
-188
-224
-241
-292
-314
-331
-383
-391
-414
-411
-430
-427
-418
-343
-273
-208
-122
-31
79
173
198
266
296
327
336
274
268
246
207
155
91
55
37
-29
-74
-125
-128
-152
-179
-206
-187
-174
-160
-169
-155
-126
-107
-102
-88
-53
-15
9
20
61
115
167
191
223
266
316
331
341
348
366
355
327
296
287
262
229
202
202
219
226
231
261
314
361
387
402
433
462
471
452
430
414
390
348
303
266
241
205
174
156
158
157
146
143
160
178
180
175
185
211
223
218
214
224
231
220
202
194
187
177
148
126
120
93
56
28
5
-7
-33
-76
-104
-124
-162
-197
-251
-277
-309
-351
-385
-420
-440
-448
-485
-488
-481
-488
-472
-463
-400
-335
-252
-173
-74
31
131
182
249
306
346
357
333
307
301
272
206
153
93
68
3
-57
-106
-125
-149
-173
-210
-191
-184
-175
-177
-169
-144
-122
-117
-106
-72
-32
-5
15
68
124
185
218
258
305
360
381
392
397
412
400
376
347
329
305
266
230
209
201
192
184
191
227
260
284
303
336
371
387
377
376
373
365
337
301
277
256
218
190
168
166
159
144
147
162
184
195
196
216
240
256
261
263
279
286
277
264
258
252
236
195
166
140
107
59
10
-33
-51
-91
-124
-150
-168
-191
-218
-253
-278
-290
-342
-379
-414
-445
-457
-487
-514
-510
-508
-495
-485
-448
-381
-312
-222
-146
-42
65
143
208
263
326
360
358
339
318
311
284
213
160
105
62
-6
-75
-131
-156
-176
-202
-215
-191
-169
-152
-131
-105
-63
-36
-26
-16
20
50
72
86
126
177
226
256
290
328
370
384
386
392
395
383
355
331
314
288
249
219
206
210
198
189
196
226
255
266
275
302
334
353
358
360
365
361
343
316
295
267
234
193
167
155
147
137
142
165
200
221
244
275
311
336
340
340
341
336
317
284
252
223
182
145
105
69
27
-13
-54
-77
-110
-140
-173
-189
-206
-223
-249
-264
-287
-298
-325
-349
-363
-389
-408
-429
-440
-443
-445
-450
-431
-406
-338
-287
-205
-123
-31
59
147
199
258
303
333
352
336
318
301
277
239
202
153
127
80
36
-4
-28
-50
-66
-89
-81
-73
-68
-66
-59
-38
-19
-9
-7
18
44
71
82
117
157
205
231
263
302
351
376
389
397
408
412
386
361
341
324
294
264
242
240
232
230
233
255
275
290
298
321
345
360
358
352
354
345
329
304
288
271
251
225
217
205
201
197
207
226
248
262
280
302
325
334
333
329
318
293
253
213
168
122
73
32
-1
-26
-60
-84
-96
-97
-105
-113
-124
-123
-129
-147
-170
-188
-212
-242
-272
-316
-327
-364
-388
-411
-420
-429
-421
-432
-421
-402
-391
-327
-284
-208
-127
-44
40
136
183
253
309
340
372
358
352
351
335
302
264
212
191
136
81
35
-7
-42
-74
-111
-119
-120
-127
-120
-107
-70
-49
-26
0
42
78
103
109
148
178
205
224
244
283
316
332
349
374
391
399
383
385
380
369
339
321
317
317
298
282
283
299
305
297
301
310
324
319
310
306
305
291
276
261
255
236
216
205
210
210
202
192
203
218
224
220
226
241
245
238
222
215
202
174
135
107
83
60
23
-7
-29
-44
-65
-84
-95
-94
-104
-112
-122
-131
-143
-169
-196
-218
-247
-279
-302
-333
-340
-366
-385
-392
-388
-388
-374
-379
-364
-330
-306
-249
-194
-123
-38
42
117
199
251
323
359
379
390
377
369
357
314
283
247
195
156
92
56
20
-21
-53
-80
-97
-95
-118
-114
-97
-82
-56
-43
-15
32
66
93
122
153
201
219
241
271
307
336
348
364
403
431
441
440
442
462
454
434
413
398
384
356
317
303
288
268
253
246
256
261
253
254
259
262
257
241
238
237
229
216
209
207
204
193
190
190
193
191
181
183
183
178
170
163
161
157
134
117
100
79
55
17
-17
-44
-72
-99
-117
-125
-127
-132
-131
-129
-127
-129
-141
-151
-173
-198
-233
-257
-283
-317
-342
-369
-374
-383
-380
-379
-353
-332
-300
-258
-205
-138
-70
-1
82
149
210
259
304
345
362
358
343
337
319
298
252
219
172
125
68
23
-16
-43
-75
-92
-98
-101
-93
-91
-69
-48
-25
-9
20
54
92
113
139
175
214
250
276
303
338
368
389
409
427
444
452
453
456
451
436
416
395
379
355
324
298
274
256
240
221
215
210
206
207
210
217
223
223
228
229
225
211
194
187
178
158
142
133
129
131
125
132
142
148
148
145
146
143
126
104
79
59
30
-8
-38
-65
-86
-113
-123
-126
-120
-121
-121
-117
-108
-112
-128
-141
-154
-172
-192
-228
-243
-268
-288
-306
-325
-310
-332
-309
-322
-296
-286
-255
-226
-171
-121
-62
1
57
112
161
189
224
252
249
263
238
241
221
207
180
163
128
111
65
41
16
-6
-26
-41
-48
-46
-36
-39
-11
-8
20
32
67
91
126
149
183
209
240
260
282
316
332
354
365
388
405
417
408
419
408
402
376
355
340
324
298
276
261
247
242
227
225
219
218
208
206
201
201
189
180
171
169
157
144
133
126
125
119
118
120
125
124
131
133
138
138
135
129
126
111
94
73
49
24
-3
-31
-50
-67
-82
-86
-88
-83
-87
-83
-90
-77
-92
-99
-118
-124
-141
-161
-189
-208
-217
-239
-251
-263
-263
-257
-258
-257
-240
-232
-215
-204
-172
-144
-94
-61
-4
35
77
99
126
141
155
149
136
137
128
124
106
105
93
92
65
59
45
42
34
28
31
38
43
43
53
64
82
86
99
108
132
146
168
183
213
232
257
275
301
326
342
360
372
384
380
379
369
370
356
343
327
319
307
296
278
264
255
240
228
214
201
188
175
160
154
145
141
136
138
137
135
133
140
143
144
143
141
147
143
145
142
144
142
135
126
120
109
94
76
56
36
12
-12
-28
-42
-50
-60
-65
-63
-60
-59
-65
-67
-78
-84
-106
-116
-133
-142
-161
-174
-183
-186
-194
-201
-201
-197
-189
-187
-185
-185
-182
-191
-185
-192
-184
-188
-175
-161
-132
-105
-74
-41
1
37
65
94
112
136
143
148
144
144
134
123
105
92
78
62
55
51
60
67
73
84
108
126
149
164
183
202
217
227
237
249
259
264
268
276
285
295
308
321
334
343
346
354
356
359
352
339
327
305
282
260
238
218
200
178
167
154
146
142
140
142
148
151
155
163
166
168
168
171
172
170
166
158
156
155
150
147
141
135
131
122
115
102
83
66
45
25
10
-8
-20
-30
-40
-46
-50
-51
-49
-46
-50
-47
-52
-55
-60
-76
-80
-89
-98
-108
-115
-126
-129
-138
-142
-141
-148
-143
-152
-150
-153
-154
-159
-156
-159
-151
-143
-131
-109
-96
-72
-54
-30
-7
16
35
57
73
89
97
103
109
112
114
116
112
115
113
112
113
113
116
122
133
142
156
162
177
185
202
214
228
241
253
264
274
282
288
293
297
310
313
322
322
328
327
324
320
315
303
287
272
253
239
223
207
190
181
174
170
164
165
168
174
180
181
185
193
198
199
197
195
194
190
184
176
172
166
160
148
143
135
128
118
106
93
80
65
51
42
28
20
9
3
-3
-12
-20
-24
-29
-29
-39
-45
-49
-51
-54
-56
-62
-65
-68
-76
-79
-90
-96
-108
-117
-125
-126
-131
-127
-123
-118
-116
-113
-112
-108
-101
-97
-89
-87
-76
-74
-65
-58
-45
-32
-18
-3
14
35
52
64
74
83
92
99
107
113
116
119
121
126
129
134
133
140
143
154
160
169
176
186
201
217
234
250
265
275
285
285
292
289
290
285
282
278
281
275
275
269
266
259
251
240
236
228
216
201
187
180
169
160
150
148
149
152
151
159
164
173
178
184
189
191
187
183
177
175
167
156
147
138
134
125
115
101
90
75
63
46
35
22
14
7
2
-1
-7
-11
-13
-13
-20
-28
-40
-43
-47
-52
-57
-60
-61
-69
-76
-84
-84
-89
-93
-100
-97
-98
-99
-102
-101
-99
-98
-97
-93
-85
-81
-74
-75
-66
-66
-61
-59
-51
-47
-35
-31
-21
-10
0
18
32
51
65
81
84
98
95
107
104
109
107
113
113
121
125
132
143
148
160
167
183
194
208
218
236
240
254
253
261
263
265
264
262
257
254
251
243
239
229
226
217
215
211
209
199
196
185
181
176
171
167
159
158
157
160
160
163
163
169
169
173
173
173
173
171
168
165
159
151
146
134
124
107
96
81
70
57
49
39
32
25
21
18
13
7
-2
-7
-14
-24
-35
-45
-55
-61
-64
-66
-66
-66
-64
-64
-66
-70
-71
-78
-80
-83
-80
-75
-73
-70
-68
-65
-63
-61
-61
-58
-58
-55
-53
-47
-42
-43
-42
-39
-37
-34
-32
-32
-23
-16
-12
-3
6
16
23
31
40
52
60
68
78
87
97
105
114
120
129
132
138
141
151
157
164
169
180
187
195
202
211
218
222
222
223
225
225
227
223
220
213
209
200
198
190
181
174
170
167
164
156
150
149
143
139
134
131
130
128
126
127
124
128
127
129
131
134
134
134
131
128
124
119
112
99
87
73
63
51
40
28
20
12
9
2
-5
-10
-16
-24
-34
-44
-54
-59
-64
-68
-69
-74
-77
-80
-83
-83
-81
-81
-78
-76
-72
-69
-67
-65
-67
-64
-64
-63
-62
-62
-61
-59
-58
-59
-59
-59
-59
-60
-60
-61
-56
-53
-48
-46
-41
-38
-32
-27
-19
-10
-3
8
14
24
33
40
46
56
62
71
77
82
89
93
97
105
109
114
121
127
137
148
157
162
168
177
184
186
187
186
187
186
184
184
180
176
174
168
165
161
154
148
144
144
139
138
135
136
134
133
129
126
126
123
119
119
119
117
117
113
112
108
105
100
95
88
84
78
74
68
59
53
45
38
29
19
10
6
-2
-8
-14
-22
-25
-33
-38
-44
-47
-49
-51
-53
-53
-53
-55
-56
-59
-55
-55
-51
-51
-51
-51
-47
-46
-44
-42
-42
-38
-40
-43
-44
-44
-44
-42
-46
-43
-43
-40
-34
-32
-30
-30
-33
-29
-27
-28
-25
-25
-20
-11
-4
3
9
12
18
21
30
42
52
60
65
72
82
86
89
92
95
101
101
102
106
111
117
124
127
135
142
148
150
149
151
154
153
154
153
152
153
153
154
152
152
149
144
141
140
139
136
130
123
118
109
103
99
95
93
90
89
89
89
86
84
81
80
82
83
82
79
74
70
68
64
61
55
46
38
32
24
18
11
3
0
-8
-9
-11
-15
-16
-20
-25
-27
-32
-36
-35
-38
-36
-37
-36
-34
-32
-28
-24
-24
-17
-18
-16
-18
-19
-18
-19
-20
-24
-29
-32
-34
-33
-31
-30
-24
-25
-22
-22
-18
-14
-12
-13
-6
-3
4
10
17
25
29
35
35
37
42
45
46
51
52
56
58
62
64
68
73
78
80
79
80
81
84
86
88
93
100
108
114
117
122
129
135
139
144
143
143
140
137
136
134
134
130
129
129
128
124
116
110
107
104
102
96
94
91
88
86
83
83
84
83
85
86
88
85
82
80
78
75
73
71
69
68
61
54
49
42
37
30
25
20
16
13
9
10
6
4
4
1
5
6
4
3
-1
-1
-4
-6
-8
-10
-9
-5
-4
-1
0
2
1
0
0
-5
-4
-6
-10
-12
-15
-17
-20
-18
-15
-12
-4
0
5
10
13
19
20
22
24
25
26
30
31
35
36
36
38
41
48
52
56
61
62
65
62
63
60
62
63
62
67
71
76
82
86
91
96
99
102
101
103
105
108
110
110
107
106
106
104
102
101
99
97
93
89
88
84
87
84
80
78
77
77
77
75
74
73
70
68
68
67
67
65
66
64
65
64
61
61
60
60
59
57
54
49
45
41
37
33
30
27
25
27
27
26
23
23
24
24
25
23
23
22
21
16
13
12
11
10
10
11
11
12
7
4
1
1
1
3
2
3
5
4
6
6
5
5
7
6
10
10
11
12
14
14
16
20
19
25
30
32
36
37
40
43
46
49
49
51
51
57
60
63
65
67
71
73
74
73
73
75
77
79
78
79
78
82
82
84
84
85
88
88
89
88
86
85
85
86
84
81
81
81
77
78
77
79
78
76
75
73
75
75
72
68
65
62
62
58
60
57
55
53
51
52
51
53
48
46
46
45
45
42
44
43
44
41
36
33
29
28
21
19
14
10
12
10
12
13
9
8
9
7
4
1
-6
-7
-9
-6
-8
-10
-8
-9
-7
-6
-7
-6
-7
-2
-5
-2
1
0
2
5
5
3
6
4
3
4
6
4
7
4
3
5
6
8
11
15
16
16
17
22
23
28
30
26
27
29
31
35
36
36
34
34
36
38
38
38
41
41
41
39
35
34
35
33
32
29
33
36
37
39
37
36
35
35
37
34
35
34
32
31
30
30
28
27
24
25
23
23
22
20
19
16
16
12
13
9
4
5
6
8
7
5
3
5
8
11
12
10
11
7
4
6
3
4
2
-3
-3
-6
-7
-11
-13
-15
-14
-17
-21
-22
-19
-19
-18
-21
-21
-22
-22
-24
-24
-22
-23
-22
-25
-26
-24
-24
-24
-22
-20
-17
-18
-21
-20
-19
-18
-18
-18
-15
-16
-17
-19
-19
-15
-13
-10
-13
-8
-6
-3
-2
-1
0
7
14
17
18
19
17
19
23
26
26
26
25
22
23
21
20
19
18
17
15
14
12
10
10
11
13
14
14
14
12
9
10
10
12
11
10
7
2
4
3
2
-2
-2
-1
0
4
3
5
4
0
0
1
-1
-5
-9
-9
-10
-8
-6
-7
-9
-8
-7
-8
-8
-7
-7
-6
-7
-8
-6
-5
-6
-10
-10
-14
-15
-16
-20
-23
-26
-29
-31
-31
-32
-33
-34
-30
-26
-22
-23
-24
-25
-26
-24
-21
-19
-17
-18
-18
-23
-26
-26
-25
-24
-26
-23
-23
-20
-16
-14
-14
-14
-15
-15
-15
-13
-13
-15
-14
-16
-17
-15
-13
-12
-13
-11
-8
-6
-2
-3
0
2
7
12
14
16
16
16
15
14
12
12
10
8
9
7
7
8
7
4
4
2
2
2
1
0
0
2
2
1
-1
-3
-5
-6
-8
-9
-10
-8
-5
-5
-4
-5
-9
-6
-5
-3
-3
-5
-5
-8
-7
-5
-5
-7
-7
-6
-7
-7
-8
-13
-15
-14
-11
-11
-9
-6
-6
-4
-2
-6
-12
-13
-16
-19
-23
-28
-32
-32
-32
-31
-32
-32
-31
-30
-28
-28
-28
-25
-23
-23
-23
-23
-24
-24
-22
-21
-18
-18
-21
-22
-22
-21
-19
-17
-19
-19
-18
-16
-15
-13
-13
-13
-14
-15
-17
-20
-20
-18
-15
-15
-16
-17
-13
-11
-8
-5
-1
3
5
4
5
6
6
4
3
3
2
2
1
2
4
4
3
3
3
0
-3
-5
-8
-9
-8
-8
-8
-11
-11
-13
-14
-12
-12
-14
-13
-13
-13
-13
-16
-14
-13
-13
-15
-17
-16
-13
-12
-13
-14
-15
-13
-13
-14
-14
-14
-15
-14
-13
-12
-10
-9
-10
-12
-13
-13
-14
-16
-17
-18
-20
-20
-23
-26
-28
-28
-29
-32
-34
-36
-38
-36
-35
-32
-31
-28
-25
-24
-21
-20
-18
-15
-14
-11
-9
-7
-8
-12
-11
-10
-9
-8
-10
-12
-12
-12
-13
-11
-8
-9
-8
-8
-10
-8
-7
-4
-4
-4
-4
-3
-2
-1
-2
-2
-3
-2
0
3
7
4
3
0
1
2
6
7
7
8
9
10
8
7
7
10
15
15
15
16
17
18
17
14
10
11
9
8
4
-2
-5
-2
-1
3
3
1
-3
-5
-4
-3
-4
-5
-7
-7
-5
-4
-4
-2
1
1
3
2
2
1
2
1
2
4
1
0
-3
-5
-6
-6
-8
-10
-9
-10
-11
-12
-13
-13
-12
-11
-11
-10
-10
-11
-11
-10
-9
-6
-3
0
-2
-1
0
0
0
1
-1
1
3
1
1
-3
-3
-3
-5
-4
-2
-3
-3
-1
-3
-1
1
0
0
0
-1
-2
0
2
3
5
4
4
3
4
2
1
1
1
0
0
-1
-3
-4
-2
-2
-1
0
0
1
2
5
8
12
14
16
17
16
18
19
17
18
18
18
17
15
11
10
9
5
5
5
3
2
2
1
1
0
0
-1
3
5
7
6
3
2
3
6
7
7
5
5
7
6
6
3
1
2
0
0
-2
-3
-4
-5
-5
-7
-7
-8
-8
-9
-9
-9
-10
-9
-7
-6
-6
-6
-4
-3
-2
-1
-1
0
2
2
2
2
1
1
1
0
1
0
1
2
3
3
1
1
1
2
1
1
1
0
2
4
5
5
4
3
2
3
4
2
1
2
2
4
4
3
3
5
4
5
5
4
2
2
2
3
3
4
4
1
-1
1
1
4
5
7
9
12
15
17
16
14
13
12
12
11
8
6
6
4
4
3
3
2
3
0
-2
0
0
2
0
-5
-7
-5
-4
-5
-5
-4
-5
-3
-2
-3
-1
0
1
2
1
0
-2
-3
-3
-4
-6
-8
-10
-10
-10
-13
-13
-14
-15
-15
-14
-13
-13
-11
-12
-11
-9
-8
-6
-5
-5
-6
-6
-6
-4
-3
-3
-5
-7
-6
-7
-8
-8
-8
-8
-11
-11
-11
-9
-7
-6
-8
-7
-5
-3
-3
-3
-2
1
0
-2
-3
-2
0
1
3
1
1
-1
1
1
4
7
7
6
4
1
1
-2
-3
-5
-3
-2
-1
-1
-1
-1
-1
1
4
4
4
5
5
5
4
2
4
5
5
4
1
-1
0
-1
-1
-1
-1
-2
-2
-3
-3
-4
-5
-5
-4
-1
1
0
1
0
-1
0
2
3
1
1
2
1
2
1
-4
-6
-6
-5
-7
-10
-14
-15
-17
-18
-21
-21
-18
-17
-15
-15
-12
-10
-9
-9
-8
-5
-3
0
0
-4
-5
-4
-4
-2
-1
-3
-5
-5
-7
-9
-9
-7
-6
-6
-6
-6
-5
-5
-5
-2
1
1
1
0
2
2
0
1
2
1
1
-1
-2
-1
-2
-4
-6
-6
-3
-2
-4
-7
-8
-6
-3
-3
-3
-4
-2
0
1
0
-1
-2
-2
-1
-1
-2
-4
-3
-2
0
1
2
0
-2
-1
0
0
-2
-3
-6
-8
-9
-9
-10
-8
-8
-8
-10
-10
-8
-8
-8
-8
-7
-8
-8
-8
-10
-10
-10
-11
-14
-15
-17
-16
-14
-13
-17
-19
-20
-19
-18
-18
-16
-14
-15
-15
-17
-20
-22
-24
-23
-25
-25
-26
-27
-27
-25
-25
-24
-23
-23
-24
-25
-24
-20
-19
-18
-19
-20
-19
-19
-21
-19
-16
-13
-12
-12
-11
-10
-11
-11
-13
-14
-13
-12
-12
-10
-10
-9
-6
-8
-9
-9
-11
-11
-14
-18
-26
-29
-31
-28
-29
-27
-26
-23
-18
-17
-15
-16
-13
-12
-11
-11
-14
-14
-14
-14
-15
-13
-13
-13
-12
-15
-17
-20
-21
-23
-25
-24
-24
-22
-23
-22
-23
-19
-18
-19
-21
-23
-24
-25
-24
-26
-26
-26
-27
-27
-28
-28
-29
-27
-28
-30
-32
-37
-38
-37
-37
-38
-38
-38
-36
-34
-32
-30
-29
-30
-30
-32
-32
-32
-32
-31
-29
-26
-25
-28
-28
-30
-31
-32
-34
-37
-38
-40
-42
-43
-46
-47
-44
-42
-41
-38
-36
-34
-35
-34
-34
-34
-34
-35
-32
-29
-28
-26
-26
-28
-26
-26
-26
-26
-26
-29
-32
-32
-33
-34
-32
-31
-33
-31
-32
-29
-29
-26
-26
-27
-28
-30
-31
-32
-32
-34
-34
-32
-28
-25
-20
-21
-21
-24
-23
-23
-22
-24
-23
-25
-24
-23
-26
-28
-29
-30
-29
-28
-30
-28
-27
-25
-26
-28
-31
-30
-29
-30
-29
-28
-28
-28
-28
-28
-28
-26
-27
-30
-31
-35
-38
-40
-42
-41
-41
-38
-36
-34
-34
-32
-33
-34
-38
-38
-35
-36
-36
-38
-36
-31
-27
-26
-27
-26
-28
-27
-27
-31
-35
-37
-37
-38
-37
-37
-36
-36
-34
-33
-33
-33
-33
-33
-33
-34
-34
-32
-32
-32
-31
-29
-27
-24
-23
-25
-24
-23
-23
-27
-31
-33
-32
-32
-31
-33
-32
-32
-30
-28
-27
-29
-30
-28
-29
-31
-31
-31
-33
-33
-34
-35
-35
-32
-34
-31
-29
-28
-30
-31
-32
-33
-31
-32
-29
-28
-26
-26
-29
-29
-29
-29
-30
-31
-33
-36
-38
-39
-41
-40
-40
-42
-40
-37
-35
-33
-33
-36
-35
-34
-35
-35
-36
-35
-35
-34
-34
-36
-39
-40
-40
-42
-42
-42
-44
-46
-47
-46
-46
-47
-47
-47
-46
-45
-43
-44
-43
-41
-39
-39
-40
-41
-42
-41
-39
-39
-40
-40
-41
-40
-41
-41
-43
-42
-44
-46
-46
-45
-45
-46
-45
-47
-46
-42
-41
-43
-41
-39
-40
-41
-42
-40
-39
-38
-40
-40
-40
-40
-42
-46
-46
-43
-39
-37
-37
-37
-38
-38
-34
-37
-37
-40
-42
-42
-41
-40
-39
-37
-36
-37
-34
-35
-37
-39
-40
-39
-38
-38
-37
-37
-32
-33
-31
-33
-35
-36
-38
-39
-41
-42
-43
-42
-40
-38
-36
-36
-41
-39
-42
-40
-39
-44
-44
-46
-47
-45
-44
-40
-37
-39
-39
-39
-40
-41
-42
-47
-49
-47
-46
-45
-47
-49
-51
-50
-50
-49
-47
-47
-46
-43
-44
-47
-48
-49
-48
-46
-44
-43
-43
-43
-44
-45
-46
-44
-44
-44
-45
-45
-44
-42
-44
-46
-46
-47
-47
-45
-44
-44
-47
-47
-45
-45
-46
-47
-46
-45
-43
-41
-43
-44
-45
-43
-43
-42
-41
-41
-43
-42
-42
-42
-40
-42
-43
-46
-45
-44
-43
-44
-46
-46
-44
-45
-46
-49
-48
-47
-46
-48
-51
-53
-53
-53
-52
-50
-49
-50
-51
-54
-56
-56
-56
-52
-52
-55
-57
-56
-56
-52
-50
-51
-53
-54
-56
-55
-54
-55
-56
-58
-59
-59
-59
-59
-59
-56
-57
-58
-58
-59
-58
-58
-56
-58
-60
-60
-59
-60
-60
-61
-63
-64
-66
-66
-65
-66
-66
-66
-65
-64
-66
-68
-68
-68
-67
-68
-67
-68
-68
-66
-67
-68
-67
-66
-63
-63
-64
-65
-63
-62
-62
-63
-63
-64
-64
-65
-63
-64
-63
-64
-66
-66
-66
-68
-67
-66
-67
-66
-65
-64
-65
-69
-71
-70
-67
-67
-68
-68
-70
-70
-68
-66
-66
-67
-67
-66
-65
-68
-69
-69
-68
-68
-70
-70
-72
-73
-71
-72
-72
-71
-70
-70
-73
-74
-73
-70
-70
-71
-73
-75
-74
-74
-73
-74
-75
-74
-74
-75
-75
-73
-74
-73
-75
-76
-77
-78
-77
-79
-80
-83
-83
-82
-81
-77
-76
-75
-76
-76
-76
-75
-75
-76
-75
-73
-74
-76
-76
-74
-73
-74
-76
-78
-78
-78
-79
-83
-83
-81
-81
-81
-82
-83
-81
-79
-80
-80
-79
-77
-77
-78
-80
-79
-80
-76
-75
-75
-76
-74
-74
-76
-76
-74
-74
-73
-74
-75
-76
-75
-76
-78
-80
-79
-80
-79
-78
-78
-77
-76
-76
-79
-77
-78
-79
-81
-83
-85
-83
-82
-82
-80
-78
-78
-77
-79
-80
-81
-83
-84
-84
-82
-82
-82
-82
-82
-82
-81
-80
-78
-78
-78
-80
-81
-78
-77
-78
-78
-80
-80
-80
-81
-82
-85
-85
-83
-80
-79
-79
-79
-81
-81
-83
-84
-85
-83
-81
-82
-84
-84
-80
-79
-83
-86
-87
-87
-84
-83
-84
-86
-87
-84
-82
-79
-79
-81
-83
-83
-82
-81
-82
-82
-83
-81
-83
-82
-81
-80
-82
-81
-78
-80
-83
-83
-82
-78
-77
-77
-76
-76
-76
-75
-74
-74
-73
-73
-73
-71
-70
-67
-66
-66
-70
-71
-72
-73
-74
-72
-72
-72
-70
-70
-67
-66
-67
-67
-70
-69
-69
-71
-69
-70
-70
-67
-68
-68
-67
-73
-70
-67
-69
-62
-65
-66
-64
-67
-66
-67
-68
-64
-63
-63
-62
-62
-62
-64
-61
-62
-61
-61
-62
-64
-59
-67
-63
-66
-66
-64
-64
-61
-67
-58
-65
-63
-60
-68
-63
-59
-67
-52
-66
-59
-62
-63
-58
-62
-63
-63
-61
-59
-60
-61
-62
-67
-60
-64
-65
-60
-67
-64
-62
-67
-58
-63
-62
-56
-63
-56
-60
-57
-58
-55
-55
-53
-51
-56
-56
-56
-57
-58
-60
-63
-59
-57
-56
-55
-53
-55
-52
-53
-52
-51
-54
-52
-51
-54
-53
-54
-55
-53
-52
-52
-49
-51
-50
-47
-49
-49
-49
-50
-49
-49
-49
-49
-47
-47
-49
-49
-52
-50
-48
-48
-48
-49
-51
-49
-47
-47
-46
-47
-50
-49
-49
-47
-47
-50
-52
-52
-54
-52
-53
-55
-55
-55
-55
-54
-54
-56
-59
-58
-57
-55
-55
-56
-57
-56
-57
-56
-57
-56
-55
-56
-55
-57
-57
-57
-55
-55
-56
-56
-56
-57
-58
-58
-58
-56
-55
-54
-56
-58
-57
-57
-58
-59
-63
-64
-60
-57
-56
-57
-57
-57
-56
-59
-58
-56
-55
-54
-57
-56
-55
-55
-56
-57
-56
-55
-54
-53
-54
-57
-59
-58
-56
-54
-54
-54
-53
-53
-51
-53
-53
-52
-51
-51
-52
-51
-49
-50
-52
-54
-53
-51
-52
-52
-51
-49
-47
-46
-47
-47
-49
-50
-50
-48
-47
-47
-45
-46
-45
-45
-47
-49
-48
-46
-44
-45
-46
-46
-47
-45
-46
-47
-49
-48
-46
-46
-46
-49
-50
-49
-46
-44
-44
-46
-48
-47
-46
-46
-48
-50
-47
-46
-45
-46
-48
-48
-46
-44
-44
-46
-48
-46
-46
-46
-47
-47
-47
-47
-47
-48
-49
-50
-51
-50
-48
-46
-45
-46
-46
-47
-45
-46
-48
-50
-48
-44
-42
-44
-48
-48
-48
-45
-44
-43
-42
-41
-41
-40
-41
-44
-45
-45
-42
-43
-42
-41
-41
-41
-39
-37
-37
-38
-39
-40
-41
-38
-38
-37
-36
-38
-37
-37
-37
-39
-42
-42
-41
-39
-39
-38
-39
-39
-38
-37
-37
-38
-38
-36
-33
-32
-34
-33
-33
-33
-33
-32
-31
-32
-32
-30
-32
-32
-30
-32
-33
-35
-36
-34
-33
-33
-35
-35
-35
-36
-37
-39
-39
-38
-37
-36
-35
-34
-35
-33
-32
-35
-37
-37
-36
-34
-34
-35
-38
-36
-33
-33
-33
-34
-35
-35
-35
-34
-35
-34
-37
-36
-36
-35
-35
-35
-35
-35
-34
-35
-34
-32
-31
-32
-34
-37
-34
-35
-36
-35
-36
-36
-36
-35
-35
-35
-35
-35
-34
-33
-32
-32
-34
-33
-34
-33
-31
-27
-27
-27
-27
-27
-26
-25
-26
-26
-27
-29
-28
-29
-29
-29
-28
-27
-28
-28
-28
-26
-27
-27
-27
-23
-23
-27
-29
-28
-24
-26
-26
-24
-25
-24
-28
-28
-29
-30
-30
-31
-29
-27
-28
-28
-27
-27
-28
-31
-31
-27
-30
-28
-27
-32
-27
-32
-30
-28
-30
-26
-30
-31
-32
-35
-31
-33
-30
-27
-28
-28
-31
-27
-30
-28
-30
-31
-30
-32
-31
-31
-32
-32
-34
-33
-32
-31
-30
-31
-30
-30
-33
-33
-33
-31
-29
-30
-32
-32
-33
-33
-33
-33
-33
-32
-32
-34
-37
-37
-35
-33
-32
-34
-34
-33
-31
-31
-31
-31
-31
-31
-29
-31
-32
-32
-32
-30
-29
-27
-25
-24
-23
-22
-24
-25
-25
-25
-25
-26
-26
-26
-24
-23
-26
-26
-26
-24
-22
-21
-20
-21
-23
-24
-24
-25
-25
-23
-26
-26
-24
-24
-24
-25
-23
-21
-19
-20
-20
-23
-22
-22
-21
-18
-19
-18
-16
-17
-15
-17
-12
-16
-13
-17
-17
-17
-15
-17
-18
-17
-18
-18
-21
-20
-21
-19
-21
-18
-21
-22
-19
-18
-16
-19
-19
-22
-21
-20
-18
-18
-14
-14
-13
-14
-13
-14
-15
-13
-16
-15
-16
-13
-13
-13
-16
-16
-14
-14
-14
-14
-14
-13
-11
-11
-12
-10
-10
-9
-8
-8
-9
-9
-8
-7
-6
-7
-7
-8
-10
-9
-9
-12
-13
-12
-12
-10
-8
-6
-5
-6
-5
-4
-6
-2
0
2
4
0
0
0
1
2
1
0
-1
2
4
3
2
2
3
6
7
8
7
7
7
6
4
3
2
3
2
2
3
4
7
7
8
9
8
7
7
8
10
9
8
6
4
5
3
2
1
2
3
3
3
4
4
3
5
4
5
4
4
3
2
5
6
7
7
7
7
5
3
3
6
6
6
3
1
2
5
6
5
3
3
5
4
3
2
4
6
7
5
5
6
6
7
4
2
3
5
3
0
0
4
8
7
3
1
0
0
2
2
3
2
1
0
-3
-2
3
6
7
5
4
4
6
8
7
7
8
8
6
4
4
5
3
3
4
5
5
6
6
6
8
6
6
8
8
9
9
9
11
13
12
8
6
6
7
8
10
10
9
12
12
12
10
10
11
10
11
11
11
11
12
11
13
13
14
12
12
10
11
12
12
12
12
14
13
14
13
13
14
12
13
12
11
11
12
11
9
8
8
10
9
9
9
10
13
15
14
12
11
10
12
14
15
15
18
17
17
15
15
15
15
16
15
13
12
14
15
16
17
16
16
16
16
15
13
13
14
14
14
14
12
13
12
13
13
13
11
13
14
14
13
11
11
12
13
14
13
12
12
12
12
15
14
13
13
13
14
16
17
18
18
17
17
19
19
19
20
19
20
21
23
21
21
19
18
18
16
17
15
17
16
16
18
20
21
19
19
17
17
18
19
19
20
17
17
17
18
18
18
19
19
18
17
19
21
20
19
18
16
17
19
19
21
22
21
22
21
20
20
22
25
26
25
26
27
27
27
28
28
27
24
22
22
23
24
25
23
22
22
22
23
23
24
25
24
23
22
23
25
26
27
27
26
26
24
23
25
25
25
27
27
28
27
25
23
23
23
25
26
27
28
31
31
29
28
29
30
29
29
27
27
28
30
30
29
29
30
31
32
30
28
28
28
28
26
26
26
27
27
28
26
25
26
27
28
29
30
29
30
28
27
26
27
29
29
29
29
27
25
28
29
26
25
24
26
27
28
27
26
27
30
29
28
26
28
28
27
28
27
27
27
26
26
27
27
28
27
26
26
27
26
25
23
23
24
23
23
23
23
24
26
27
25
22
22
23
26
26
25
23
24
24
23
23
20
20
20
20
19
20
23
23
22
20
18
18
17
20
20
20
18
18
20
20
21
20
18
18
18
17
17
16
14
14
15
14
18
17
15
14
13
16
18
18
18
18
17
18
19
20
20
18
17
16
18
18
18
19
18
18
19
20
21
22
19
17
17
18
19
18
15
14
14
17
19
17
18
18
18
18
19
19
18
17
15
16
16
16
17
16
17
18
17
17
16
14
15
16
16
14
12
11
11
10
11
12
15
14
14
12
12
12
13
13
13
13
12
11
11
11
11
10
10
10
9
10
8
10
11
10
9
8
6
8
9
11
13
14
13
13
13
13
12
12
14
16
16
14
13
13
14
14
15
11
9
10
11
11
12
12
12
11
11
12
12
13
14
13
13
13
13
13
12
11
11
11
11
12
11
9
9
11
11
12
12
14
15
15
14
13
12
13
13
13
14
14
14
14
14
13
13
11
12
13
13
14
14
15
14
15
13
15
15
15
15
16
15
15
15
17
16
19
20
21
22
22
22
22
21
19
17
15
12
11
10
8
7
6
9
11
14
15
12
12
13
14
12
11
10
11
14
14
16
15
13
11
8
6
4
2
0
-4
-3
-2
1
1
1
4
4
5
6
8
9
11
8
6
6
7
8
8
9
9
8
8
8
8
8
10
10
7
6
5
5
8
7
5
5
7
9
12
13
13
12
13
15
14
13
10
11
11
9
8
8
9
8
8
8
7
5
4
3
2
3
3
4
5
6
6
6
5
5
6
7
8
7
7
5
5
7
6
5
4
5
4
5
6
5
3
4
4
4
2
4
3
2
2
3
2
3
4
2
1
2
1
2
2
1
0
1
2
3
3
2
2
1
3
3
5
6
5
3
3
1
1
2
1
0
-2
-4
-5
-3
-1
0
3
5
7
6
5
3
4
6
4
4
1
2
5
7
7
7
4
3
4
2
0
-3
-5
-4
-1
0
2
1
0
-2
-3
-3
-2
0
0
-2
-1
0
2
1
0
3
4
5
5
3
3
3
4
2
0
-3
-1
2
2
2
2
4
7
11
11
12
11
11
13
12
12
13
15
16
16
15
13
14
15
16
17
16
15
15
15
14
14
15
15
16
19
21
22
19
18
17
18
19
18
16
16
17
17
17
15
15
14
15
16
14
15
17
18
18
17
17
18
16
17
17
17
17
19
18
20
20
20
20
19
20
20
19
18
19
21
23
22
23
24
23
23
23
22
21
22
23
24
26
26
25
24
25
26
28
28
28
26
24
25
25
26
23
21
22
23
25
27
27
28
28
27
25
26
26
25
25
25
25
24
22
20
20
23
25
26
25
23
24
23
22
20
19
20
22
23
22
23
22
23
23
23
22
23
23
19
20
22
22
22
22
20
21
23
25
25
24
24
23
23
24
23
24
24
22
22
24
23
24
24
24
24
24
23
22
22
24
25
24
24
24
25
26
26
24
21
20
20
21
21
23
23
22
21
20
19
18
16
15
17
20
21
19
20
21
22
19
15
11
15
16
18
19
15
23
16
23
24
18
26
14
22
20
19
28
18
20
19
15
18
16
17
15
15
16
18
18
17
17
14
18
16
14
16
15
16
17
14
14
14
14
15
14
16
16
17
16
13
11
12
14
17
16
14
15
14
19
18
17
19
20
20
18
16
15
15
16
17
18
18
17
19
18
15
16
18
19
19
19
18
18
15
16
16
15
17
18
18
17
17
17
19
18
19
20
19
16
15
16
16
16
15
15
16
17
19
18
18
18
17
16
17
19
19
19
20
20
20
18
16
17
19
20
20
19
18
19
18
19
19
19
19
20
21
20
21
21
22
25
25
26
24
21
21
21
21
21
21
22
24
26
25
21
20
22
24
25
24
23
22
21
21
20
20
20
21
21
23
23
25
24
24
22
24
25
25
24
24
23
25
24
23
23
23
24
24
24
25
25
24
23
22
25
24
26
24
23
23
24
25
23
21
21
22
26
29
29
28
28
28
27
26
25
24
27
27
28
29
29
29
29
28
25
26
25
26
27
29
30
29
31
31
34
34
33
31
29
31
31
32
32
31
31
31
34
34
34
32
30
28
30
31
30
29
29
31
33
36
35
33
34
34
34
35
33
31
31
30
31
31
31
31
32
31
32
32
33
32
32
31
30
29
29
32
33
32
34
33
31
30
31
32
32
31
31
31
31
30
29
25
25
30
32
34
33
31
33
32
31
30
30
31
32
32
31
31
31
32
31
32
33
34
35
35
33
33
34
33
32
31
30
33
34
34
32
31
32
31
32
35
35
35
34
31
32
34
34
34
35
37
37
37
35
34
34
33
32
33
36
38
37
36
35
38
37
37
39
40
39
39
38
40
39
39
37
36
35
36
38
39
39
39
39
37
38
37
37
40
40
39
39
38
37
36
36
38
38
38
38
37
37
39
41
39
37
35
37
41
42
41
40
39
39
40
40
38
35
34
36
38
38
35
34
36
34
35
35
34
33
32
32
32
34
34
35
35
33
33
35
38
39
37
36
35
36
36
35
35
35
35
35
35
35
35
34
35
34
35
36
37
36
36
36
34
33
31
30
32
35
34
33
32
33
33
35
35
35
34
32
33
35
36
38
37
34
33
33
36
37
37
35
33
35
38
41
41
39
37
37
36
35
35
36
36
35
36
38
38
36
34
35
34
33
34
35
36
36
37
35
36
34
35
35
37
35
35
36
35
36
37
36
37
36
35
35
35
35
34
36
36
37
37
34
36
38
37
36
33
33
33
33
36
38
38
37
35
36
39
40
42
40
40
39
37
36
35
36
35
35
36
35
35
35
35
34
36
36
36
36
35
35
34
34
35
36
36
35
36
37
37
35
35
37
38
38
40
40
40
39
39
38
36
35
38
41
39
41
40
40
40
39
39
41
41
42
44
43
43
44
45
46
46
43
44
45
44
43
42
42
45
47
47
47
48
49
48
47
45
47
48
48
47
46
45
45
43
44
46
45
46
45
45
45
44
45
45
45
42
41
43
43
44
44
43
44
44
44
44
45
45
44
45
45
46
47
46
45
44
44
42
42
42
41
43
47
49
49
45
43
42
43
46
47
46
46
46
44
45
44
43
44
44
44
46
47
46
45
45
46
47
46
45
46
47
47
48
48
49
50
49
47
48
51
52
52
52
50
51
52
52
52
52
52
52
52
51
51
53
52
52
52
53
54
52
51
51
52
52
53
51
49
48
49
51
53
54
54
53
52
53
53
52
53
54
56
57
55
53
51
51
54
55
54
54
57
59
58
56
56
58
58
57
55
54
56
58
58
58
58
57
58
56
54
55
56
57
57
56
54
53
54
53
55
57
59
60
59
58
55
53
52
52
53
56
56
56
54
54
53
53
53
54
54
54
52
50
52
52
52
49
50
50
50
51
52
52
50
50
52
54
55
54
53
55
56
58
56
55
55
56
58
56
54
53
54
54
55
56
56
57
58
58
58
57
57
57
58
60
61
60
59
60
59
60
60
61
60
61
63
65
64
63
62
63
63
64
64
62
61
61
63
64
65
65
66
68
68
65
65
67
67
67
63
63
65
67
67
67
68
69
70
67
66
65
65
66
64
65
67
68
68
65
64
65
66
68
68
70
70
68
69
68
69
71
70
70
70
68
70
71
71
71
71
69
69
71
70
71
71
69
69
70
70
69
68
69
70
71
70
69
68
68
69
70
70
71
71
71
72
71
70
70
70
69
69
69
69
70
71
73
71
70
70
70
71
73
73
71
71
71
71
69
69
69
70
70
72
71
71
70
70
69
70
70
69
69
68
68
67
68
67
70
71
70
70
70
72
72
70
69
67
67
69
69
69
71
71
69
68
66
66
67
68
68
68
67
66
65
66
65
65
66
67
68
68
68
68
65
64
64
64
64
63
63
64
63
64
63
62
62
62
63
65
65
64
64
64
62
62
62
62
63
63
62
61
62
61
64
64
64
63
63
63
62
60
60
59
59
60
61
62
60
60
58
56
57
56
57
57
57
57
58
56
56
56
55
57
56
55
57
61
61
62
59
57
58
56
58
58
57
58
58
59
56
55
53
54
54
55
58
57
54
54
55
56
57
56
54
54
53
53
53
50
49
48
49
51
52
51
49
50
50
51
50
50
49
50
51
52
50
50
51
49
49
49
49
49
50
51
52
51
49
49
48
49
51
51
50
47
45
46
46
46
47
47
46
44
42
42
43
45
44
43
43
44
44
43
43
43
44
46
45
45
44
44
40
36
37
40
42
42
41
40
39
39
39
39
39
40
40
39
37
35
34
34
36
36
35
34
34
34
35
37
36
35
33
32
31
33
34
33
31
30
33
35
35
36
34
34
34
34
33
33
33
30
31
31
32
31
30
32
32
33
34
32
33
35
36
36
36
35
34
35
36
36
35
35
34
35
36
34
33
31
31
33
36
35
35
34
33
33
36
37
36
35
33
34
36
36
34
34
35
37
36
34
32
33
36
38
37
33
34
37
39
39
38
37
36
37
36
35
34
33
35
36
37
37
34
34
37
38
40
40
35
33
33
37
40
39
38
36
35
36
35
36
36
37
37
37
36
35
34
35
38
39
39
38
39
40
39
37
35
36
37
36
36
37
38
39
39
38
37
36
37
38
38
37
36
37
38
41
41
40
40
40
40
39
39
41
40
40
38
37
39
42
43
42
40
40
40
41
41
42
45
45
41
40
39
39
40
42
42
42
41
41
39
39
41
42
43
42
43
42
43
44
44
42
43
43
41
42
43
45
46
45
46
47
47
48
47
47
47
47
48
49
51
52
51
51
50
48
46
48
48
48
49
50
51
50
49
46
46
46
45
46
46
44
45
47
48
47
45
43
44
46
48
46
45
47
46
47
45
44
45
47
47
46
44
44
46
47
47
47
47
46
46
46
46
48
47
48
48
48
49
50
49
49
49
49
49
48
44
44
45
47
47
46
46
47
49
50
51
51
51
51
51
51
50
50
48
49
50
50
51
50
49
50
50
52
53
52
52
52
51
50
49
49
50
50
51
50
51
51
53
52
52
51
50
48
48
49
48
50
50
49
48
52
54
56
51
48
46
49
54
54
52
50
52
54
55
53
50
50
51
53
54
53
51
51
52
55
54
55
56
56
56
56
55
55
56
60
62
60
59
57
55
57
59
59
60
57
57
57
59
60
59
58
57
57
57
58
60
59
60
59
59
59
59
59
60
59
58
57
55
56
57
56
57
58
59
60
59
57
58
59
61
61
62
60
61
61
62
62
62
62
62
62
64
63
63
64
63
63
62
62
62
61
61
61
61
61
63
62
60
58
58
58
61
62
61
61
63
62
61
62
62
64
63
62
61
63
64
64
63
65
68
67
67
64
62
63
67
67
68
66
65
65
64
64
65
66
67
67
66
66
64
63
63
64
63
65
63
61
61
60
61
63
62
62
61
61
62
62
62
61
60
60
59
58
58
59
59
59
58
58
59
58
60
61
61
61
60
58
57
56
55
56
58
57
58
60
60
59
57
53
50
51
54
54
53
54
54
53
54
52
52
55
54
55
54
54
53
53
53
52
52
52
51
50
50
50
51
51
51
52
51
50
49
49
48
47
46
48
48
48
48
46
45
47
48
47
48
48
49
49
50
50
48
47
48
47
48
48
46
44
44
45
45
45
44
44
45
46
46
45
44
42
42
43
43
44
42
43
45
44
43
41
41
40
41
41
40
41
40
41
40
42
42
42
42
40
38
39
38
38
39
39
41
41
40
37
38
41
41
40
35
36
36
36
36
34
33
35
38
39
37
34
36
38
39
36
36
36
36
36
36
36
35
32
32
30
30
29
30
29
30
31
32
33
34
34
33
35
34
34
33
31
32
35
36
36
35
32
32
33
32
31
29
30
32
34
35
33
33
32
32
31
35
37
35
34
31
30
31
32
30
29
29
29
31
32
31
29
27
27
28
30
29
29
28
29
30
29
28
30
31
30
29
29
31
31
28
27
29
30
30
29
30
30
31
31
31
31
30
31
30
28
28
27
28
28
31
33
34
30
28
28
28
29
27
27
28
30
32
32
29
29
28
27
27
26
28
30
32
30
29
28
28
28
28
28
28
29
30
31
30
29
28
27
25
23
23
24
24
24
25
26
27
27
25
25
25
26
24
24
24
23
23
21
20
22
24
24
23
22
21
21
21
21
21
22
21
20
21
22
25
24
23
24
23
22
22
21
20
20
21
22
22
24
25
23
21
20
20
20
21
20
20
24
25
23
23
23
22
21
21
21
20
19
20
19
20
22
21
20
20
21
21
23
23
23
22
21
21
23
23
23
21
19
19
22
24
24
21
17
14
14
15
16
17
18
18
17
17
18
18
16
16
17
17
18
19
17
16
14
13
15
18
19
18
18
15
16
18
18
17
16
16
15
15
14
15
16
15
12
11
12
14
15
15
14
12
13
10
11
12
11
12
12
12
12
11
9
9
11
13
13
11
9
9
8
9
10
10
12
12
12
10
11
11
10
11
14
15
14
14
13
14
17
18
17
17
17
18
18
17
18
17
17
17
17
18
19
18
19
19
20
19
19
18
19
21
19
19
18
19
20
20
20
21
21
21
19
18
19
22
21
21
21
21
23
21
19
18
20
21
20
19
19
19
21
23
24
25
25
24
24
24
25
25
23
25
25
26
25
23
23
23
23
23
21
22
23
21
21
21
20
20
20
20
21
24
25
26
26
25
26
25
23
23
24
23
23
24
24
24
24
25
25
24
23
24
26
29
30
29
30
31
29
30
30
32
32
31
30
29
28
29
30
31
31
33
31
32
32
32
32
35
35
34
34
34
34
34
33
32
31
33
33
33
32
35
36
34
34
33
34
37
36
35
35
35
35
34
33
33
32
33
36
38
38
37
37
36
37
36
33
31
30
33
37
39
36
33
33
34
37
36
34
33
31
34
35
36
38
34
35
35
37
38
36
36
37
38
37
35
33
33
33
36
36
37
34
34
35
35
34
35
35
35
34
32
32
33
34
34
33
33
33
32
32
31
29
28
31
34
37
35
34
33
34
34
33
33
31
29
30
30
32
33
33
32
30
29
29
31
32
32
33
32
30
33
32
29
31
31
34
35
33
34
34
33
33
33
32
32
31
33
33
31
30
30
31
32
31
30
30
31
31
32
31
30
28
30
30
30
31
30
29
29
28
27
30
30
29
30
30
28
27
25
27
29
30
32
31
30
31
31
29
30
30
30
30
29
28
29
30
30
30
31
30
30
29
28
30
30
29
27
27
27
28
27
28
29
29
29
27
28
31
31
32
32
31
33
34
33
32
30
29
30
30
29
30
31
32
32
32
32
33
33
32
31
32
31
31
30
29
30
29
30
30
30
31
33
35
37
36
33
34
32
33
33
32
31
33
34
36
36
33
30
31
32
34
35
34
33
34
33
34
32
33
32
31
30
32
33
36
36
34
35
34
35
36
36
35
35
35
35
36
36
35
33
32
33
34
36
36
37
35
34
35
34
35
38
38
35
35
36
37
37
36
34
33
33
34
33
33
33
35
36
35
34
35
35
37
37
39
39
36
36
35
33
32
33
35
35
34
32
30
29
30
32
31
31
31
30
29
30
31
34
34
32
30
28
29
33
33
31
30
28
29
29
28
28
26
26
28
29
30
31
30
30
29
30
29
30
27
24
25
25
27
29
26
27
29
30
30
29
28
27
28
28
27
25
24
24
27
27
26
26
28
30
28
27
25
26
25
24
25
25
27
27
26
25
25
25
26
25
25
26
27
28
27
25
23
24
26
26
27
26
25
23
22
20
21
22
22
22
21
21
21
23
23
23
24
24
25
25
25
24
24
25
25
25
24
24
24
23
22
20
20
19
20
21
22
22
22
21
22
21
21
21
21
22
21
22
21
21
20
18
18
17
18
19
18
16
15
16
17
18
16
14
14
14
16
18
18
20
20
20
19
17
18
19
19
18
15
14
11
10
10
9
10
9
9
9
11
11
11
9
8
7
8
8
9
7
5
4
4
4
1
1
-1
1
2
4
4
4
3
2
2
2
1
0
1
1
1
-1
0
-1
1
3
1
-1
1
1
2
0
-2
-1
-2
-2
-2
-3
-6
-7
-6
-7
-6
-6
-6
-5
-5
-5
-4
-5
-8
-9
-9
-8
-5
-4
-7
-8
-7
-8
-10
-12
-13
-8
-4
0
4
4
5
4
0
-4
-8
-12
-14
-13
-15
-16
-17
-20
-22
-22
-19
-16
-13
-8
-6
-4
-5
-6
-8
-8
-10
-9
-7
-4
-4
-4
-4
-5
-4
-6
-10
-13
-13
-12
-11
-12
-15
-17
-18
-17
-14
-13
-12
-12
-12
-8
-3
-3
-4
-7
-10
-8
-7
-7
-7
-8
-6
-4
-4
-7
-8
-11
-12
-12
-13
-10
-9
-7
-9
-11
-13
-12
-9
-7
-5
-5
-3
-2
-1
0
-1
-1
-1
-3
-6
-6
-6
-8
-12
-14
-12
-9
-8
-10
-10
-10
-7
-4
-5
-5
-5
-4
-3
-4
-6
-4
-2
-1
-3
-3
-5
-6
-4
-3
-2
-2
0
1
1
-1
-3
-4
-3
-4
-3
-3
-3
-6
-9
-7
-5
-3
1
3
0
-3
-3
-3
-2
-3
-4
-5
-4
-4
-4
-4
-5
-5
-4
-4
-4
-5
-4
-3
-4
-4
-3
-2
-3
-2
-2
-2
-3
-3
-3
-3
-3
-3
-3
-5
-5
-6
-6
-7
-7
-7
-5
-2
0
-2
-6
-8
-9
-8
-7
-7
-8
-8
-7
-7
-9
-10
-10
-9
-10
-11
-13
-12
-11
-9
-8
-8
-5
-6
-7
-9
-9
-8
-6
-7
-7
-7
-5
-5
-9
-11
-10
-8
-5
-3
-5
-5
-6
-6
-8
-7
-9
-7
-6
-8
-6
-5
-5
-7
-8
-9
-8
-8
-8
-9
-10
-10
-10
-11
-10
-10
-10
-7
-6
-5
-6
-7
-7
-7
-4
-4
-6
-8
-8
-8
-5
-4
-4
-2
-3
-2
-2
-2
-3
-3
-2
-1
-2
-3
-5
-5
-4
-4
-3
-5
-5
-4
-6
-6
-7
-8
-8
-8
-6
-6
-7
-6
-7
-7
-4
-5
-4
-5
-7
-8
-7
-7
-7
-7
-5
-4
-4
-5
-6
-8
-7
-5
-4
-5
-6
-6
-5
-5
-5
-6
-6
-6
-3
-1
-2
-3
-3
-4
-3
-3
-3
-3
-2
-3
-3
-2
-1
0
-2
0
-1
-1
-4
-5
-5
-4
-1
-1
-1
0
0
3
4
4
4
1
2
3
4
2
3
4
5
4
1
0
1
1
2
1
1
2
0
1
-1
0
-1
0
2
2
4
4
3
5
5
6
6
6
7
7
6
6
9
7
4
1
2
5
9
8
5
3
1
1
2
2
4
5
5
6
8
9
9
7
5
5
4
5
7
10
9
8
6
7
8
8
8
9
9
7
7
7
6
8
10
9
8
8
7
9
11
13
12
12
13
13
11
10
11
11
13
15
15
16
16
15
15
11
12
13
12
13
13
12
13
13
13
15
17
17
17
16
16
16
17
18
16
16
13
12
12
13
15
16
17
17
15
15
13
12
11
12
11
12
14
14
16
14
10
10
7
7
7
9
9
10
10
10
11
11
11
11
9
9
9
9
8
6
6
7
6
4
4
4
6
4
4
4
5
6
4
4
2
4
5
6
6
5
2
0
1
2
5
5
5
3
2
2
1
1
1
1
2
1
3
2
0
-1
-1
0
2
4
2
2
3
3
4
1
-1
1
2
2
0
-2
-3
-2
-3
-2
-3
-4
-3
-4
-5
-3
0
-1
-3
-6
-7
-7
-5
-5
-4
-7
-9
-10
-7
-5
-5
-5
-6
-9
-10
-9
-7
-6
-5
-6
-9
-7
-6
-7
-8
-6
-3
-3
-3
-5
-6
-4
-5
-6
-7
-7
-7
-8
-9
-10
-9
-8
-9
-10
-11
-10
-8
-7
-5
-7
-8
-8
-8
-8
-8
-10
-8
-7
-6
-9
-12
-11
-11
-9
-10
-10
-12
-11
-10
-11
-10
-8
-9
-10
-9
-8
-8
-8
-10
-9
-9
-8
-9
-10
-10
-11
-13
-15
-13
-11
-11
-11
-13
-13
-14
-15
-17
-18
-17
-14
-13
-14
-14
-14
-14
-13
-12
-12
-12
-14
-15
-12
-10
-9
-9
-11
-12
-11
-10
-12
-12
-12
-10
-10
-11
-13
-14
-13
-13
-13
-14
-14
-14
-15
-14
-13
-14
-16
-17
-18
-16
-16
-14
-12
-13
-14
-13
-13
-14
-14
-16
-16
-15
-16
-17
-21
-19
-17
-16
-15
-17
-17
-16
-14
-15
-16
-16
-16
-16
-16
-17
-15
-13
-14
-13
-11
-12
-12
-13
-14
-15
-15
-15
-14
-16
-16
-16
-18
-17
-15
-16
-16
-16
-17
-18
-16
-16
-15
-14
-15
-15
-16
-15
-15
-18
-18
-18
-17
-16
-15
-15
-19
-20
-20
-19
-16
-16
-19
-19
-19
-16
-16
-19
-22
-25
-21
-18
-17
-20
-20
-20
-22
-24
-26
-26
-24
-21
-21
-20
-21
-22
-25
-26
-26
-24
-23
-23
-25
-25
-26
-25
-25
-25
-26
-26
-24
-23
-25
-26
-27
-26
-26
-26
-27
-27
-28
-28
-28
-27
-27
-27
-26
-25
-26
-30
-32
-32
-29
-29
-31
-33
-32
-30
-28
-28
-30
-31
-31
-32
-30
-30
-31
-30
-27
-26
-26
-28
-30
-31
-30
-31
-30
-28
-29
-30
-31
-31
-30
-29
-29
-31
-31
-32
-30
-30
-29
-30
-31
-30
-29
-32
-35
-35
-33
-31
-30
-31
-34
-34
-30
-28
-28
-32
-34
-34
-34
-32
-32
-30
-31
-32
-34
-32
-33
-36
-37
-36
-37
-34
-36
-40
-40
-40
-37
-36
-37
-36
-35
-35
-34
-35
-36
-36
-38
-37
-34
-34
-35
-35
-36
-37
-39
-37
-34
-32
-31
-31
-32
-34
-34
-34
-33
-32
-33
-34
-36
-34
-35
-34
-34
-35
-32
-30
-28
-28
-31
-32
-31
-31
-31
-29
-30
-30
-27
-30
-30
-31
-33
-33
-30
-28
-26
-27
-28
-30
-29
-27
-29
-31
-31
-29
-25
-24
-23
-24
-26
-26
-26
-25
-22
-23
-24
-23
-24
-25
-27
-28
-29
-29
-27
-26
-26
-27
-26
-25
-23
-24
-25
-25
-24
-24
-25
-25
-26
-26
-27
-26
-26
-25
-26
-26
-24
-24
-22
-22
-22
-24
-25
-26
-23
-24
-25
-25
-23
-21
-21
-22
-24
-25
-25
-24
-23
-23
-22
-21
-22
-22
-22
-22
-22
-22
-21
-21
-21
-21
-21
-18
-20
-20
-21
-19
-17
-17
-16
-16
-14
-14
-14
-15
-15
-15
-17
-17
-17
-14
-11
-11
-12
-13
-12
-10
-7
-9
-9
-11
-9
-9
-9
-9
-9
-8
-9
-9
-12
-13
-12
-10
-9
-10
-13
-15
-14
-13
-10
-10
-8
-8
-7
-8
-9
-9
-10
-11
-13
-12
-12
-9
-10
-9
-9
-10
-9
-8
-7
-7
-8
-7
-5
-6
-8
-8
-7
-4
-1
-2
-5
-5
-4
-3
-2
-3
-3
-5
-5
-5
-3
-5
-5
-3
-3
-3
-3
-4
-3
-2
-3
-3
-3
-5
-3
-3
-2
-1
-1
-3
-5
-7
-6
-6
-5
-5
-4
-4
-4
-5
-5
-5
-4
-3
-4
-4
-5
-4
-3
-3
-3
-5
-6
-5
-4
-4
-5
-4
-7
-6
-7
-7
-7
-7
-6
-5
-6
-7
-6
-6
-8
-6
-5
-5
-6
-8
-10
-10
-10
-12
-12
-11
-10
-10
-12
-14
-14
-13
-12
-12
-12
-12
-10
-11
-12
-13
-13
-12
-9
-8
-10
-11
-12
-13
-14
-14
-13
-12
-14
-16
-18
-18
-18
-17
-15
-13
-11
-11
-13
-13
-13
-14
-15
-18
-17
-18
-16
-16
-16
-15
-17
-17
-19
-19
-22
-23
-23
-21
-20
-20
-22
-24
-23
-22
-21
-22
-23
-23
-20
-20
-21
-25
-22
-20
-20
-21
-20
-21
-21
-20
-21
-21
-21
-20
-22
-22
-21
-22
-21
-21
-20
-19
-20
-20
-21
-21
-22
-22
-23
-22
-23
-23
-25
-26
-25
-24
-22
-21
-22
-23
-23
-22
-19
-19
-20
-20
-21
-23
-23
-25
-23
-23
-21
-22
-22
-22
-23
-22
-22
-23
-22
-21
-20
-20
-19
-18
-20
-21
-22
-23
-23
-22
-22
-21
-23
-25
-25
-25
-24
-24
-25
-27
-28
-28
-27
-26
-27
-28
-29
-28
-28
-27
-27
-28
-28
-30
-30
-28
-27
-25
-25
-25
-27
-28
-28
-28
-25
-23
-22
-23
-24
-23
-24
-25
-27
-28
-29
-28
-27
-25
-23
-24
-26
-25
-27
-26
-25
-26
-27
-27
-25
-25
-26
-30
-30
-30
-29
-28
-27
-26
-27
-27
-26
-25
-26
-26
-29
-28
-28
-26
-25
-25
-26
-26
-26
-24
-22
-22
-22
-23
-24
-25
-23
-25
-24
-23
-23
-24
-25
-23
-23
-24
-25
-25
-25
-24
-24
-24
-25
-25
-26
-27
-28
-28
-27
-27
-26
-27
-27
-28
-28
-30
-28
-27
-27
-29
-30
-29
-30
-31
-31
-30
-31
-32
-32
-32
-30
-30
-29
-29
-30
-31
-30
-30
-29
-29
-29
-30
-30
-29
-27
-26
-26
-26
-26
-26
-27
-28
-29
-30
-31
-29
-29
-31
-30
-30
-30
-30
-30
-30
-28
-26
-27
-29
-29
-25
-26
-29
-32
-31
-29
-28
-28
-30
-29
-29
-28
-27
-27
-25
-25
-27
-29
-30
-27
-24
-24
-26
-27
-29
-25
-23
-24
-25
-26
-27
-27
-24
-25
-24
-25
-27
-27
-28
-29
-29
-28
-29
-29
-29
-30
-27
-30
-30
-31
-31
-30
-29
-28
-30
-33
-35
-36
-36
-37
-36
-35
-35
-36
-37
-39
-38
-38
-38
-38
-37
-36
-37
-38
-38
-39
-36
-35
-36
-35
-35
-35
-35
-34
-35
-37
-37
-36
-34
-36
-38
-40
-38
-34
-34
-35
-35
-35
-34
-35
-36
-36
-35
-35
-36
-35
-33
-32
-31
-33
-34
-34
-32
-35
-35
-35
-34
-33
-32
-31
-32
-32
-31
-32
-34
-34
-34
-34
-31
-29
-28
-29
-30
-32
-34
-31
-30
-31
-32
-32
-30
-29
-29
-30
-32
-30
-31
-29
-30
-31
-32
-31
-31
-31
-31
-31
-34
-35
-37
-35
-34
-30
-31
-33
-32
-30
-29
-31
-32
-33
-32
-29
-27
-26
-29
-29
-30
-30
-28
-26
-24
-24
-27
-29
-29
-31
-28
-26
-28
-29
-29
-30
-29
-31
-32
-32
-32
-31
-27
-28
-31
-31
-30
-29
-28
-29
-31
-34
-33
-32
-30
-30
-33
-33
-32
-30
-27
-28
-28
-29
-29
-28
-29
-28
-26
-26
-24
-24
-25
-26
-24
-23
-23
-23
-21
-23
-21
-21
-22
-22
-23
-22
-23
-25
-25
-23
-22
-23
-24
-24
-21
-20
-21
-22
-23
-24
-24
-23
-24
-25
-26
-26
-26
-27
-27
-25
-24
-25
-24
-24
-24
-23
-23
-23
-24
-24
-22
-21
-23
-22
-22
-22
-21
-20
-20
-20
-21
-22
-24
-24
-25
-23
-23
-23
-22
-21
-21
-20
-21
-22
-22
-21
-21
-23
-24
-26
-25
-23
-23
-24
-26
-27
-26
-25
-27
-27
-27
-27
-29
-29
-30
-29
-28
-28
-28
-28
-28
-28
-27
-28
-29
-30
-30
-29
-28
-29
-32
-34
-37
-34
-32
-28
-28
-29
-28
-28
-28
-26
-27
-29
-30
-30
-32
-34
-34
-36
-36
-35
-34
-33
-33
-34
-33
-33
-35
-35
-35
-35
-37
-37
-39
-40
-38
-37
-36
-36
-36
-36
-39
-39
-37
-36
-35
-34
-34
-33
-34
-34
-35
-35
-36
-36
-36
-37
-37
-35
-36
-37
-40
-40
-38
-36
-36
-37
-39
-38
-38
-37
-36
-37
-39
-38
-37
-36
-36
-39
-42
-44
-43
-40
-39
-40
-43
-42
-40
-39
-38
-39
-42
-43
-43
-42
-42
-42
-44
-44
-44
-46
-49
-49
-45
-43
-43
-44
-43
-42
-42
-43
-45
-47
-47
-44
-45
-46
-46
-47
-47
-49
-48
-49
-51
-52
-51
-50
-49
-50
-51
-53
-54
-55
-55
-52
-50
-49
-50
-50
-52
-51
-51
-50
-50
-49
-51
-50
-48
-46
-46
-47
-46
-47
-46
-45
-44
-43
-43
-44
-45
-45
-45
-44
-45
-46
-50
-51
-50
-47
-48
-49
-48
-47
-48
-48
-51
-52
-50
-46
-47
-48
-48
-48
-48
-49
-51
-53
-53
-49
-48
-47
-45
-47
-47
-45
-46
-46
-45
-46
-44
-44
-44
-43
-42
-44
-44
-45
-44
-44
-44
-46
-44
-44
-45
-44
-44
-45
-45
-46
-47
-48
-47
-46
-47
-47
-48
-46
-46
-48
-49
-50
-50
-49
-50
-52
-52
-50
-47
-46
-47
-49
-49
-49
-48
-45
-47
-50
-51
-49
-48
-47
-47
-48
-49
-49
-49
-49
-49
-47
-49
-49
-48
-48
-48
-48
-48
-49
-49
-51
-51
-51
-47
-46
-46
-47
-48
-47
-45
-45
-47
-47
-48
-46
-46
-47
-48
-46
-44
-43
-42
-45
-46
-46
-44
-46
-44
-42
-42
-41
-39
-39
-39
-40
-40
-41
-40
-38
-38
-39
-39
-39
-39
-36
-38
-39
-41
-41
-40
-38
-38
-38
-36
-36
-36
-36
-36
-35
-34
-35
-37
-39
-40
-39
-37
-36
-35
-38
-39
-38
-39
-41
-41
-40
-39
-40
-42
-43
-40
-41
-41
-40
-40
-39
-38
-36
-37
-37
-38
-39
-36
-36
-34
-36
-36
-36
-37
-38
-38
-38
-38
-38
-41
-42
-41
-41
-42
-43
-44
-44
-42
-43
-41
-42
-43
-43
-41
-42
-41
-43
-45
-47
-46
-45
-44
-43
-44
-44
-43
-45
-44
-45
-45
-43
-42
-41
-42
-42
-42
-43
-43
-44
-44
-44
-44
-42
-40
-41
-41
-41
-40
-40
-41
-43
-43
-44
-42
-43
-42
-42
-43
-45
-46
-46
-46
-45
-46
-47
-45
-45
-44
-45
-48
-48
-47
-45
-44
-44
-43
-43
-45
-43
-40
-40
-43
-45
-45
-43
-41
-40
-42
-40
-39
-39
-40
-39
-41
-42
-42
-43
-44
-44
-44
-46
-45
-46
-45
-47
-47
-49
-47
-45
-46
-47
-48
-49
-47
-46
-48
-48
-49
-49
-49
-49
-48
-47
-46
-48
-50
-48
-47
-44
-44
-46
-45
-44
-43
-40
-42
-42
-43
-44
-44
-42
-42
-41
-39
-42
-41
-51
-34
-52
-33
-47
-43
-37
-45
-32
-43
-40
-43
-45
-39
-43
-43
-45
-45
-40
-40
-38
-43
-47
-43
-46
-40
-42
-44
-41
-42
-39
-40
-37
-41
-36
-39
-39
-38
-37
-35
-34
-34
-37
-39
-40
-39
-40
-39
-39
-37
-36
-36
-38
-38
-39
-39
-39
-41
-40
-39
-40
-41
-43
-41
-40
-39
-39
-39
-40
-39
-37
-37
-38
-40
-40
-39
-39
-40
-39
-40
-38
-38
-38
-41
-41
-43
-44
-42
-40
-40
-38
-39
-41
-43
-43
-44
-44
-44
-43
-43
-43
-42
-44
-43
-43
-44
-43
-44
-44
-43
-41
-40
-39
-40
-43
-44
-44
-43
-42
-42
-43
-42
-42
-43
-44
-46
-44
-42
-42
-42
-44
-43
-43
-43
-43
-41
-42
-43
-41
-42
-43
-44
-43
-42
-42
-42
-44
-45
-43
-45
-47
-45
-42
-39
-40
-41
-40
-39
-37
-39
-38
-37
-37
-37
-38
-37
-36
-36
-38
-39
-38
-38
-38
-39
-39
-37
-34
-37
-37
-40
-40
-40
-40
-41
-42
-40
-38
-37
-39
-39
-39
-38
-38
-38
-39
-40
-40
-39
-38
-37
-36
-37
-37
-37
-39
-38
-36
-35
-36
-35
-36
-35
-35
-33
-36
-38
-37
-38
-40
-40
-40
-41
-42
-43
-41
-39
-38
-39
-42
-43
-43
-41
-40
-41
-42
-42
-42
-40
-39
-37
-37
-39
-38
-37
-37
-37
-38
-40
-39
-40
-41
-38
-37
-38
-38
-38
-37
-36
-37
-37
-38
-36
-33
-33
-33
-36
-36
-37
-38
-39
-40
-39
-39
-38
-40
-39
-39
-41
-43
-44
-43
-43
-42
-41
-41
-40
-39
-40
-40
-40
-38
-35
-33
-34
-37
-41
-41
-38
-35
-35
-36
-35
-36
-36
-36
-37
-36
-35
-34
-35
-35
-34
-33
-33
-34
-35
-34
-34
-34
-32
-35
-35
-35
-35
-35
-35
-35
-35
-36
-37
-37
-36
-35
-36
-34
-32
-31
-32
-34
-36
-37
-37
-37
-36
-35
-34
-33
-34
-35
-34
-32
-30
-29
-30
-31
-32
-32
-32
-28
-26
-27
-27
-29
-31
-31
-31
-32
-33
-30
-28
-26
-27
-26
-28
-29
-29
-29
-26
-27
-26
-28
-27
-29
-30
-31
-32
-30
-29
-29
-27
-25
-26
-24
-24
-26
-29
-29
-31
-32
-31
-31
-29
-30
-30
-30
-32
-31
-30
-29
-29
-29
-29
-28
-28
-26
-26
-28
-29
-29
-29
-30
-29
-30
-29
-27
-25
-25
-27
-30
-30
-27
-23
-22
-23
-25
-27
-25
-24
-24
-25
-24
-24
-23
-23
-24
-22
-22
-22
-21
-23
-23
-22
-21
-21
-20
-22
-21
-19
-19
-19
-18
-17
-16
-17
-18
-20
-20
-21
-22
-19
-17
-17
-18
-18
-18
-18
-14
-14
-14
-12
-13
-14
-14
-15
-16
-13
-12
-13
-13
-13
-14
-12
-12
-12
-14
-14
-13
-11
-11
-11
-11
-13
-12
-11
-10
-10
-10
-10
-9
-10
-9
-10
-11
-12
-10
-10
-9
-7
-6
-6
-6
-6
-9
-7
-7
-8
-10
-13
-11
-11
-11
-10
-10
-10
-9
-11
-10
-9
-11
-12
-12
-12
-12
-11
-11
-10
-10
-11
-11
-11
-11
-11
-12
-14
-16
-16
-13
-12
-12
-12
-11
-13
-11
-8
-6
-7
-9
-12
-13
-13
-11
-10
-11
-9
-9
-8
-10
-12
-10
-11
-11
-12
-12
-11
-8
-8
-10
-11
-12
-10
-10
-11
-10
-9
-8
-6
-7
-8
-9
-10
-8
-7
-6
-6
-4
-5
-6
-8
-8
-7
-5
-3
-1
0
-3
-2
-4
-5
-4
-3
-2
-2
-3
-3
-1
-1
-2
-3
-6
-4
-3
-4
-4
-5
-6
-6
-5
-4
-2
-3
-5
-4
-4
-5
-3
-2
-4
-3
-4
-3
-3
-5
-5
-6
-2
-1
-1
0
1
2
0
-1
0
2
4
3
2
1
4
5
5
3
1
0
2
2
2
-1
-1
0
2
2
-1
-2
-1
0
0
0
-2
0
3
0
-1
-2
-3
-3
-2
-2
-1
0
-1
-2
-4
-3
-1
0
0
2
2
3
1
0
-3
-3
-2
0
-1
-2
-1
-1
-1
-3
-4
-4
-3
-1
-3
-4
-3
-2
-1
-3
-5
-7
-6
-6
-8
-8
-5
-2
1
0
-5
-7
-8
-9
-8
-7
-6
-3
-2
-3
-3
-2
-4
-5
-6
-6
-6
-5
-5
-6
-7
-6
-7
-6
-4
-4
-3
-2
-4
-5
-7
-6
-6
-7
-7
-8
-7
-6
-4
-5
-4
-4
-5
-5
-4
-3
-2
-2
-1
0
0
0
2
2
2
2
1
0
3
4
5
6
5
5
4
2
1
4
5
5
7
7
7
6
8
9
12
15
15
22
31
44
46
37
24
19
20
21
25
24
25
29
29
25
16
9
4
4
7
9
11
13
16
17
16
15
14
23
29
31
27
22
19
18
13
4
-3
-4
-5
-3
-5
-8
-10
-12
-13
-14
-16
-19
-18
-13
-11
-8
-7
-4
0
-1
-2
-7
-10
-11
-14
-17
-16
-16
-12
-12
-14
-18
-23
-23
-22
-20
-19
-19
-17
-14
-12
-14
-17
-20
-19
-17
-16
-15
-14
-11
-12
-10
-14
-16
-17
-16
-14
-13
-11
-11
-9
-8
-10
-12
-14
-16
-16
-17
-17
-17
-17
-16
-17
-18
-20
-20
-19
-20
-20
-22
-23
-22
-21
-21
-22
-21
-23
-23
-25
-23
-24
-24
-25
-25
-28
-28
-30
-30
-30
-29
-27
-26
-27
-26
-26
-26
-24
-27
-27
-26
-25
-21
-23
-23
-25
-22
-21
-17
-19
-19
-19
-20
-23
-23
-25
-24
-22
-20
-21
-20
-19
-20
-16
-17
-17
-20
-23
-23
-22
-16
-17
-18
-19
-16
-15
-14
-16
-16
-17
-14
-12
-13
-15
-14
-17
-16
-14
-13
-14
-14
-14
-13
-11
-12
-15
-19
-18
-18
-20
-18
-17
-16
-13
-15
-15
-19
-21
-20
-22
-19
-19
-18
-16
-17
-15
-17
-16
-17
-14
-14
-8
-9
-12
-13
-13
-13
-13
-14
-18
-17
-12
-10
-7
-9
-8
-4
-4
-1
-1
-3
-2
-2
-3
-5
-3
-1
3
3
1
-1
-3
-6
-6
-8
-6
-8
-4
-4
-3
-4
-3
-3
-2
-4
-5
-6
-5
-3
-2
-1
0
-2
-1
-5
-6
-8
-6
-3
-2
-3
-4
-4
-7
-7
-4
-4
-3
-4
-5
-9
-9
-9
-10
-8
-9
-8
-8
-3
-6
-5
-6
1
-3
-3
0
-5
-3
1
-1
-7
-6
-4
-1
1
2
0
-2
-2
-2
0
0
3
-1
0
4
3
2
0
2
-1
2
5
2
7
7
5
2
3
9
4
6
5
6
4
4
4
4
9
10
4
3
0
2
1
-1
-2
-2
2
3
3
0
1
-1
-2
-3
-2
-3
-2
-3
-1
-1
-3
-1
-1
-5
-2
-3
0
1
1
3
1
3
0
-1
-1
-1
-2
0
-1
-3
-2
1
2
3
3
1
1
0
1
1
4
3
3
5
6
7
4
4
1
0
1
4
5
6
2
2
-1
-3
0
-3
0
0
2
2
1
0
-2
-3
-4
-3
-1
-2
1
1
2
-1
-1
-5
-7
-7
-9
-6
-5
-2
-3
-2
-4
-4
-5
-3
-2
-3
-3
-4
1
1
0
0
-1
-3
-6
-9
-8
-5
-1
-2
-4
-8
-7
-7
-6
-5
-8
-8
-11
-10
-9
-8
-9
-8
-9
-8
-12
-11
-10
-7
-6
-6
-5
-4
-4
-5
-7
-9
-11
-12
-12
-11
-10
-7
-8
-6
-8
-10
-12
-14
-13
-12
-10
-11
-13
-14
-13
-12
-12
-15
-19
-20
-20
-19
-18
-14
-13
-15
-15
-16
-13
-14
-13
-15
-15
-16
-17
-19
-17
-14
-14
-12
-16
-14
-14
-12
-12
-12
-12
-12
-8
-7
-9
-8
-8
-8
-11
-11
-9
-12
-9
-9
-8
-10
-8
-4
-8
-7
-11
-11
-11
-12
-11
-12
-13
-14
-14
-12
-15
-16
-13
-12
-9
-11
-11
