-211
-219
-226
-235
-240
-241
-243
-233
-226
-209
-195
-180
-165
-152
-131
-116
-91
-73
-54
-37
-20
-5
9
21
31
35
37
41
50
57
60
68
69
74
74
75
78
76
76
73
71
68
63
52
44
35
25
16
7
-3
-9
-15
-15
-16
-15
-14
-15
-13
-12
-7
-1
4
9
16
21
28
40
50
58
68
79
91
103
114
125
133
143
151
161
165
171
173
173
174
172
169
167
162
156
151
141
136
127
120
113
108
102
95
87
81
74
62
52
35
19
5
-10
-25
-43
-63
-77
-90
-105
-122
-139
-155
-168
-179
-192
-202
-216
-229
-234
-250
-254
-268
-277
-283
-297
-297
-302
-301
-298
-288
-274
-253
-236
-220
-204
-185
-161
-132
-112
-85
-63
-47
-20
-11
10
21
28
38
45
51
62
66
68
73
73
80
82
80
78
77
70
71
64
60
50
39
29
12
1
-10
-18
-28
-31
-38
-36
-35
-35
-34
-33
-32
-26
-20
-14
-5
3
17
29
43
56
66
79
95
110
127
140
150
161
171
181
192
197
200
201
204
204
201
199
189
182
173
161
154
143
130
121
110
105
97
85
75
64
50
37
24
7
-7
-26
-45
-65
-82
-95
-109
-124
-142
-158
-173
-188
-204
-216
-229
-236
-245
-254
-266
-274
-285
-293
-298
-311
-313
-324
-321
-316
-309
-285
-269
-249
-227
-214
-189
-164
-139
-115
-90
-68
-53
-21
-9
13
26
24
35
38
49
61
63
65
70
73
79
79
78
74
72
64
67
61
58
52
35
29
15
3
-8
-19
-31
-35
-43
-42
-41
-41
-39
-38
-36
-32
-26
-20
-10
-2
14
25
38
51
66
79
96
111
126
144
156
166
182
194
207
215
218
224
227
224
221
216
207
202
195
188
182
171
158
150
138
131
124
116
107
96
85
74
59
41
20
-3
-23
-43
-62
-81
-95
-113
-127
-146
-168
-186
-207
-221
-238
-249
-264
-276
-288
-300
-314
-323
-335
-348
-356
-371
-368
-359
-347
-320
-298
-280
-257
-241
-212
-187
-153
-131
-102
-76
-59
-23
-12
12
25
25
36
41
53
69
74
79
84
87
96
103
104
102
98
85
88
76
71
64
45
36
19
4
-7
-23
-36
-43
-51
-52
-50
-48
-47
-43
-41
-32
-28
-24
-13
-7
10
22
37
52
73
92
113
129
144
162
178
192
210
223
238
250
256
262
261
259
253
246
237
231
226
219
212
200
189
177
162
148
136
124
112
101
87
69
50
27
1
-24
-45
-67
-86
-107
-127
-142
-161
-177
-198
-217
-240
-256
-266
-284
-293
-312
-321
-336
-344
-352
-371
-375
-392
-392
-383
-369
-335
-311
-285
-259
-240
-206
-178
-142
-118
-89
-63
-40
5
18
51
58
59
75
74
88
99
97
104
113
119
127
128
123
119
114
103
104
89
78
65
44
39
19
2
-13
-35
-50
-60
-74
-78
-80
-81
-74
-66
-62
-54
-52
-48
-38
-33
-15
-3
18
34
55
81
104
123
138
155
169
188
207
226
240
256
264
275
281
282
277
271
258
251
245
241
235
223
216
202
191
178
164
146
133
119
108
91
70
42
23
-3
-24
-52
-77
-98
-123
-141
-163
-182
-201
-225
-242
-268
-282
-306
-318
-337
-352
-362
-387
-385
-414
-410
-424
-424
-404
-392
-356
-332
-314
-284
-263
-222
-186
-155
-124
-97
-61
-33
13
18
46
54
52
75
72
85
95
92
106
113
119
127
124
119
109
101
87
87
68
57
43
20
17
-8
-27
-43
-68
-79
-90
-101
-101
-107
-104
-95
-85
-74
-64
-62
-54
-44
-33
-10
8
28
56
75
100
123
145
164
178
195
215
236
254
269
280
294
305
310
308
300
289
279
271
266
260
251
244
233
223
210
194
175
154
136
119
103
82
59
36
16
-5
-28
-55
-88
-115
-142
-166
-188
-209
-229
-258
-276
-306
-319
-340
-357
-381
-391
-401
-424
-426
-439
-450
-439
-419
-392
-359
-345
-314
-292
-250
-209
-169
-136
-105
-68
-38
11
25
54
66
69
81
92
98
116
111
119
133
136
153
149
146
135
127
109
104
85
70
55
30
24
10
-10
-26
-54
-77
-89
-112
-116
-123
-125
-116
-104
-92
-79
-71
-65
-54
-44
-27
-7
8
33
52
80
111
131
158
176
194
210
226
238
256
270
284
301
310
315
315
306
301
290
278
271
254
248
239
232
225
213
202
187
168
147
123
100
75
55
31
13
-6
-24
-48
-75
-102
-129
-161
-190
-221
-246
-268
-293
-308
-336
-351
-376
-394
-421
-446
-467
-481
-478
-471
-440
-409
-374
-350
-326
-305
-271
-236
-198
-170
-136
-97
-55
-2
28
64
74
81
87
93
101
107
103
111
127
141
161
163
160
146
134
117
106
83
63
40
18
10
-6
-25
-43
-71
-92
-107
-127
-134
-152
-154
-152
-139
-126
-105
-96
-83
-69
-55
-34
-13
5
24
46
75
107
131
161
189
208
231
237
296
376
310
318
310
291
309
352
371
339
329
268
276
275
285
272
234
199
146
169
160
173
158
117
73
23
16
20
19
-9
-53
-95
-125
-147
-148
-164
-202
-249
-297
-319
-345
-350
-380
-412
-433
-475
-479
-497
-486
-474
-438
-407
-368
-336
-315
-263
-240
-198
-156
-116
-88
-43
3
78
125
143
163
167
177
171
154
147
146
126
133
134
135
148
149
142
125
88
67
46
5
-9
-31
-55
-71
-93
-97
-91
-105
-114
-129
-147
-151
-169
-175
-161
-144
-122
-101
-79
-33
1
20
38
62
94
123
139
170
199
228
253
281
345
353
355
359
356
354
349
342
320
310
307
300
283
264
246
230
212
190
170
164
155
145
144
136
113
103
73
65
32
28
1
-9
-34
-43
-74
-98
-149
-170
-227
-258
-318
-373
-407
-445
-475
-516
-527
-560
-539
-552
-516
-488
-365
-248
-124
-80
8
73
180
206
175
190
219
269
285
310
312
340
274
219
128
86
-8
-124
-227
-248
-237
-241
-249
-270
-209
-176
-159
-175
-172
-164
-134
-136
-95
-27
35
78
71
105
144
174
133
95
55
74
49
37
26
35
30
19
-1
1
3
-42
-53
-46
14
52
97
115
179
218
254
251
260
263
270
275
294
315
338
348
340
349
333
308
264
236
213
216
199
202
199
219
210
218
189
178
143
122
87
60
26
5
-3
-18
-10
-47
-50
-101
-111
-162
-206
-254
-300
-353
-363
-411
-427
-447
-468
-483
-488
-498
-497
-483
-459
-406
-303
-119
10
118
160
247
320
366
297
232
212
214
229
191
179
181
169
80
-7
-91
-133
-239
-362
-420
-397
-333
-301
-292
-217
-106
-23
-7
-18
5
44
45
24
61
116
169
150
146
192
238
213
125
43
24
9
-47
-101
-120
-98
-76
-82
-57
-22
15
22
28
71
144
185
209
242
300
367
381
366
361
368
361
325
284
270
255
230
187
158
155
150
126
113
115
128
134
126
140
171
192
170
177
153
182
131
109
61
75
37
25
-36
-44
-71
-97
-159
-214
-266
-333
-382
-455
-474
-533
-537
-599
-569
-584
-515
-513
-440
-392
-224
-68
89
180
240
337
420
457
380
325
268
304
262
235
156
159
107
50
-68
-135
-205
-291
-400
-471
-436
-374
-322
-315
-223
-103
51
74
94
106
177
185
156
119
151
184
167
147
164
230
228
153
55
33
11
-46
-158
-221
-219
-177
-170
-154
-106
-23
40
87
136
206
255
262
276
323
386
402
379
369
400
419
388
318
273
257
228
161
106
82
90
83
75
84
138
165
184
189
226
248
253
215
214
201
189
135
106
94
102
71
32
-19
-40
-73
-165
-247
-333
-400
-447
-524
-600
-609
-621
-620
-606
-590
-529
-465
-385
-263
-71
109
234
294
382
517
569
524
427
357
366
349
241
165
115
112
55
-56
-144
-192
-266
-365
-474
-485
-418
-381
-362
-289
-141
41
141
150
210
282
334
298
226
201
223
186
136
107
146
191
139
64
23
17
-37
-140
-255
-277
-276
-279
-277
-216
-109
-11
45
124
230
326
363
350
371
426
445
413
380
376
417
398
350
308
305
276
214
124
90
79
63
24
17
66
139
175
192
243
297
350
323
306
287
290
219
170
107
126
82
58
-25
-31
-66
-96
-207
-295
-382
-445
-525
-608
-669
-692
-684
-691
-647
-594
-493
-418
-279
-117
118
264
387
425
548
624
643
530
448
392
401
340
233
157
129
90
-3
-117
-215
-263
-367
-456
-528
-485
-432
-390
-356
-229
-64
105
164
199
263
349
365
311
248
225
221
163
109
81
114
111
65
-3
-10
-38
-98
-218
-289
-310
-307
-323
-323
-258
-129
-7
80
177
286
395
455
472
488
512
503
466
420
397
381
341
285
250
234
203
134
73
41
28
2
-27
-41
7
55
110
153
221
284
347
352
369
355
324
267
184
138
90
57
-13
-38
-100
-87
-161
-195
-302
-339
-437
-505
-606
-662
-709
-728
-727
-717
-623
-547
-410
-288
-67
129
334
423
515
582
661
633
532
422
361
338
274
182
95
88
43
-12
-139
-212
-291
-365
-478
-531
-532
-461
-424
-363
-240
-61
106
195
248
313
396
403
353
270
226
197
141
72
54
72
92
60
19
13
3
-58
-163
-260
-289
-301
-327
-344
-300
-180
-43
55
153
268
389
475
496
495
506
493
458
403
353
323
280
229
193
178
154
115
53
33
27
13
-18
-34
-9
45
95
145
213
288
367
398
420
429
420
365
286
194
143
81
15
-50
-97
-121
-141
-199
-261
-314
-395
-468
-577
-649
-714
-745
-802
-779
-751
-625
-514
-359
-157
87
299
442
515
595
683
651
560
419
356
324
273
143
96
65
88
14
-87
-165
-203
-295
-407
-508
-512
-456
-448
-410
-304
-110
75
182
228
348
447
491
419
325
279
247
157
56
1
24
57
25
3
13
27
-10
-118
-223
-258
-299
-357
-410
-396
-294
-169
-78
32
166
321
428
471
498
533
527
486
415
362
332
280
213
172
165
164
134
85
76
78
68
24
-9
-4
40
66
104
153
246
337
412
450
488
487
469
406
317
236
138
50
-41
-91
-149
-167
-222
-263
-301
-347
-399
-484
-566
-662
-721
-795
-814
-830
-766
-688
-575
-430
-206
40
272
420
506
625
691
700
583
462
364
339
243
160
70
76
74
33
-59
-107
-154
-219
-336
-449
-463
-458
-449
-451
-363
-209
-19
79
177
280
412
466
429
347
313
262
176
59
-10
2
14
-8
-39
-15
21
17
-75
-150
-201
-229
-307
-377
-397
-332
-264
-180
-86
67
233
346
425
500
563
584
542
463
426
375
308
215
160
154
165
129
111
114
149
144
93
52
62
84
90
73
100
192
271
334
382
436
489
495
437
383
288
189
62
-57
-135
-184
-257
-288
-340
-312
-330
-373
-446
-500
-563
-620
-709
-803
-789
-800
-720
-678
-561
-368
-120
94
291
429
569
690
711
665
566
462
384
295
174
125
49
60
26
-6
-36
-49
-123
-188
-301
-361
-387
-437
-456
-433
-338
-193
-60
27
171
294
413
445
409
369
333
249
157
57
12
2
-34
-63
-50
-13
12
-19
-86
-106
-135
-186
-269
-335
-338
-302
-276
-209
-111
21
152
254
374
496
561
557
520
494
484
413
298
213
188
196
172
127
133
176
202
183
144
155
173
150
105
100
141
207
228
257
330
415
453
437
391
372
304
184
51
-47
-116
-196
-287
-347
-341
-339
-360
-413
-444
-453
-487
-557
-630
-677
-691
-712
-710
-676
-583
-467
-296
-94
124
326
451
577
671
724
669
569
451
391
294
176
59
21
15
-6
-72
-105
-103
-125
-203
-310
-354
-363
-385
-433
-418
-330
-192
-109
-29
89
243
346
364
343
352
355
283
174
86
63
39
-20
-78
-71
-46
-41
-91
-116
-115
-124
-192
-262
-291
-269
-265
-278
-251
-144
-10
88
164
263
396
482
513
501
517
519
478
389
327
298
269
203
143
144
179
181
143
130
159
191
169
133
138
182
211
215
224
283
333
351
327
329
309
282
163
79
-3
-51
-152
-234
-310
-315
-347
-391
-430
-448
-444
-480
-530
-576
-585
-624
-655
-701
-682
-641
-576
-488
-318
-114
100
248
391
553
686
716
652
572
511
458
317
185
82
64
21
-44
-107
-107
-118
-163
-247
-293
-292
-314
-374
-405
-355
-269
-200
-168
-85
51
182
245
271
311
370
361
299
232
195
162
84
-3
-40
-39
-63
-113
-161
-152
-148
-185
-247
-269
-255
-241
-269
-279
-221
-122
-35
20
100
214
336
410
454
493
554
574
543
495
460
421
363
284
239
225
206
162
135
151
186
188
170
173
202
235
229
217
230
263
268
266
258
274
269
224
165
112
63
-8
-104
-187
-238
-273
-331
-384
-432
-429
-448
-475
-519
-552
-569
-594
-638
-668
-671
-653
-628
-577
-465
-271
-76
100
253
428
602
714
717
683
642
594
506
354
231
146
90
9
-72
-123
-128
-153
-205
-258
-271
-272
-301
-359
-368
-319
-261
-226
-202
-120
4
112
167
212
271
338
336
296
248
222
178
101
16
-26
-52
-102
-168
-207
-201
-201
-240
-282
-284
-259
-240
-253
-236
-174
-91
-22
45
133
251
349
415
474
538
600
621
608
590
581
540
471
387
335
294
243
173
131
122
130
117
100
114
140
163
168
176
207
235
244
243
255
267
260
218
167
123
74
7
-74
-128
-186
-218
-281
-318
-350
-377
-415
-475
-514
-555
-579
-632
-680
-711
-716
-696
-680
-638
-549
-405
-204
-30
167
322
512
651
746
756
724
679
606
503
365
244
153
83
-8
-75
-129
-144
-188
-247
-299
-319
-331
-368
-404
-405
-354
-307
-275
-240
-157
-49
43
99
161
226
289
301
285
270
255
216
141
68
23
-12
-81
-158
-209
-220
-233
-270
-301
-285
-248
-221
-205
-165
-88
-14
50
107
199
297
376
432
500
571
618
637
629
634
614
564
482
410
350
281
196
123
79
64
42
24
29
68
109
138
166
208
253
279
273
272
283
273
242
190
153
117
62
-12
-65
-105
-142
-204
-262
-299
-337
-374
-456
-501
-557
-575
-647
-658
-697
-665
-652
-632
-582
-526
-426
-355
-202
-61
129
267
393
507
632
692
683
626
581
538
443
317
176
110
44
-32
-139
-190
-222
-243
-305
-350
-356
-341
-350
-378
-362
-311
-252
-250
-223
-168
-58
7
50
92
173
244
263
248
237
247
217
157
82
41
-7
-73
-159
-201
-212
-224
-253
-256
-213
-155
-110
-80
-19
60
139
182
231
294
363
406
432
472
524
560
568
566
571
567
519
447
378
330
262
182
102
75
69
69
65
83
137
187
217
240
271
299
300
275
251
242
211
160
107
79
56
11
-50
-95
-117
-150
-207
-265
-312
-344
-391
-446
-495
-504
-520
-524
-538
-510
-483
-440
-421
-381
-328
-286
-247
-208
-108
-3
117
189
284
392
496
533
521
503
483
439
334
224
132
77
-11
-99
-169
-180
-194
-228
-267
-266
-238
-238
-272
-297
-276
-248
-245
-265
-238
-179
-110
-78
-32
43
134
183
195
217
253
263
208
140
92
74
17
-60
-119
-115
-101
-103
-109
-73
-7
42
59
80
136
186
204
201
230
283
326
339
359
407
463
486
488
499
519
512
462
409
378
354
298
230
188
184
178
154
139
159
194
210
203
210
222
231
199
168
147
140
101
61
30
25
3
-40
-92
-123
-139
-187
-229
-274
-272
-295
-300
-337
-319
-318
-298
-312
-302
-290
-293
-290
-322
-300
-315
-295
-327
-282
-229
-117
-39
50
144
258
357
389
401
386
392
336
275
169
118
59
16
-49
-87
-101
-115
-137
-173
-178
-196
-209
-267
-294
-310
-291
-306
-308
-296
-237
-170
-120
-62
2
92
142
177
187
221
227
214
168
142
130
108
69
35
39
50
55
36
50
77
102
96
95
119
152
174
174
200
237
283
301
331
368
416
440
450
466
485
487
451
412
381
357
307
254
208
192
171
143
118
118
129
123
112
114
127
133
117
107
103
110
85
56
33
29
7
-26
-64
-82
-85
-110
-132
-146
-134
-141
-152
-178
-169
-180
-196
-226
-256
-254
-288
-300
-346
-328
-348
-341
-361
-355
-290
-237
-139
-83
23
106
205
263
303
316
317
305
268
219
166
117
75
39
-10
-31
-57
-80
-111
-144
-165
-187
-218
-252
-271
-269
-255
-250
-246
-219
-169
-123
-74
-41
27
82
124
143
172
206
228
217
196
199
196
185
145
129
133
143
124
112
119
143
148
136
144
176
208
219
226
249
292
317
324
333
365
390
401
390
400
410
404
376
346
329
311
265
212
179
166
149
121
102
109
123
112
105
111
132
135
126
115
129
134
123
100
90
96
73
52
5
5
-28
-44
-88
-93
-102
-112
-136
-163
-159
-189
-203
-258
-271
-302
-322
-373
-404
-421
-432
-442
-457
-434
-383
-294
-219
-113
-21
97
181
252
294
322
332
310
278
222
196
139
104
49
15
-11
-29
-66
-97
-125
-148
-168
-207
-232
-249
-254
-265
-267
-262
-229
-194
-159
-110
-53
14
68
107
152
208
245
266
263
267
279
268
238
213
204
200
180
149
146
158
158
141
129
146
169
174
165
179
211
237
241
240
265
287
299
284
289
297
306
286
270
276
275
262
231
216
211
198
167
140
128
130
121
106
106
120
132
133
140
157
179
176
172
167
179
164
138
100
79
50
5
-31
-80
-81
-120
-127
-157
-157
-171
-199
-209
-252
-242
-312
-325
-381
-386
-405
-436
-440
-458
-426
-430
-405
-373
-297
-223
-146
-90
-2
85
155
192
210
244
257
252
206
184
163
135
94
39
17
-6
-56
-104
-153
-164
-185
-222
-254
-253
-233
-230
-227
-222
-171
-128
-96
-74
-27
32
82
110
141
203
246
276
273
291
310
313
283
255
247
242
220
177
164
161
162
148
143
163
187
196
192
204
221
229
214
203
210
215
208
195
196
217
227
228
229
243
251
242
223
206
203
188
167
150
143
144
137
135
145
159
166
167
171
183
181
166
139
118
96
56
12
-35
-67
-105
-130
-172
-182
-209
-220
-239
-255
-257
-288
-294
-331
-326
-367
-364
-401
-402
-415
-429
-428
-440
-420
-418
-358
-305
-224
-150
-73
25
118
184
220
254
273
300
270
229
202
165
137
79
29
0
-28
-74
-116
-132
-142
-141
-172
-179
-153
-137
-135
-145
-134
-101
-76
-82
-59
-23
27
58
78
128
188
232
242
259
282
307
295
267
260
251
230
185
156
149
151
123
110
122
156
174
177
193
223
246
232
229
228
247
230
212
207
222
230
216
212
211
231
223
211
208
217
217
204
192
194
201
191
183
183
194
198
193
186
195
195
178
154
128
111
69
28
-31
-63
-103
-146
-178
-208
-213
-238
-229
-254
-234
-238
-248
-244
-269
-264
-293
-302
-332
-332
-362
-373
-384
-400
-400
-414
-416
-390
-338
-295
-210
-161
-67
18
85
149
186
229
249
262
235
229
203
171
144
93
73
40
5
-31
-52
-61
-68
-81
-106
-102
-103
-106
-117
-126
-122
-109
-110
-97
-68
-35
3
33
80
138
189
217
237
263
285
293
281
274
273
260
234
212
201
198
184
171
176
190
202
201
204
215
229
226
222
223
227
227
217
211
210
208
199
194
196
202
202
202
201
211
213
210
209
211
215
215
209
207
205
193
174
156
137
117
84
51
21
-9
-44
-77
-109
-129
-151
-175
-181
-189
-185
-198
-201
-205
-203
-219
-237
-263
-279
-293
-319
-334
-354
-360
-375
-375
-388
-374
-386
-392
-389
-361
-312
-261
-201
-141
-42
37
109
161
216
261
296
289
279
276
249
224
173
138
115
70
22
-16
-28
-42
-64
-100
-112
-99
-108
-116
-132
-125
-113
-109
-114
-94
-64
-36
-12
10
68
118
159
180
220
258
289
295
290
304
303
291
263
252
248
238
214
202
213
221
218
213
219
235
243
239
243
253
256
245
234
231
231
215
195
186
185
183
174
169
175
184
189
195
206
216
217
208
200
197
181
157
125
103
80
51
14
-15
-36
-58
-85
-111
-122
-134
-146
-162
-171
-176
-180
-206
-214
-228
-233
-251
-274
-295
-296
-308
-319
-327
-344
-341
-343
-359
-351
-370
-362
-352
-319
-276
-224
-163
-100
-4
63
136
188
238
280
312
308
304
299
270
253
206
174
136
96
46
10
-16
-54
-80
-120
-130
-137
-148
-151
-152
-139
-130
-115
-105
-73
-51
-29
-1
35
83
122
159
186
230
259
289
306
326
345
350
344
338
335
321
307
283
273
266
256
244
241
243
242
241
238
245
244
233
223
211
207
192
173
158
150
145
142
141
142
150
156
165
172
176
173
166
158
155
143
128
110
96
80
58
30
1
-24
-56
-89
-120
-149
-165
-188
-194
-198
-199
-196
-201
-198
-197
-199
-219
-227
-250
-268
-275
-315
-316
-337
-343
-344
-352
-348
-346
-335
-324
-274
-242
-183
-133
-82
-4
59
108
157
200
230
269
260
262
266
245
233
196
167
133
102
54
19
-11
-53
-77
-119
-138
-145
-157
-162
-162
-156
-141
-122
-111
-83
-56
-25
4
38
73
113
148
173
213
237
263
281
291
306
315
317
316
321
322
326
321
311
311
301
292
286
273
258
245
230
218
209
193
184
178
171
168
156
147
139
132
126
122
114
106
105
104
110
110
106
106
108
112
110
103
97
90
80
60
39
12
-25
-64
-103
-129
-158
-179
-202
-204
-209
-209
-210
-221
-209
-218
-216
-239
-239
-260
-264
-282
-299
-307
-327
-327
-341
-336
-343
-338
-333
-306
-261
-213
-154
-98
-28
36
92
132
172
199
217
221
210
212
194
179
151
127
107
78
54
22
8
-18
-42
-69
-95
-104
-123
-138
-151
-149
-147
-138
-130
-107
-77
-47
-18
11
50
84
120
148
182
214
235
251
265
282
294
302
306
320
327
338
334
333
329
327
319
313
303
289
274
257
245
230
211
193
174
157
144
126
110
95
86
80
79
76
75
73
76
83
88
92
94
94
96
97
89
86
75
66
52
38
15
-15
-42
-74
-90
-115
-133
-159
-165
-186
-195
-204
-226
-224
-249
-245
-264
-254
-279
-262
-281
-279
-274
-289
-283
-289
-296
-295
-300
-297
-286
-256
-229
-179
-128
-81
-10
27
87
120
157
172
183
178
173
165
138
128
100
92
71
49
26
15
-3
-21
-37
-59
-67
-81
-92
-104
-110
-117
-116
-110
-101
-80
-68
-49
-24
4
39
67
100
130
166
193
223
245
265
281
287
301
310
315
315
311
315
311
313
305
301
300
293
290
279
269
250
233
210
192
165
140
115
94
73
58
42
34
33
31
37
44
56
63
66
72
78
80
74
66
56
41
27
10
-8
-22
-41
-57
-75
-88
-99
-118
-121
-143
-149
-172
-192
-214
-222
-246
-258
-270
-287
-280
-293
-292
-290
-288
-281
-277
-275
-268
-269
-266
-261
-243
-220
-198
-163
-133
-80
-39
5
45
67
105
106
124
122
117
118
96
99
81
75
58
35
26
8
6
-14
-26
-38
-49
-50
-63
-63
-64
-62
-62
-56
-48
-35
-23
-8
12
36
61
79
101
115
143
164
189
215
240
262
275
286
293
299
303
298
302
299
299
295
290
287
289
286
278
270
255
245
227
205
177
157
133
111
85
61
45
32
26
21
21
24
28
33
41
48
52
54
54
46
43
32
16
4
-8
-21
-31
-46
-59
-62
-76
-83
-100
-112
-130
-148
-171
-190
-205
-222
-239
-255
-266
-276
-279
-281
-281
-268
-265
-255
-247
-241
-231
-221
-208
-197
-168
-160
-125
-106
-75
-42
-18
7
33
53
69
82
79
92
90
86
87
76
75
70
53
40
31
20
12
5
-7
-6
-10
-9
-6
-3
0
6
12
18
34
40
51
63
79
95
117
138
159
180
200
215
235
247
253
263
265
275
274
278
273
282
284
290
293
291
297
299
300
297
289
280
268
247
228
207
187
166
147
124
108
88
72
59
49
44
43
43
43
44
43
49
50
52
49
43
34
23
7
-3
-12
-20
-24
-33
-35
-40
-49
-58
-67
-78
-94
-113
-140
-155
-169
-191
-201
-214
-225
-221
-229
-223
-217
-205
-199
-184
-183
-171
-170
-170
-165
-168
-154
-151
-133
-117
-91
-71
-42
-23
3
29
44
64
72
79
80
77
67
61
49
39
27
18
15
14
11
19
20
31
38
44
51
57
60
63
70
70
79
80
83
93
103
114
131
142
163
179
194
208
221
232
244
249
255
258
260
264
260
261
263
263
264
259
259
261
261
264
259
258
248
239
224
207
187
161
143
120
102
81
66
54
43
36
33
36
35
38
36
36
34
29
16
7
-5
-14
-26
-30
-34
-35
-38
-37
-37
-39
-43
-53
-61
-73
-82
-106
-122
-139
-156
-170
-186
-193
-197
-196
-195
-190
-180
-177
-168
-168
-163
-157
-160
-163
-166
-166
-163
-158
-148
-140
-125
-110
-93
-69
-50
-32
-16
-3
11
23
25
29
33
29
35
30
31
38
40
45
46
48
52
59
61
69
78
83
90
91
95
100
107
110
119
124
135
142
152
161
170
180
187
200
205
214
220
225
228
235
237
242
243
239
242
247
250
251
253
256
256
253
245
243
235
225
211
193
176
158
142
128
113
96
84
72
65
53
44
36
30
22
12
3
-7
-14
-20
-24
-27
-22
-21
-20
-20
-21
-18
-20
-22
-29
-33
-49
-60
-75
-91
-99
-116
-125
-135
-142
-146
-149
-151
-147
-146
-143
-144
-144
-145
-149
-148
-152
-151
-156
-155
-155
-151
-144
-135
-121
-110
-88
-74
-54
-33
-23
-5
2
12
23
28
30
27
28
30
39
43
48
53
61
68
77
84
90
93
94
96
99
102
106
107
108
115
121
129
134
141
146
159
165
173
180
184
188
192
195
201
207
207
212
215
220
222
227
233
242
241
242
240
235
234
228
224
218
209
196
185
171
158
147
135
124
111
95
83
71
60
51
40
30
24
13
4
-6
-15
-17
-18
-21
-19
-20
-19
-17
-20
-21
-22
-28
-35
-43
-54
-56
-67
-76
-81
-90
-95
-104
-114
-118
-121
-123
-129
-130
-134
-133
-137
-143
-148
-154
-157
-159
-158
-158
-155
-152
-146
-135
-124
-114
-97
-87
-71
-57
-47
-36
-31
-20
-15
-8
-3
-1
9
14
24
34
42
53
60
69
79
86
89
92
93
95
97
94
95
99
103
106
108
110
115
119
124
131
137
145
150
155
160
165
177
181
189
195
204
208
213
215
217
218
215
217
214
213
209
205
200
199
196
190
183
174
164
151
139
126
114
99
83
70
59
45
34
23
15
11
2
-2
-7
-11
-11
-15
-17
-17
-20
-25
-26
-29
-33
-38
-47
-51
-59
-63
-74
-79
-83
-84
-89
-97
-96
-100
-100
-103
-106
-113
-115
-124
-130
-135
-142
-142
-147
-150
-150
-150
-148
-146
-143
-136
-129
-122
-113
-106
-98
-87
-76
-68
-60
-55
-49
-36
-27
-15
-7
3
17
31
45
51
58
63
73
78
84
88
87
89
84
85
83
86
84
86
89
94
100
105
111
119
125
134
140
142
145
152
158
166
174
177
181
183
188
190
189
188
189
190
189
187
184
181
177
172
168
163
156
152
146
142
133
124
116
107
99
87
72
57
46
36
26
19
13
9
8
6
4
1
-3
-9
-14
-22
-28
-34
-37
-48
-51
-61
-69
-68
-73
-74
-77
-75
-71
-68
-68
-71
-70
-75
-74
-83
-92
-97
-105
-109
-115
-122
-128
-130
-132
-130
-129
-127
-123
-118
-113
-108
-99
-95
-87
-84
-77
-70
-63
-55
-49
-39
-31
-18
-7
3
16
31
46
53
63
66
75
79
81
83
78
76
73
73
72
73
73
75
80
86
94
101
110
118
124
127
132
135
140
141
144
145
147
148
152
158
162
166
168
172
175
180
176
176
173
169
166
160
154
149
146
140
139
136
133
130
122
116
108
100
89
81
71
65
59
49
40
34
29
19
13
1
-3
-11
-18
-28
-36
-42
-46
-48
-52
-53
-57
-55
-59
-57
-57
-58
-55
-56
-57
-59
-60
-64
-67
-71
-74
-77
-85
-91
-100
-102
-102
-103
-107
-109
-111
-106
-101
-95
-87
-83
-79
-75
-70
-66
-60
-57
-51
-45
-41
-34
-33
-24
-18
-9
0
8
19
28
36
42
47
50
54
55
56
57
56
55
52
54
59
65
70
74
79
86
93
98
100
103
107
111
112
111
109
109
112
115
119
120
126
132
138
142
144
145
149
153
152
152
150
148
144
141
137
134
132
128
126
121
119
115
109
104
97
90
81
73
62
53
43
37
30
24
17
10
5
0
-3
-7
-12
-18
-20
-23
-21
-22
-27
-33
-34
-37
-40
-42
-44
-43
-45
-44
-45
-45
-49
-51
-55
-56
-60
-64
-68
-73
-73
-73
-73
-73
-73
-74
-72
-69
-67
-64
-63
-59
-54
-47
-43
-41
-38
-34
-28
-22
-17
-13
-8
-4
2
7
13
18
22
27
30
37
40
45
49
50
52
53
56
57
59
59
62
67
71
75
81
84
87
90
93
97
100
100
100
99
103
105
106
107
109
112
113
115
117
121
127
132
135
141
141
143
139
138
137
135
132
128
127
122
119
115
113
109
104
97
91
85
81
73
65
56
49
45
42
36
29
22
16
13
9
7
3
0
-4
-6
-7
-8
-12
-14
-18
-17
-16
-15
-15
-15
-17
-21
-22
-27
-29
-36
-39
-40
-41
-40
-42
-45
-47
-47
-46
-45
-44
-39
-36
-35
-36
-36
-36
-34
-32
-31
-26
-21
-19
-18
-18
-17
-11
-7
-3
1
6
9
13
15
18
23
26
30
34
36
39
42
43
46
47
47
47
48
51
56
59
62
64
65
66
67
67
69
70
72
74
75
79
80
80
80
80
82
86
88
92
98
100
104
106
110
112
113
110
106
104
104
103
102
98
95
93
92
88
84
80
78
74
67
60
53
48
39
33
27
22
18
12
4
-1
-2
-2
-5
-9
-12
-13
-12
-14
-16
-19
-21
-19
-20
-20
-20
-21
-23
-24
-27
-29
-28
-31
-32
-32
-33
-34
-35
-37
-37
-37
-38
-36
-36
-35
-35
-37
-38
-37
-35
-31
-27
-25
-24
-22
-20
-19
-17
-16
-14
-13
-13
-11
-7
-6
-3
2
4
9
13
14
21
26
32
34
35
39
43
44
44
43
46
48
50
50
50
53
55
58
59
60
61
61
59
58
60
59
60
61
60
64
63
64
66
68
70
72
74
75
76
80
81
81
81
82
82
81
81
81
77
76
74
68
61
55
52
49
44
37
31
26
25
20
14
10
5
2
-1
-5
-7
-9
-12
-15
-17
-18
-17
-17
-20
-21
-22
-22
-21
-22
-23
-23
-23
-21
-21
-25
-27
-27
-28
-26
-25
-25
-25
-25
-27
-28
-27
-24
-20
-19
-20
-20
-19
-17
-17
-16
-14
-15
-16
-16
-16
-14
-12
-14
-14
-12
-9
-7
-5
-1
1
5
6
11
17
21
24
25
27
29
31
32
33
35
38
40
43
43
42
41
41
41
41
42
40
43
43
45
44
43
42
44
46
48
49
48
46
47
50
52
55
57
59
61
65
68
66
67
66
66
66
67
65
62
59
52
47
43
37
35
33
28
23
20
16
14
11
6
1
-3
-5
-7
-10
-14
-18
-19
-20
-21
-21
-23
-24
-25
-25
-24
-25
-26
-25
-25
-24
-23
-22
-22
-20
-22
-22
-23
-23
-24
-23
-24
-24
-24
-25
-24
-23
-20
-15
-13
-14
-14
-15
-15
-15
-17
-19
-23
-21
-19
-17
-17
-19
-18
-15
-11
-7
-4
-1
4
8
15
19
19
20
23
27
30
32
32
34
35
37
37
36
36
37
39
40
38
37
37
38
40
40
41
41
39
39
39
39
40
41
43
45
45
45
46
48
50
51
53
54
54
54
54
52
51
51
51
52
51
50
48
47
42
39
35
35
32
30
27
23
19
17
15
13
8
4
0
-4
-8
-8
-11
-12
-13
-15
-17
-17
-19
-19
-19
-16
-14
-15
-15
-13
-10
-9
-7
-7
-9
-9
-9
-9
-5
-5
-7
-7
-7
-5
-7
-8
-9
-7
-6
-6
-7
-7
-6
-6
-4
-3
-4
-5
-6
-4
-1
-1
-1
0
4
8
14
17
18
22
28
31
36
38
42
46
46
48
49
51
51
50
48
48
47
47
47
46
46
47
49
46
48
49
51
52
52
53
52
50
50
51
52
54
55
57
55
55
58
60
58
59
57
58
58
57
58
56
55
56
58
58
56
50
48
50
51
49
47
45
44
43
39
36
33
31
29
23
19
15
13
10
6
5
6
7
5
5
5
6
10
8
5
6
8
10
11
10
9
10
13
18
19
19
20
19
21
22
24
24
24
22
22
21
20
18
16
15
16
18
18
19
19
20
23
24
25
25
27
29
29
32
35
37
38
41
42
46
49
53
55
57
59
60
61
61
63
64
63
62
60
59
60
61
63
61
62
62
62
61
62
64
65
66
66
66
65
65
65
66
66
63
60
60
59
60
62
62
62
61
59
58
58
59
58
57
56
55
54
54
52
52
54
55
55
54
52
48
45
43
40
38
35
33
29
25
21
18
17
15
13
13
13
12
11
10
10
10
13
16
17
16
15
16
16
17
20
23
27
30
29
27
28
28
28
27
28
27
28
27
26
23
22
22
24
23
22
24
24
25
26
29
31
35
37
40
44
47
50
52
53
54
56
58
59
59
61
63
65
65
64
64
65
68
69
68
64
62
63
64
64
66
66
64
65
66
68
70
68
69
69
70
72
71
69
68
67
66
66
68
68
71
73
69
65
62
62
64
64
61
61
61
60
61
61
62
64
61
62
60
61
60
59
58
56
57
56
53
49
45
42
38
35
33
31
28
29
27
26
26
26
24
25
24
24
26
26
24
23
25
27
29
31
33
34
34
33
33
32
34
37
37
38
36
36
35
33
30
27
26
29
31
30
31
32
33
37
37
38
42
44
45
45
45
46
46
47
49
53
55
55
55
55
55
57
58
59
60
61
62
63
62
63
64
61
60
62
62
62
61
61
61
61
61
61
62
62
62
63
62
61
58
53
52
55
56
56
54
51
50
51
52
51
50
51
51
48
47
47
48
48
47
46
45
46
45
47
49
49
49
46
42
41
41
39
39
36
33
31
30
28
25
24
25
27
25
23
22
23
24
25
25
26
25
26
25
26
28
30
32
34
36
34
32
32
33
36
36
33
31
29
32
34
33
34
34
34
32
34
35
37
38
40
38
39
40
41
41
44
45
49
50
50
49
50
52
54
56
56
56
56
58
60
64
67
68
69
69
68
67
64
65
67
68
67
66
65
65
64
63
63
65
65
63
61
59
58
56
56
56
57
57
56
55
54
56
56
59
60
61
60
59
57
58
59
61
59
58
55
55
54
52
52
50
50
50
50
49
48
46
44
44
43
42
41
38
36
35
34
35
35
35
35
32
30
26
25
27
29
30
26
24
26
28
29
29
28
29
31
31
32
33
33
35
37
37
38
41
40
38
39
39
39
40
41
41
41
42
40
40
41
44
47
46
46
49
51
53
53
51
54
57
57
57
58
59
62
63
65
66
68
69
70
72
74
74
71
70
68
67
67
68
65
64
62
64
65
65
66
65
66
63
59
58
57
56
56
58
58
59
59
55
55
55
57
57
57
56
57
57
56
54
52
49
52
54
53
51
50
48
47
45
44
43
42
42
42
42
41
41
39
40
38
39
41
42
38
35
33
33
34
34
32
29
30
30
29
31
30
32
32
32
30
29
29
31
32
34
35
35
38
41
43
42
39
38
39
42
46
45
44
45
45
45
44
42
42
43
45
46
45
45
46
48
50
52
54
56
58
59
59
60
62
63
64
65
65
66
67
66
67
69
67
68
69
67
67
65
64
63
64
63
63
64
64
66
66
66
67
65
62
63
63
62
60
62
60
57
54
54
56
58
60
62
63
63
64
63
62
61
61
61
59
59
56
56
54
53
50
49
48
48
46
44
43
44
44
47
46
45
47
48
48
48
44
43
44
45
41
39
38
40
43
41
44
42
43
43
41
41
42
44
44
44
44
45
48
48
52
54
50
56
51
58
55
57
55
55
57
58
61
60
61
60
61
61
59
59
61
62
61
57
55
56
62
64
66
68
70
72
72
70
68
69
70
73
74
76
76
74
72
72
74
75
75
72
68
68
70
71
70
69
68
70
69
69
67
65
68
69
69
66
65
64
62
60
59
60
63
64
64
64
65
67
69
68
67
66
66
66
64
62
61
60
58
59
58
56
56
57
59
62
61
61
60
59
58
55
53
53
52
52
53
54
55
55
55
55
56
56
54
55
54
53
53
54
56
56
55
57
60
62
62
61
59
58
59
59
61
60
59
62
63
64
66
66
68
68
67
66
65
65
67
66
67
70
70
72
71
74
75
77
76
75
75
75
74
76
77
80
82
82
80
79
81
82
84
85
85
86
84
83
83
84
84
84
83
82
83
82
80
79
79
78
77
76
77
76
75
74
73
73
77
75
74
73
72
72
73
72
72
73
74
74
70
69
73
72
71
71
70
71
70
69
70
70
68
65
64
65
66
66
65
65
65
64
64
64
64
62
62
60
61
62
63
63
64
63
63
66
64
62
61
59
60
62
64
64
65
64
64
65
66
66
64
65
68
69
68
67
67
67
68
68
70
70
70
71
72
73
72
72
70
70
72
74
76
75
75
74
76
76
76
74
75
76
76
76
74
76
77
75
74
73
74
77
79
78
78
77
77
77
77
76
77
75
75
75
77
77
73
73
71
71
71
69
69
69
68
69
69
71
70
70
70
69
68
67
67
70
70
69
67
65
65
65
65
64
65
65
66
65
65
64
63
63
63
61
60
59
60
59
59
60
57
57
58
60
62
63
64
65
64
62
58
58
58
59
60
63
64
67
65
67
61
64
64
60
66
60
62
59
57
58
57
58
61
63
65
65
67
68
69
67
67
70
71
74
72
68
67
66
68
70
71
72
72
72
73
70
72
70
69
69
70
71
71
70
68
76
69
75
70
72
75
71
75
70
74
72
75
71
71
70
71
72
69
70
72
69
68
66
61
65
64
63
62
61
61
61
59
59
57
59
62
63
63
60
59
57
57
56
56
53
55
53
53
53
53
52
53
51
50
48
48
48
48
47
48
49
50
50
50
51
52
51
50
50
52
53
52
52
52
52
52
53
55
55
54
51
52
52
53
51
51
52
51
52
49
50
53
55
58
56
54
55
56
55
53
54
55
58
61
63
65
63
62
61
61
60
61
60
59
61
59
57
56
56
59
60
61
61
60
61
62
62
60
59
59
61
62
63
61
61
59
59
60
63
63
62
62
62
61
60
60
59
57
56
55
55
53
53
52
51
52
52
53
54
54
53
54
56
56
56
55
54
55
53
50
48
46
48
48
48
50
52
50
52
50
50
54
55
52
50
49
48
49
47
47
48
49
54
55
56
53
52
53
55
55
55
55
53
53
51
50
50
51
53
56
57
56
56
55
55
56
58
57
59
57
57
56
55
56
57
59
61
62
64
65
64
62
62
65
67
68
67
66
64
66
66
67
67
65
65
64
66
67
66
65
66
66
69
70
70
69
71
72
70
71
70
70
71
71
71
68
69
69
71
72
71
69
69
69
69
69
70
70
70
69
67
67
66
65
66
63
63
64
66
67
67
66
65
67
67
66
64
62
62
63
62
63
63
64
65
65
63
64
66
65
64
63
61
62
63
62
62
62
62
64
65
67
66
65
65
65
66
66
65
64
64
66
65
67
66
65
66
67
65
65
67
69
69
69
69
69
67
65
65
65
67
68
68
69
70
70
71
73
73
74
72
71
70
70
71
72
72
72
72
71
68
68
69
70
70
70
70
70
69
67
67
69
70
70
71
70
70
73
73
72
73
75
76
76
74
73
73
73
73
73
71
72
72
74
72
70
70
69
69
70
72
73
73
71
70
69
70
71
70
68
69
69
71
71
67
68
68
66
65
61
61
62
64
65
66
66
68
67
68
69
68
67
67
66
67
69
69
69
70
71
73
73
71
72
71
72
73
74
75
75
73
72
71
72
73
73
74
76
77
77
78
77
76
77
75
73
75
76
76
75
74
76
76
77
79
78
78
79
79
78
78
78
78
80
80
81
80
78
78
78
77
78
79
78
80
82
82
81
78
74
77
77
79
81
80
81
82
84
83
83
85
84
82
80
80
79
78
79
79
81
81
83
82
80
77
76
79
77
78
79
80
82
82
82
83
81
78
79
80
82
82
82
84
83
82
82
81
81
81
79
79
80
81
79
76
76
75
77
79
78
78
79
80
78
76
75
75
77
79
80
80
79
80
79
79
77
78
81
82
81
79
80
82
83
84
82
82
84
85
86
83
83
85
85
85
84
85
85
87
88
88
87
85
87
88
90
90
89
87
84
84
85
87
87
89
89
86
88
87
85
85
82
86
87
87
88
87
87
88
87
88
92
93
93
93
90
89
89
90
90
87
87
89
89
90
87
85
86
88
86
86
85
85
89
88
86
87
87
87
87
89
87
86
84
83
82
84
84
84
83
81
81
81
82
85
87
88
89
89
89
88
85
85
84
84
84
83
84
86
86
85
82
81
82
85
83
82
83
86
87
85
82
81
80
82
86
87
86
85
85
84
86
86
86
87
86
86
84
82
82
80
80
81
81
83
84
83
82
84
85
84
85
84
83
81
80
83
83
85
84
84
83
82
82
82
81
81
80
79
80
81
79
76
76
77
79
80
80
78
78
80
81
81
80
81
81
81
80
80
80
81
83
82
81
77
78
78
78
77
77
75
74
73
73
72
71
69
70
73
72
72
70
68
70
71
73
73
72
72
72
71
72
73
75
76
75
74
74
75
75
76
74
74
74
73
72
71
72
71
71
72
73
73
72
71
71
72
73
74
75
75
75
74
73
73
74
73
74
76
76
75
75
76
75
74
74
74
77
77
76
78
79
78
76
76
74
76
78
78
79
80
81
80
78
80
82
82
82
81
80
79
79
80
81
81
80
79
76
76
78
77
75
75
77
79
82
80
80
80
81
80
82
83
84
83
82
81
80
81
80
82
83
82
81
82
82
82
82
82
81
80
78
77
76
78
79
82
82
81
78
76
77
80
82
80
78
76
78
81
83
82
80
80
81
83
84
82
83
82
80
80
80
80
82
81
81
83
82
82
82
81
82
83
85
86
87
89
91
88
85
84
84
84
85
85
85
86
88
90
89
87
84
86
88
90
89
89
88
88
89
90
92
91
90
89
87
89
90
91
88
88
88
90
89
89
90
91
90
91
91
88
88
89
87
88
86
87
88
87
87
88
88
89
88
85
86
86
85
86
86
87
88
89
88
89
88
89
88
88
89
89
90
91
91
89
88
86
86
88
89
89
88
86
85
84
84
84
85
85
86
88
88
86
88
87
87
85
84
84
85
87
85
86
87
88
87
87
87
87
88
87
86
85
86
85
85
83
83
84
87
86
85
84
84
87
88
88
87
87
87
86
88
88
88
86
85
85
86
87
87
86
87
87
87
87
86
85
84
86
87
88
87
87
84
85
87
90
88
88
89
88
90
90
89
89
88
87
89
87
85
83
83
84
86
88
89
90
90
91
89
87
86
85
83
84
85
87
89
89
88
88
89
89
88
90
90
90
90
91
91
93
91
90
86
87
87
88
89
88
89
86
88
87
86
85
84
85
88
87
85
83
85
85
87
85
84
84
85
85
84
82
79
80
81
83
88
87
87
84
85
82
83
81
80
83
84
84
82
81
81
82
81
85
85
85
84
83
82
82
82
82
84
82
84
84
84
84
83
82
81
81
82
83
83
82
81
81
80
81
82
84
84
82
80
79
80
82
81
78
76
75
77
79
80
78
77
79
80
80
80
80
78
77
76
78
80
80
82
80
79
80
80
81
81
82
82
81
79
78
79
81
83
82
82
81
77
76
78
80
81
80
80
77
78
78
79
80
81
80
80
77
76
75
77
76
76
74
75
76
75
74
75
78
79
78
78
78
79
80
79
79
80
81
82
82
79
78
78
77
78
80
79
79
79
78
78
78
78
78
79
80
81
81
80
80
81
83
84
82
80
79
80
83
85
84
83
83
84
83
83
83
81
82
82
81
81
81
83
86
87
86
83
83
83
84
83
83
82
84
85
83
84
83
83
84
86
87
87
87
87
87
86
85
84
82
83
84
87
87
84
82
83
83
83
82
81
80
79
79
79
80
82
82
79
80
82
82
84
82
81
81
80
81
80
79
80
81
80
80
79
80
80
80
77
79
77
77
77
78
81
82
82
79
79
79
83
83
81
79
80
82
82
83
81
79
78
78
79
80
80
79
79
80
82
83
81
79
80
81
82
82
81
81
80
80
80
81
81
83
81
81
81
81
80
80
82
83
83
83
82
83
85
85
84
81
81
84
85
87
86
84
84
84
83
81
79
82
86
90
89
88
83
82
84
86
86
87
85
85
86
87
87
87
89
91
90
86
85
86
87
87
87
85
87
87
85
86
86
86
87
88
88
88
89
90
91
91
90
89
91
92
92
92
90
90
92
91
91
91
90
92
90
90
92
92
91
89
89
91
95
95
96
95
93
93
94
94
96
98
99
98
94
93
91
92
94
95
94
95
95
95
93
93
92
94
95
97
97
97
97
99
99
100
98
97
97
96
97
97
98
98
99
98
98
97
99
97
98
97
97
98
101
103
102
100
97
98
97
97
96
95
95
97
98
98
98
98
97
96
96
96
96
96
96
95
93
93
95
95
95
95
95
97
95
94
93
91
91
92
90
91
90
90
89
90
89
88
87
86
89
88
85
85
84
84
86
86
87
87
85
83
80
82
83
84
84
85
83
82
81
80
80
79
79
80
80
80
81
80
78
79
80
82
83
82
80
79
80
81
81
80
78
78
78
77
77
79
77
76
75
76
78
80
78
77
74
73
74
76
79
79
78
76
77
76
75
75
75
75
75
75
76
73
73
75
77
77
77
74
73
73
72
71
70
70
72
73
73
72
71
73
74
76
76
75
75
75
74
73
73
74
75
73
71
71
70
73
71
72
71
69
69
67
68
67
67
65
68
71
71
69
68
68
70
72
70
68
68
72
72
71
68
67
66
66
66
69
69
69
69
71
72
71
69
67
66
67
69
69
68
68
69
70
69
67
66
66
66
66
65
65
66
67
69
70
70
70
69
67
69
69
70
71
71
69
68
69
70
70
70
68
66
68
71
72
72
71
71
70
70
69
68
71
71
71
70
69
70
71
70
69
69
70
71
72
72
74
72
72
71
70
69
69
69
69
70
72
71
70
71
70
72
72
71
70
71
71
72
72
71
70
71
72
74
74
72
70
67
68
70
72
72
72
71
71
71
72
73
73
71
73
72
75
76
73
71
71
72
74
73
73
73
72
74
72
70
69
69
70
70
70
71
71
73
72
71
70
71
71
71
71
70
71
69
71
73
74
74
71
69
68
69
70
72
73
73
75
76
73
71
69
70
72
74
74
74
75
73
71
71
70
69
69
70
70
71
72
72
69
67
65
66
68
69
70
69
68
69
70
70
68
66
67
68
69
70
71
73
74
71
70
70
70
71
70
70
70
71
70
70
69
69
70
72
73
76
75
75
73
70
69
68
68
70
69
69
71
71
71
69
67
67
66
66
67
66
65
65
62
62
64
67
66
66
64
62
63
62
62
60
60
61
61
62
61
61
59
59
60
61
63
61
60
59
60
61
61
60
57
56
52
52
53
54
56
56
54
53
54
56
57
56
55
54
56
56
57
56
55
54
54
55
56
56
56
57
57
56
56
55
55
55
54
54
54
55
54
54
56
56
57
59
59
58
56
56
56
57
57
56
58
56
55
53
52
52
52
52
53
54
56
54
55
56
56
55
55
53
52
52
50
51
52
52
54
55
53
50
52
52
54
56
56
53
52
51
52
53
51
48
47
49
52
52
50
50
49
50
54
52
52
53
54
54
55
54
50
47
48
47
49
49
50
51
52
53
52
51
51
51
49
47
47
50
51
51
50
49
49
49
48
49
50
50
49
48
46
47
49
48
48
50
51
51
53
51
49
50
47
49
49
50
51
50
47
46
44
44
45
47
49
49
47
47
47
48
49
49
49
47
48
49
49
49
50
50
51
50
48
49
52
54
53
50
49
51
51
52
53
53
52
50
50
51
52
53
53
52
52
53
52
52
54
55
57
54
52
50
53
57
56
53
52
53
54
54
51
49
48
50
50
50
49
49
48
48
48
47
47
48
48
48
46
46
48
48
45
43
43
41
41
38
39
40
43
44
43
42
42
42
40
39
39
41
43
44
41
39
40
42
41
40
37
36
37
39
39
38
38
37
38
39
39
41
41
40
40
38
41
42
40
38
38
38
39
39
39
40
40
41
40
40
42
45
44
42
43
42
43
43
42
43
41
41
40
44
46
45
43
40
39
40
42
43
47
48
49
46
42
42
41
40
40
40
39
39
40
40
40
41
38
37
37
38
41
46
44
42
41
39
39
38
38
39
37
35
35
36
38
38
38
35
35
37
38
37
36
35
35
36
36
37
35
33
32
35
37
37
35
33
33
34
35
33
32
32
32
33
34
35
36
33
30
30
31
34
36
35
33
32
33
37
36
36
34
34
33
37
39
37
37
34
33
34
35
35
34
33
32
30
31
33
34
33
32
32
33
36
36
36
35
37
36
36
36
38
38
36
33
31
31
33
33
34
32
32
32
32
32
32
32
32
35
33
36
35
33
34
36
35
36
36
36
34
33
32
32
33
33
34
33
34
33
32
34
33
33
34
35
34
33
34
32
32
31
31
31
31
32
32
32
32
33
31
29
29
29
29
28
28
28
27
27
26
25
26
29
31
31
28
28
28
29
30
30
30
27
27
27
26
26
27
27
26
25
24
25
26
26
26
25
25
26
27
27
27
25
22
20
22
25
28
29
27
26
26
29
29
29
27
25
26
28
28
26
26
24
24
25
26
27
28
27
28
26
29
31
30
28
29
28
26
27
26
27
27
27
26
26
26
26
25
25
26
27
30
29
30
29
28
25
24
24
24
23
24
26
28
30
29
28
29
33
34
33
32
32
33
33
30
28
27
26
27
28
28
28
25
25
25
29
33
32
28
26
27
28
30
29
26
26
28
28
26
25
26
27
28
28
29
29
27
26
23
22
23
23
24
23
23
23
23
23
21
24
25
27
26
25
25
24
24
24
25
29
29
27
24
24
25
25
24
23
24
24
21
20
21
21
20
19
18
19
19
20
19
17
16
16
16
15
16
16
19
17
15
15
13
12
13
16
15
14
12
10
10
10
10
10
11
13
14
11
11
12
12
11
10
9
11
10
11
11
9
9
12
12
13
12
13
11
11
13
11
11
10
11
11
12
11
9
9
8
9
9
11
10
12
11
9
7
8
10
9
10
12
13
13
12
10
8
8
9
6
5
4
7
9
7
6
7
8
9
10
9
10
9
10
10
8
9
9
11
12
11
8
7
6
10
11
11
11
9
9
7
7
8
8
6
5
4
5
8
8
9
6
6
8
10
11
9
10
9
8
7
6
6
8
7
8
9
7
8
7
7
10
10
7
6
6
7
9
9
11
11
12
13
14
11
11
11
12
13
11
9
9
10
10
9
9
8
9
10
11
10
11
11
13
15
13
14
14
13
11
11
13
12
11
9
10
10
11
13
12
10
9
10
10
10
9
9
9
8
9
9
9
10
10
10
8
7
7
9
8
7
7
7
8
9
9
7
6
7
7
7
7
6
5
5
5
6
7
8
5
5
6
9
8
4
2
3
6
6
5
3
2
4
4
5
6
5
5
5
6
6
6
5
4
3
4
5
7
6
6
4
3
4
5
7
6
7
5
6
4
5
5
6
8
8
7
6
5
6
7
7
7
6
4
5
5
7
7
5
5
4
5
6
6
9
10
10
7
8
8
10
11
11
11
10
10
12
13
11
10
10
9
9
11
11
11
10
9
9
10
12
11
10
10
10
13
13
12
9
7
8
10
10
10
9
8
6
9
7
6
6
5
7
8
9
8
6
6
5
7
9
10
9
9
9
10
8
6
5
5
5
6
5
5
6
6
6
3
3
3
4
4
4
3
3
2
3
3
3
1
0
0
0
0
-1
-1
0
1
1
2
0
0
-2
-1
0
0
-2
-2
-4
-3
-1
-2
-2
0
1
1
1
0
-2
1
2
2
1
0
-2
-3
-4
-5
-5
-4
-2
-2
-3
-4
-5
-4
-5
-5
-5
-5
-3
-1
0
-2
-3
-4
-5
-5
-4
-2
-3
-2
-4
-5
-5
-5
-5
-6
-6
-4
-5
-5
-4
-4
-6
-6
-7
-5
-3
-3
-2
-3
-3
-5
-5
-5
-4
-3
-5
-5
-5
-4
-1
-2
-4
-6
-6
-6
-5
-3
-3
-1
-1
-2
-5
-6
-7
-5
-5
-4
-2
0
0
-1
-3
-1
-1
-1
-3
-3
-6
-5
-4
-4
-4
-4
-5
-6
-6
-6
-4
-2
-1
-2
-2
-3
-4
-6
-7
-7
-3
-2
-3
-5
-8
-7
-6
-3
-2
-3
-6
-8
-5
-4
-3
-3
-3
-4
-5
-5
-5
-6
-5
-5
-5
-3
-3
-4
-5
-5
-5
-4
-4
-3
-2
-3
-4
-5
-5
-4
-1
1
1
1
-1
-3
-2
-2
-2
-3
-6
-5
-5
-3
-3
-5
-6
-5
-2
-1
-2
-3
-2
-1
-2
-2
-3
-4
-5
-4
-3
-1
-3
-6
-8
-7
-6
-6
-5
-7
-8
-9
-9
-10
-10
-10
-11
-9
-8
-8
-8
-9
-8
-8
-9
-9
-9
-8
-9
-9
-8
-10
-13
-15
-14
-12
-12
-10
-12
-14
-13
-15
-13
-13
-14
-15
-13
-11
-10
-10
-11
-10
-10
-11
-14
-16
-16
-15
-14
-13
-13
-14
-12
-12
-13
-15
-17
-17
-16
-15
-15
-15
-15
-16
-18
-18
-17
-17
-17
-17
-17
-17
-16
-15
-16
-15
-14
-15
-16
-17
-18
-20
-19
-18
-14
-15
-17
-19
-18
-19
-19
-22
-22
-22
-21
-19
-17
-18
-20
-19
-20
-19
-19
-19
-20
-20
-21
-21
-23
-22
-23
-24
-25
-23
-22
-22
-23
-23
-23
-22
-20
-23
-25
-23
-22
-22
-23
-23
-22
-20
-20
-22
-24
-23
-21
-21
-22
-23
-24
-25
-25
-23
-22
-22
-22
-24
-25
-23
-24
-23
-24
-25
-26
-22
-20
-21
-22
-24
-25
-25
-24
-24
-24
-23
-21
-23
-25
-27
-28
-25
-23
-23
-26
-29
-27
-25
-24
-25
-29
-27
-26
-25
-25
-24
-22
-24
-25
-26
-24
-21
-20
-21
-21
-20
-19
-22
-23
-24
-24
-22
-21
-22
-22
-21
-22
-22
-23
-21
-20
-20
-20
-20
-20
-22
-21
-20
-19
-19
-21
-20
-20
-20
-19
-18
-20
-22
-24
-25
-23
-22
-22
-23
-23
-23
-24
-24
-26
-24
-24
-24
-24
-23
-23
-23
-22
-22
-23
-21
-21
-22
-25
-25
-22
-22
-22
-24
-24
-23
-24
-24
-24
-21
-22
-23
-23
-22
-20
-20
-21
-24
-23
-22
-22
-23
-23
-21
-19
-19
-19
-20
-21
-21
-23
-21
-21
-21
-22
-24
-25
-23
-21
-19
-20
-21
-20
-20
-20
-21
-21
-20
-20
-19
-19
-19
-21
-21
-19
-17
-16
-15
-19
-21
-22
-20
-18
-17
-16
-17
-17
-19
-19
-17
-17
-18
-18
-21
-22
-21
-19
-17
-19
-19
-18
-17
-17
-17
-18
-20
-19
-18
-16
-18
-17
-16
-18
-19
-20
-18
-17
-16
-17
-18
-19
-17
-17
-18
-18
-19
-19
-19
-17
-19
-18
-19
-19
-19
-19
-17
-15
-14
-18
-20
-18
-15
-15
-16
-17
-15
-14
-12
-13
-13
-14
-16
-16
-18
-18
-16
-15
-17
-17
-17
-15
-13
-13
-14
-13
-12
-11
-14
-16
-17
-16
-16
-18
-18
-17
-17
-15
-15
-13
-12
-11
-12
-14
-15
-16
-15
-12
-12
-15
-16
-17
-15
-14
-14
-15
-16
-17
-18
-18
-16
-15
-16
-17
-18
-17
-15
-14
-16
-16
-14
-12
-14
-17
-18
-16
-13
-15
-18
-20
-17
-17
-18
-20
-21
-20
-18
-16
-16
-15
-16
-17
-17
-18
-19
-18
-17
-17
-18
-19
-19
-20
-19
-18
-17
-18
-20
-19
-20
-18
-18
-18
-19
-18
-16
-19
-20
-21
-18
-18
-20
-20
-20
-17
-17
-18
-18
-18
-19
-19
-19
-20
-18
-20
-20
-22
-22
-21
-21
-20
-18
-19
-18
-19
-18
-18
-20
-20
-20
-19
-20
-20
-20
-19
-19
-21
-20
-20
-18
-17
-17
-18
-19
-20
-19
-19
-17
-18
-21
-22
-21
-18
-19
-19
-19
-18
-19
-18
-18
-18
-19
-18
-18
-20
-20
-18
-18
-20
-22
-23
-22
-22
-24
-24
-24
-23
-22
-23
-24
-25
-25
-24
-25
-27
-27
-26
-25
-27
-26
-27
-27
-26
-28
-29
-29
-30
-28
-27
-26
-26
-25
-26
-28
-30
-30
-29
-29
-27
-28
-28
-28
-28
-29
-30
-29
-27
-29
-30
-31
-33
-33
-33
-31
-31
-29
-28
-27
-27
-29
-29
-30
-29
-28
-26
-28
-29
-31
-31
-31
-31
-31
-31
-28
-26
-26
-27
-29
-30
-29
-28
-27
-26
-27
-29
-28
-30
-29
-28
-28
-26
-24
-25
-27
-28
-28
-26
-24
-24
-28
-29
-28
-25
-26
-26
-29
-30
-27
-26
-27
-27
-29
-29
-31
-29
-30
-30
-29
-30
-30
-28
-27
-26
-26
-28
-27
-27
-29
-30
-31
-32
-32
-33
-34
-33
-33
-35
-34
-33
-32
-30
-31
-32
-32
-31
-28
-30
-33
-34
-32
-30
-30
-31
-34
-32
-30
-29
-30
-32
-34
-32
-31
-32
-33
-35
-35
-37
-36
-33
-32
-30
-30
-31
-34
-35
-35
-36
-34
-33
-32
-35
-33
-32
-34
-35
-36
-33
-31
-31
-29
-30
-32
-33
-34
-34
-33
-34
-36
-37
-35
-32
-30
-32
-35
-36
-35
-34
-33
-34
-34
-33
-33
-34
-36
-38
-35
-36
-36
-37
-37
-35
-32
-34
-36
-34
-32
-31
-30
-32
-34
-34
-34
-34
-34
-34
-34
-32
-34
-35
-36
-35
-34
-35
-35
-35
-35
-34
-33
-31
-31
-33
-33
-34
-34
-34
-35
-37
-38
-38
-39
-40
-40
-40
-40
-40
-43
-43
-43
-42
-42
-42
-44
-46
-44
-44
-43
-44
-43
-42
-42
-41
-43
-44
-45
-45
-46
-45
-45
-44
-43
-42
-43
-46
-50
-51
-51
-51
-49
-50
-49
-49
-49
-49
-49
-48
-48
-49
-50
-50
-50
-51
-51
-52
-50
-49
-49
-49
-51
-51
-49
-48
-49
-48
-48
-49
-50
-50
-52
-52
-52
-51
-50
-48
-47
-46
-47
-48
-49
-49
-50
-48
-46
-48
-47
-49
-46
-44
-45
-44
-46
-46
-46
-46
-46
-47
-46
-45
-43
-44
-46
-47
-48
-46
-44
-45
-44
-45
-44
-44
-43
-43
-45
-44
-45
-45
-46
-47
-47
-46
-45
-44
-46
-47
-46
-42
-43
-45
-47
-47
-47
-46
-46
-47
-47
-47
-48
-46
-45
-45
-44
-45
-47
-46
-44
-42
-43
-44
-45
-46
-45
-46
-45
-45
-44
-44
-43
-43
-45
-45
-45
-45
-45
-44
-45
-46
-46
-45
-43
-43
-44
-45
-44
-43
-43
-44
-43
-43
-42
-43
-48
-51
-49
-46
-44
-45
-47
-47
-46
-44
-44
-46
-49
-49
-46
-45
-43
-44
-45
-44
-42
-42
-43
-43
-44
-43
-42
-42
-44
-45
-45
-43
-41
-41
-41
-42
-42
-43
-44
-43
-41
-41
-42
-44
-45
-43
-43
-44
-43
-43
-41
-38
-38
-40
-41
-42
-41
-42
-40
-41
-43
-44
-45
-44
-45
-45
-44
-45
-46
-44
-39
-39
-43
-47
-48
-48
-47
-48
-49
-48
-46
-43
-44
-46
-48
-49
-48
-47
-45
-45
-48
-49
-49
-50
-50
-49
-50
-50
-52
-52
-51
-51
-50
-50
-48
-48
-49
-50
-48
-48
-45
-46
-49
-50
-52
-55
-55
-51
-48
-49
-49
-50
-50
-50
-51
-52
-52
-50
-49
-50
-50
-50
-48
-48
-49
-49
-50
-51
-52
-50
-47
-45
-46
-46
-47
-45
-45
-45
-46
-48
-47
-45
-44
-46
-46
-46
-44
-44
-46
-48
-48
-47
-47
-47
-49
-48
-47
-45
-44
-45
-44
-43
-43
-43
-44
-44
-44
-43
-42
-42
-44
-45
-45
-45
-45
-45
-46
-45
-46
-46
-44
-43
-44
-43
-43
-44
-42
-42
-43
-42
-42
-43
-44
-44
-43
-45
-43
-43
-43
-46
-47
-46
-44
-43
-44
-45
-44
-42
-40
-43
-45
-44
-43
-41
-40
-40
-41
-41
-42
-43
-43
-42
-43
-45
-49
-48
-44
-43
-43
-44
-44
-42
-40
-40
-42
-44
-44
-42
-43
-45
-45
-46
-45
-44
-44
-43
-42
-43
-45
-44
-44
-43
-44
-44
-41
-40
-40
-40
-43
-45
-45
-43
-43
-43
-43
-43
-39
-40
-41
-40
-39
-40
-40
-40
-41
-41
-42
-42
-42
-40
-41
-42
-44
-43
-40
-38
-39
-41
-40
-39
-39
-41
-41
-40
-38
-38
-37
-39
-38
-36
-36
-37
-36
-36
-37
-36
-39
-39
-40
-42
-41
-38
-38
-37
-38
-39
-37
-36
-37
-36
-36
-37
-37
-38
-40
-40
-38
-36
-35
-38
-39
-39
-41
-41
-39
-37
-38
-39
-38
-39
-39
-37
-36
-38
-41
-41
-41
-41
-40
-42
-41
-40
-40
-40
-41
-41
-39
-38
-41
-41
-40
-39
-38
-38
-37
-40
-39
-42
-42
-42
-42
-43
-44
-44
-44
-43
-42
-42
-44
-44
-43
-42
-41
-40
-40
-39
-38
-38
-38
-38
-39
-41
-39
-39
-38
-40
-43
-44
-45
-44
-43
-44
-44
-44
-42
-43
-45
-46
-46
-43
-41
-43
-43
-42
-41
-41
-44
-45
-46
-46
-44
-44
-43
-41
-42
-42
-45
-45
-46
-44
-43
-42
-42
-43
-45
-45
-44
-41
-42
-43
-42
-41
-38
-37
-40
-42
-43
-44
-42
-41
-42
-42
-42
-44
-46
-45
-43
-44
-45
-47
-47
-45
-44
-45
-47
-49
-48
-47
-45
-46
-46
-47
-48
-48
-48
-48
-49
-51
-51
-51
-52
-55
-53
-53
-53
-53
-55
-56
-54
-53
-51
-53
-53
-53
-52
-51
-51
-51
-51
-54
-54
-55
-55
-54
-54
-53
-55
-55
-54
-54
-55
-56
-56
-55
-54
-52
-53
-55
-57
-60
-60
-59
-56
-58
-57
-57
-59
-59
-60
-58
-57
-58
-60
-61
-58
-56
-57
-58
-61
-60
-57
-56
-57
-59
-59
-60
-60
-60
-60
-61
-60
-61
-61
-59
-60
-61
-62
-61
-62
-62
-63
-63
-61
-61
-60
-61
-62
-63
-64
-66
-66
-66
-66
-66
-65
-65
-64
-62
-62
-63
-65
-67
-68
-67
-66
-63
-60
-59
-59
-62
-65
-64
-63
-60
-58
-59
-59
-61
-63
-64
-63
-62
-63
-63
-63
-64
-63
-64
-64
-65
-65
-62
-63
-66
-68
-66
-60
-58
-59
-63
-64
-65
-64
-64
-64
-63
-63
-64
-62
-63
-64
-65
-66
-65
-66
-66
-63
-62
-61
-61
-62
-61
-60
-61
-61
-63
-65
-65
-65
-64
-64
-65
-67
-65
-65
-65
-66
-66
-63
-61
-62
-66
-65
-64
-63
-61
-62
-63
-63
-61
-63
-63
-63
-63
-61
-61
-61
-63
-62
-62
-62
-60
-61
-60
-61
-62
-63
-64
-64
-62
-60
-62
-63
-63
-63
-62
-64
-68
-68
-65
-63
-60
-60
-63
-62
-63
-62
-61
-60
-60
-63
-64
-63
-61
-62
-66
-65
-64
-65
-64
-64
-62
-62
-62
-62
-64
-64
-63
-62
-63
-63
-64
-64
-65
-67
-66
-65
-65
-66
-66
-65
-65
-64
-64
-66
-67
-65
-65
-67
-67
-66
-65
-66
-67
-68
-66
-65
-64
-64
-65
-66
-66
-64
-64
-64
-66
-66
-65
-66
-65
-63
-63
-63
-65
-62
-62
-62
-64
-66
-67
-64
-63
-63
-65
-65
-66
-66
-65
-65
-64
-66
-64
-63
-63
-63
-62
-60
-61
-60
-60
-61
-61
-62
-63
-64
-62
-59
-58
-58
-59
-60
-59
-58
-58
-59
-60
-61
-59
-56
-56
-55
-56
-58
-59
-58
-56
-56
-57
-59
-59
-55
-54
-54
-55
-57
-57
-55
-55
-55
-55
-55
-52
-52
-54
-54
-54
-54
-54
-55
-56
-55
-53
-51
-51
-50
-49
-51
-49
-51
-51
-51
-49
-49
-49
-48
-49
-48
-50
-52
-51
-50
-48
-45
-44
-44
-44
-46
-46
-46
-48
-47
-47
-46
-45
-44
-45
-48
-49
-49
-48
-47
-46
-47
-46
-45
-43
-44
-45
-46
-46
-47
-49
-49
-49
-49
-48
-46
-43
-40
-41
-43
-44
-46
-45
-45
-45
-46
-46
-44
-43
-42
-44
-44
-44
-44
-44
-45
-46
-44
-44
-42
-43
-41
-40
-39
-39
-40
-40
-40
-41
-39
-37
-36
-37
-38
-39
-41
-39
-37
-36
-36
-36
-35
-35
-36
-37
-36
-36
-36
-35
-34
-34
-36
-37
-36
-37
-37
-39
-39
-37
-35
-33
-32
-33
-36
-36
-35
-33
-34
-36
-38
-38
-37
-36
-37
-37
-37
-36
-37
-37
-36
-35
-36
-37
-35
-35
-36
-37
-38
-39
-37
-37
-39
-40
-40
-38
-38
-39
-39
-39
-37
-40
-39
-40
-40
-39
-39
-40
-40
-39
-41
-42
-43
-42
-39
-38
-40
-41
-40
-38
-37
-38
-37
-37
-37
-37
-38
-38
-36
-37
-36
-35
-35
-36
-36
-38
-37
-37
-37
-37
-38
-37
-37
-36
-35
-37
-37
-35
-35
-33
-33
-32
-33
-33
-34
-33
-32
-32
-33
-35
-34
-30
-28
-30
-33
-34
-34
-33
-31
-32
-30
-31
-30
-31
-32
-32
-31
-30
-30
-29
-30
-31
-33
-34
-33
-30
-29
-28
-30
-30
-28
-27
-26
-25
-26
-26
-27
-28
-27
-26
-25
-25
-25
-25
-23
-22
-22
-22
-22
-23
-23
-22
-21
-21
-22
-21
-20
-21
-21
-22
-23
-22
-22
-23
-26
-26
-26
-26
-23
-24
-24
-24
-24
-25
-25
-25
-25
-26
-27
-28
-26
-24
-25
-25
-24
-25
-26
-27
-26
-25
-27
-27
-26
-27
-26
-28
-29
-32
-32
-31
-30
-27
-26
-26
-27
-28
-27
-26
-27
-28
-29
-29
-30
-26
-23
-23
-26
-29
-32
-31
-28
-28
-28
-27
-27
-28
-31
-32
-31
-30
-29
-28
-28
-29
-29
-28
-28
-30
-32
-32
-32
-31
-31
-30
-30
-30
-33
-34
-33
-35
-35
-35
-34
-33
-32
-34
-33
-33
-35
-34
-34
-34
-32
-31
-30
-31
-32
-31
-32
-30
-30
-29
-29
-30
-28
-29
-27
-28
-29
-29
-27
-26
-24
-24
-25
-27
-28
-29
-27
-27
-27
-28
-26
-25
-27
-28
-28
-27
-25
-23
-23
-26
-25
-27
-26
-24
-24
-24
-23
-24
-26
-27
-26
-25
-23
-23
-24
-24
-25
-25
-27
-29
-29
-29
-27
-26
-26
-24
-23
-23
-24
-26
-26
-25
-23
-21
-21
-21
-22
-21
-22
-23
-23
-25
-24
-25
-25
-24
-25
-23
-22
-23
-24
-24
-25
-24
-24
-23
-23
-23
-22
-21
-22
-22
-22
-22
-19
-18
-21
-23
-24
-23
-21
-21
-22
-23
-21
-19
-17
-19
-22
-23
-24
-23
-23
-22
-24
-24
-25
-25
-24
-25
-26
-24
-23
-22
-20
-20
-21
-23
-26
-26
-24
-22
-22
-24
-25
-24
-24
-23
-24
-24
-27
-30
-28
-26
-27
-26
-26
-26
-26
-25
-26
-27
-27
-28
-26
-25
-24
-26
-29
-28
-29
-29
-32
-32
-31
-30
-27
-26
-28
-28
-26
-29
-30
-30
-30
-28
-26
-28
-29
-28
-29
-29
-30
-30
-30
-28
-27
-29
-30
-30
-29
-29
-30
-29
-28
-27
-26
-27
-28
-27
-27
-28
-28
-29
-30
-31
-33
-33
-32
-29
-27
-27
-30
-31
-33
-32
-32
-31
-32
-31
-29
-29
-29
-33
-34
-33
-31
-29
-28
-29
-31
-32
-30
-28
-28
-28
-28
-30
-31
-30
-31
-30
-29
-26
-26
-29
-29
-29
-27
-27
-29
-29
-28
-27
-27
-28
-26
-26
-26
-27
-27
-27
-27
-26
-26
-26
-26
-26
-24
-26
-27
-27
-28
-30
-29
-28
-28
-26
-26
-25
-23
-23
-25
-27
-29
-29
-27
-26
-28
-30
-31
-29
-28
-29
-31
-34
-34
-32
-32
-29
-28
-30
-30
-32
-32
-33
-35
-38
-39
-39
-39
-35
-32
-30
-31
-34
-36
-37
-37
-35
-33
-33
-34
-35
-35
-35
-34
-35
-37
-37
-36
-33
-32
-33
-36
-38
-38
-36
-36
-36
-35
-34
-33
-33
-33
-36
-38
-40
-41
-39
-40
-40
-40
-40
-38
-37
-35
-35
-35
-36
-36
-37
-36
-35
-36
-36
-38
-37
-37
-36
-34
-34
-35
-32
-34
-35
-36
-38
-36
-35
-34
-33
-33
-35
-33
-32
-31
-32
-33
-35
-35
-34
-32
-33
-31
-29
-29
-30
-30
-30
-30
-29
-32
-32
-32
-30
-28
-28
-28
-30
-27
-26
-25
-25
-27
-33
-32
-32
-31
-29
-27
-28
-27
-28
-26
-26
-28
-29
-28
-30
-33
-33
-33
-30
-29
-28
-31
-34
-34
-33
-31
-31
-29
-31
-29
-28
-27
-29
-29
-30
-31
-29
-26
-25
-25
-26
-26
-26
-27
-26
-27
-30
-31
-32
-31
-27
-27
-28
-30
-30
-29
-27
-28
-30
-30
-29
-27
-27
-28
-30
-30
-29
-29
-29
-30
-29
-28
-26
-25
-24
-25
-25
-26
-27
-28
-29
-30
-29
-30
-30
-29
-28
-30
-33
-33
-30
-28
-26
-27
-28
-28
-28
-27
-26
-27
-28
-28
-29
-30
-29
-29
-27
-26
-25
-26
-26
-25
-26
-28
-28
-30
-29
-27
-26
-26
-26
-26
-25
-24
-23
-24
-25
-25
-23
-21
-22
-23
-26
-25
-25
-25
-26
-29
-28
-26
-25
-25
-24
-26
-26
-26
-28
-28
-27
-25
-24
-24
-26
-26
-26
-26
-27
-27
-26
-24
-23
-23
-24
-25
-26
-28
-28
-27
-27
-26
-25
-22
-22
-22
-21
-24
-26
-26
-24
-23
-25
-27
-25
-26
-24
-25
-24
-24
-23
-23
-23
-24
-25
-24
-24
-23
-23
-26
-27
-27
-26
-25
-24
-25
-25
-24
-23
-21
-23
-24
-25
-24
-24
-24
-23
-22
-20
-20
-20
-19
-21
-21
-21
-21
-22
-22
-21
-24
-23
-22
-22
-21
-21
-21
-21
-20
-20
-20
-20
-19
-18
-19
-21
-23
-22
-21
-20
-21
-21
-21
-21
-20
-17
-15
-17
-19
-20
-20
-22
-20
-20
-19
-17
-18
-21
-22
-22
-21
-20
-20
-19
-18
-18
-20
-21
-20
-21
-18
-17
-19
-20
-22
-22
-23
-22
-19
-19
-21
-21
-22
-23
-24
-24
-21
-21
-21
-22
-21
-18
-18
-22
-23
-23
-21
-19
-20
-21
-23
-22
-22
-19
-18
-17
-17
-19
-21
-20
-21
-23
-22
-22
-21
-20
-20
-20
-20
-20
-21
-23
-23
-22
-21
-20
-22
-24
-22
-21
-22
-22
-24
-25
-23
-21
-22
-24
-25
-23
-22
-23
-24
-23
-22
-19
-20
-20
-21
-19
-19
-19
-18
-19
-18
-17
-19
-20
-19
-17
-18
-20
-20
-21
-21
-21
-21
-19
-19
-21
-21
-21
-21
-20
-18
-17
-17
-18
-19
-20
-19
-20
-19
-19
-20
-19
-20
-19
-20
-20
-20
-21
-23
-22
-22
-20
-19
-19
-19
-19
-18
-18
-18
-20
-20
-18
-18
-20
-19
-19
-18
-19
-18
-21
-22
-21
-19
-21
-21
-19
-19
-18
-18
-19
-20
-23
-23
-20
-18
-17
-18
-20
-20
-18
-18
-18
-18
-19
-19
-18
-18
-17
-17
-18
-18
-18
-19
-20
-18
-18
-17
-17
-17
-19
-19
-17
-17
-19
-19
-18
-19
-18
-16
-19
-21
-21
-22
-21
-17
-17
-16
-17
-18
-18
-20
-20
-18
-18
-18
-19
-19
-19
-19
-19
-18
-17
-16
-17
-17
-16
-16
-13
-15
-15
-17
-19
-20
-20
-18
-17
-14
-15
-17
-18
-17
-16
-16
-18
-19
-22
-20
-17
-18
-19
-20
-21
-20
-20
-21
-23
-22
-22
-20
-18
-20
-20
-20
-19
-18
-18
-18
-18
-19
-20
-22
-23
-24
-23
-22
-22
-21
-18
-17
-18
-18
-21
-20
-21
-19
-20
-21
-21
-20
-19
-19
-18
-18
-19
-21
-23
-22
-21
-18
-18
-19
-19
-21
-21
-20
-18
-18
-18
-20
-23
-22
-19
-18
-19
-19
-19
-19
-19
-19
-20
-19
-19
-20
-21
-22
-22
-23
-23
-22
-23
-22
-23
-23
-22
-23
-21
-22
-22
-20
-20
-21
-23
-23
-21
-19
-21
-22
-22
-22
-22
-22
-24
-24
-25
-23
-23
-23
-23
-23
-22
-22
-23
-21
-20
-21
-23
-25
-28
-29
-26
-25
-26
-27
-27
-27
-27
-28
-28
-27
-26
-22
-22
-23
-23
-25
-24
-23
-22
-24
-24
-26
-24
-22
-22
-23
-24
-22
-20
-20
-23
-25
-25
-23
-22
-25
-26
-25
-23
-23
-22
-23
-24
-23
-23
-22
-22
-22
-23
-24
-25
-25
-24
-23
-24
-24
-23
-23
-24
-24
-24
-21
-20
-19
-22
-23
-22
-22
-22
-22
-23
-23
-24
-26
-25
-25
-23
-21
-21
-21
-21
-22
-24
-23
-22
-23
-21
-21
-21
-21
-24
-25
-24
-22
-20
-20
-22
-22
-21
-18
-18
-19
-19
-21
-20
-21
-21
-20
-22
-22
-19
-18
-18
-19
-21
-21
-20
-20
-19
-21
-20
-20
-19
-15
-15
-16
-17
-16
-17
-19
-18
-19
-18
-18
-19
-19
-20
-19
-19
-19
-19
-19
-19
-20
-18
-19
-21
-20
-18
-18
-18
-19
-20
-19
-20
-21
-20
-18
-14
-13
-15
-15
-17
-18
-17
-16
-17
-17
-18
-19
-17
-17
-16
-17
-19
-19
-18
-20
-19
-18
-18
-16
-17
-17
-18
-18
-16
-15
-16
-16
-15
-16
-17
-18
-18
-19
-20
-20
-21
-22
-21
-20
-21
-23
-22
-22
-22
-22
-24
-22
-19
-18
-16
-17
-19
-22
-21
-21
-20
-19
-20
-20
-20
-20
-22
-22
-22
-21
-18
-19
-20
-20
-20
-20
-20
-19
-20
-19
-19
-18
-18
-18
-20
-21
-21
-21
-22
-22
-23
-22
-22
-22
-22
-22
-19
-18
-18
-19
-21
-20
-20
-20
-20
-18
-19
-20
-18
-17
-16
-18
-20
-18
-17
-15
-16
-16
-17
-16
-17
-16
-14
-14
-15
-17
-16
-15
-12
-11
-13
-15
-15
-15
-16
-16
-16
-15
-16
-14
-15
-16
-14
-11
-13
-15
-16
-18
-18
-19
-18
-17
-17
-17
-17
-16
-14
-13
-14
-15
-14
-14
-14
-17
-17
-16
-13
-13
-14
-16
-17
-17
-19
-18
-18
-17
-15
-14
-15
-16
-14
-15
-17
-20
-18
-15
-14
-16
-19
-21
-21
-19
-18
-20
-20
-20
-20
-20
-20
-20
-18
-16
-13
-13
-17
-18
-18
-17
-17
-19
-18
-17
-17
-16
-17
-15
-14
-13
-14
-12
-13
-12
-13
-14
-14
-13
-14
-16
-17
-17
-17
-17
-16
-14
-15
-13
-13
-15
-14
-15
-15
-16
-17
-16
-14
-14
-14
-16
-16
-16
-15
-14
-14
-14
-13
-13
-13
-12
-9
-8
-9
-10
-10
-7
-6
-9
-12
-14
-11
-8
-7
-7
-9
-9
-11
-10
-8
-9
-8
-7
-8
-8
-7
-6
-5
-5
-7
-9
-8
-7
-7
-8
-10
-9
-6
-4
-2
-4
-6
-5
-4
-4
-4
-4
-3
-1
-2
-3
-3
-1
-2
-3
-5
-4
-3
-3
-4
-6
-6
-1
1
-1
-1
-2
-3
-2
-2
-3
-2
-3
-2
0
0
2
1
1
3
4
4
7
5
5
5
5
5
3
3
5
6
7
7
6
6
9
9
9
9
9
9
10
9
9
8
9
9
8
8
7
8
6
7
9
9
9
7
7
9
13
15
15
13
12
13
13
14
14
11
13
14
14
15
15
15
14
15
16
16
16
14
11
12
13
13
11
10
10
11
12
11
10
10
10
10
9
11
11
11
9
10
9
9
7
6
6
6
6
8
8
8
8
8
9
8
7
6
4
6
6
4
2
3
5
8
7
4
1
3
3
4
5
4
5
6
6
4
2
1
3
4
5
6
5
4
2
4
6
6
5
3
2
1
4
5
6
5
4
3
3
4
4
4
3
2
4
7
5
6
5
6
8
7
8
5
3
2
2
3
4
3
2
3
1
1
1
1
2
0
0
0
1
3
5
6
5
3
4
3
5
5
6
7
8
6
7
5
6
9
11
11
10
9
8
6
7
8
9
11
13
12
13
14
13
11
11
10
12
14
12
12
11
12
15
14
11
9
9
9
7
8
10
11
12
10
9
7
9
8
8
11
14
15
14
13
14
14
15
16
15
17
18
18
16
16
16
14
12
10
9
9
10
11
11
11
11
12
13
13
13
13
12
11
10
11
12
13
12
11
11
12
13
14
15
14
13
14
16
17
15
13
11
12
13
17
18
16
14
15
18
17
16
14
16
18
18
19
19
19
22
23
23
20
19
19
19
18
19
20
22
21
20
20
20
20
20
21
23
24
23
22
21
21
22
23
22
21
21
22
23
24
24
24
24
23
21
19
19
19
20
21
21
21
21
21
22
24
21
20
18
17
20
21
21
21
21
21
20
19
19
20
19
21
20
20
20
20
21
20
18
18
20
21
21
19
18
19
19
20
20
22
20
20
19
17
18
20
19
18
18
19
19
20
20
20
18
18
18
18
19
22
23
21
20
20
19
22
22
23
21
21
23
23
23
21
20
18
19
18
17
15
16
15
17
18
21
21
19
19
19
18
16
13
12
14
16
17
16
14
16
17
16
16
17
19
20
17
17
16
16
18
18
17
16
16
16
16
16
15
16
14
16
17
19
19
19
19
18
15
12
13
13
15
15
13
14
14
13
13
12
13
12
11
10
9
9
10
9
6
6
7
9
10
9
8
8
9
10
10
11
10
8
5
7
7
10
9
7
7
9
10
7
6
7
9
9
9
7
6
6
6
7
4
6
7
6
5
6
6
8
8
4
4
5
7
6
5
4
4
6
7
9
10
10
9
7
7
8
11
11
8
7
7
7
8
7
7
7
6
7
5
8
9
10
14
13
12
11
11
8
8
8
8
8
8
8
10
9
8
8
8
8
8
10
11
9
12
12
9
9
7
11
11
11
11
10
9
10
10
12
10
10
11
11
9
10
11
11
10
10
6
8
8
9
9
8
10
10
11
10
10
12
11
10
10
11
11
13
15
12
10
10
11
13
14
12
9
10
10
9
8
8
10
11
12
12
13
12
12
12
12
13
14
12
11
11
10
12
15
16
16
15
13
15
17
20
21
21
19
18
18
19
18
17
15
15
15
15
16
16
17
18
19
18
17
14
14
16
19
18
17
13
11
10
13
16
15
15
15
16
18
20
19
18
17
17
17
17
15
15
16
18
21
19
19
18
19
18
20
20
20
20
18
18
16
17
17
19
18
17
18
17
19
20
19
20
19
18
18
19
19
17
16
16
15
15
15
17
18
17
14
13
13
14
17
17
15
15
16
17
18
19
18
18
18
19
18
18
19
20
17
15
15
14
15
17
18
16
15
17
18
19
19
18
18
16
18
18
17
17
17
17
16
16
14
13
12
12
14
16
16
16
14
13
14
13
13
13
12
12
13
15
14
14
14
12
11
12
13
14
14
15
14
13
13
13
13
14
16
14
13
15
16
14
13
13
12
12
12
9
10
12
14
13
11
9
8
8
9
9
10
14
15
15
13
12
13
13
13
14
13
12
13
12
13
12
13
11
10
9
9
10
9
11
11
10
6
6
8
9
10
10
8
8
9
8
9
7
8
9
8
10
11
13
11
9
8
7
7
7
5
4
6
10
10
9
7
7
8
8
9
9
9
8
9
10
11
10
10
10
8
8
8
7
9
11
11
10
8
8
6
7
8
9
8
10
12
12
12
11
12
11
9
9
6
7
8
8
8
7
7
8
9
9
10
9
9
9
9
10
12
12
11
10
8
8
9
10
12
12
12
14
14
13
10
9
10
13
14
14
12
9
12
14
15
13
13
13
14
15
17
17
15
13
14
17
14
14
13
13
14
15
17
17
17
15
12
13
17
18
17
15
15
15
15
15
16
15
14
14
15
16
16
16
16
15
16
16
16
16
18
16
14
14
15
16
19
17
17
17
16
18
17
17
17
19
19
17
16
16
15
14
14
15
19
20
18
18
16
17
16
15
14
15
13
13
17
18
17
15
12
11
12
13
12
12
12
10
8
7
7
8
11
11
10
11
12
12
13
14
13
13
12
12
14
14
14
12
11
10
10
11
9
8
8
8
10
12
15
13
12
11
11
10
10
10
11
12
12
13
11
10
10
12
12
14
12
11
9
8
7
7
6
8
12
9
7
7
5
6
10
11
10
8
8
10
8
6
7
9
11
11
8
4
5
7
7
8
7
8
8
8
8
7
9
10
10
8
7
6
7
8
7
6
6
8
8
8
7
7
7
6
3
2
3
3
5
5
5
4
2
-1
0
1
1
3
4
2
1
1
0
2
4
5
4
0
-1
2
5
7
7
5
4
3
2
2
1
1
1
2
3
3
3
5
4
1
0
0
1
4
7
5
2
1
0
1
3
4
5
6
7
6
6
5
5
6
4
5
3
5
6
5
5
5
5
6
6
6
7
9
10
11
12
10
9
6
7
7
6
6
7
8
9
9
6
7
8
9
8
8
7
7
8
8
9
10
11
11
11
12
11
12
15
15
14
13
14
16
11
13
15
10
15
18
10
16
24
8
17
21
11
17
22
14
16
19
12
15
18
14
11
14
18
21
20
17
13
13
14
15
14
13
12
13
16
20
21
17
18
16
18
20
18
16
19
21
18
21
23
21
21
21
18
22
23
20
22
21
19
22
24
20
20
20
20
26
25
21
21
20
22
23
20
21
22
23
24
26
26
26
26
25
25
25
25
25
26
27
