93
91
88
90
91
93
94
94
94
93
94
94
96
95
94
93
93
91
91
90
89
90
89
91
91
90
89
89
88
90
89
88
87
88
90
88
87
86
86
88
90
92
90
87
85
85
85
86
86
88
90
90
88
86
86
86
85
83
84
85
86
87
85
81
81
82
83
83
84
85
85
85
82
83
84
87
88
87
86
86
83
84
86
86
87
88
87
88
88
86
83
84
85
87
89
90
88
87
86
87
86
88
90
87
85
86
88
89
87
86
83
84
83
82
83
84
84
87
87
88
88
89
88
87
89
89
90
86
85
87
90
91
89
87
89
91
90
87
87
88
90
89
90
89
89
90
88
87
87
89
88
87
86
86
86
89
88
87
85
83
83
81
83
86
88
88
88
88
90
90
91
91
90
89
88
89
88
87
87
89
89
88
87
87
86
88
89
87
88
87
84
86
85
85
85
84
86
86
85
83
83
84
83
85
85
86
87
87
84
82
84
83
83
83
82
83
85
84
83
81
79
80
82
83
80
80
81
81
83
84
83
82
82
83
82
81
80
79
79
78
80
80
79
78
77
77
75
76
77
80
78
75
75
73
75
76
76
77
79
77
74
73
75
77
78
78
77
77
79
80
80
78
79
81
81
81
81
78
75
75
76
77
79
77
75
75
73
74
76
75
75
74
74
76
77
79
77
73
74
75
73
71
73
75
76
77
73
71
72
75
77
79
77
76
76
76
75
76
80
81
82
81
80
79
79
81
81
78
78
78
80
81
81
78
77
77
76
78
78
77
76
75
74
75
75
77
77
78
78
79
79
80
79
80
81
81
79
79
78
78
80
79
78
79
80
78
78
79
78
78
79
79
80
79
81
82
83
83
80
80
80
80
80
82
82
81
82
81
83
83
81
80
79
78
80
80
80
82
81
83
84
84
85
82
80
81
81
84
84
83
82
83
84
84
82
80
83
81
82
83
82
81
81
80
81
80
80
79
78
80
80
80
80
80
79
79
78
76
77
79
78
77
76
79
81
82
81
80
78
77
78
79
80
81
78
75
75
73
74
74
71
71
71
73
72
71
69
66
68
69
71
68
69
69
69
71
70
67
64
66
68
69
70
71
68
67
65
63
64
63
64
65
66
65
65
64
63
64
64
64
64
63
62
61
64
67
66
67
65
64
67
66
64
66
65
68
68
66
65
62
62
61
62
63
63
61
62
62
62
61
61
60
63
64
64
63
64
64
62
60
60
59
62
63
62
60
59
57
54
53
56
61
63
60
59
56
57
58
58
59
57
57
56
58
57
55
53
54
57
59
60
59
59
57
58
58
56
57
59
59
60
60
58
55
54
54
55
57
57
56
56
56
55
54
55
56
58
60
59
59
57
58
58
58
58
59
61
60
60
60
59
57
58
57
59
62
64
64
64
62
63
61
62
65
64
64
64
64
62
62
63
62
61
61
63
63
64
64
63
62
63
63
63
63
62
62
64
63
62
61
61
61
62
62
62
62
63
65
65
63
61
61
61
62
62
64
63
64
62
61
62
62
63
62
62
61
62
62
61
62
61
62
65
65
64
62
59
58
58
59
61
59
59
58
58
57
57
59
61
62
60
59
60
63
63
62
60
59
61
59
59
61
64
62
60
59
58
59
59
58
57
55
54
55
54
55
55
53
54
54
57
56
54
53
53
51
52
50
51
50
52
50
51
50
52
52
53
51
50
49
48
50
53
55
54
51
50
49
49
51
51
50
48
48
49
49
47
47
49
49
49
47
47
46
44
43
44
44
44
43
43
45
46
47
45
43
40
41
44
46
45
44
43
45
47
46
42
39
39
42
44
43
44
45
44
43
40
41
42
44
45
43
39
38
39
40
42
41
39
41
40
40
40
40
41
42
42
41
43
44
44
45
44
45
46
44
43
43
44
45
46
44
43
45
44
46
44
43
44
45
46
45
46
44
44
42
43
43
42
44
46
46
45
47
46
44
42
45
46
48
47
44
44
43
45
49
51
51
49
49
48
49
49
49
51
51
52
52
49
48
48
51
51
51
51
52
52
53
52
50
48
50
51
50
49
49
49
52
52
53
52
51
49
49
49
49
51
53
54
54
51
52
52
54
55
54
56
58
58
57
57
55
55
56
56
55
55
56
57
57
55
54
53
53
52
52
52
54
56
56
56
54
52
51
52
53
54
55
54
52
53
54
54
55
57
59
58
56
55
57
61
58
57
56
58
58
57
55
56
57
57
56
54
55
57
58
56
56
55
56
57
58
55
54
54
55
54
54
54
51
53
54
54
53
53
54
55
55
53
52
51
52
54
54
56
55
55
52
47
49
50
51
51
49
49
51
51
50
49
48
49
49
49
49
50
49
49
48
49
50
51
53
51
49
51
52
52
54
54
52
52
53
51
50
50
49
51
52
54
54
53
51
53
53
52
52
53
54
55
54
52
53
53
52
54
55
52
50
49
50
49
48
47
48
50
53
53
49
47
48
51
53
54
53
54
51
50
51
51
53
54
54
53
54
53
55
55
57
56
53
55
56
53
54
52
51
52
52
49
47
48
49
50
52
51
50
51
50
50
50
49
49
47
46
47
48
48
49
48
47
50
49
49
50
47
46
47
49
49
49
49
49
48
49
53
53
53
52
50
50
49
49
49
50
51
51
50
51
51
51
49
47
49
50
51
50
50
49
49
49
48
48
47
46
46
47
49
50
48
48
48
49
49
50
49
49
50
48
48
51
50
49
49
49
48
49
49
48
47
49
49
51
50
47
46
45
45
45
46
43
44
44
44
45
46
47
46
47
48
46
47
46
46
48
51
51
49
46
46
49
52
51
50
49
49
49
49
48
49
48
49
50
50
50
48
47
49
51
50
51
49
47
46
47
47
46
44
46
46
46
48
48
46
45
46
46
48
47
45
45
42
41
42
42
44
49
49
48
47
46
46
48
49
47
46
46
45
46
48
47
46
45
43
44
46
44
41
41
42
43
40
39
39
40
40
37
34
35
36
37
38
36
36
37
35
37
37
38
35
31
31
34
36
35
34
33
34
35
32
29
29
29
30
30
31
32
30
29
28
29
29
30
30
29
30
28
26
25
26
28
28
29
26
24
24
25
27
27
24
22
21
25
24
23
22
21
22
25
25
23
22
21
21
22
22
22
22
21
19
19
20
22
22
20
18
18
18
17
17
16
17
17
18
15
13
13
15
15
14
14
15
17
18
20
17
19
20
18
15
15
17
18
17
14
11
10
10
11
12
14
16
15
14
12
8
8
8
9
7
5
7
6
8
9
9
11
11
12
10
10
8
7
5
8
9
9
8
6
8
11
10
8
7
7
10
11
9
7
6
7
8
9
9
9
7
9
9
9
9
7
6
6
7
7
7
9
9
11
10
9
7
9
11
11
11
11
10
10
10
11
12
12
12
13
14
14
12
10
11
12
15
14
14
14
14
13
14
14
14
15
16
15
15
16
16
17
18
19
19
20
18
15
14
13
15
14
14
15
16
17
15
12
11
13
16
18
17
15
14
14
14
15
16
17
18
16
13
13
14
16
15
14
15
17
17
12
12
12
16
18
16
14
14
15
16
17
15
14
12
14
13
15
14
17
16
14
15
15
18
20
18
19
18
17
17
16
16
17
16
15
15
16
17
18
19
19
20
19
18
18
19
20
19
16
15
15
17
18
18
18
17
17
15
14
13
15
15
15
13
13
13
14
16
18
17
18
18
15
17
16
15
13
13
15
16
16
17
17
18
20
21
19
16
14
15
16
18
18
16
15
14
13
14
14
13
12
12
13
14
16
17
17
18
16
13
11
13
14
13
13
13
14
16
16
16
16
13
11
10
9
9
11
12
13
12
11
10
11
13
10
11
12
12
13
13
10
8
8
9
8
9
8
10
11
10
7
5
5
6
10
10
9
6
7
11
12
10
7
7
10
11
12
11
10
10
11
10
9
8
9
8
6
7
9
10
8
5
4
3
5
6
4
3
2
0
0
1
1
-1
-1
1
3
7
7
4
1
1
4
4
2
3
3
5
6
3
3
3
4
5
4
1
1
1
-1
-1
-2
-4
-4
-2
-1
2
2
0
0
0
1
0
-1
-1
-3
-2
-2
-4
-4
-3
-5
-5
-4
-3
-3
-2
-6
-6
-6
-7
-8
-10
-10
-9
-9
-9
-9
-11
-12
-14
-14
-13
-12
-12
-12
-11
-11
-12
-13
-14
-13
-12
-13
-14
-15
-15
-15
-14
-11
-10
-11
-10
-9
-10
-11
-12
-11
-11
-11
-13
-12
-11
-8
-9
-12
-14
-12
-12
-13
-13
-13
-13
-13
-12
-13
-13
-14
-15
-15
-14
-17
-17
-18
-16
-15
-15
-15
-15
-16
-17
-20
-21
-21
-20
-18
-17
-15
-14
-12
-11
-12
-14
-15
-16
-13
-11
-11
-12
-14
-14
-12
-13
-13
-12
-10
-10
-10
-10
-11
-13
-12
-9
-10
-8
-9
-11
-11
-11
-10
-7
-8
-7
-5
-8
-11
-15
-15
-15
-15
-14
-15
-16
-16
-17
-15
-15
-16
-16
-14
-12
-13
-15
-16
-14
-13
-12
-12
-12
-10
-11
-13
-15
-12
-12
-14
-13
-11
-10
-9
-11
-12
-13
-12
-8
-9
-12
-12
-13
-12
-12
-14
-13
-10
-7
-9
-11
-14
-15
-15
-13
-13
-13
-13
-13
-13
-15
-16
-17
-17
-17
-17
-15
-15
-16
-17
-17
-18
-15
-13
-14
-14
-13
-13
-15
-14
-12
-10
-11
-13
-12
-12
-12
-13
-16
-18
-16
-11
-10
-11
-12
-14
-13
-14
-14
-14
-13
-12
-10
-10
-13
-14
-15
-14
-11
-11
-13
-15
-16
-17
-16
-17
-16
-17
-16
-18
-19
-19
-21
-21
-25
-24
-22
-21
-19
-21
-22
-21
-21
-19
-19
-19
-21
-21
-22
-21
-20
-20
-21
-22
-25
-24
-23
-22
-20
-19
-20
-22
-23
-22
-22
-24
-24
-23
-22
-22
-24
-27
-26
-24
-23
-23
-24
-25
-24
-25
-29
-30
-30
-28
-26
-26
-27
-29
-30
-29
-25
-24
-25
-29
-31
-33
-32
-31
-28
-27
-28
-28
-28
-29
-29
-28
-29
-30
-32
-32
-31
-31
-31
-29
-31
-32
-32
-35
-36
-36
-36
-36
-37
-37
-37
-39
-40
-38
-40
-39
-39
-38
-38
-39
-38
-36
-35
-37
-35
-34
-36
-37
-36
-35
-32
-33
-36
-36
-35
-35
-33
-34
-37
-38
-37
-38
-40
-40
-41
-41
-41
-43
-44
-45
-44
-43
-41
-40
-41
-42
-45
-46
-46
-45
-44
-46
-48
-49
-48
-45
-42
-43
-43
-45
-49
-49
-49
-47
-44
-43
-44
-45
-45
-46
-46
-47
-49
-50
-48
-48
-49
-49
-49
-48
-48
-51
-51
-51
-51
-50
-52
-53
-51
-50
-51
-52
-53
-52
-49
-48
-48
-50
-51
-51
-52
-51
-51
-53
-52
-49
-48
-46
-47
-49
-50
-48
-46
-46
-50
-51
-51
-48
-45
-43
-46
-46
-46
-47
-47
-48
-47
-49
-50
-51
-48
-48
-47
-49
-51
-51
-51
-50
-49
-48
-49
-49
-50
-50
-49
-50
-49
-51
-50
-51
-50
-49
-47
-48
-45
-44
-45
-49
-49
-50
-50
-48
-49
-49
-48
-48
-49
-49
-47
-49
-51
-54
-53
-49
-48
-50
-51
-51
-52
-54
-52
-53
-52
-50
-54
-54
-54
-53
-52
-54
-56
-56
-54
-52
-54
-55
-55
-55
-54
-57
-57
-55
-55
-55
-56
-57
-58
-59
-57
-57
-57
-56
-55
-56
-56
-57
-58
-57
-57
-56
-58
-59
-59
-57
-57
-56
-56
-57
-58
-59
-61
-63
-63
-61
-59
-60
-62
-63
-65
-62
-59
-60
-61
-62
-61
-62
-63
-65
-64
-61
-59
-62
-62
-61
-61
-61
-63
-65
-64
-62
-60
-59
-62
-62
-63
-62
-62
-61
-61
-60
-59
-62
-61
-60
-61
-61
-62
-61
-59
-63
-65
-66
-65
-64
-66
-66
-65
-65
-65
-65
-66
-66
-66
-64
-66
-68
-68
-66
-65
-64
-66
-68
-67
-67
-68
-67
-67
-64
-63
-61
-61
-65
-65
-67
-65
-64
-66
-66
-66
-65
-65
-66
-66
-65
-63
-63
-63
-65
-64
-62
-63
-65
-67
-65
-62
-63
-64
-65
-66
-66
-69
-71
-69
-67
-65
-65
-65
-64
-65
-65
-66
-67
-68
-67
-69
-71
-70
-70
-69
-68
-67
-67
-66
-68
-70
-70
-68
-67
-68
-68
-68
-69
-70
-71
-71
-69
-67
-69
-71
-71
-71
-69
-69
-69
-70
-71
-67
-66
-68
-71
-73
-71
-70
-71
-74
-73
-72
-67
-68
-70
-71
-72
-72
-72
-73
-72
-72
-73
-71
-71
-68
-70
-70
-70
-71
-71
-69
-70
-72
-73
-73
-72
-71
-70
-71
-68
-68
-67
-67
-69
-68
-68
-69
-70
-69
-69
-70
-69
-69
-69
-67
-68
-68
-67
-69
-71
-72
-71
-70
-73
-73
-71
-71
-73
-74
-75
-75
-73
-71
-73
-75
-77
-76
-75
-73
-72
-73
-75
-74
-75
-75
-73
-75
-75
-75
-74
-74
-75
-76
-76
-75
-76
-76
-78
-81
-80
-78
-75
-78
-80
-80
-80
-81
-83
-82
-81
-79
-79
-82
-83
-81
-78
-78
-79
-81
-83
-82
-83
-84
-81
-78
-79
-79
-80
-80
-80
-80
-81
-80
-78
-78
-76
-78
-78
-75
-76
-75
-76
-76
-77
-73
-74
-76
-76
-75
-75
-74
-73
-73
-71
-71
-69
-71
-71
-72
-70
-68
-67
-68
-69
-71
-73
-72
-68
-68
-68
-71
-73
-74
-73
-72
-70
-70
-75
-77
-77
-79
-78
-78
-76
-74
-77
-79
-81
-81
-82
-83
-84
-82
-82
-83
-82
-84
-86
-87
-89
-88
-86
-84
-82
-82
-85
-86
-85
-84
-85
-84
-85
-86
-85
-86
-86
-86
-88
-87
-87
-87
-88
-88
-90
-88
-85
-83
-86
-88
-89
-87
-85
-85
-85
-86
-85
-85
-83
-83
-83
-83
-80
-78
-77
-74
-73
-73
-71
-69
-69
-71
-72
-70
-68
-66
-63
-64
-63
-64
-64
-62
-61
-61
-63
-63
-62
-61
-60
-63
-67
-66
-66
-65
-66
-70
-72
-74
-74
-75
-77
-79
-79
-81
-84
-86
-89
-89
-90
-91
-93
-94
-96
-98
-101
-104
-105
-106
-107
-113
-116
-119
-122
-121
-122
-129
-132
-133
-134
-134
-134
-135
-135
-136
-137
-137
-140
-140
-140
-140
-139
-137
-135
-134
-130
-130
-126
-121
-117
-112
-109
-106
-100
-95
-89
-82
-77
-71
-67
-61
-57
-48
-44
-39
-35
-33
-32
-26
-22
-17
-16
-16
-17
-14
-11
-11
-11
-14
-14
-15
-16
-17
-19
-21
-23
-28
-34
-40
-46
-51
-56
-62
-67
-69
-75
-81
-89
-98
-107
-118
-127
-138
-147
-155
-165
-175
-184
-191
-201
-208
-216
-222
-227
-234
-241
-247
-253
-259
-262
-267
-268
-272
-270
-271
-266
-258
-249
-237
-230
-217
-210
-197
-185
-172
-160
-147
-135
-120
-110
-97
-87
-78
-67
-61
-53
-49
-43
-38
-34
-31
-29
-28
-29
-29
-31
-34
-36
-37
-41
-44
-50
-51
-56
-62
-73
-79
-83
-87
-88
-95
-100
-104
-104
-108
-108
-113
-114
-117
-117
-119
-120
-121
-122
-118
-115
-113
-113
-113
-113
-108
-105
-100
-98
-93
-90
-85
-86
-88
-89
-90
-88
-89
-86
-85
-82
-84
-82
-83
-81
-81
-84
-86
-86
-85
-83
-82
-84
-85
-86
-85
-86
-88
-93
-92
-91
-88
-89
-92
-94
-94
-91
-94
-94
-101
-103
-105
-106
-106
-107
-107
-109
-111
-116
-120
-124
-127
-131
-132
-133
-135
-139
-142
-146
-151
-153
-160
-165
-172
-174
-180
-182
-184
-186
-185
-189
-190
-189
-186
-186
-184
-181
-177
-171
-164
-156
-148
-144
-136
-127
-121
-115
-107
-99
-90
-82
-76
-69
-62
-57
-49
-43
-41
-37
-32
-27
-25
-23
-24
-23
-20
-22
-20
-23
-27
-31
-34
-37
-40
-45
-53
-55
-60
-65
-70
-76
-84
-88
-91
-98
-107
-117
-123
-127
-131
-141
-148
-156
-160
-165
-168
-177
-189
-196
-204
-207
-221
-226
-243
-250
-263
-274
-282
-298
-310
-326
-334
-340
-336
-329
-320
-318
-310
-307
-300
-288
-275
-258
-244
-228
-217
-196
-181
-164
-156
-147
-139
-133
-120
-111
-101
-93
-86
-77
-66
-63
-56
-57
-56
-60
-59
-55
-54
-53
-57
-58
-65
-68
-78
-86
-96
-103
-112
-117
-122
-123
-122
-123
-126
-135
-138
-145
-144
-144
-144
-147
-144
-143
-138
-135
-134
-133
-129
-126
-118
-106
-97
-88
-80
-70
-63
-56
-53
-53
-52
-51
-50
-47
-55
-58
-63
-65
-67
-74
-80
-89
-97
-105
-110
-115
-118
-123
-125
-130
-132
-142
-148
-157
-163
-171
-176
-186
-193
-199
-203
-202
-208
-205
-213
-211
-216
-213
-221
-219
-218
-221
-220
-226
-226
-235
-232
-243
-239
-243
-239
-245
-248
-248
-250
-236
-234
-221
-219
-211
-204
-192
-184
-175
-176
-166
-158
-153
-139
-145
-135
-139
-132
-130
-127
-128
-129
-126
-123
-122
-124
-124
-127
-122
-122
-121
-127
-127
-135
-136
-139
-143
-144
-150
-146
-147
-141
-140
-140
-141
-140
-137
-127
-119
-108
-99
-89
-78
-72
-66
-66
-54
-47
-34
-29
-24
-13
-9
-1
-3
-1
-3
1
4
6
6
6
0
-5
-13
-19
-29
-40
-48
-65
-75
-87
-101
-124
-144
-162
-180
-201
-222
-248
-267
-288
-305
-325
-348
-371
-394
-410
-430
-446
-460
-469
-470
-472
-460
-444
-427
-410
-404
-386
-366
-342
-312
-292
-263
-240
-211
-178
-162
-137
-130
-111
-101
-92
-77
-69
-53
-42
-32
-24
-20
-19
-21
-27
-30
-38
-39
-47
-51
-55
-60
-68
-85
-99
-118
-127
-140
-151
-162
-172
-178
-180
-184
-185
-191
-196
-202
-209
-209
-211
-208
-208
-204
-198
-190
-181
-174
-168
-160
-153
-144
-132
-123
-115
-108
-98
-89
-75
-67
-60
-58
-52
-51
-51
-51
-48
-44
-42
-40
-41
-38
-43
-47
-54
-52
-57
-55
-59
-58
-59
-60
-61
-70
-77
-89
-94
-102
-103
-114
-117
-128
-130
-139
-146
-159
-173
-189
-205
-218
-236
-250
-272
-284
-297
-310
-330
-344
-372
-386
-418
-433
-449
-449
-427
-417
-395
-406
-395
-393
-374
-354
-337
-324
-304
-288
-255
-229
-213
-191
-194
-171
-170
-149
-149
-138
-133
-117
-101
-91
-82
-84
-78
-82
-78
-86
-89
-101
-97
-102
-94
-99
-109
-122
-139
-146
-158
-164
-181
-183
-188
-181
-180
-175
-177
-173
-173
-172
-172
-171
-168
-167
-154
-143
-126
-115
-99
-84
-67
-58
-51
-47
-36
-19
-7
14
27
38
46
45
45
37
26
16
8
2
-1
-7
-8
-12
-17
-33
-45
-59
-80
-92
-107
-112
-126
-139
-154
-171
-191
-216
-241
-274
-300
-332
-354
-381
-401
-428
-446
-468
-490
-508
-530
-536
-548
-540
-536
-508
-487
-461
-449
-431
-411
-381
-352
-324
-287
-261
-229
-195
-165
-139
-118
-102
-84
-69
-54
-44
-33
-21
-7
5
9
12
8
5
1
-4
-10
-18
-32
-41
-52
-59
-76
-94
-115
-135
-155
-173
-188
-206
-214
-223
-228
-233
-242
-253
-260
-264
-265
-264
-257
-254
-250
-236
-221
-202
-190
-178
-163
-141
-117
-100
-83
-66
-45
-21
-1
14
21
30
41
50
54
51
42
41
41
41
40
32
29
21
18
14
2
-11
-22
-31
-38
-54
-76
-99
-121
-140
-166
-194
-226
-248
-277
-305
-342
-375
-408
-437
-462
-486
-512
-541
-568
-582
-587
-583
-569
-554
-526
-515
-494
-487
-460
-437
-398
-366
-329
-291
-265
-217
-192
-159
-147
-123
-116
-95
-81
-65
-50
-36
-19
-10
3
-1
7
-6
-1
-14
-17
-27
-35
-43
-52
-65
-83
-102
-131
-151
-180
-196
-221
-232
-246
-247
-252
-255
-263
-273
-275
-285
-282
-285
-285
-281
-264
-251
-228
-215
-197
-179
-158
-133
-111
-90
-72
-48
-23
10
29
54
68
85
97
103
99
91
80
71
71
66
58
48
39
31
23
7
-13
-37
-53
-71
-84
-105
-129
-154
-173
-196
-220
-253
-289
-320
-358
-391
-432
-470
-497
-534
-549
-585
-601
-643
-645
-657
-639
-619
-595
-562
-558
-526
-523
-467
-449
-390
-371
-320
-284
-242
-193
-176
-136
-136
-92
-89
-51
-53
-32
-30
-3
9
23
30
22
30
13
24
-4
0
-29
-24
-43
-44
-72
-99
-125
-151
-168
-202
-223
-256
-263
-284
-276
-295
-297
-316
-319
-328
-333
-332
-334
-330
-325
-307
-292
-264
-253
-227
-205
-170
-143
-121
-104
-81
-49
-14
24
50
74
91
106
120
120
117
106
103
99
95
90
80
72
65
61
49
30
7
-12
-31
-46
-71
-96
-123
-152
-171
-199
-224
-259
-295
-333
-376
-411
-455
-486
-530
-548
-581
-604
-635
-664
-673
-671
-646
-621
-582
-576
-554
-544
-507
-471
-436
-393
-363
-294
-265
-202
-180
-147
-127
-108
-80
-69
-52
-52
-33
-20
11
19
39
26
37
28
31
19
-2
-13
-31
-25
-36
-40
-68
-88
-123
-143
-174
-198
-232
-258
-274
-279
-276
-284
-290
-308
-305
-310
-305
-308
-311
-314
-301
-281
-258
-236
-215
-185
-158
-120
-98
-72
-52
-24
4
36
61
83
104
122
139
147
146
131
116
102
92
76
61
44
35
27
19
4
-15
-34
-57
-78
-109
-140
-173
-193
-213
-226
-259
-283
-321
-349
-394
-430
-478
-524
-558
-595
-612
-647
-662
-691
-681
-677
-630
-600
-567
-566
-557
-534
-499
-447
-412
-367
-330
-263
-221
-156
-141
-108
-103
-79
-62
-59
-52
-61
-36
-22
16
25
39
23
32
21
27
-2
-29
-54
-70
-65
-73
-80
-112
-122
-150
-159
-191
-220
-263
-286
-298
-301
-307
-314
-320
-324
-308
-307
-294
-304
-306
-309
-294
-277
-255
-237
-214
-178
-137
-92
-67
-40
-21
14
42
73
83
99
113
134
152
161
155
145
135
126
113
89
64
38
26
14
3
-13
-33
-55
-75
-103
-136
-174
-205
-232
-249
-278
-310
-351
-385
-418
-454
-496
-542
-582
-622
-649
-680
-710
-726
-736
-715
-673
-623
-594
-580
-570
-546
-503
-455
-419
-378
-333
-268
-204
-140
-105
-86
-64
-48
-21
-18
-20
-30
-16
3
31
43
50
43
48
54
50
32
-4
-32
-62
-65
-77
-90
-114
-135
-155
-164
-184
-217
-259
-286
-301
-311
-321
-340
-347
-352
-338
-328
-321
-319
-319
-304
-279
-254
-235
-225
-210
-177
-136
-87
-55
-22
13
52
99
122
137
138
147
156
170
164
154
146
140
140
127
110
82
60
38
16
-20
-51
-91
-118
-149
-172
-201
-229
-257
-289
-316
-361
-402
-457
-499
-550
-586
-636
-674
-722
-756
-777
-801
-810
-808
-776
-727
-665
-629
-603
-589
-559
-506
-455
-393
-339
-270
-192
-108
-30
13
54
67
94
93
92
65
43
31
43
64
78
80
75
65
56
44
-8
-43
-104
-141
-159
-183
-196
-212
-239
-245
-238
-255
-266
-305
-334
-354
-358
-375
-390
-405
-402
-381
-354
-317
-291
-264
-235
-198
-173
-155
-147
-121
-91
-51
-4
35
84
129
173
214
236
245
262
281
246
240
220
165
146
121
96
83
95
127
61
38
-23
-152
-208
-307
-375
-437
-461
-498
-503
-541
-576
-602
-657
-738
-768
-891
-913
-985
-1023
-1008
-1026
-932
-872
-696
-582
-424
-306
-218
-137
-129
-130
-151
-134
-51
-42
102
185
260
340
346
388
338
273
142
65
-38
-93
-188
-217
-218
-211
-189
-200
-200
-236
-293
-374
-416
-480
-495
-544
-504
-465
-395
-351
-289
-247
-209
-190
-225
-217
-251
-246
-252
-228
-197
-159
-135
-80
-46
-15
0
-20
-12
-18
-26
6
7
40
95
130
213
221
240
237
213
208
168
125
104
67
66
69
51
63
36
29
16
-31
-51
-120
-167
-221
-298
-352
-408
-476
-509
-563
-605
-638
-702
-748
-806
-881
-938
-1036
-1089
-1144
-1186
-1234
-1211
-1221
-1065
-986
-723
-520
-305
-104
27
199
261
258
247
260
307
357
380
439
479
508
459
432
319
211
-32
-186
-348
-435
-546
-621
-633
-590
-526
-498
-442
-430
-402
-439
-426
-427
-389
-389
-324
-255
-124
-62
-19
31
46
56
-13
-70
-147
-201
-271
-309
-335
-317
-320
-304
-282
-243
-229
-218
-225
-207
-175
-133
-82
-8
70
169
267
356
421
445
461
444
423
365
300
236
191
150
100
57
11
-11
-56
-109
-146
-244
-287
-390
-457
-518
-596
-632
-681
-694
-686
-694
-726
-725
-829
-808
-945
-965
-1080
-1129
-1198
-1218
-1244
-1190
-1109
-967
-738
-493
-247
-36
114
248
357
329
338
254
320
312
357
362
416
422
429
343
264
143
-55
-257
-457
-567
-655
-742
-769
-714
-623
-501
-448
-359
-289
-255
-246
-235
-224
-193
-182
-138
-48
30
83
109
127
146
99
1
-102
-221
-307
-405
-474
-504
-502
-482
-412
-331
-242
-195
-168
-115
-53
-5
31
70
169
288
404
499
570
619
654
618
589
479
370
238
125
45
-40
-119
-155
-191
-198
-219
-301
-344
-457
-544
-629
-711
-765
-814
-841
-813
-766
-757
-719
-775
-779
-818
-924
-995
-1127
-1195
-1245
-1232
-1157
-1011
-803
-472
-218
79
233
390
470
482
377
299
216
220
201
199
236
272
326
284
237
124
-10
-271
-471
-676
-777
-892
-931
-902
-752
-589
-430
-282
-159
-51
-36
-18
-41
-58
-92
-102
-79
-1
38
97
147
203
204
122
-1
-128
-275
-417
-556
-642
-660
-645
-573
-461
-314
-181
-75
19
128
184
229
228
269
332
395
449
509
569
641
652
625
559
445
324
168
18
-132
-260
-362
-411
-437
-426
-439
-464
-493
-547
-596
-669
-767
-818
-893
-881
-888
-863
-851
-840
-821
-826
-848
-910
-1004
-1084
-1140
-1151
-1080
-976
-705
-410
-99
184
374
584
662
637
507
388
281
228
85
55
19
107
123
117
88
45
-87
-282
-512
-686
-845
-987
-1065
-1050
-893
-715
-518
-327
-112
49
164
178
162
109
50
-35
-86
-125
-109
-71
-8
52
75
74
27
-60
-171
-318
-466
-579
-665
-668
-621
-508
-363
-201
-11
167
343
448
514
518
540
533
528
494
481
484
512
528
500
451
371
288
142
-8
-201
-337
-474
-559
-636
-643
-657
-632
-643
-618
-623
-620
-676
-721
-769
-787
-805
-859
-876
-912
-881
-918
-921
-979
-990
-1030
-1002
-981
-871
-669
-436
-154
88
317
526
678
721
665
573
497
433
295
197
65
86
52
27
-51
-78
-155
-255
-432
-574
-715
-840
-963
-1042
-989
-870
-714
-562
-362
-141
58
156
202
202
195
133
37
-68
-130
-160
-152
-149
-125
-102
-88
-104
-138
-221
-311
-421
-504
-555
-555
-518
-425
-296
-104
87
301
493
639
756
810
833
809
748
654
576
490
451
352
304
209
166
77
-18
-167
-273
-409
-492
-624
-694
-750
-780
-779
-794
-755
-733
-685
-692
-667
-688
-640
-721
-720
-836
-837
-926
-960
-1067
-1109
-1149
-1101
-1055
-924
-689
-404
-87
160
381
583
741
775
697
572
501
426
308
185
83
99
114
78
23
-13
-69
-190
-380
-549
-691
-840
-970
-1084
-1044
-927
-769
-616
-402
-172
76
204
277
273
272
210
104
-42
-144
-195
-202
-210
-206
-177
-136
-115
-134
-196
-271
-357
-452
-522
-561
-535
-471
-350
-187
30
259
501
674
837
923
960
941
861
750
626
504
410
312
233
172
109
83
-7
-76
-191
-290
-404
-525
-641
-735
-805
-841
-862
-836
-811
-750
-726
-693
-682
-669
-690
-749
-838
-909
-992
-1062
-1149
-1220
-1213
-1162
-1032
-857
-537
-248
94
303
558
719
853
768
650
522
480
367
220
63
21
92
75
37
-30
-21
-87
-222
-430
-563
-730
-842
-1016
-1055
-983
-855
-725
-551
-320
-27
175
293
346
379
392
292
124
-45
-152
-206
-244
-302
-296
-263
-199
-174
-193
-236
-286
-368
-446
-524
-557
-553
-515
-402
-225
-5
243
452
675
855
981
1021
981
883
764
608
466
316
186
101
30
12
-27
-56
-106
-155
-225
-316
-437
-561
-670
-768
-822
-881
-864
-847
-779
-721
-665
-621
-597
-592
-646
-734
-861
-973
-1087
-1202
-1317
-1355
-1307
-1159
-970
-658
-349
43
326
581
732
869
822
728
542
463
341
214
52
-38
17
45
49
-10
-1
-44
-109
-318
-480
-684
-807
-983
-1082
-1087
-991
-857
-672
-453
-174
76
257
359
408
425
360
207
17
-136
-234
-296
-361
-388
-353
-270
-201
-173
-180
-183
-213
-275
-362
-438
-471
-466
-412
-303
-129
99
335
565
782
944
1040
1059
990
889
732
566
380
212
74
-13
-79
-113
-160
-175
-189
-219
-272
-375
-461
-574
-669
-781
-865
-907
-910
-895
-849
-805
-730
-677
-671
-657
-720
-754
-890
-982
-1153
-1236
-1338
-1312
-1285
-1078
-803
-448
-74
237
554
776
970
928
864
683
608
413
269
32
-40
-58
-46
-73
-89
-43
-45
-91
-246
-363
-538
-664
-880
-1011
-1071
-1034
-966
-838
-652
-389
-129
82
240
353
451
432
326
154
-5
-128
-250
-379
-463
-463
-398
-324
-272
-215
-136
-84
-75
-126
-160
-196
-222
-250
-230
-141
21
187
372
570
764
925
998
995
942
837
699
503
308
123
-19
-128
-215
-278
-302
-290
-288
-295
-351
-387
-469
-551
-678
-775
-863
-909
-953
-979
-947
-918
-850
-848
-815
-817
-833
-895
-1010
-1096
-1184
-1200
-1220
-1131
-948
-629
-343
7
271
599
841
953
926
842
777
680
487
258
63
6
-42
-125
-199
-199
-171
-181
-286
-360
-444
-529
-671
-832
-898
-920
-907
-887
-790
-608
-373
-186
-23
116
280
368
361
262
155
61
-39
-185
-335
-417
-435
-424
-428
-410
-348
-256
-201
-168
-150
-103
-84
-84
-85
-41
53
152
248
381
538
695
805
857
884
878
824
706
546
383
218
60
-82
-212
-297
-351
-383
-395
-409
-419
-447
-486
-551
-629
-710
-787
-865
-926
-956
-974
-960
-962
-937
-941
-911
-942
-968
-1026
-1086
-1130
-1156
-1114
-1024
-781
-567
-227
13
353
575
816
854
880
814
773
647
464
274
108
61
-67
-126
-238
-204
-253
-267
-383
-415
-516
-571
-705
-788
-830
-841
-827
-791
-679
-532
-355
-216
-65
65
207
261
259
201
137
71
-23
-150
-271
-344
-382
-403
-430
-428
-393
-325
-264
-214
-159
-98
-46
-3
32
88
164
251
343
452
557
670
749
803
822
812
769
692
573
446
296
167
20
-114
-235
-312
-363
-406
-442
-472
-481
-517
-554
-632
-673
-742
-795
-865
-932
-954
-991
-998
-1039
-1026
-1035
-1025
-1072
-1077
-1102
-1076
-1041
-1003
-818
-603
-320
-87
167
420
682
812
829
800
779
764
590
432
204
166
65
-22
-163
-195
-209
-228
-325
-407
-457
-535
-614
-755
-788
-808
-781
-788
-714
-590
-398
-264
-148
-34
113
227
241
194
136
113
63
-24
-159
-233
-274
-303
-347
-393
-392
-372
-336
-303
-251
-188
-126
-78
-7
73
150
236
304
419
522
624
674
733
766
797
771
713
633
536
441
308
184
45
-61
-179
-244
-331
-356
-403
-413
-427
-450
-460
-525
-553
-635
-657
-747
-768
-854
-833
-883
-871
-901
-904
-884
-924
-931
-1036
-1032
-1111
-1055
-1081
-884
-734
-424
-166
109
388
618
816
838
888
806
813
621
510
254
197
60
-10
-149
-191
-205
-223
-280
-376
-414
-501
-550
-707
-754
-820
-806
-827
-773
-687
-530
-389
-254
-124
18
152
205
223
200
187
145
76
-34
-122
-181
-227
-285
-341
-347
-328
-292
-250
-205
-127
-40
23
77
145
216
278
321
390
458
533
578
610
660
691
692
665
619
570
492
393
262
139
-4
-110
-239
-316
-403
-427
-449
-441
-442
-454
-462
-499
-515
-601
-612
-723
-724
-825
-812
-889
-869
-919
-891
-923
-911
-967
-991
-1001
-1002
-948
-894
-679
-499
-196
-5
263
452
677
722
774
727
747
656
550
388
260
203
89
-6
-131
-161
-234
-275
-411
-454
-562
-595
-715
-775
-820
-815
-811
-786
-718
-602
-468
-362
-254
-146
4
91
137
129
153
166
162
85
6
-50
-81
-134
-204
-247
-261
-254
-249
-212
-165
-96
-38
24
109
197
265
298
353
419
493
516
540
541
592
609
607
581
542
514
448
350
224
107
-12
-116
-252
-334
-411
-425
-450
-465
-469
-474
-487
-523
-562
-593
-628
-689
-718
-767
-737
-796
-789
-831
-807
-812
-830
-873
-907
-919
-925
-892
-850
-646
-513
-217
-49
227
404
592
667
714
728
727
679
549
467
306
297
115
46
-122
-143
-240
-303
-447
-507
-581
-635
-712
-792
-786
-805
-774
-781
-703
-637
-524
-459
-335
-223
-81
13
82
147
205
244
239
209
162
127
68
8
-75
-129
-171
-203
-224
-221
-184
-126
-59
5
89
166
238
272
303
352
397
418
430
448
497
540
551
544
534
515
470
382
286
172
61
-67
-190
-298
-379
-439
-477
-508
-524
-531
-534
-552
-563
-594
-594
-623
-630
-661
-655
-664
-685
-698
-732
-691
-763
-731
-830
-775
-836
-786
-838
-701
-599
-388
-226
-60
176
319
530
501
622
583
698
567
542
362
354
234
126
-18
-149
-190
-323
-388
-541
-549
-661
-672
-787
-756
-784
-754
-781
-747
-677
-593
-516
-465
-350
-230
-69
7
95
149
249
292
309
277
255
224
169
100
13
-46
-108
-159
-196
-193
-157
-117
-69
-16
62
126
173
185
222
264
305
321
329
351
390
421
424
423
412
406
357
296
212
126
30
-80
-184
-285
-351
-432
-463
-512
-506
-527
-536
-538
-533
-522
-528
-542
-550
-534
-555
-565
-598
-612
-604
-647
-651
-707
-691
-746
-743
-800
-777
-736
-617
-494
-329
-152
18
223
331
457
475
571
584
581
490
397
308
233
100
-43
-165
-265
-343
-460
-535
-599
-634
-681
-722
-726
-701
-692
-694
-681
-618
-543
-488
-422
-341
-206
-74
29
112
187
272
338
364
355
322
282
232
165
70
-19
-105
-165
-215
-240
-243
-217
-185
-130
-76
-8
53
88
132
176
222
262
277
290
322
343
367
356
341
331
310
269
203
103
17
-72
-165
-256
-349
-407
-439
-473
-468
-478
-453
-439
-430
-417
-415
-407
-430
-437
-473
-453
-513
-492
-575
-550
-619
-616
-676
-692
-727
-752
-767
-784
-690
-650
-476
-411
-193
-53
149
232
326
400
482
520
444
406
298
298
146
46
-118
-174
-284
-371
-472
-524
-544
-589
-606
-648
-594
-610
-583
-600
-538
-489
-431
-400
-332
-233
-116
-14
56
156
235
324
360
369
358
332
294
226
151
65
-3
-95
-163
-229
-249
-258
-260
-245
-197
-127
-63
-11
25
86
139
190
212
237
267
295
310
314
305
292
265
213
150
86
23
-45
-117
-187
-237
-281
-299
-331
-319
-315
-285
-276
-279
-263
-268
-266
-306
-318
-364
-347
-414
-398
-475
-462
-521
-542
-591
-628
-656
-713
-726
-794
-778
-818
-706
-683
-512
-440
-253
-100
74
188
256
348
406
466
385
364
236
238
87
-2
-150
-210
-288
-348
-405
-448
-437
-472
-457
-501
-451
-462
-435
-453
-413
-379
-333
-286
-241
-154
-75
25
84
163
216
281
310
321
306
267
232
171
112
25
-42
-124
-171
-227
-254
-264
-253
-230
-196
-133
-83
-15
12
69
109
177
208
225
221
232
230
213
174
126
105
65
35
-26
-51
-79
-91
-125
-145
-159
-151
-158
-167
-174
-169
-161
-171
-188
-205
-224
-248
-281
-320
-349
-372
-401
-445
-469
-513
-515
-589
-608
-685
-702
-756
-792
-853
-857
-839
-764
-672
-574
-409
-287
-70
24
175
228
328
363
380
333
287
227
161
88
-26
-64
-149
-173
-242
-262
-285
-294
-318
-334
-332
-322
-317
-335
-324
-311
-277
-265
-240
-206
-149
-86
-31
24
78
135
176
209
222
222
197
163
114
60
-2
-68
-131
-184
-224
-248
-266
-265
-249
-197
-138
-72
-12
41
96
137
168
172
171
148
141
112
96
62
39
33
28
29
15
18
14
30
1
0
-44
-32
-73
-85
-109
-124
-137
-164
-194
-208
-230
-255
-281
-323
-329
-372
-391
-422
-458
-478
-530
-575
-628
-688
-734
-796
-829
-854
-851
-847
-757
-696
-534
-443
-290
-162
-10
99
179
239
299
352
334
328
255
281
200
182
85
67
21
-17
-72
-106
-128
-151
-171
-230
-205
-254
-246
-290
-302
-294
-295
-298
-275
-249
-201
-136
-108
-27
14
68
106
127
140
139
105
74
33
-27
-70
-139
-179
-211
-234
-240
-238
-220
-180
-132
-89
-33
0
45
67
95
103
117
119
125
133
133
140
132
128
127
122
110
93
60
55
29
15
-17
-44
-62
-76
-94
-117
-126
-148
-143
-180
-186
-217
-234
-276
-292
-348
-356
-410
-450
-476
-550
-541
-638
-647
-732
-758
-815
-831
-884
-860
-862
-776
-694
-598
-434
-335
-139
-24
124
231
330
404
474
490
497
485
433
414
326
274
200
135
67
9
-50
-104
-143
-212
-235
-278
-313
-344
-387
-409
-402
-414
-394
-374
-340
-266
-216
-153
-83
-37
23
54
71
85
81
61
43
7
-22
-56
-97
-127
-151
-169
-173
-182
-178
-159
-131
-95
-58
-26
20
61
110
141
165
189
200
209
191
175
146
133
105
84
42
24
-12
-17
-34
-46
-60
-86
-89
-98
-105
-115
-132
-147
-142
-178
-181
-235
-246
-297
-320
-366
-386
-430
-450
-488
-523
-550
-605
-633
-704
-707
-798
-776
-865
-815
-843
-749
-684
-564
-414
-284
-103
20
200
273
425
438
566
534
574
521
485
454
360
302
196
151
43
3
-122
-146
-247
-281
-344
-390
-401
-443
-441
-464
-431
-434
-401
-396
-345
-310
-265
-224
-192
-139
-110
-68
-53
-21
-15
0
-3
-4
-8
-35
-52
-91
-106
-134
-149
-162
-159
-148
-122
-80
-45
16
48
101
123
157
162
177
157
153
124
101
71
35
9
-13
-32
-53
-74
-91
-88
-105
-104
-117
-117
-116
-118
-123
-122
-137
-145
-158
-184
-195
-237
-262
-292
-328
-343
-386
-408
-443
-460
-508
-520
-595
-594
-660
-661
-700
-716
-709
-703
-654
-603
-491
-414
-244
-169
20
98
244
314
403
463
500
517
486
474
401
371
251
200
85
34
-57
-130
-192
-255
-288
-336
-350
-378
-364
-389
-368
-388
-377
-369
-373
-355
-348
-320
-293
-253
-230
-178
-144
-94
-61
-37
-10
6
18
21
11
-1
-10
-30
-43
-62
-78
-78
-81
-72
-61
-37
-9
19
51
68
101
111
130
127
130
119
109
79
58
29
9
-17
-56
-71
-98
-96
-110
-110
-114
-107
-105
-94
-99
-99
-95
-111
-108
-135
-142
-177
-200
-246
-261
-321
-321
-380
-373
-413
-410
-445
-443
-475
-467
-494
-504
-522
-552
-535
-549
-518
-493
-423
-359
-236
-172
-39
39
148
236
290
352
383
394
375
340
291
259
174
121
25
-18
-87
-151
-206
-249
-284
-302
-340
-346
-342
-363
-346
-366
-351
-333
-340
-328
-312
-306
-280
-266
-251
-203
-189
-150
-117
-90
-50
-28
-23
5
10
10
7
-30
-41
-61
-92
-109
-131
-134
-119
-116
-85
-56
-24
17
41
70
100
113
120
110
94
83
51
21
-18
-47
-72
-97
-123
-141
-152
-155
-153
-146
-137
-127
-115
-108
-102
-102
-115
-122
-141
-151
-178
-213
-236
-267
-276
-291
-302
-306
-308
-306
-319
-335
-363
-364
-397
-403
-456
-470
-514
-520
-547
-536
-495
-437
-345
-284
-161
-80
48
94
181
218
279
290
280
256
236
208
129
87
-13
-26
-112
-162
-206
-241
-262
-275
-304
-294
-274
-301
-268
-303
-279
-284
-308
-310
-306
-308
-294
-293
-286
-236
-226
-180
-153
-127
-89
-66
-50
-30
-40
-47
-51
-71
-73
-93
-110
-107
-111
-100
-84
-65
-29
7
34
74
96
123
133
133
134
121
104
70
33
-3
-30
-69
-95
-127
-135
-149
-153
-155
-150
-138
-125
-111
-96
-77
-75
-56
-68
-59
-76
-90
-116
-139
-165
-190
-214
-239
-245
-273
-272
-316
-320
-361
-370
-409
-427
-473
-485
-529
-537
-562
-567
-521
-497
-406
-344
-246
-146
-51
25
115
168
249
279
284
291
254
254
190
147
68
27
-46
-89
-155
-183
-221
-248
-264
-281
-261
-279
-262
-274
-257
-256
-262
-273
-279
-277
-281
-276
-287
-269
-267
-241
-223
-190
-166
-135
-112
-85
-54
-40
-28
-20
-18
-3
-4
2
8
18
29
43
52
70
81
95
108
113
122
120
114
104
92
74
51
19
-8
-33
-61
-82
-115
-124
-140
-139
-143
-133
-115
-84
-61
-35
-17
2
12
7
-15
-44
-83
-117
-163
-207
-237
-275
-285
-319
-328
-359
-360
-393
-387
-421
-420
-447
-470
-493
-521
-528
-536
-498
-485
-395
-354
-239
-162
-63
26
93
180
239
297
302
318
279
290
206
176
83
20
-27
-112
-153
-203
-243
-263
-277
-300
-259
-284
-252
-243
-253
-226
-248
-262
-258
-278
-289
-285
-320
-298
-300
-291
-258
-235
-199
-148
-120
-66
-14
14
60
80
100
133
128
129
122
98
93
72
55
57
47
51
60
54
79
73
72
78
68
65
51
17
6
-25
-53
-66
-99
-102
-114
-123
-112
-111
-95
-76
-68
-53
-43
-63
-60
-98
-121
-160
-197
-227
-247
-286
-299
-333
-351
-361
-381
-395
-407
-426
-424
-433
-438
-434
-447
-436
-434
-416
-377
-332
-270
-206
-137
-65
-5
48
113
156
215
222
236
229
222
196
159
103
48
-3
-71
-114
-170
-204
-245
-265
-288
-285
-292
-285
-267
-267
-248
-249
-240
-237
-241
-247
-243
-249
-247
-245
-237
-208
-186
-161
-129
-97
-43
-5
39
70
97
115
126
131
130
121
103
91
66
63
35
36
20
24
28
35
46
52
58
66
72
67
68
48
48
23
5
-18
-43
-60
-91
-108
-124
-129
-143
-144
-160
-150
-170
-178
-194
-203
-223
-231
-264
-275
-303
-320
-342
-369
-378
-394
-399
-411
-404
-418
-384
-401
-357
-371
-334
-316
-286
-245
-206
-150
-107
-47
-31
44
42
109
102
133
138
134
134
111
100
63
50
-17
-16
-84
-92
-143
-174
-199
-227
-243
-259
-260
-270
-246
-266
-236
-243
-227
-215
-208
-191
-178
-168
-153
-142
-138
-109
-101
-67
-53
-28
-6
21
34
59
58
78
75
83
80
80
74
65
57
46
48
34
42
37
47
50
56
55
67
67
70
68
54
54
30
13
-7
-28
-49
-68
-93
-103
-120
-136
-152
-177
-189
-209
-227
-238
-252
-256
-276
-278
-307
-304
-326
-321
-339
-334
-350
-337
-357
-346
-353
-357
-334
-347
-312
-321
-289
-275
-229
-200
-139
-112
-51
-6
24
74
79
114
114
120
107
107
77
69
30
4
-13
-56
-73
-111
-128
-155
-172
-200
-200
-212
-214
-218
-224
-211
-209
-202
-196
-188
-178
-167
-161
-145
-126
-113
-83
-72
-45
-24
-3
15
32
37
48
49
53
57
48
49
42
36
36
31
23
27
22
35
38
43
52
56
61
61
50
41
33
12
-2
-29
-44
-59
-71
-78
-83
-85
-83
-91
-103
-119
-143
-160
-189
-209
-236
-250
-272
-282
-301
-311
-318
-333
-329
-337
-327
-325
-311
-313
-297
-304
-291
-300
-291
-292
-292
-282
-288
-266
-249
-221
-184
-147
-107
-59
-24
10
43
54
80
73
70
51
30
13
-23
-47
-90
-111
-135
-158
-175
-186
-194
-196
-197
-200
-181
-182
-161
-167
-160
-161
-159
-159
-155
-153
-142
-121
-113
-90
-71
-43
-16
8
26
46
59
69
75
69
67
58
49
36
27
14
9
7
10
16
22
29
43
52
59
58
46
36
24
2
-17
-42
-59
-70
-81
-84
-91
-94
-96
-105
-119
-130
-143
-148
-156
-162
-165
-174
-182
-200
-219
-238
-260
-278
-291
-302
-310
-322
-326
-328
-324
-324
-322
-316
-308
-298
-297
-295
-293
-285
-287
-277
-275
-249
-230
-202
-173
-146
-109
-72
-37
-10
18
31
47
39
35
15
-2
-24
-50
-68
-89
-107
-130
-139
-155
-155
-160
-166
-164
-159
-150
-146
-149
-145
-139
-136
-126
-121
-110
-97
-88
-69
-56
-44
-23
-9
11
31
39
53
59
63
68
62
61
54
47
45
35
29
27
21
25
17
17
14
9
0
-7
-23
-26
-37
-46
-55
-69
-75
-90
-101
-117
-130
-145
-153
-161
-161
-157
-150
-142
-137
-135
-141
-156
-172
-188
-207
-227
-245
-267
-281
-293
-305
-311
-320
-325
-326
-325
-318
-312
-304
-299
-297
-290
-287
-278
-267
-254
-242
-221
-199
-168
-140
-110
-85
-61
-41
-22
-3
5
11
6
6
-4
-13
-28
-46
-64
-80
-97
-115
-124
-142
-140
-143
-141
-136
-131
-125
-116
-110
-100
-87
-82
-72
-71
-64
-59
-60
-58
-50
-42
-26
-15
0
16
28
36
48
48
54
55
51
54
45
36
28
20
11
11
-6
-7
-18
-23
-30
-44
-56
-62
-68
-74
-79
-94
-95
-112
-116
-128
-138
-145
-146
-145
-138
-135
-135
-129
-133
-131
-144
-150
-164
-169
-185
-194
-211
-222
-236
-250
-263
-285
-293
-300
-303
-302
-304
-306
-302
-297
-284
-276
-270
-250
-248
-227
-215
-205
-183
-179
-157
-145
-135
-117
-100
-91
-71
-64
-48
-34
-33
-19
-35
-28
-37
-39
-52
-63
-79
-80
-94
-96
-99
-103
-96
-99
-88
-88
-78
-76
-67
-66
-61
-59
-59
-54
-55
-52
-48
-45
-39
-28
-22
-10
-6
0
11
13
19
21
21
23
18
20
23
21
19
13
5
3
-10
-23
-38
-55
-63
-79
-89
-100
-113
-121
-127
-132
-130
-134
-136
-132
-132
-125
-125
-127
-126
-135
-140
-153
-159
-165
-171
-179
-182
-191
-194
-203
-214
-213
-226
-228
-243
-249
-256
-259
-266
-266
-273
-266
-264
-266
-249
-243
-223
-211
-195
-182
-164
-152
-133
-128
-112
-105
-93
-80
-73
-64
-60
-54
-49
-42
-37
-28
-25
-17
-17
-13
-15
-10
-8
-10
-18
-25
-32
-38
-45
-50
-54
-59
-60
-63
-60
-61
-58
-54
-46
-42
-33
-33
-24
-23
-19
-20
-18
-20
-15
-13
-8
-2
-2
8
12
20
17
15
9
6
-3
-11
-27
-34
-40
-51
-65
-77
-86
-88
-91
-98
-102
-106
-106
-113
-118
-127
-129
-140
-144
-152
-153
-156
-157
-162
-159
-159
-161
-165
-172
-173
-182
-184
-192
-196
-204
-208
-214
-216
-220
-226
-232
-234
-233
-228
-221
-215
-199
-187
-173
-159
-149
-136
-124
-114
-106
-96
-91
-87
-85
-78
-72
-67
-61
-54
-43
-35
-24
-17
-6
5
11
14
15
14
11
5
-5
-11
-20
-21
-30
-34
-38
-40
-38
-39
-39
-40
-41
-43
-40
-43
-42
-46
-48
-53
-57
-59
-57
-58
-57
-54
-50
-47
-43
-39
-35
-32
-32
-29
-29
-26
-26
-24
-33
-38
-47
-53
-62
-66
-71
-77
-87
-98
-105
-118
-122
-134
-142
-153
-157
-162
-161
-166
-168
-172
-175
-173
-177
-181
-188
-189
-191
-190
-192
-193
-194
-195
-193
-195
-194
-191
-191
-185
-184
-180
-177
-175
-171
-169
-170
-164
-163
-158
-152
-149
-143
-134
-124
-115
-108
-100
-90
-83
-75
-69
-59
-52
-45
-40
-39
-38
-37
-35
-29
-23
-22
-22
-24
-24
-23
-20
-18
-17
-16
-20
-28
-33
-39
-46
-52
-60
-67
-68
-73
-72
-79
-79
-76
-76
-69
-71
-73
-72
-76
-81
-84
-89
-89
-90
-88
-85
-86
-82
-80
-76
-68
-65
-59
-57
-58
-58
-64
-71
-83
-96
-105
-117
-130
-141
-156
-156
-165
-167
-173
-181
-179
-180
-180
-178
-183
-188
-191
-202
-202
-210
-213
-215
-217
-211
-205
-201
-192
-184
-178
-168
-159
-149
-146
-144
-146
-141
-141
-137
-136
-135
-128
-120
-116
-112
-107
-106
-99
-95
-86
-80
-73
-71
-69
-70
-63
-64
-59
-58
-59
-56
-53
-51
-46
-42
-43
-39
-39
-33
-32
-33
-36
-41
-45
-47
-50
-52
-56
-60
-59
-58
-57
-59
-64
-63
-64
-64
-67
-73
-77
-86
-87
-90
-95
-91
-97
-95
-96
-98
-94
-94
-92
-90
-92
-89
-80
-79
-71
-76
-76
-79
-82
-85
-89
-93
-94
-102
-111
-119
-128
-130
-136
-143
-147
-154
-154
-156
-156
-156
-163
-166
-172
-176
-183
-188
-190
-188
-186
-180
-178
-171
-163
-157
-151
-150
-142
-136
-130
-122
-121
-117
-111
-111
-111
-109
-106
-99
-97
-91
-89
-84
-78
-74
-70
-68
-67
-66
-67
-68
-71
-70
-68
-68
-65
-68
-62
-59
-56
-52
-54
-55
-56
-60
-59
-62
-65
-64
-69
-68
-68
-66
-62
-59
-53
-50
-49
-48
-52
-53
-54
-55
-56
-61
-67
-73
-77
-80
-80
-79
-74
-75
-78
-82
-86
-91
-98
-104
-109
-107
-101
-101
-94
-94
-90
-83
-84
-80
-80
-80
-79
-83
-84
-91
-100
-106
-115
-116
-121
-132
-139
-146
-150
-149
-153
-148
-147
-146
-147
-146
-144
-145
-142
-147
-147
-144
-144
-140
-135
-132
-126
-124
-116
-111
-104
-100
-99
-96
-93
-91
-90
-89
-92
-90
-93
-91
-88
-88
-90
-91
-92
-91
-89
-86
-83
-79
-73
-68
-64
-61
-62
-62
-64
-64
-64
-67
-71
-77
-83
-86
-88
-91
-91
-94
-90
-86
-77
-71
-68
-66
-67
-69
-69
-74
-74
-76
-75
-75
-76
-76
-79
-80
-87
-87
-92
-94
-99
-103
-109
-110
-115
-117
-124
-129
-130
-128
-122
-120
-116
-109
-101
-96
-91
-94
-89
-88
-90
-90
-94
-98
-103
-111
-114
-120
-124
-125
-129
-127
-127
-129
-128
-124
-123
-120
-122
-120
-119
-119
-120
-118
-118
-117
-115
-112
-109
-106
-101
-101
-100
-100
-99
-97
-95
-96
-93
-93
-91
-89
-89
-91
-91
-89
-86
-86
-85
-84
-82
-78
-79
-75
-75
-76
-76
-71
-71
-67
-68
-68
-68
-70
-70
-71
-75
-79
-86
-88
-88
-89
-89
-92
-87
-82
-79
-79
-77
-77
-75
-75
-77
-80
-80
-82
-83
-80
-78
-79
-80
-81
-83
-85
-89
-92
-97
-99
-107
-113
-117
-123
-128
-125
-120
-116
-112
-111
-107
-104
-105
-105
-102
-104
-105
-105
-104
-100
-98
-96
-94
-91
-87
-88
-89
-90
-91
-89
-92
-94
-93
-91
-95
-97
-101
-98
-95
-92
-91
-86
-83
-81
-84
-83
-84
-83
-82
-86
-85
-83
-80
-78
-80
-78
-76
-75
-70
-71
-71
-72
-72
-73
-76
-78
-81
-79
-80
-80
-78
-76
-73
-71
-67
-66
-65
-65
-66
-69
-67
-71
-72
-73
-73
-76
-76
-79
-77
-79
-83
-83
-84
-83
-86
-89
-95
-98
-98
-100
-102
-102
-104
-104
-102
-103
-101
-101
-102
-102
-104
-103
-103
-104
-104
-105
-106
-107
-111
-112
-112
-109
-110
-112
-114
-113
-107
-104
-103
-105
-104
-103
-103
-103
-99
-93
-89
-86
-86
-83
-79
-79
-81
-81
-78
-74
-74
-75
-77
-77
-78
-77
-76
-75
-74
-75
-75
-76
-76
-74
-73
-76
-77
-74
-70
-69
-68
-67
-69
-69
-68
-67
-64
-61
-64
-66
-67
-70
-70
-73
-78
-82
-79
-77
-72
-70
-69
-69
-66
-66
-69
-71
-71
-72
-70
-67
-67
-66
-66
-64
-64
-63
-64
-66
-67
-70
-75
-80
-85
-90
-97
-100
-104
-105
-104
-103
-104
-103
-102
-102
-102
-103
-107
-109
-109
-109
-105
-104
-102
-105
-107
-106
-106
-107
-107
-107
-107
-106
-107
-108
-108
-107
-107
-106
-102
-98
-95
-91
-89
-87
-85
-85
-84
-84
-82
-79
-76
-74
-75
-75
-72
-72
-75
-77
-75
-73
-73
-76
-79
-78
-76
-74
-73
-71
-68
-65
-63
-61
-59
-58
-56
-56
-58
-59
-59
-62
-64
-65
-68
-67
-68
-72
-74
-73
-75
-74
-73
-70
-67
-65
-64
-64
-63
-64
-66
-64
-61
-61
-62
-63
-63
-62
-61
-62
-63
-63
-65
-67
-68
-72
-77
-85
-91
-95
-102
-109
-115
-118
-119
-118
-117
-114
-111
-108
-106
-106
-105
-103
-104
-102
-102
-102
-101
-100
-98
-99
-99
-98
-96
-94
-93
-92
-91
-93
-94
-97
-97
-95
-95
-91
-91
-87
-83
-80
-75
-67
-62
-62
-62
-62
-64
-63
-67
-71
-72
-67
-64
-64
-66
-66
-65
-61
-60
-61
-60
-60
-59
-58
-60
-60
-57
-55
-53
-51
-47
-42
-40
-42
-43
-43
-44
-46
-51
-56
-59
-62
-65
-67
-69
-67
-66
-63
-63
-61
-59
-61
-59
-59
-58
-58
-62
-60
-57
-54
-52
-54
-54
-54
-55
-59
-63
-66
-69
-74
-82
-88
-91
-94
-98
-101
-101
-103
-101
-100
-103
-102
-100
-99
-97
-97
-99
-100
-99
-95
-94
-94
-94
-90
-87
-89
-90
-92
-90
-88
-91
-88
-86
-85
-86
-88
-90
-91
-90
-86
-88
-87
-83
-77
-72
-66
-65
-65
-65
-65
-66
-68
-69
-73
-75
-76
-76
-75
-72
-71
-68
-65
-64
-61
-62
-63
-64
-62
-60
-62
-63
-63
-63
-60
-57
-55
-48
-48
-48
-50
-53
-53
-55
-55
-57
-62
-68
-71
-71
-69
-71
-73
-75
-74
-71
-70
-69
-69
-69
-70
-70
-70
-68
-66
-67
-71
-73
-73
-75
-78
-80
-81
-82
-81
-81
-80
-84
-87
-90
-90
-91
-93
-94
-95
-93
-93
-93
-97
-97
-96
-95
-95
-96
-95
-94
-95
-95
-96
-96
-95
-93
-89
-89
-89
-88
-87
-86
-83
-83
-83
-82
-82
-83
-83
-80
-78
-79
-76
-72
-68
-68
-68
-70
-68
-64
-64
-65
-66
-67
-67
-70
-71
-70
-68
-66
-64
-62
-62
-59
-56
-54
-52
-53
-53
-51
-50
-47
-48
-45
-43
-43
-43
-47
-50
-52
-51
-49
-49
-48
-48
-50
-50
-51
-54
-56
-60
-63
-65
-66
-67
-69
-69
-69
-70
-69
-65
-64
-66
-66
-64
-63
-64
-67
-65
-65
-66
-64
-65
-69
-68
-68
-68
-68
-68
-72
-72
-73
-75
-74
-73
-70
-69
-68
-69
-70
-70
-71
-73
-75
-77
-79
-80
-80
-78
-74
-69
-64
-60
-57
-58
-59
-61
-64
-67
-69
-72
-71
-70
-69
-68
-65
-62
-58
-53
-52
-53
-53
-53
-51
-50
-53
-56
-56
-54
-53
-52
-53
-53
-52
-53
-54
-55
-55
-53
-53
-53
-53
-55
-53
-52
-51
-50
-48
-46
-46
-46
-48
-49
-49
-50
-54
-57
-60
-62
-59
-57
-55
-53
-51
-51
-51
-51
-55
-59
-65
-68
-71
-75
-80
-84
-81
-77
-70
-67
-66
-62
-58
-56
-58
-59
-64
-66
-68
-70
-74
-76
-76
-74
-72
-69
-67
-63
-61
-59
-58
-61
-63
-66
-69
-71
-73
-75
-78
-77
-76
-73
-71
-68
-66
-63
-61
-60
-59
-59
-62
-64
-64
-65
-65
-65
-63
-60
-58
-58
-57
-57
-54
-54
-53
-53
-52
-48
-48
-47
-49
-50
-49
-45
-44
-44
-44
-46
-49
-50
-52
-55
-54
-54
-53
-53
-54
-56
-57
-56
-56
-55
-55
-56
-57
-58
-58
-58
-59
-59
-57
-60
-63
-63
-62
-61
-62
-63
-64
-60
-59
-59
-62
-68
-72
-73
-74
-72
-76
-80
-80
-78
-75
-72
-74
-74
-70
-68
-65
-66
-68
-69
-69
-69
-70
-72
-72
-73
-75
-75
-75
-77
-75
-72
-70
-69
-70
-69
-71
-71
-71
-73
-76
-76
-72
-69
-70
-71
-70
-69
-67
-67
-65
-61
-58
-59
-63
-65
-63
-62
-62
-61
-59
-57
-55
-54
-54
-57
-57
-56
-55
-54
-54
-52
-50
-48
-47
-46
-45
-45
-46
-45
-46
-49
-50
-54
-55
-57
-60
-63
-65
-65
-62
-60
-58
-60
-63
-67
-70
-68
-69
-68
-66
-65
-65
-64
-64
-65
-66
-65
-65
-65
-67
-69
-69
-70
-71
-73
-75
-76
-77
-80
-78
-78
-79
-78
-77
-78
-77
-78
-82
-84
-81
-79
-77
-75
-73
-73
-74
-74
-74
-73
-74
-74
-73
-75
-77
-79
-77
-74
-72
-71
-71
-70
-70
-70
-70
-68
-67
-66
-68
-69
-68
-68
-67
-66
-64
-65
-64
-63
-65
-66
-65
-61
-60
-62
-63
-61
-62
-61
-63
-63
-62
-62
-63
-65
-64
-63
-60
-59
-58
-57
-54
-54
-53
-53
-52
-52
-52
-55
-59
-59
-60
-61
-64
-65
-64
-63
-63
-64
-65
-65
-63
-64
-66
-70
-71
-70
-69
-71
-71
-72
-71
-71
-72
-74
-72
-69
-66
-64
-65
-68
-69
-68
-67
-68
-71
-73
-74
-74
-76
-78
-80
-77
-77
-77
-76
-76
-75
-76
-77
-79
-80
-81
-80
-78
-77
-76
-76
-76
-77
-76
-76
-74
-74
-75
-78
-80
-81
-79
-77
-75
-72
-69
-70
-72
-70
-69
-69
-70
-71
-70
-68
-67
-67
-66
-64
-66
-65
-65
-62
-61
-62
-63
-62
-60
-57
-57
-60
-61
-61
-59
-57
-61
-62
-61
-59
-59
-62
-64
-63
-60
-60
-64
-65
-63
-61
-61
-62
-65
-66
-67
-68
-72
-73
-74
-75
-73
-74
-77
-79
-81
-82
-81
-79
-78
-76
-74
-77
-79
-77
-75
-74
-74
-74
-75
-73
-74
-77
-79
-80
-79
-79
-79
-80
-81
-81
-83
-84
-84
-85
-85
-85
-85
-87
-85
-85
-88
-88
-87
-84
-81
-80
-80
-81
-82
-82
-82
-84
-83
-81
-81
-81
-80
-83
-86
-84
-81
-75
-74
-75
-75
-77
-76
-77
-79
-79
-78
-77
-74
-74
-77
-76
-77
-75
-72
-71
-73
-74
-73
-72
-72
-74
-75
-77
-76
-73
-72
-72
-74
-76
-76
-75
-71
-70
-72
-73
-73
-74
-73
-72
-72
-72
-73
-74
-74
-77
-80
-81
-83
-80
-78
-77
-76
-76
-77
-79
-82
-85
-88
-86
-84
-83
-84
-85
-84
-82
-81
-80
-78
-77
-75
-79
-79
-79
-81
-82
-82
-81
-80
-82
-86
-88
-87
-84
-84
-88
-89
-87
-88
-87
-88
-89
-87
-86
-88
-90
-90
-86
-84
-83
-84
-87
-85
-83
-82
-84
-86
-87
-86
-85
-84
-84
-83
-81
-81
-83
-84
-82
-83
-82
-81
-81
-80
-79
-81
-81
-79
-78
-75
-73
-74
-74
-74
-74
-73
-73
-72
-73
-76
-79
-81
-82
-86
-86
-85
-83
-80
-79
-78
-80
-80
-79
-78
-79
-78
-80
-81
-82
-82
-81
-81
-78
-77
-78
-80
-80
-79
-81
-81
-80
-80
-80
-81
-82
-82
-81
-79
-77
-78
-81
-79
-76
-73
-70
-70
-70
-71
-73
-76
-77
-76
-75
-77
-80
-82
-81
-79
-82
-83
-84
-84
-82
-79
-79
-81
-80
-79
-78
-76
-75
-73
-74
-72
-72
-71
-71
-71
-72
-71
-69
-69
-70
-72
-73
-74
-73
-73
-73
-73
-74
-74
-76
-73
-76
-75
-74
-73
-73
-73
-75
-75
-74
-73
-71
-66
-64
-66
-66
-67
-68
-69
-70
-72
-73
-74
-74
-76
-75
-75
-73
-73
-72
-73
-74
-75
-78
-77
-75
-73
-72
-73
-73
-74
-73
-75
-74
-72
-69
-70
-72
-75
-76
-78
-79
-80
-82
-80
-79
-77
-77
-77
-77
-77
-76
-76
-77
-76
-76
-78
-80
-80
-79
-78
-81
-82
-81
-79
-80
-81
-81
-82
-84
-86
-89
-91
-90
-87
-84
-86
-85
-85
-83
-82
-83
-84
-82
-81
-80
-79
-80
-82
-80
-80
-80
-81
-82
-82
-82
-81
-82
-82
-82
-83
-83
-83
-82
-84
-85
-85
-84
-85
-87
-87
-87
-84
-83
-81
-81
-83
-84
-87
-88
-84
-80
-80
-81
-85
-86
-87
-88
-89
-91
-92
-90
-91
-90
-89
-89
-90
-92
-92
-90
-89
-89
-89
-91
-90
-89
-90
-91
-92
-92
-92
-91
-90
-92
-91
-89
-88
-90
-90
-88
-87
-87
-91
-93
-92
-90
-89
-92
-92
-89
-87
-85
-83
-87
-90
-92
-91
-89
-88
-90
-93
-95
-95
-93
-93
-91
-90
-93
-92
-91
-90
-90
-90
-89
-87
-84
-85
-84
-86
-87
-86
-84
-80
-82
-84
-84
-82
-81
-82
-84
-83
-83
-82
-83
-86
-86
-84
-84
-87
-87
-87
-86
-86
-84
-84
-82
-84
-87
-88
-86
-85
-85
-86
-87
-88
-90
-88
-88
-87
-87
-86
-85
-84
-86
-86
-87
-86
-82
-80
-80
-83
-84
-84
-85
-86
-87
-88
-88
-89
-90
-91
-92
-93
-94
-92
-89
-89
-89
-91
-92
-91
-88
-88
-89
-88
-88
-88
-88
-90
-91
-91
-91
-90
-90
-90
-90
-89
-88
-88
-89
-90
-89
-90
-91
-91
-91
-91
-90
-88
-88
-87
-87
-89
-90
-90
-87
-87
-88
-87
-86
-85
-85
-87
-87
-87
-86
-85
-85
-85
-88
-89
-88
-88
-88
-89
-89
-90
-87
-86
-87
-87
-85
-86
-86
-88
-88
-88
-90
-90
-89
-86
-86
-86
-88
-88
-87
-85
-86
-87
-88
-88
-87
-87
-86
-88
-88
-86
-85
-84
-87
-84
-82
-83
-83
-84
-86
-86
-88
-90
-90
-91
-91
-91
-93
-94
-94
-93
-94
-93
-91
-92
-93
-96
-96
-95
-91
-90
-90
-93
-93
-92
-90
-89
-89
-88
-86
-84
-86
-87
-88
-88
-87
-89
-89
-88
-87
-85
-84
-86
-88
-88
-88
-89
-88
-90
-89
-88
-86
-86
-84
-83
-84
-85
-88
-90
-89
-89
-88
-91
-92
-89
-89
-89
-89
-89
-89
-87
-87
-89
-90
-91
-91
-91
-89
-89
-90
-90
-91
-91
-91
-91
-92
-92
-94
-95
-96
-95
-93
-93
-94
-93
-91
-90
-89
-90
-91
-92
-91
-90
-89
-88
-88
-89
-89
-88
-90
-90
-89
-89
-91
-91
-91
-90
-90
-90
-91
-90
-90
-92
-95
-97
-96
-95
-93
-93
-94
-95
-94
-91
-89
-88
-87
-88
-88
-88
-89
-89
-88
-86
-86
-88
-85
-86
-85
-84
-85
-86
-86
-85
-83
-84
-83
-81
-82
-85
-86
-87
-85
-85
-86
-87
-87
-84
-85
-86
-87
-87
-89
-89
-89
-90
-90
-89
-90
-89
-86
-85
-86
-86
-85
-82
-79
-78
-79
-82
-84
-83
-82
-79
-79
-81
-80
-80
-78
-78
-79
-79
-80
-80
-80
-80
-81
-81
-81
-79
-78
-77
-79
-79
-79
-78
-79
-82
-82
-82
-79
-79
-81
-81
-80
-79
-79
-80
-77
-76
-77
-76
-76
-76
-76
-78
-79
-77
-77
-77
-77
-76
-74
-74
-78
-79
-76
-74
-74
-76
-77
-75
-74
-75
-72
-72
-72
-72
-74
-73
-71
-68
-69
-71
-72
-72
-70
-70
-71
-71
-71
-69
-68
-67
-68
-69
-68
-69
-69
-68
-68
-71
-72
-74
-74
-74
-73
-72
-72
-72
-72
-70
-68
-70
-71
-71
-70
-67
-65
-65
-66
-67
-67
-66
-64
-63
-63
-66
-68
-67
-68
-68
-70
-72
-73
-74
-73
-73
-72
-72
-74
-74
-73
-71
-72
-76
-79
-78
-79
-77
-77
-78
-79
-79
-79
-77
-76
-76
-75
-77
-77
-78
-78
-77
-76
-76
-77
-77
-79
-79
-78
-76
-75
-76
-77
-78
-79
-78
-78
-79
-78
-76
-76
-78
-82
-82
-81
-79
-78
-78
-77
-77
-78
-77
-77
-77
-76
-78
-78
-78
-76
-77
-79
-80
-79
-77
-74
-76
-78
-79
-77
-77
-79
-79
-79
-79
-77
-74
-74
-77
-77
-77
-78
-76
-78
-79
-78
-73
-72
-74
-74
-75
-74
-75
-75
-76
-75
-75
-76
-75
-74
-76
-76
-75
-73
-72
-73
-76
-79
-78
-74
-71
-71
-71
-74
-75
-75
-75
-76
-78
-78
-77
-76
-75
-75
-76
-75
-74
-74
-74
-74
-73
-71
-70
-72
-73
-76
-75
-73
-75
-76
-74
-75
-74
-72
-73
-73
-74
-74
-76
-77
-78
-78
-79
-79
-80
-81
-81
-79
-80
-80
-80
-79
-76
-74
-76
-78
-78
-75
-74
-74
-76
-78
-78
-76
-74
-75
-74
-74
-74
-72
-70
-72
-73
-73
-74
-72
-68
-68
-66
-66
-67
-67
-67
-67
-66
-66
-69
-69
-70
-69
-70
-71
-75
-75
-74
-71
-70
-71
-71
-70
-68
-68
-68
-70
-68
-68
-67
-70
-70
-70
-65
-65
-67
-67
-65
-64
-63
-66
-68
-67
-66
-67
-67
-68
-69
-67
-67
-68
-68
-69
-67
-66
-66
-64
-63
-64
-64
-64
-63
-63
-63
-63
-63
-62
-61
-60
-61
-63
-62
-59
-59
-60
-62
-63
-64
-62
-59
-59
-59
-61
-61
-60
-59
-61
-60
-62
-59
-57
-59
-61
-60
-58
-57
-56
-56
-57
-57
-57
-58
-60
-62
-60
-55
-53
-52
-53
-54
-52
-52
-53
-53
-52
-49
-47
-48
-48
-48
-48
-49
-49
-50
-51
-53
-55
-56
-56
-58
-59
-56
-53
-52
-52
-53
-53
-53
-51
-50
-49
-47
-47
-50
-51
-48
-47
-45
-45
-49
-49
-46
-45
-44
-46
-47
-46
-44
-42
-43
-45
-48
-48
-46
-47
-49
-49
-45
-44
-46
-47
-48
-46
-43
-42
-45
-46
-45
-45
-48
-50
-53
-55
-54
-54
-53
-53
-52
-56
-58
-58
-58
-57
-56
-54
-52
-52
-53
-53
-53
-52
-53
-54
-53
-53
-53
-53
-55
-57
-56
-55
-54
-56
-55
-56
-57
-58
-58
-55
-52
-52
-52
-54
-53
-51
-51
-54
-56
-56
-52
-49
-51
-54
-54
-55
-53
-53
-56
-57
-60
-61
-60
-60
-60
-61
-61
-63
-63
-63
-62
-60
-61
-60
-59
-59
-58
-59
-61
-61
-58
-57
-58
-61
-64
-62
-58
-56
-57
-57
-58
-60
-62
-64
-65
-65
-65
-65
-66
-65
-64
-63
-64
-63
-63
-63
-62
-63
-64
-63
-64
-64
-64
-64
-64
-65
-68
-69
-68
-66
-65
-65
-67
-67
-67
-69
-69
-69
-71
-72
-71
-69
-66
-67
-68
-70
-71
-68
-67
-68
-69
-69
-69
-71
-71
-72
-72
-71
-70
-73
-72
-73
-73
-70
-68
-70
-72
-73
-70
-69
-69
-70
-71
-71
-70
-70
-70
-70
-69
-68
-68
-69
-72
-72
-70
-71
-73
-72
-73
-71
-70
-70
-72
-73
-72
-69
-69
-70
-71
-71
-72
-73
-72
-70
-70
-68
-68
-68
-69
-67
-66
-68
-68
-69
-68
-65
-64
-64
-64
-67
-70
-69
-68
-66
-66
-65
-66
-65
-65
-67
-68
-70
-70
-70
-68
-68
-67
-68
-70
-71
-68
-65
-66
-68
-68
-68
-65
-68
-69
-70
-69
-68
-68
-70
-73
-72
-72
-71
-71
-71
-72
-69
-67
-67
-68
-68
-69
-70
-70
-69
-69
-68
-68
-70
-70
-67
-68
-68
-68
-66
-65
-65
-67
-69
-69
-69
-68
-67
-69
-68
-69
-68
-69
-70
-70
-66
-64
-65
-65
-66
-66
-68
-70
-70
-72
-72
-70
-71
-72
-72
-74
-76
-78
-79
-79
-76
-72
-74
-76
-74
-74
-74
-73
-71
-72
-74
-75
-76
-75
-73
-71
-71
-72
-74
-73
-72
-71
-74
-74
-75
-75
-74
-74
-75
-76
-78
-81
-78
-75
-74
-74
-75
-73
-72
-72
-72
-73
-74
-76
-76
-74
-72
-72
-73
-76
-78
-76
-75
-73
-71
-69
-69
-71
-74
-74
-72
-71
-72
-71
-72
-73
-74
-75
-73
-69
-68
-70
-72
-73
-72
-72
-73
-73
-71
-70
-73
-74
-75
-76
-78
-79
-79
-77
-78
-79
-79
-80
-78
-79
-80
-81
-81
-80
-79
-79
-80
-81
-81
-78
-78
-78
-79
-83
-84
-83
-81
-82
-83
-85
-84
-83
-83
-82
-83
-83
-81
-82
-81
-82
-83
-85
-85
-83
-81
-81
-85
-87
-86
-82
-78
-77
-79
-81
-83
-84
-85
-86
-85
-86
-88
-88
-89
-90
-92
-93
-91
-90
-89
-86
-85
-86
-87
-87
-86
-86
-85
-85
-85
-85
-86
-87
-87
-87
-86
-87
-87
-86
-86
-86
-87
-88
-88
-84
-83
-83
-83
-85
-84
-83
-82
-83
-82
-82
-82
-84
-83
-82
-81
-82
-82
-82
-80
-76
-77
-78
-80
-82
-81
-79
-78
-79
-80
-79
-78
-77
-77
-78
-78
-78
-78
-77
-78
-79
-78
-79
-78
-76
-77
-77
-77
-79
-80
-83
-84
-83
-81
-80
-81
-82
-82
-83
-82
-81
-82
-82
-82
-81
-82
-81
-79
-79
-80
-77
-76
-75
-77
-80
-83
-84
-83
-82
-82
-82
-81
-79
-79
-80
-80
-82
-83
-84
-86
-86
-86
-82
-79
-79
-80
-82
-84
-84
-83
-84
-87
-87
-85
-83
-84
-87
-88
-88
-86
-84
-81
-80
-80
-83
-85
-85
-84
-81
-79
-80
-78
-78
-81
-81
-82
-83
-85
-87
-87
-87
-86
-83
-83
-82
-81
-82
-81
-84
-85
-84
-84
-83
-79
-78
-77
-77
-78
-80
-80
-81
-82
-81
-81
-81
-80
-79
-78
-78
-80
-83
-84
-82
-79
-78
-76
-76
-79
-78
-77
-77
-75
-74
-73
-75
-76
-78
-79
-78
-79
-79
-78
-76
-76
-78
-82
-82
-81
-79
-79
-78
-79
-82
-83
-82
-83
-82
-81
-80
-80
-80
-82
-84
-85
-85
-82
-80
-80
-81
-83
-83
-81
-84
-86
-85
-83
-82
-80
-78
-81
-83
-82
-81
-81
-80
-80
-80
-81
-81
-80
-80
-79
-81
-82
-83
-80
-78
-76
-77
-77
-77
-79
-78
-78
-77
-76
-76
-74
-77
-78
-80
-82
-80
-80
-78
-78
-79
-78
-77
-79
-82
-82
-81
-79
-77
-75
-75
-77
-78
-78
-78
-78
-80
-80
-79
-80
-79
-81
-81
-81
-80
-79
-80
-81
-84
-85
-84
-82
-82
-81
-80
-80
-80
-80
-80
-79
-78
-79
-78
-78
-77
-76
-76
-77
-79
-78
-78
-79
-80
-82
-81
-79
-78
-78
-78
-77
-77
-80
-81
-82
-81
-78
-78
-79
-80
-79
-77
-76
-74
-76
-76
-77
-76
-76
-78
-78
-79
-80
-81
-81
-80
-79
-78
-80
-78
-76
-75
-75
-81
-81
-79
-77
-80
-82
-82
-81
-78
-79
-80
-82
-83
-82
-80
-82
-82
-83
-85
-86
-85
-86
-89
-88
-88
-87
-86
-87
-84
-84
-83
-84
-84
-83
-84
-84
-85
-87
-86
-87
-89
-89
-87
-86
-87
-88
-87
-85
-83
-82
-82
-82
-80
-81
-82
-85
-85
-85
-85
-86
-85
-84
-84
-83
-84
-84
-83
-84
-84
-85
-87
-85
-82
-82
-81
-82
-83
-83
-83
-83
-85
-86
-83
-83
-83
-81
-83
-85
-83
-83
-85
-84
-85
-83
-82
-81
-81
-84
-84
-83
-84
-84
-85
-86
-84
-81
-78
-78
-79
-82
-83
-83
-82
-81
-79
-80
-83
-83
-83
-84
-85
-86
-87
-85
-81
-80
-83
-85
-86
-83
-83
-84
-88
-91
-88
-85
-85
-87
-89
-90
-90
-88
-88
-86
-87
-88
-88
-88
-84
-84
-86
-85
-85
-83
-83
-87
-87
-86
-83
-82
-88
-92
-93
-90
-88
-86
-85
-86
-88
-89
-87
-87
-90
-92
-92
-91
-88
-86
-89
-93
-93
-90
-88
-86
-85
-86
-87
-88
-88
-89
-89
-89
-88
-87
-89
-89
-89
-89
-88
-86
-84
-83
-84
-85
-84
-82
-82
-82
-81
-81
-82
-82
-83
-84
-84
-85
-83
-83
-84
-86
-89
-89
-88
-89
-90
-90
-89
-90
-92
-91
-91
-88
-90
-90
-91
-90
-88
-85
-85
-87
-88
-89
-90
-90
-90
-91
-92
-92
-91
-91
-90
-92
-94
-95
-93
-90
-88
-89
-90
-89
-89
-87
-90
-92
-94
-93
-92
-92
-90
-91
-92
-92
-92
-93
-94
-96
-98
-98
-98
-97
-96
-98
-98
-97
-97
-97
-99
-101
-99
-96
-96
-94
-94
-97
-99
-98
-97
-98
-99
-97
-95
-93
-92
-93
-96
-97
-96
-95
-93
-92
-94
-96
-96
-98
-99
-99
-101
-101
-101
-100
-103
-103
-104
-104
-104
-105
-107
-109
-108
-107
-107
-106
-107
-110
-110
-109
-105
-102
-103
-104
-105
-106
-106
-108
-109
-110
-111
-109
-108
-106
-107
-108
-107
-105
-105
-103
-103
-101
-99
-100
-100
-99
-99
-99
-99
-100
-103
-103
-101
-100
-102
-103
-104
-104
-103
-104
-105
-105
-103
-102
-102
-104
-106
-106
-103
-104
-102
-100
-101
-100
-101
-105
-109
-109
-106
-104
-103
-102
-100
-100
-100
-105
-105
-103
-102
-103
-103
-100
-99
-98
-98
-101
-101
-100
-100
-99
-100
-102
-99
-98
-97
-97
-95
-94
-95
-95
-97
-100
-101
-99
-96
-95
-95
-97
-97
-94
-93
-94
-94
-93
-92
-93
-93
-94
-94
-93
-93
-95
-93
-93
-91
-91
-89
-88
-84
-85
-88
-89
-89
-88
-87
-85
-85
-85
-85
-86
-87
-85
-84
-84
-84
-85
-86
-84
-83
-85
-83
-85
-89
-90
-91
-90
-88
-84
-83
-86
-86
-86
-84
-83
-83
-83
-82
-80
-79
-80
-82
-80
-82
-83
-83
-84
-81
-80
-84
-85
-81
-80
-77
-80
-84
-84
-82
-79
-78
-81
-81
-80
-80
-82
-83
-82
-83
-83
-83
-84
-83
-82
-83
-84
-85
-86
-86
-86
-83
-81
-80
-81
-82
-82
-82
-81
-83
-85
-84
-82
-78
-79
-85
-87
-85
-83
-85
-87
-86
-84
-83
-81
-82
-83
-84
-85
-83
-83
-82
-82
-84
-85
-86
-86
-84
-84
-83
-82
-82
-81
-81
-80
-81
-82
-81
-81
-82
-83
-84
-82
-79
-77
-78
-80
-81
-79
-78
-78
-79
-80
-80
-80
-78
-79
-79
-79
-80
-79
-80
-80
-82
-84
-81
-79
-77
-76
-78
-80
-79
-77
-79
-79
-75
-76
-77
-77
-77
-75
-75
-74
-77
-79
-78
-76
-76
-76
-78
-80
-80
-77
-77
-78
-77
-78
-81
-81
-80
-81
-78
-78
-79
-79
-79
-77
-79
-79
-80
-78
-76
-75
-78
-77
-77
-76
-76
-77
-78
-77
-78
-80
-82
-82
-80
-80
-78
-76
-76
-76
-79
-82
-82
-83
-81
-79
-77
-76
-76
-77
-77
-76
-76
-76
-75
-72
-72
-74
-76
-78
-79
-77
-75
-74
-75
-76
-75
-74
-74
-75
-76
-77
-76
-72
-70
-71
-70
-72
-75
-75
-74
-75
-76
-75
-75
-75
-74
-74
-74
-75
-78
-78
-75
-74
-73
-73
-72
-71
-73
-76
-77
-76
-75
-74
-73
-72
-72
-72
-73
-75
-78
-76
-75
-72
-69
-70
-72
-71
-72
-70
-69
-70
-73
-75
-75
-75
-76
-77
-78
-77
-76
-77
-77
-77
-77
-76
-76
-77
-78
-77
-77
-76
-75
-75
-73
-75
-75
-75
-75
-75
-78
-79
-77
-77
-76
-77
-78
-77
-76
-76
-79
-78
-77
-79
-81
-83
-82
-79
-78
-79
-81
-81
-82
-82
-81
-83
-83
-82
-81
-82
-84
-85
-86
-82
-80
-80
-81
-80
-80
-80
-80
-83
-82
-82
-81
-81
-81
-81
-81
-82
-81
-80
-81
-84
-83
-83
-80
-76
-76
-76
-77
-79
-81
-79
-76
-76
-77
-79
-78
-77
-76
-78
-80
-79
-78
-79
-80
-83
-82
-80
-80
-80
-82
-83
-82
-80
-78
-79
-81
-80
-81
-79
-80
-81
-80
-80
-78
-77
-78
-79
-80
-80
-79
-81
-81
-83
-85
-87
-86
-84
-83
-81
-83
-83
-83
-83
-85
-84
-81
-81
-79
-78
-79
-80
-82
-81
-83
-83
-85
-88
-85
-85
-87
-90
-92
-91
-91
-94
-94
-95
-93
-90
-91
-92
-93
-91
-91
-92
-94
-93
-93
-93
-93
-94
-95
-96
-95
-97
-95
-95
-95
-98
-99
-101
-102
-103
-102
-102
-99
-100
-101
-101
-103
-100
-99
-101
-101
-99
-95
-95
-94
-96
-98
-98
-97
-97
-94
-93
-94
-94
-95
-96
-97
-99
-100
-97
-93
-91
-91
-93
-95
-97
-100
-99
-97
-96
-96
-96
-94
-90
-93
-94
-96
-97
-94
-92
-91
-90
-91
-91
-93
-95
-95
-96
-95
-93
-93
-93
-92
-90
-89
-88
-89
-90
-90
-89
-89
-90
-90
-89
-85
-85
-86
-88
-89
-87
-85
-84
-83
-80
-82
-84
-86
-85
-84
-83
-83
-83
-82
-82
-84
-87
-89
-89
-85
-84
-86
-89
-89
-89
-87
-87
-91
-88
-87
-88
-86
-85
-86
-85
-83
-82
-79
-81
-85
-84
-83
-81
-78
-77
-79
-80
-82
-84
-83
-80
-81
-83
-84
-82
-78
-77
-79
-80
-79
-79
-78
-77
-77
-76
-76
-76
-76
-75
-74
-73
-75
-76
-76
-77
-79
-78
-77
-77
-77
-78
-76
-76
-73
-72
-71
-71
-72
-72
-71
-69
-69
-70
-67
-66
-66
-66
-67
-67
-67
-68
-67
-66
-66
-67
-69
-68
-66
-64
-67
-68
-67
-66
-65
-64
-63
-64
-63
-64
-63
-62
-63
-64
-66
-65
-64
-65
-64
-62
-61
-63
-64
-65
-63
-63
-60
-60
-59
-56
-53
-53
-56
-57
-59
-57
-58
-58
-56
-54
-50
-48
-49
-52
-55
-55
-54
-52
-52
-53
-52
-51
-50
-50
-49
-50
-53
-55
-55
-53
-51
-49
-50
-52
-52
-51
-51
-50
-49
-47
-46
-47
-48
-47
-49
-48
-47
-47
-46
-45
-46
-46
-46
-48
-47
-47
-46
-44
-44
-44
-44
-41
-40
-40
-41
-40
-41
-40
-41
-40
-41
-40
-39
-40
-40
-40
-39
-38
-38
-40
-39
-38
-36
-34
-34
-36
-36
-34
-34
-33
-34
-34
-33
-31
-30
-30
-34
-36
-34
-32
-32
-32
-33
-31
-31
-33
-33
-32
-32
-31
-29
-30
-28
-28
-28
-30
-31
-30
-26
-22
-23
-24
-26
-26
-27
-27
-28
-27
-24
-23
-21
-20
-22
-25
-26
-24
-23
-21
-23
-23
-21
-20
-19
-18
-18
-18
-18
-18
-17
-18
-18
-18
-16
-14
-13
-15
-17
-17
-14
-13
-12
-11
-11
-12
-12
-10
-10
-6
-5
-7
-5
-4
-4
-4
-8
-8
-6
-1
0
-1
0
-3
-3
-3
-2
0
1
0
-2
-2
0
0
-1
-2
-2
-3
-3
-3
-4
0
4
6
7
7
4
4
5
2
0
-1
0
3
6
6
6
6
8
8
5
4
5
6
11
12
12
13
12
14
15
16
14
15
16
18
18
18
17
15
14
14
15
16
17
18
18
19
20
20
21
21
21
22
25
27
26
25
25
26
26
27
28
30
30
30
30
31
32
30
26
27
31
33
34
34
34
33
34
35
34
33
34
35
38
39
41
41
41
40
37
36
36
38
38
38
40
43
42
42
42
42
45
47
46
45
45
44
42
42
42
44
45
45
46
48
52
54
51
50
49
52
53
52
51
53
55
56
56
54
52
51
54
55
58
58
58
59
60
57
57
58
59
63
65
67
68
68
65
66
65
65
70
72
73
74
75
75
73
73
69
70
73
76
75
75
73
73
73
74
73
74
75
74
74
77
77
78
78
78
79
81
82
80
81
82
84
87
87
87
84
81
81
80
83
84
84
84
87
86
84
84
86
91
93
91
89
88
89
90
90
92
95
96
96
95
94
92
92
92
93
93
96
97
98
98
97
98
99
98
96
98
100
103
103
100
102
103
104
103
101
99
97
100
101
105
107
107
106
105
104
106
107
107
106
107
110
112
110
107
107
108
110
109
109
108
108
110
110
109
109
111
110
111
113
115
118
117
118
120
121
122
122
119
117
116
117
118
120
121
122
122
121
119
118
117
116
119
121
123
124
121
120
122
122
123
124
127
129
130
127
125
122
121
123
125
127
127
126
127
131
130
130
128
128
128
129
128
127
129
130
132
132
133
132
132
132
133
135
137
134
134
132
132
133
133
132
133
135
136
138
137
137
135
135
135
137
140
142
141
141
141
140
139
139
139
138
138
139
140
141
143
143
143
142
143
144
144
143
143
143
144
144
141
140
140
141
142
146
148
150
148
145
143
142
144
143
142
140
141
142
145
147
148
150
151
152
152
151
152
151
150
151
153
156
156
154
154
153
156
158
156
155
156
157
157
158
157
156
158
162
164
165
165
165
166
165
162
161
160
161
162
160
160
161
163
164
164
164
164
165
166
163
165
165
166
167
167
166
166
166
167
166
167
169
171
171
171
170
170
172
169
168
170
173
176
178
175
172
171
170
173
172
170
169
172
174
176
176
174
172
172
173
174
177
178
177
175
175
174
173
173
174
175
178
178
176
177
175
174
173
175
175
175
176
177
179
180
180
178
176
175
178
183
186
186
186
187
186
182
180
180
184
185
183
181
180
180
183
185
185
184
186
188
187
184
184
184
184
185
185
185
185
185
182
183
185
186
184
182
181
184
185
182
180
180
181
182
182
180
180
180
180
180
183
185
184
180
180
179
182
182
183
184
184
187
186
183
179
180
182
184
187
188
189
188
184
183
181
181
182
182
185
186
185
184
183
185
183
184
183
183
184
185
184
183
180
178
180
181
181
183
184
185
183
184
185
183
181
181
179
181
185
185
185
182
180
183
183
183
182
181
182
184
183
183
181
182
182
182
182
178
180
183
184
185
185
185
181
179
177
177
181
184
183
178
175
175
174
176
177
178
178
179
177
177
178
180
180
180
180
182
184
184
184
180
180
180
179
183
185
186
185
184
183
182
181
182
182
184
185
184
184
184
182
181
181
181
184
186
185
183
178
179
180
181
183
186
189
190
188
182
180
180
184
188
186
183
182
183
185
183
182
182
186
189
188
188
187
186
185
185
187
188
191
191
189
187
188
187
186
186
186
185
187
187
185
185
186
186
188
189
187
185
182
182
183
184
184
183
183
184
183
183
182
183
186
188
189
190
187
186
184
188
188
188
189
190
190
190
190
190
190
189
187
188
190
190
190
187
188
189
191
191
191
192
191
190
189
186
185
187
188
189
190
189
188
188
186
185
189
191
193
191
189
189
190
191
188
186
187
187
185
185
185
187
189
187
187
188
191
191
192
193
191
191
193
191
191
192
193
193
192
191
192
192
195
196
196
195
195
193
192
191
189
191
192
194
195
194
192
189
188
190
190
191
192
193
192
190
191
190
190
189
189
190
189
191
192
192
191
191
190
189
190
191
192
194
198
198
197
195
195
197
199
201
198
198
199
201
200
201
202
202
203
203
203
201
200
201
201
201
204
204
204
204
204
204
203
202
202
201
203
204
203
205
205
206
206
204
202
202
204
206
207
205
205
205
204
204
204
205
204
206
205
205
207
208
208
206
205
204
205
206
206
208
206
207
208
208
207
206
207
210
209
205
203
204
207
208
208
207
206
205
205
207
206
206
206
207
207
206
205
206
206
208
210
210
211
210
211
210
209
208
205
207
209
210
211
209
209
208
209
209
207
207
210
210
209
210
212
213
210
205
205
207
209
212
214
214
213
213
210
208
207
208
210
211
214
214
214
213
213
214
214
214
212
213
216
216
216
214
210
209
212
216
216
212
213
214
216
217
213
210
211
213
216
216
215
211
210
211
214
214
215
212
212
215
215
214
212
211
212
213
215
216
219
218
217
217
218
215
216
214
215
216
214
213
215
213
214
214
215
214
218
217
216
215
214
214
213
213
214
215
215
214
215
215
214
213
211
212
212
213
214
215
218
220
218
218
218
218
217
215
216
216
217
218
217
216
217
216
215
213
214
217
218
220
217
215
216
216
215
215
216
217
218
217
218
218
217
215
215
217
219
221
221
222
221
220
219
218
218
217
219
220
222
222
221
220
219
218
216
215
215
217
218
220
220
218
215
215
216
217
216
215
215
215
214
214
215
215
214
214
216
216
218
217
216
215
215
218
218
217
215
216
215
217
217
218
219
218
217
216
217
217
217
215
214
214
215
219
221
221
219
218
219
219
218
219
220
221
222
221
221
221
220
217
217
217
219
221
222
224
224
223
220
221
224
226
224
224
225
223
225
223
222
221
222
226
225
223
222
223
225
227
227
226
225
224
223
221
219
222
223
227
227
229
228
226
224
221
220
219
219
220
221
222
221
221
221
222
222
223
223
222
220
220
222
223
222
221
222
222
222
221
221
218
219
218
219
219
218
221
224
222
221
220
218
216
218
220
220
220
218
220
220
221
221
218
218
219
218
216
217
216
215
215
215
217
219
220
219
218
216
217
220
220
221
219
218
216
214
212
213
212
213
214
215
216
214
212
211
211
210
209
210
211
210
209
211
211
212
213
213
212
211
212
212
211
209
211
213
214
213
211
209
211
211
210
209
207
207
208
208
208
208
210
208
209
210
209
210
209
207
205
204
204
205
208
208
205
204
202
201
201
199
200
202
203
205
207
208
206
205
203
204
204
204
204
203
203
202
203
202
202
202
201
201
200
202
203
201
200
203
203
203
202
202
202
201
202
201
202
203
204
204
203
202
202
203
202
200
200
201
202
204
203
204
205
206
206
206
205
205
204
204
204
203
202
202
203
205
206
205
201
199
200
198
202
203
206
209
210
208
205
204
202
202
202
203
204
205
203
201
199
200
201
201
200
198
199
201
201
200
199
200
201
201
199
197
198
198
200
200
200
199
198
200
202
200
201
202
202
203
202
201
198
200
201
198
198
199
201
204
207
204
203
205
204
202
201
201
202
203
201
203
202
200
199
198
200
201
201
201
199
198
199
200
199
201
202
200
200
200
200
203
203
205
207
208
206
203
200
200
203
204
202
200
200
201
201
199
199
198
197
196
195
197
200
202
200
197
197
198
200
199
201
203
204
203
203
201
200
201
201
202
203
201
200
199
202
202
204
204
205
203
202
205
204
204
204
203
204
205
204
203
203
206
209
209
209
207
204
202
201
204
206
208
207
204
202
202
203
203
202
200
200
202
203
201
201
199
200
199
200
201
202
204
204
202
203
203
205
205
204
202
202
201
201
200
200
200
200
201
201
201
197
196
198
199
200
202
200
197
194
194
195
198
201
200
200
201
199
197
193
193
192
193
194
194
195
194
194
193
192
191
190
190
189
192
193
192
194
193
191
188
188
189
191
193
193
193
193
191
191
191
189
188
190
191
191
190
187
187
187
188
189
188
187
188
188
188
188
189
190
191
191
191
192
191
191
191
192
191
191
189
192
194
194
195
194
192
193
193
193
194
194
195
194
195
193
192
194
195
195
196
195
193
192
192
193
194
194
196
196
196
193
193
193
194
193
190
190
192
195
194
194
190
190
191
191
191
191
192
192
193
192
189
190
191
191
192
192
193
193
191
189
186
188
190
192
193
191
189
187
185
186
188
189
192
195
193
190
189
187
186
187
188
189
190
191
192
192
192
190
188
191
192
192
193
191
188
187
187
187
189
193
195
198
197
192
192
192
195
196
196
197
198
197
198
198
196
196
196
198
197
197
198
199
199
199
198
197
197
198
198
198
199
200
199
201
201
200
199
197
196
197
199
200
197
195
195
195
195
197
196
197
199
199
198
198
195
196
198
199
200
200
197
197
199
199
200
201
201
202
201
199
196
195
195
197
197
196
197
196
196
195
195
195
196
198
198
199
201
198
194
192
191
193
196
195
194
193
194
195
195
194
192
191
191
194
197
197
198
197
197
197
198
199
199
201
200
201
201
200
201
202
201
202
202
204
202
198
198
198
