-13
-13
-13
-15
-17
-19
-19
-20
-19
-19
-18
-17
-18
-19
-21
-22
-21
-21
-21
-21
-20
-18
-16
-17
-17
-18
-17
-15
-17
-19
-20
-18
-15
-13
-12
-12
-12
-12
-14
-11
-13
-14
-15
-15
-15
-13
-15
-16
-16
-15
-13
-11
-14
-16
-19
-21
-19
-15
-14
-12
-15
-17
-19
-19
-19
-19
-20
-19
-17
-17
-16
-18
-20
-21
-20
-21
-24
-26
-26
-25
-24
-23
-22
-24
-23
-25
-25
-25
-26
-27
-31
-30
-29
-28
-25
-26
-26
-28
-28
-29
-31
-33
-33
-28
-27
-29
-34
-32
-29
-27
-24
-24
-25
-27
-26
-25
-24
-27
-29
-25
-22
-23
-23
-24
-24
-24
-24
-24
-25
-24
-26
-26
-27
-26
-26
-27
-25
-23
-24
-21
-22
-22
-22
-21
-21
-20
-22
-22
-20
-20
-21
-22
-22
-22
-24
-22
-26
-28
-28
-27
-25
-23
-23
-25
-25
-23
-23
-24
-24
-23
-23
-23
-21
-22
-21
-21
-23
-24
-23
-23
-22
-21
-23
-24
-25
-25
-26
-25
-25
-24
-21
-23
-24
-26
-26
-25
-25
-27
-29
-28
-26
-23
-24
-25
-24
-22
-24
-25
-25
-24
-22
-23
-23
-24
-23
-22
-22
-22
-22
-25
-25
-26
-26
-25
-25
-25
-24
-26
-26
-25
-23
-24
-24
-24
-25
-25
-25
-25
-26
-22
-23
-25
-27
-28
-27
-28
-28
-29
-26
-26
-26
-24
-27
-25
-25
-25
-24
-24
-23
-21
-21
-22
-22
-24
-23
-23
-21
-21
-22
-21
-19
-19
-19
-19
-21
-22
-20
-20
-21
-19
-18
-18
-19
-21
-22
-23
-24
-27
-28
-29
-29
-28
-29
-29
-30
-31
-32
-35
-34
-32
-29
-29
-30
-32
-34
-35
-36
-34
-34
-37
-36
-34
-35
-36
-37
-38
-37
-34
-33
-34
-36
-36
-36
-32
-29
-31
-34
-35
-33
-33
-35
-38
-40
-39
-36
-38
-39
-40
-40
-40
-39
-39
-43
-44
-42
-43
-42
-43
-44
-44
-43
-42
-41
-40
-39
-39
-38
-39
-41
-40
-42
-41
-41
-40
-38
-40
-40
-42
-41
-39
-39
-37
-37
-37
-38
-38
-36
-37
-35
-35
-37
-36
-35
-34
-37
-40
-40
-39
-37
-37
-37
-41
-40
-40
-37
-36
-37
-38
-38
-38
-39
-40
-42
-43
-44
-43
-40
-38
-38
-38
-40
-40
-40
-38
-39
-40
-40
-41
-39
-39
-38
-39
-39
-39
-39
-40
-42
-42
-42
-42
-41
-41
-40
-39
-39
-40
-39
-40
-38
-36
-33
-31
-32
-30
-31
-32
-33
-33
-34
-37
-37
-37
-34
-35
-36
-36
-34
-37
-35
-34
-32
-32
-32
-34
-33
-30
-28
-30
-31
-30
-30
-27
-29
-31
-33
-34
-34
-31
-31
-34
-38
-41
-40
-40
-39
-39
-40
-40
-39
-39
-37
-36
-37
-38
-37
-38
-38
-38
-39
-39
-40
-42
-41
-40
-39
-37
-38
-38
-39
-38
-39
-42
-41
-39
-38
-38
-39
-38
-39
-39
-40
-39
-38
-37
-36
-37
-35
-37
-38
-35
-34
-30
-30
-33
-37
-37
-34
-32
-33
-33
-36
-39
-39
-37
-35
-35
-34
-37
-37
-34
-37
-41
-40
-37
-33
-33
-35
-34
-34
-32
-31
-32
-32
-33
-33
-32
-33
-35
-32
-32
-33
-34
-34
-31
-30
-29
-32
-29
-28
-28
-29
-29
-32
-31
-30
-33
-31
-28
-28
-27
-28
-29
-29
-26
-27
-27
-26
-28
-28
-30
-28
-27
-24
-25
-25
-28
-28
-27
-26
-26
-27
-26
-25
-23
-25
-26
-25
-26
-25
-24
-23
-23
-21
-20
-20
-17
-18
-20
-22
-24
-25
-24
-22
-21
-21
-21
-20
-19
-19
-19
-19
-18
-18
-19
-19
-17
-15
-15
-15
-16
-17
-17
-18
-18
-18
-14
-13
-13
-15
-16
-18
-16
-17
-15
-13
-13
-15
-16
-14
-15
-15
-17
-18
-20
-18
-18
-16
-15
-14
-13
-12
-11
-10
-14
-16
-16
-14
-14
-14
-16
-16
-13
-14
-15
-17
-17
-17
-14
-15
-16
-16
-17
-16
-15
-17
-18
-20
-23
-24
-24
-22
-21
-21
-25
-26
-27
-27
-28
-30
-29
-30
-27
-24
-23
-24
-23
-24
-23
-25
-25
-27
-24
-23
-24
-23
-24
-22
-24
-24
-23
-22
-20
-20
-18
-16
-18
-15
-15
-16
-17
-17
-17
-18
-18
-20
-20
-21
-22
-21
-22
-19
-22
-20
-21
-24
-21
-23
-16
-21
-17
-20
-20
-18
-20
-23
-25
-24
-22
-20
-20
-22
-23
-23
-24
-20
-22
-20
-23
-22
-24
-25
-26
-27
-28
-27
-28
-26
-25
-27
-28
-29
-27
-25
-27
-27
-30
-32
-30
-30
-28
-31
-31
-31
-29
-29
-30
-32
-29
-29
-27
-29
-30
-31
-27
-29
-28
-32
-31
-28
-30
-28
-29
-25
-26
-25
-32
-31
-34
-28
-30
-27
-28
-29
-30
-29
-31
-29
-29
-27
-25
-26
-26
-32
-28
-32
-27
-31
-28
-31
-29
-30
-30
-30
-32
-32
-33
-33
-33
-34
-34
-31
-31
-30
-35
-31
-34
-27
-34
-33
-34
-32
-30
-30
-35
-35
-37
-35
-33
-34
-34
-35
-33
-33
-32
-36
-33
-37
-34
-37
-32
-36
-33
-35
-36
-38
-38
-37
-37
-39
-41
-41
-40
-41
-41
-43
-42
-40
-40
-38
-45
-41
-46
-42
-43
-43
-42
-38
-38
-35
-36
-37
-39
-37
-36
-36
-34
-32
-32
-35
-33
-32
-28
-30
-29
-28
-29
-29
-25
-31
-28
-33
-29
-27
-27
-29
-30
-30
-25
-28
-24
-27
-24
-25
-25
-26
-25
-24
-24
-23
-27
-19
-26
-17
-28
-21
-29
-22
-25
-19
-25
-24
-25
-24
-22
-24
-26
-31
-30
-30
-24
-30
-26
-37
-25
-41
-28
-43
-36
-40
-34
-35
-32
-35
-37
-41
-46
-40
-46
-38
-45
-42
-46
-44
-49
-45
-55
-46
-52
-44
-53
-55
-57
-55
-51
-49
-49
-49
-48
-51
-47
-51
-50
-49
-42
-45
-38
-48
-40
-47
-40
-45
-46
-44
-45
-41
-43
-45
-42
-42
-37
-33
-32
-28
-32
-32
-35
-30
-30
-23
-27
-22
-24
-22
-19
-18
-18
-18
-16
-16
-11
-12
-7
-10
-10
-5
-9
-4
-8
-7
-5
-3
3
2
0
-4
-2
-7
1
-8
-1
-5
-8
-7
-10
-11
-6
-19
-10
-23
-22
-22
-32
-18
-35
-25
-40
-32
-47
-38
-52
-46
-52
-52
-54
-68
-58
-69
-63
-77
-76
-91
-83
-95
-89
-97
-98
-105
-104
-111
-111
-114
-118
-120
-125
-118
-125
-120
-125
-118
-122
-120
-128
-124
-128
-126
-129
-130
-131
-128
-119
-116
-115
-111
-103
-96
-88
-80
-70
-64
-52
-46
-35
-29
-19
-7
4
12
23
30
37
47
52
61
68
76
79
80
84
88
94
101
102
104
104
103
102
102
101
103
100
98
93
90
86
84
84
82
79
74
66
59
55
51
46
38
32
24
17
7
-4
-15
-21
-32
-40
-49
-57
-67
-80
-88
-106
-113
-129
-137
-149
-158
-165
-179
-187
-200
-208
-216
-229
-234
-246
-253
-260
-271
-270
-283
-276
-285
-278
-285
-276
-262
-243
-214
-202
-176
-164
-138
-111
-92
-71
-54
-42
-15
5
31
40
54
63
76
85
88
90
82
89
88
96
93
94
89
88
81
77
66
57
48
40
32
22
12
2
-1
-3
0
-1
2
-2
1
3
12
15
19
23
30
40
47
55
56
61
66
74
82
87
88
94
93
98
94
95
95
95
94
93
86
81
76
71
65
58
56
46
41
34
28
17
8
0
-6
-15
-22
-33
-44
-54
-65
-73
-81
-89
-100
-108
-118
-129
-135
-151
-155
-171
-174
-184
-189
-199
-212
-216
-230
-230
-241
-247
-255
-261
-264
-259
-256
-240
-217
-199
-178
-168
-156
-140
-118
-98
-82
-72
-54
-35
-15
1
7
12
22
26
35
37
34
38
31
38
41
39
36
31
28
28
18
11
4
-8
-14
-22
-29
-37
-46
-52
-51
-52
-48
-47
-49
-40
-32
-24
-18
-14
-3
8
24
34
42
50
63
79
97
111
117
126
131
140
148
152
157
157
159
159
157
155
151
148
143
137
128
119
108
98
94
85
77
63
53
43
33
24
16
3
-11
-27
-42
-57
-69
-82
-89
-103
-115
-130
-147
-163
-175
-187
-201
-214
-230
-240
-253
-256
-273
-286
-304
-313
-320
-325
-333
-330
-315
-287
-251
-238
-220
-212
-188
-167
-140
-119
-100
-80
-58
-33
-9
2
12
17
22
37
40
51
44
49
53
62
64
65
60
57
59
56
56
44
31
21
15
9
2
-12
-16
-23
-25
-26
-29
-33
-34
-31
-22
-14
-10
-7
-4
5
17
26
37
45
60
77
91
106
113
124
131
147
150
157
157
165
169
172
174
170
170
165
163
155
146
135
125
116
111
102
100
89
83
73
65
58
47
41
27
15
3
-11
-29
-45
-56
-66
-77
-88
-108
-124
-143
-156
-179
-193
-215
-228
-244
-256
-275
-294
-305
-322
-331
-345
-354
-362
-359
-344
-311
-285
-260
-251
-234
-210
-182
-152
-129
-110
-88
-64
-30
-4
4
14
12
26
40
51
58
56
56
64
69
72
74
68
69
62
59
54
44
31
19
5
-3
-11
-25
-33
-43
-45
-45
-47
-49
-49
-49
-38
-30
-24
-20
-14
-1
15
30
44
53
66
82
98
116
128
135
147
160
168
183
181
188
190
191
194
186
182
178
173
169
157
145
136
124
120
111
104
94
88
79
72
62
48
40
28
13
-1
-17
-32
-42
-55
-68
-86
-103
-126
-144
-159
-177
-194
-219
-232
-254
-268
-287
-307
-323
-345
-353
-369
-375
-388
-387
-378
-341
-312
-285
-270
-255
-229
-202
-166
-141
-116
-92
-63
-32
-1
8
23
24
40
55
71
78
78
80
85
97
97
103
97
97
88
84
76
70
54
42
26
12
1
-18
-31
-41
-45
-52
-51
-57
-58
-66
-63
-57
-54
-50
-44
-32
-22
-8
6
22
31
50
70
90
104
119
133
153
164
180
187
192
202
201
209
209
205
201
195
188
181
173
164
153
145
136
129
119
111
101
94
87
73
61
43
29
10
-6
-23
-39
-56
-70
-88
-105
-127
-147
-168
-188
-206
-229
-247
-269
-287
-312
-327
-352
-368
-387
-403
-410
-424
-424
-417
-392
-355
-324
-310
-288
-271
-231
-201
-165
-135
-111
-81
-58
-22
-6
12
17
27
44
63
73
83
82
85
91
94
99
95
96
89
85
78
76
55
39
21
6
-8
-32
-48
-61
-69
-72
-76
-84
-85
-93
-94
-92
-91
-86
-80
-71
-54
-40
-21
-7
7
24
49
70
85
100
106
132
152
176
189
192
199
202
210
211
206
205
198
199
193
184
177
160
153
142
135
125
114
107
99
90
76
59
41
23
7
-12
-28
-46
-58
-70
-86
-106
-130
-154
-173
-194
-214
-232
-257
-274
-299
-318
-339
-371
-391
-418
-434
-448
-457
-460
-446
-417
-381
-350
-343
-319
-311
-261
-228
-194
-154
-143
-99
-76
-36
-12
-2
4
11
29
54
69
76
76
83
90
102
104
98
98
82
89
78
74
56
35
18
0
-18
-41
-61
-80
-84
-90
-89
-93
-99
-108
-108
-110
-103
-104
-95
-81
-63
-35
-21
-3
9
34
51
75
91
106
127
151
178
200
213
219
221
228
233
237
241
231
233
222
225
214
201
190
177
169
161
149
136
126
117
108
94
69
44
23
3
-11
-29
-42
-58
-76
-97
-119
-144
-168
-194
-216
-238
-263
-282
-312
-334
-363
-385
-419
-440
-472
-482
-499
-503
-479
-458
-399
-388
-354
-349
-317
-278
-246
-202
-176
-139
-107
-63
-27
-3
8
14
22
53
64
88
83
90
103
116
138
136
144
129
130
118
121
108
91
72
52
36
16
-15
-39
-59
-73
-74
-87
-86
-98
-100
-108
-107
-113
-114
-107
-94
-69
-50
-31
-19
-7
14
36
58
79
94
116
137
171
187
207
213
220
236
239
246
244
241
243
239
237
233
221
208
194
183
173
165
151
146
132
123
111
87
64
33
15
0
-12
-23
-40
-61
-85
-112
-138
-167
-190
-218
-238
-268
-287
-316
-338
-370
-402
-432
-467
-483
-510
-510
-514
-486
-442
-396
-379
-355
-339
-305
-254
-223
-192
-160
-126
-89
-33
-12
17
19
14
35
52
76
91
88
96
116
121
144
142
142
140
130
125
130
112
95
72
42
38
9
-12
-36
-60
-76
-80
-91
-92
-102
-115
-112
-114
-109
-105
-101
-87
-66
-50
-23
-15
5
22
42
68
83
105
123
154
180
207
224
234
247
259
270
274
271
270
266
267
267
259
248
228
219
206
200
187
172
164
149
139
123
99
71
44
20
9
-3
-17
-35
-64
-87
-116
-141
-176
-208
-244
-267
-297
-318
-351
-384
-420
-454
-475
-509
-519
-547
-545
-526
-480
-431
-401
-392
-370
-340
-288
-236
-210
-173
-142
-100
-46
0
10
33
18
36
68
86
108
104
108
132
153
167
184
168
170
164
157
163
152
126
109
76
60
47
9
-9
-38
-52
-61
-71
-81
-90
-107
-112
-102
-100
-90
-87
-82
-63
-44
-26
-9
1
26
48
74
99
114
138
161
191
218
240
254
267
275
290
296
299
299
293
293
286
280
271
252
231
219
204
201
182
170
155
139
128
106
77
46
26
0
-4
-29
-49
-77
-110
-132
-163
-191
-221
-260
-283
-325
-338
-382
-409
-442
-479
-494
-530
-531
-560
-539
-519
-467
-419
-404
-375
-358
-309
-251
-216
-163
-139
-94
-50
-9
34
45
63
49
78
99
120
138
124
139
147
164
181
181
184
174
169
167
165
154
126
103
74
61
40
12
-11
-43
-52
-66
-69
-79
-91
-103
-106
-98
-87
-76
-70
-63
-52
-34
-16
3
20
43
60
83
105
127
154
181
204
230
250
263
281
291
299
304
302
300
295
291
286
272
254
235
216
197
183
166
152
133
116
94
69
46
24
9
-13
-28
-56
-82
-113
-138
-163
-192
-216
-247
-281
-310
-349
-383
-411
-457
-481
-524
-536
-556
-567
-571
-563
-510
-462
-422
-405
-383
-350
-287
-232
-180
-143
-92
-66
-13
36
55
89
72
84
100
126
144
146
136
146
158
170
186
178
174
163
152
153
158
133
116
75
55
35
12
-9
-33
-48
-62
-62
-75
-79
-95
-103
-100
-91
-79
-67
-61
-47
-31
-10
12
26
48
60
84
105
132
155
185
203
231
247
264
278
290
294
303
298
298
297
284
290
261
257
223
205
183
161
147
125
100
82
49
28
3
-18
-39
-61
-75
-114
-123
-166
-184
-214
-244
-270
-301
-325
-356
-384
-428
-462
-506
-539
-559
-580
-583
-595
-584
-546
-501
-443
-426
-397
-365
-312
-249
-198
-147
-104
-46
-11
51
84
103
115
98
119
145
161
176
167
167
181
182
194
191
181
167
162
148
157
138
108
88
54
45
19
-11
-33
-53
-66
-69
-77
-82
-89
-102
-106
-94
-81
-66
-60
-58
-34
-13
20
41
57
68
86
109
139
171
192
218
242
271
292
309
312
321
322
328
323
319
309
292
291
267
257
222
189
160
133
116
87
52
25
-11
-23
-47
-64
-91
-133
-153
-192
-202
-238
-260
-297
-316
-343
-369
-404
-445
-482
-524
-540
-574
-588
-616
-607
-625
-555
-525
-451
-422
-408
-366
-338
-232
-205
-116
-104
-17
21
86
143
144
177
159
168
196
224
225
238
201
230
222
244
228
222
195
179
169
146
163
105
103
51
39
15
-14
-46
-68
-80
-88
-88
-98
-91
-105
-103
-109
-88
-91
-72
-76
-49
-14
16
58
70
102
114
144
169
199
219
253
278
322
348
369
380
376
376
369
365
359
353
338
334
308
297
256
229
190
152
114
78
36
3
-32
-56
-78
-116
-142
-201
-224
-278
-291
-337
-360
-387
-425
-440
-477
-496
-543
-571
-627
-649
-686
-677
-694
-658
-633
-562
-482
-457
-396
-405
-319
-266
-180
-110
-60
16
69
142
196
216
237
225
223
258
274
306
290
293
283
302
309
294
288
237
228
189
186
168
136
103
61
36
14
-16
-54
-87
-107
-113
-117
-111
-122
-113
-124
-106
-97
-99
-91
-98
-76
-45
-6
25
59
85
115
141
173
200
228
263
298
347
388
418
433
446
446
446
432
408
393
376
371
360
341
311
277
239
198
152
101
49
2
-32
-55
-83
-114
-157
-216
-258
-318
-354
-402
-445
-476
-516
-539
-579
-610
-648
-680
-720
-739
-779
-763
-764
-714
-644
-572
-503
-465
-415
-377
-265
-222
-116
-70
13
92
164
251
280
325
313
325
333
376
381
386
369
381
387
415
401
375
345
295
282
234
236
180
152
102
72
47
13
-32
-84
-106
-130
-132
-146
-144
-150
-141
-133
-116
-118
-110
-113
-100
-70
-44
-3
25
68
99
142
168
199
223
257
304
347
395
423
457
474
496
495
496
471
447
424
406
395
374
353
321
291
253
207
150
92
34
-8
-41
-69
-113
-149
-214
-266
-314
-377
-421
-490
-537
-585
-627
-658
-706
-734
-793
-808
-840
-833
-828
-823
-757
-700
-608
-563
-512
-464
-380
-288
-196
-127
-36
39
109
217
264
333
355
357
372
422
441
468
458
447
472
468
486
468
437
396
359
308
306
261
215
168
113
88
59
14
-39
-73
-122
-125
-149
-149
-157
-168
-161
-145
-134
-127
-126
-131
-98
-71
-27
5
41
81
124
165
199
222
256
292
337
388
423
455
482
508
523
530
512
500
468
453
426
406
381
346
319
284
244
187
132
66
25
-18
-53
-100
-147
-211
-246
-316
-358
-425
-496
-538
-619
-641
-723
-746
-819
-839
-873
-896
-878
-892
-827
-786
-693
-665
-614
-574
-503
-396
-305
-227
-152
-49
4
135
189
255
289
300
319
373
417
453
471
453
502
505
542
527
499
452
433
379
372
340
281
244
174
155
115
80
-1
-35
-96
-107
-131
-157
-155
-175
-163
-158
-146
-148
-135
-153
-123
-104
-66
-33
-4
45
83
141
170
207
229
274
307
358
388
423
448
480
508
524
518
503
484
463
458
423
400
351
324
284
253
196
144
86
37
-8
-56
-112
-172
-239
-296
-345
-403
-449
-528
-570
-653
-686
-754
-806
-868
-924
-939
-964
-917
-902
-824
-770
-705
-667
-609
-558
-472
-389
-305
-225
-123
-32
50
172
196
285
280
302
324
355
385
403
427
439
494
506
538
524
505
466
424
374
363
312
279
229
188
169
118
96
22
1
-53
-84
-123
-135
-149
-154
-145
-148
-133
-121
-111
-100
-68
-65
-25
-26
28
62
109
156
182
234
276
336
369
413
432
463
481
504
512
518
504
511
497
488
473
426
404
342
306
243
194
133
80
34
-16
-58
-114
-175
-245
-311
-384
-452
-519
-587
-655
-717
-774
-819
-870
-911
-964
-973
-973
-937
-868
-804
-737
-722
-662
-612
-503
-407
-316
-245
-133
-33
63
182
219
286
295
312
339
384
397
426
414
441
486
511
535
519
493
459
433
363
353
278
238
202
155
155
124
75
39
-6
-39
-52
-118
-127
-164
-170
-168
-154
-150
-122
-98
-79
-30
-25
5
13
44
74
119
143
187
226
288
350
397
441
468
495
518
539
532
533
512
505
493
493
476
458
423
386
348
293
227
161
99
37
-19
-83
-139
-219
-287
-363
-432
-504
-580
-665
-764
-832
-926
-999
-1098
-1186
-1213
-1193
-1112
-1071
-887
-824
-758
-623
-607
-514
-375
-281
-190
-15
160
346
512
634
701
766
753
699
654
624
555
498
484
454
525
510
484
444
396
275
160
32
-63
-168
-252
-281
-307
-248
-217
-206
-182
-140
-137
-122
-153
-185
-148
-136
-94
-15
82
198
312
378
482
542
576
583
565
564
544
519
515
516
514
525
498
500
465
416
360
311
258
211
177
149
148
140
158
129
112
41
1
-65
-127
-228
-276
-397
-429
-551
-619
-743
-828
-979
-1086
-1180
-1316
-1342
-1424
-1345
-1298
-1037
-792
-522
-307
-130
20
165
224
206
302
397
579
685
838
953
1044
1009
945
794
643
409
132
-12
-95
-144
-192
-198
-228
-126
-178
-205
-303
-391
-469
-502
-505
-398
-275
-174
-10
93
271
357
360
303
276
231
245
189
177
206
224
261
249
248
207
159
62
59
45
75
89
147
224
344
411
475
512
524
543
545
568
565
564
561
602
607
614
575
536
485
423
350
256
181
90
19
-38
-118
-172
-240
-322
-368
-466
-572
-676
-785
-896
-1017
-1114
-1242
-1301
-1386
-1422
-1405
-1394
-1261
-1192
-876
-561
-298
-56
132
313
533
616
595
675
743
850
928
982
1028
1028
909
820
649
467
237
-66
-248
-323
-402
-439
-473
-488
-372
-325
-292
-294
-299
-306
-258
-241
-114
-1
98
219
322
471
595
591
516
469
397
355
217
99
25
-28
-82
-120
-136
-123
-125
-168
-122
-64
9
52
114
231
377
494
600
704
809
894
938
976
996
983
934
899
834
793
702
621
530
455
338
227
88
-28
-167
-294
-407
-495
-581
-649
-697
-781
-806
-911
-973
-1065
-1164
-1273
-1357
-1419
-1441
-1437
-1375
-1239
-1032
-736
-339
-75
251
391
590
702
768
655
660
643
729
801
813
875
852
821
684
524
285
68
-283
-465
-592
-627
-632
-597
-535
-329
-181
-82
-36
-48
-9
-11
9
36
120
199
341
430
609
720
747
682
589
469
343
127
-99
-252
-345
-385
-432
-417
-357
-283
-244
-161
-81
30
102
176
293
488
643
791
911
1058
1180
1257
1261
1236
1187
1103
990
869
761
648
547
438
372
273
190
64
-42
-189
-313
-471
-553
-659
-691
-748
-760
-780
-797
-855
-898
-1005
-1124
-1229
-1352
-1368
-1429
-1353
-1276
-996
-735
-237
-14
373
482
717
786
856
677
614
533
577
663
665
714
699
742
654
581
295
91
-307
-460
-644
-697
-779
-712
-633
-360
-143
24
164
207
278
281
292
248
264
213
312
368
538
629
687
671
662
560
421
150
-148
-387
-586
-700
-808
-809
-738
-547
-367
-132
31
206
321
426
501
588
647
733
842
988
1133
1246
1326
1374
1376
1300
1161
968
777
585
412
272
170
99
74
52
35
-21
-126
-238
-352
-454
-571
-675
-773
-799
-826
-827
-853
-876
-974
-1001
-1111
-1169
-1278
-1360
-1314
-1236
-950
-654
-258
29
382
566
846
922
864
717
583
515
543
473
430
441
490
588
560
463
283
69
-164
-317
-556
-673
-782
-762
-610
-372
-156
83
245
404
542
580
584
495
383
325
297
304
354
349
408
455
487
445
295
47
-179
-433
-643
-859
-1031
-1073
-989
-793
-506
-219
89
387
645
862
979
1011
994
984
986
1018
1033
1088
1162
1254
1319
1318
1233
1096
898
692
460
235
21
-105
-174
-164
-169
-187
-182
-179
-167
-225
-335
-475
-587
-700
-801
-918
-1047
-1112
-1166
-1164
-1195
-1219
-1239
-1147
-1059
-886
-651
-365
-85
181
376
635
799
886
810
762
731
783
692
586
469
445
467
402
257
113
-25
-132
-237
-408
-509
-581
-585
-545
-426
-276
-55
77
244
413
594
688
691
612
597
581
524
430
334
303
297
259
189
97
-37
-185
-376
-548
-722
-894
-1017
-1044
-955
-763
-530
-262
69
432
779
1051
1209
1321
1363
1388
1344
1279
1209
1169
1152
1158
1143
1105
1024
920
807
660
476
251
55
-85
-168
-256
-340
-396
-383
-326
-292
-301
-356
-380
-416
-470
-618
-763
-958
-1052
-1177
-1245
-1359
-1378
-1359
-1189
-1010
-742
-413
-118
209
399
638
754
877
750
717
595
683
644
608
495
531
554
610
458
301
127
-18
-171
-350
-529
-630
-646
-644
-503
-367
-144
20
195
357
567
650
694
605
565
546
501
387
294
221
238
223
163
87
-7
-123
-261
-433
-588
-744
-898
-966
-942
-804
-595
-352
-50
325
696
1032
1264
1416
1500
1530
1471
1368
1225
1120
1037
992
952
928
884
841
762
676
537
363
153
-24
-162
-272
-378
-468
-487
-444
-350
-307
-266
-249
-223
-230
-327
-455
-647
-797
-975
-1100
-1291
-1391
-1473
-1433
-1265
-1088
-749
-439
-17
258
605
741
975
933
921
748
735
666
679
534
541
527
639
614
509
346
237
78
-102
-338
-569
-663
-738
-710
-639
-453
-257
-18
155
421
603
739
735
684
619
590
437
301
152
109
108
87
27
1
-53
-113
-233
-395
-534
-695
-833
-912
-902
-793
-601
-357
-7
396
794
1149
1412
1611
1727
1728
1627
1481
1320
1177
1038
905
834
792
781
733
674
594
514
360
197
0
-131
-285
-396
-537
-543
-538
-434
-410
-310
-274
-144
-183
-206
-372
-477
-685
-843
-1085
-1277
-1423
-1505
-1468
-1378
-1177
-913
-445
-61
373
578
881
1030
1220
1065
948
754
785
706
632
473
492
557
619
504
386
277
155
-32
-290
-514
-659
-748
-839
-810
-672
-415
-221
-13
211
514
712
801
725
702
655
559
353
177
57
44
-16
-66
-99
-96
-112
-184
-291
-388
-500
-639
-751
-800
-732
-620
-439
-175
185
582
966
1274
1542
1736
1814
1778
1651
1489
1320
1122
925
773
692
650
613
562
548
522
459
325
169
27
-117
-278
-436
-525
-541
-490
-443
-365
-248
-140
-85
-100
-173
-269
-425
-645
-880
-1098
-1293
-1440
-1581
-1551
-1435
-1200
-881
-451
-25
420
724
983
1196
1268
1180
1008
865
799
715
549
429
408
510
515
429
330
285
196
57
-214
-417
-561
-650
-753
-758
-660
-448
-271
-62
191
482
692
770
759
782
747
608
373
161
56
-25
-146
-250
-296
-266
-246
-291
-342
-390
-455
-526
-601
-623
-578
-503
-349
-98
230
598
924
1225
1531
1760
1883
1860
1758
1644
1500
1281
1029
815
698
622
534
452
418
416
397
312
194
90
-40
-163
-315
-404
-466
-480
-462
-400
-307
-234
-202
-188
-198
-247
-398
-580
-798
-940
-1130
-1271
-1463
-1494
-1435
-1243
-1031
-661
-301
159
548
857
1104
1284
1330
1254
1146
1012
925
738
564
398
404
397
368
231
206
151
125
-40
-219
-394
-463
-579
-645
-691
-609
-489
-318
-136
114
346
542
658
737
779
757
630
449
283
151
20
-131
-260
-337
-348
-367
-393
-427
-432
-446
-443
-447
-407
-357
-254
-117
100
359
623
866
1124
1390
1610
1730
1750
1734
1688
1579
1392
1169
975
826
684
538
413
334
306
253
194
102
46
-22
-75
-167
-219
-290
-320
-338
-326
-339
-321
-359
-340
-383
-404
-521
-630
-724
-829
-912
-1088
-1161
-1303
-1216
-1242
-1046
-875
-455
-159
295
583
1020
1263
1481
1415
1425
1328
1264
1006
749
514
437
352
237
84
45
77
62
-22
-166
-253
-335
-426
-573
-634
-649
-583
-538
-414
-243
9
182
355
485
655
731
727
616
538
442
335
129
-56
-208
-283
-376
-459
-529
-519
-487
-429
-359
-260
-149
-31
88
234
395
554
693
850
1043
1242
1399
1496
1571
1631
1675
1626
1513
1341
1183
1008
813
577
365
196
82
-25
-116
-168
-187
-177
-175
-165
-161
-172
-224
-279
-317
-364
-419
-512
-550
-552
-512
-508
-539
-537
-533
-510
-593
-686
-837
-894
-945
-953
-919
-727
-444
-96
246
581
940
1259
1433
1443
1424
1355
1266
1023
747
490
375
249
117
-56
-96
-102
-95
-175
-253
-321
-333
-402
-491
-565
-587
-586
-567
-522
-393
-230
-67
88
261
460
621
678
670
647
608
514
327
112
-58
-183
-284
-388
-460
-449
-385
-296
-195
-74
72
220
340
451
560
666
758
828
925
1043
1183
1298
1390
1470
1545
1577
1527
1392
1206
992
748
481
204
-38
-222
-331
-389
-396
-374
-310
-242
-165
-142
-143
-206
-276
-368
-433
-488
-521
-508
-490
-380
-291
-215
-192
-178
-198
-250
-369
-559
-724
-850
-927
-976
-924
-743
-462
-150
180
484
860
1150
1301
1304
1303
1248
1182
940
681
460
369
236
80
-102
-137
-142
-163
-259
-350
-399
-414
-518
-617
-678
-687
-676
-672
-612
-461
-274
-103
47
221
450
610
675
681
696
707
668
519
364
240
157
56
-60
-149
-179
-170
-131
-99
-52
29
122
224
315
404
502
614
752
877
1002
1124
1252
1336
1398
1383
1345
1246
1103
906
683
455
250
71
-91
-212
-309
-330
-340
-330
-339
-319
-297
-258
-260
-277
-284
-285
-246
-214
-160
-113
-47
16
72
88
63
9
-89
-174
-330
-467
-659
-781
-912
-931
-976
-850
-683
-424
-161
108
380
688
910
1006
1036
1049
1088
1038
864
663
547
475
368
145
-41
-136
-204
-310
-471
-603
-633
-657
-694
-715
-681
-597
-517
-454
-331
-185
-36
67
157
302
472
582
636
676
756
849
867
807
718
645
574
449
267
89
-62
-160
-249
-319
-350
-303
-195
-44
117
298
478
661
831
961
1042
1087
1096
1092
1054
990
904
824
741
646
538
425
308
193
78
-48
-157
-243
-311
-361
-380
-371
-324
-261
-183
-108
-31
44
92
145
173
189
180
156
126
81
31
-81
-171
-306
-378
-506
-589
-750
-814
-895
-869
-875
-766
-649
-450
-224
-10
240
455
681
776
931
961
1045
943
865
677
602
401
242
-37
-171
-323
-399
-534
-597
-638
-563
-524
-464
-414
-330
-245
-171
-126
-73
-11
65
140
228
355
499
630
748
864
967
1036
1025
956
840
708
523
305
64
-126
-296
-393
-463
-461
-426
-304
-159
21
172
327
463
604
706
761
781
798
822
836
821
781
738
707
669
605
498
390
287
215
105
-4
-120
-167
-198
-188
-192
-149
-91
5
84
144
189
190
218
202
206
132
90
22
20
-24
-66
-152
-187
-255
-301
-432
-530
-678
-766
-906
-997
-1070
-1020
-903
-747
-548
-309
12
318
585
711
878
978
1072
993
849
661
563
411
235
14
-111
-167
-194
-246
-270
-266
-215
-185
-183
-154
-126
-110
-113
-113
-75
-11
35
93
179
325
487
607
692
779
862
924
901
811
694
574
434
265
68
-103
-242
-327
-391
-418
-422
-362
-263
-122
-1
121
227
352
462
549
590
620
655
698
726
714
685
652
647
613
556
466
391
325
272
188
126
81
71
60
68
77
107
133
156
174
178
175
140
112
67
37
11
-23
-27
-60
-55
-117
-163
-277
-359
-497
-639
-796
-948
-1046
-1146
-1192
-1205
-1073
-902
-661
-446
-149
151
473
683
807
913
1004
1054
991
872
743
690
587
465
302
227
178
150
62
11
-30
-27
-65
-119
-141
-141
-153
-170
-175
-121
-36
26
98
197
343
483
565
616
680
743
770
713
618
531
453
343
196
39
-78
-164
-240
-309
-356
-361
-333
-275
-196
-111
-7
103
228
364
496
595
686
768
845
888
890
843
796
745
688
603
513
436
394
364
322
268
233
219
212
187
142
112
89
88
54
27
-14
-30
-37
-45
-52
-75
-66
-102
-94
-164
-203
-300
-388
-506
-631
-757
-903
-985
-1099
-1101
-1122
-1046
-916
-703
-476
-214
33
322
607
819
927
1024
1093
1175
1140
1036
926
877
809
706
521
407
313
234
110
-25
-134
-181
-248
-303
-332
-319
-289
-253
-214
-132
-37
45
112
171
265
354
402
428
459
504
545
535
501
458
419
361
266
143
18
-99
-199
-287
-370
-424
-425
-367
-270
-149
-18
143
328
507
647
760
851
916
949
938
894
834
769
706
632
560
483
417
369
331
291
242
194
144
110
69
34
-12
-44
-63
-77
-91
-114
-112
-119
-105
-112
-117
-110
-134
-138
-202
-230
-331
-391
-506
-576
-692
-768
-852
-887
-886
-870
-819
-707
-531
-336
-105
91
328
556
790
916
1050
1121
1221
1242
1202
1086
998
892
754
546
354
203
70
-67
-217
-312
-341
-344
-372
-362
-313
-244
-206
-186
-155
-86
-40
-12
5
68
153
216
259
317
390
462
497
492
488
471
422
327
213
98
-5
-112
-200
-263
-294
-290
-259
-181
-68
64
192
331
466
613
719
790
818
844
854
833
770
692
629
569
504
411
335
273
233
178
136
76
47
2
-20
-54
-64
-75
-73
-66
-47
-36
-27
-35
-41
-52
-54
-92
-115
-152
-170
-191
-242
-290
-348
-380
-440
-497
-573
-622
-653
-672
-672
-651
-561
-414
-243
-45
155
369
612
810
941
1043
1103
1154
1139
1044
915
806
697
562
381
211
89
-21
-121
-228
-307
-339
-356
-374
-361
-335
-296
-268
-242
-191
-120
-69
-36
0
71
164
219
256
302
365
422
449
446
445
436
407
354
287
212
128
47
-18
-70
-110
-140
-152
-114
-42
44
122
210
316
441
546
606
636
667
702
700
658
579
528
478
422
327
250
197
174
126
84
47
43
41
28
6
7
20
26
20
23
37
59
55
43
29
32
7
-10
-51
-73
-101
-150
-218
-272
-324
-360
-429
-471
-524
-510
-537
-521
-523
-476
-355
-247
-78
28
222
371
597
676
799
841
949
972
961
857
791
716
618
466
286
167
31
-73
-215
-291
-363
-371
-420
-403
-377
-302
-269
-220
-173
-90
-25
9
38
78
146
185
215
238
303
352
401
411
432
440
442
401
347
274
196
110
25
-43
-101
-138
-164
-155
-119
-50
16
86
164
259
350
416
453
483
529
560
570
543
524
515
503
453
386
321
273
214
152
86
40
14
-2
-15
-7
28
70
112
145
176
203
213
192
158
132
87
45
-6
-57
-61
-120
-134
-205
-211
-260
-284
-346
-398
-428
-463
-475
-517
-502
-508
-407
-338
-201
-95
78
224
407
542
643
758
816
886
860
832
742
689
569
466
290
181
44
-48
-158
-243
-316
-350
-367
-373
-345
-316
-256
-211
-137
-83
0
48
114
149
209
240
269
277
288
296
298
286
254
234
212
201
164
135
91
74
45
21
-25
-52
-74
-70
-68
-44
-15
36
103
182
264
353
434
513
584
632
669
672
660
621
572
499
418
316
232
144
83
25
-12
-34
-21
9
51
86
130
185
239
282
291
289
277
262
221
166
103
51
9
-45
-105
-166
-208
-257
-289
-351
-374
-424
-432
-466
-482
-486
-497
-476
-452
-368
-279
-151
-41
116
249
425
513
617
694
766
820
800
779
721
687
576
457
288
177
22
-87
-234
-311
-385
-401
-423
-394
-336
-257
-178
-103
-10
67
136
154
177
178
189
154
120
81
70
54
36
25
40
72
98
120
143
179
193
194
179
171
158
139
107
96
103
124
146
177
220
282
346
409
456
505
545
576
581
563
526
485
427
353
275
203
154
109
69
41
41
51
74
92
132
175
228
271
303
332
344
339
321
280
231
167
102
45
-13
-80
-137
-194
-226
-262
-289
-306
-323
-315
-328
-323
-336
-332
-349
-361
-373
-342
-302
-228
-164
-60
59
197
331
417
549
632
739
750
747
705
684
599
490
328
210
90
-31
-140
-244
-279
-312
-305
-308
-241
-193
-118
-93
-34
5
54
46
43
27
42
27
7
-8
1
31
47
63
80
132
159
209
215
265
278
311
313
334
328
328
310
301
299
285
277
254
257
261
285
298
328
348
396
421
449
450
453
454
429
384
325
272
224
170
112
74
54
61
63
83
116
168
218
256
286
307
313
292
252
203
151
96
37
-19
-54
-92
-111
-154
-161
-195
-185
-233
-226
-291
-284
-339
-344
-382
-409
-404
-398
-331
-286
-177
-111
37
109
268
301
431
467
556
574
576
571
541
526
437
373
255
198
62
7
-119
-151
-233
-248
-282
-246
-208
-164
-119
-73
8
44
91
81
117
110
125
73
68
47
58
42
40
62
97
144
168
217
254
320
330
363
362
383
369
357
321
311
287
271
250
241
254
261
287
299
332
354
376
377
375
361
351
321
290
258
223
201
170
143
124
114
114
110
107
115
122
141
156
165
177
174
184
171
173
147
123
96
57
34
-19
-52
-120
-144
-192
-211
-248
-266
-286
-287
-298
-299
-318
-316
-324
-292
-262
-207
-151
-75
7
107
200
277
364
418
492
497
518
487
476
418
360
277
210
132
54
-8
-67
-89
-124
-120
-112
-70
-46
-17
-6
29
48
61
49
34
24
12
-5
-30
-35
-31
-10
-2
26
52
101
137
180
218
271
314
347
375
396
417
422
417
405
400
383
361
331
310
295
278
266
258
261
272
284
295
303
304
303
288
271
239
201
160
122
80
45
12
0
-5
4
17
37
58
74
96
104
114
111
101
97
77
60
26
-4
-32
-67
-91
-132
-158
-189
-210
-237
-263
-281
-296
-307
-313
-325
-299
-273
-224
-176
-108
-44
46
108
178
243
300
354
365
382
384
388
363
339
278
252
193
157
109
64
36
2
-22
-43
-47
-52
-38
-43
-26
-25
-10
-1
11
15
14
10
5
18
10
21
14
29
43
68
91
138
177
227
265
307
348
374
398
405
407
391
381
354
339
310
288
263
248
241
237
245
244
256
252
265
258
264
245
230
205
181
147
108
72
33
12
-14
-26
-41
-40
-44
-33
-32
-22
-17
-5
13
12
28
13
19
1
0
-20
-34
-48
-70
-87
-117
-145
-182
-203
-234
-249
-275
-279
-294
-273
-262
-212
-178
-115
-64
-1
57
104
152
199
234
259
270
282
285
275
262
231
208
169
134
89
61
21
-4
-38
-54
-69
-69
-76
-72
-67
-55
-41
-30
-12
-1
15
26
36
40
51
59
79
92
108
130
157
193
221
254
272
298
307
325
326
333
326
316
298
270
252
228
218
194
195
184
195
193
200
201
217
223
224
220
210
205
187
176
151
144
121
106
78
65
44
25
-3
-27
-44
-59
-66
-75
-75
-69
-45
-39
-12
-11
18
20
40
34
31
22
2
-11
-44
-58
-97
-114
-146
-153
-178
-174
-199
-189
-200
-188
-178
-167
-128
-100
-61
-23
21
66
116
145
184
198
216
216
212
202
178
144
111
75
44
18
-9
-28
-37
-39
-36
-20
-4
25
43
66
81
95
105
112
111
116
112
105
105
107
113
120
123
138
158
182
202
212
228
241
252
257
257
257
256
247
242
232
226
216
208
204
204
202
195
195
194
205
209
219
219
224
220
221
206
189
162
133
100
65
38
6
-15
-42
-57
-74
-73
-81
-67
-67
-41
-33
-7
-9
-4
-8
-20
-11
-44
-39
-76
-74
-99
-104
-117
-120
-131
-128
-146
-139
-147
-167
-164
-191
-164
-175
-148
-140
-107
-78
-33
-4
34
67
86
112
110
124
113
121
108
116
94
104
91
94
90
82
84
83
86
81
83
79
93
84
95
88
92
90
90
85
94
94
95
101
103
110
112
108
112
120
129
137
142
166
186
206
224
237
254
269
267
264
256
249
242
227
219
217
216
210
203
201
206
201
193
183
179
171
158
136
120
113
98
81
62
58
50
38
18
2
-9
-10
-18
-21
-20
-17
-21
-32
-36
-43
-39
-50
-56
-67
-71
-68
-81
-88
-106
-112
-126
-140
-157
-163
-170
-166
-177
-174
-174
-155
-135
-113
-94
-67
-43
-14
15
31
58
68
89
97
106
107
116
116
121
115
115
115
112
109
98
98
81
81
64
69
61
70
66
75
80
86
82
77
78
68
75
63
70
73
84
97
112
132
150
164
179
189
203
216
225
228
229
234
233
231
227
219
217
216
212
216
217
223
219
217
216
210
200
184
164
154
142
133
124
122
119
116
111
100
88
65
49
30
13
1
-14
-13
-16
-12
-21
-22
-26
-31
-42
-55
-71
-82
-91
-101
-102
-109
-105
-113
-105
-111
-102
-110
-100
-104
-95
-96
-97
-91
-89
-79
-74
-65
-57
-36
-26
-4
3
27
36
50
59
63
68
74
68
66
61
53
43
33
29
31
26
35
38
48
59
64
70
79
86
92
96
95
98
97
102
108
116
117
126
125
147
146
154
151
161
167
172
167
167
174
179
180
176
186
188
194
193
199
204
215
216
218
224
233
239
238
229
229
221
212
199
179
169
156
150
137
130
117
104
81
63
32
12
-14
-28
-42
-46
-47
-40
-39
-35
-35
-31
-28
-31
-29
-35
-28
-32
-24
-23
-15
-18
-20
-30
-33
-38
-38
-41
-47
-47
-53
-56
-58
-61
-60
-60
-58
-56
-50
-47
-46
-51
-50
-55
-52
-55
-55
-51
-43
-37
-31
-25
-19
-7
-3
10
10
24
29
37
42
51
63
78
91
101
112
116
130
133
140
144
148
150
150
148
147
142
139
139
136
137
135
135
137
140
145
150
155
163
171
180
187
190
196
200
210
213
217
225
232
236
232
229
223
215
201
185
166
151
135
119
102
82
63
43
25
11
-3
-15
-24
-27
-27
-19
-14
-3
0
2
5
3
9
3
13
3
14
6
13
3
4
-4
-6
-18
-19
-27
-28
-29
-36
-31
-38
-30
-39
-40
-53
-58
-68
-74
-87
-92
-103
-103
-108
-99
-95
-87
-76
-68
-51
-36
-24
-21
-19
-16
-13
-13
-12
-10
-3
8
18
32
46
63
82
103
123
139
150
159
169
174
176
168
166
158
155
146
144
136
132
128
121
121
118
122
117
117
115
119
121
131
139
150
161
172
189
195
204
207
211
215
210
201
191
181
166
154
135
126
113
107
95
85
73
63
53
42
34
21
20
14
18
20
24
33
41
52
53
53
46
42
33
29
17
6
-7
-18
-27
-34
-33
-40
-33
-33
-25
-24
-18
-23
-18
-25
-28
-39
-52
-60
-71
-78
-89
-92
-94
-94
-94
-92
-88
-85
-82
-86
-79
-81
-69
-69
-64
-59
-54
-38
-32
-8
-2
20
36
57
76
95
116
133
147
159
167
172
176
171
165
157
147
135
119
109
99
89
81
70
64
64
66
67
72
81
93
104
112
122
133
143
151
161
168
177
184
194
199
203
204
201
199
199
195
188
175
165
156
144
136
119
106
95
84
74
61
58
56
60
59
64
64
69
61
62
51
50
40
37
23
16
2
-7
-18
-26
-28
-30
-22
-19
-13
-13
-6
-9
1
-7
-3
-18
-20
-34
-37
-47
-51
-59
-66
-73
-82
-89
-99
-101
-105
-102
-104
-99
-96
-86
-78
-65
-55
-42
-34
-19
-8
7
16
28
37
47
58
70
84
91
102
106
114
115
116
110
108
102
92
76
67
56
55
47
43
37
38
44
49
60
65
76
84
101
114
132
147
160
168
176
183
188
193
194
193
190
187
182
178
173
162
156
148
145
134
123
107
97
88
80
66
55
49
45
44
45
47
48
52
51
47
43
43
37
31
22
16
7
1
-9
-16
-17
-14
-17
-18
-13
-8
3
9
13
14
16
15
15
5
4
-3
-10
-22
-33
-42
-50
-60
-71
-83
-91
-96
-97
-100
-99
-98
-92
-86
-77
-73
-64
-63
-50
-46
-39
-31
-24
-12
-3
12
17
32
40
56
65
77
81
87
91
86
83
80
76
71
66
62
58
59
55
55
58
63
65
69
79
91
104
117
133
147
161
173
182
186
190
187
187
183
179
171
163
154
145
136
125
117
105
98
90
80
72
64
58
58
59
63
65
71
71
72
64
60
49
44
36
29
28
22
20
20
24
21
19
12
13
6
11
8
12
6
6
6
6
8
10
13
15
23
27
29
22
17
0
-7
-24
-33
-49
-64
-76
-91
-93
-108
-111
-118
-111
-109
-102
-99
-93
-80
-66
-57
-49
-40
-28
-15
-4
3
14
25
41
44
55
57
65
69
73
72
70
67
67
67
68
69
64
63
62
63
67
67
68
76
86
99
108
115
122
128
135
141
142
147
147
146
140
131
122
114
107
101
96
94
92
87
84
81
80
79
76
70
69
68
69
70
70
71
73
75
73
67
61
53
50
41
36
33
30
23
19
13
11
7
1
3
6
13
17
21
22
25
28
28
23
18
16
13
13
4
-6
-11
-22
-26
-39
-47
-61
-68
-81
-89
-96
-97
-95
-92
-87
-81
-77
-73
-65
-59
-44
-35
-25
-21
-11
-10
-4
-5
-1
3
6
10
12
18
23
28
33
38
39
43
39
36
29
23
14
13
13
15
15
21
29
42
53
62
68
72
79
78
82
79
80
77
75
71
69
68
72
74
79
83
88
89
89
87
87
87
84
79
74
70
70
70
69
68
67
72
74
73
71
66
70
65
68
58
55
47
41
37
30
24
14
7
0
0
-1
5
5
12
13
17
15
14
13
10
8
0
-9
-13
-24
-30
-38
-40
-47
-52
-55
-60
-58
-59
-59
-57
-52
-48
-42
-43
-37
-34
-26
-16
-10
-3
3
6
9
12
11
15
15
13
13
8
8
5
0
-3
-3
-1
-1
-2
2
3
6
9
11
13
13
17
17
15
14
17
21
26
28
33
38
41
46
52
55
57
56
52
51
53
55
57
61
68
73
79
84
88
93
96
98
97
92
91
90
88
84
83
80
81
79
77
77
74
71
71
63
63
55
50
41
35
26
20
14
10
7
6
5
1
4
10
15
14
16
14
20
22
21
20
16
15
10
3
-3
-8
-9
-12
-13
-16
-20
-18
-15
-11
-12
-12
-10
-8
-5
-3
1
2
3
-1
2
2
5
-1
-4
-7
-10
-13
-22
-23
-26
-25
-30
-30
-32
-29
-29
-22
-21
-14
-11
-7
-8
-5
-3
3
7
9
10
10
11
5
4
1
4
5
12
13
15
21
25
29
34
38
41
44
48
51
51
54
56
60
62
63
65
71
71
71
71
67
63
57
52
46
45
44
39
33
30
25
23
19
20
21
17
19
10
9
4
5
-1
0
2
7
11
16
21
22
24
25
26
29
30
29
25
27
25
23
22
16
11
9
5
2
2
-2
-5
-10
-11
-16
-18
-20
-24
-29
-30
-29
-23
-19
-17
-15
-15
-13
-15
-12
-10
-14
-15
-16
-17
-21
-25
-27
-24
-17
-11
-10
-10
-11
-9
-7
-5
-7
-6
-6
-4
1
3
3
6
8
11
13
12
12
14
16
15
18
21
26
32
36
39
39
40
39
40
39
40
40
36
36
34
34
33
31
28
28
27
30
31
31
29
29
26
26
24
26
20
20
19
14
16
12
14
12
14
11
9
6
13
13
24
25
33
37
45
47
49
47
47
44
43
38
32
26
19
16
11
8
7
4
-1
-2
-5
-7
-10
-12
-13
-12
-14
-19
-23
-24
-24
-23
-21
-21
-17
-17
-11
-11
-5
-4
-1
-1
-2
-4
-8
-10
-15
-15
-15
-10
-11
-7
-8
-4
-6
-1
1
5
4
4
0
-1
0
0
1
-2
-4
-7
-8
-6
-3
-2
-1
-4
0
1
2
3
5
6
10
11
11
9
9
10
12
14
15
17
19
23
23
24
24
25
25
25
27
27
28
28
30
32
26
23
19
14
12
9
8
7
6
13
14
19
25
31
35
37
40
39
37
35
32
28
25
19
16
11
11
10
12
11
12
13
15
16
15
16
14
11
9
2
2
0
1
3
6
10
10
7
5
1
2
5
3
2
1
3
9
10
11
9
11
13
17
20
19
20
19
20
21
18
16
14
14
11
9
4
0
-4
-7
-8
-13
-17
-20
-26
-28
-24
-17
-9
-3
4
5
9
12
11
12
16
16
19
18
20
18
22
24
25
27
28
30
30
29
29
27
26
26
24
20
18
15
14
10
5
2
-1
0
-2
-3
-3
-1
-3
-2
1
3
6
8
9
9
12
11
13
12
9
9
5
3
3
4
8
6
6
4
7
8
11
15
17
20
21
19
13
10
7
10
8
11
15
16
20
20
19
22
21
20
16
14
14
12
7
4
4
4
9
12
17
17
17
19
20
19
17
11
6
0
-4
-7
-10
-14
-13
-17
-20
-22
-20
-19
-19
-19
-15
-13
-13
-11
-11
-6
-1
0
2
1
1
1
1
2
0
-1
1
4
4
6
5
7
11
12
13
12
10
10
5
1
-4
-9
-11
-11
-16
-21
-24
-25
-19
-17
-14
-12
-9
-3
-1
1
2
2
4
3
5
5
4
5
5
9
14
16
18
14
13
11
11
7
2
0
1
7
8
9
7
8
12
17
18
18
15
14
12
11
8
7
8
8
12
12
13
14
14
13
15
15
14
14
14
12
10
11
11
7
5
4
5
3
4
1
1
1
1
2
-2
-3
-3
-6
-8
-8
-10
-8
-9
-4
-7
-6
-2
2
3
3
0
-2
0
-1
-3
-5
-5
-4
1
0
-4
-3
-1
2
4
-1
-5
-8
-7
-6
-11
-15
-18
-19
-19
-20
-22
-24
-23
-21
-21
-19
-24
-24
-23
-20
-20
-20
-17
-15
-10
-7
-6
-6
-4
-2
-1
-1
-2
-4
-5
-3
-2
2
4
4
7
7
8
9
10
7
7
10
8
5
4
6
8
10
9
6
6
6
2
3
2
2
2
1
4
4
6
6
7
9
9
11
10
12
15
17
17
18
17
19
19
21
21
18
16
13
12
9
5
1
-2
-4
-4
-6
-9
-10
-9
-9
-8
-11
-11
-12
-12
-11
-11
-11
-11
-10
-10
-14
-19
-21
-24
-27
-28
-28
-30
-30
-29
-29
-31
-30
-31
-30
-29
-31
-32
-34
-35
-35
-35
-37
-37
-35
-35
-37
-35
-32
-30
-31
-30
-30
-28
-27
-27
-30
-33
-36
-36
-33
-34
-35
-39
-40
-39
-40
-37
-35
-31
-26
-22
-22
-23
-21
-20
-19
-23
-25
-27
-26
-28
-28
-26
-26
-27
-25
-28
-24
-23
-24
-23
-21
-20
-19
-17
-16
-13
-11
-9
-8
-9
-7
-8
-9
-13
-16
-16
-16
-16
-15
-16
-18
-18
-18
-21
-22
-26
-30
-32
-34
-33
-33
-32
-32
-32
-29
-27
-26
-20
-19
-19
-17
-18
-20
-25
-26
-31
-35
-40
-41
-41
-43
-43
-46
-44
-38
-35
-35
-35
-38
-38
-39
-39
-40
-39
-40
-40
-39
-37
-36
-36
-34
-34
-35
-34
-34
-36
-37
-41
-46
-50
-54
-55
-54
-58
-59
-58
-57
-54
-50
-49
-48
-45
-44
-42
-41
-39
-37
-33
-28
-25
-23
-21
-19
-19
-16
-16
-17
-19
-22
-22
-22
-22
-22
-22
-20
-16
-12
-8
-6
-4
0
0
1
-1
-1
1
1
3
2
1
2
4
4
3
-1
-2
-6
-9
-10
-8
-12
-14
-17
-18
-16
-16
-15
-17
-14
-11
-12
-11
-13
-13
-13
-15
-15
-15
-15
-16
-18
-18
-21
-20
-22
-24
-23
-22
-21
-22
-23
-25
-25
-22
-20
-20
-20
-18
-13
-8
-3
-5
-8
-12
-15
-20
-23
-25
-29
-30
-32
-34
-34
-31
-29
-27
-25
-23
-22
-22
-26
-30
-33
-34
-36
-34
-32
-31
-29
-26
-21
-16
-13
-11
-5
-1
0
0
1
-2
-2
-2
-7
-7
-4
-3
-2
-4
-1
2
3
6
6
4
4
3
4
4
5
4
5
7
7
6
8
7
8
7
6
6
3
2
1
2
7
9
10
12
14
15
16
13
10
10
11
11
10
7
6
5
8
8
9
11
12
15
13
13
13
10
8
1
-2
-6
-8
-11
-13
-11
-8
-4
-2
1
3
5
4
1
-4
-6
-6
-8
-11
-15
-20
-20
-18
-16
-16
-18
-18
-20
-19
-20
-20
-20
-22
-20
-22
-22
-22
-20
-18
-16
-16
-15
-14
-11
-8
-6
-8
-10
-12
-12
-10
-8
-10
-10
-9
-7
-6
-8
-10
-11
-11
-15
-17
-17
-18
-19
-18
-16
-15
-13
-11
-11
-11
-8
-5
-2
-3
-4
-5
-5
-6
-9
-11
-10
-6
-5
-2
-3
-2
1
2
2
1
-1
-1
-1
-2
-2
-4
-6
-6
-4
-2
1
4
6
6
6
4
1
1
0
-3
-6
-9
-11
-11
-11
-16
-18
-19
-18
-16
-15
-15
-18
-17
-15
-14
-13
-14
-13
-12
-12
-13
-15
-15
-14
-14
-14
-18
-21
-19
-18
-20
-20
-20
-18
-18
-17
-16
-16
-15
-16
-17
-20
-19
-19
-21
-23
-22
-22
-18
-16
-15
-14
-10
-7
-6
-4
-5
-7
-6
-7
-8
-12
-14
-11
-10
-10
-12
-15
-14
-12
-10
-8
-7
-6
-6
-6
-8
-8
-7
-8
-9
-8
-7
-5
-3
-2
-2
-2
1
2
4
5
5
3
3
1
1
0
0
3
4
2
1
-2
0
2
3
4
4
5
6
6
6
3
4
4
2
1
0
-2
-3
-5
-7
-9
-13
-13
-11
-9
-9
-9
-7
-6
-4
-3
-4
-3
-4
-4
-4
-4
-3
-4
-6
-6
-8
-9
-11
-10
-9
-9
-9
-9
-12
-14
-16
-18
-22
-22
-24
-23
-24
-25
-23
-22
-21
-19
-16
-17
-17
-18
-17
-16
-14
-14
-14
-16
-14
-14
-13
-13
-15
-14
-15
-14
-17
-20
-22
-23
-22
-20
-20
-18
-18
-17
-15
-14
-16
-16
-16
-15
-11
-9
-8
-8
-4
-2
-1
-2
-1
-3
-3
-5
-5
-6
-9
-9
-9
-6
-5
-6
-6
-6
-5
-5
-5
-6
-6
-8
-8
-9
-8
-6
-6
-7
-10
-12
-13
-11
-9
-10
-12
-12
-13
-12
-12
-14
-14
-11
-8
-9
-9
-12
-12
-13
-13
-12
-11
-10
-7
-9
-10
-12
-9
-9
-8
-10
-13
-15
-15
-14
-17
-17
-22
-23
-25
-27
-30
-33
-34
-32
-32
-31
-32
-31
-30
-29
-28
-28
-27
-24
-22
-23
-23
-23
-24
-24
-25
-26
-26
-24
-27
-26
-24
-24
-25
-26
-28
-26
-24
-25
-24
-24
-23
-23
-21
-18
-17
-19
-21
-21
-21
-20
-21
-22
-24
-23
-23
-25
-27
-29
-31
-32
-30
-31
-32
-32
-35
-36
-35
-35
-33
-31
-31
-28
-27
-27
-32
-34
-30
-25
-23
-26
-28
-30
-31
-31
-32
-31
-30
-29
-29
-30
-31
-31
-31
-30
-29
-30
-31
-31
-29
-29
-30
-28
-29
-27
-27
-29
-29
-28
-28
-27
-28
-30
-34
-36
-38
-40
-39
-41
-42
-42
-42
-43
-45
-43
-40
-41
-42
-43
-42
-42
-42
-43
-42
-40
-39
-38
-37
-35
-36
-36
-36
-39
-42
-44
-44
-45
-45
-45
-44
-43
-42
-41
-41
-38
-36
-35
-37
-38
-37
-37
-38
-38
-38
-37
-38
-39
-39
-39
-37
-37
-37
-37
-37
-38
-38
-40
-41
-40
-39
-37
-36
-34
-31
-29
-27
-26
-25
-23
-22
-22
-24
-26
-29
-33
-34
-32
-31
-31
-32
-34
-36
-34
-32
-35
-36
-35
-35
-34
-36
-40
-41
-38
-37
-37
-36
-35
-35
-34
-34
-33
-34
-36
-36
-36
-37
-38
-37
-37
-37
-36
-36
-36
-38
-40
-41
-42
-42
-44
-44
-44
-44
-45
-46
-46
-45
-44
-42
-40
-37
-37
-37
-38
-41
-45
-45
-45
-44
-42
-44
-45
-46
-46
-44
-39
-40
-41
-42
-44
-43
-45
-48
-49
-49
-49
-47
-48
-49
-51
-48
-46
-44
-43
-45
-44
-43
-42
-43
-42
-42
-43
-43
-44
-41
-38
-36
-34
-34
-34
-33
-33
-34
-32
-31
-28
-28
-32
-34
-33
-32
-31
-32
-33
-36
-38
-37
-38
-40
-40
-38
-39
-40
-40
-43
-42
-38
-36
-35
-34
-35
-32
-29
-30
-32
-34
-34
-33
-31
-30
-30
-29
-27
-26
-27
-26
-26
-26
-29
-31
-31
-29
-29
-29
-28
-30
-32
-36
-37
-37
-36
-33
-32
-31
-32
-35
-37
-39
-40
-40
-38
-39
-37
-34
-33
-32
-33
-34
-34
-36
-34
-35
-34
-37
-40
-40
-39
-36
-34
-34
-33
-33
-32
-32
-33
-34
-33
-32
-32
-31
-30
-31
-32
-33
-33
-33
-34
-34
-33
-31
-31
-31
-30
-31
-31
-31
-30
-28
-28
-28
-29
-29
-29
-27
-27
-28
-27
-26
-24
-27
-30
-30
-29
-31
-31
-32
-32
-31
-29
-28
-26
-25
-24
-26
-27
-29
-27
-27
-28
-29
-30
-28
-27
-27
-28
-30
-29
-30
-32
-33
-34
-33
-30
-30
-30
-31
-31
-32
-30
-29
-29
-28
-29
-29
-31
-35
-35
-33
-30
-31
-32
-32
-34
-36
-34
-32
-31
-32
-31
-32
-30
-28
-28
-29
-32
-31
-28
-26
-24
-24
-27
-28
-27
-25
-23
-22
-23
-23
-23
-21
-19
-21
-23
-23
-21
-22
-26
-27
-29
-28
-27
-27
-27
-26
-27
-28
-27
-24
-23
-22
-21
-19
-18
-15
-14
-15
-14
-14
-13
-10
-11
-13
-18
-20
-20
-16
-15
-17
-19
-16
-14
-12
-13
-15
-14
-12
-12
-12
-13
-14
-14
-13
-11
-11
-9
-8
-10
-10
-12
-16
-16
-17
-16
-16
-15
-14
-15
-15
-16
-16
-15
-13
-10
-10
-11
-13
-14
-14
-15
-16
-17
-16
-13
-14
-16
-18
-19
-18
-18
-16
-15
-17
-22
-26
-27
-24
-22
-21
-18
-19
-20
-19
-21
-22
-19
-17
-14
-11
-12
-13
-15
-16
-17
-17
-17
-17
-16
-20
-22
-22
-23
-25
-25
-27
-28
-30
-34
-36
-37
-35
-33
-31
-30
-27
-27
-28
-27
-26
-26
-25
-26
-27
-25
-23
-22
-23
-25
-26
-27
-30
-32
-33
-31
-30
-29
-31
-31
-32
-30
-31
-32
-30
-29
-27
-27
-28
-29
-29
-28
-26
-28
-32
-33
-35
-36
-37
-37
-37
-38
-37
-38
-38
-38
-39
-40
-38
-36
-35
-32
-30
-29
-28
-28
-28
-26
-23
-23
-23
-27
-29
-30
-31
-33
-36
-38
-39
-39
-38
-38
-38
-35
-36
-36
-35
-33
-33
-32
-31
-31
-30
-29
-26
-26
-27
-30
-29
-30
-30
-31
-32
-31
-30
-30
-30
-33
-34
-33
-32
-30
-30
-32
-31
-28
-27
-27
-28
-29
-29
-26
-26
-24
-25
-27
-27
-24
-23
-21
-19
-21
-24
-24
-27
-26
-27
-27
-27
-26
-27
-29
-29
-30
-27
-27
-26
-24
-23
-19
-18
-21
-24
-25
-23
-23
-24
-25
-26
-25
-25
-26
-28
-28
-30
-31
-28
-28
-28
-28
-29
-26
-23
-22
-24
-26
-27
-26
-26
-27
-27
-28
-27
-26
-26
-26
-27
-28
-29
-28
-29
-28
-27
-28
-31
-32
-31
-32
-30
-30
-30
-30
-29
-28
-28
-29
-30
-28
-27
-26
-28
-34
-32
-33
-30
-30
-31
-31
-31
-29
-32
-35
-37
-35
-31
-31
-31
-31
-33
-33
-34
-34
-37
-35
-37
-40
-41
-41
-40
-38
-38
-38
-37
-36
-36
-34
-34
-35
-36
-35
-35
-35
-31
-32
-33
-36
-35
-34
-33
-34
-36
-37
-38
-38
-39
-39
-40
-40
-38
-38
-38
-41
-41
-42
-43
-45
-47
-48
-46
-45
-44
-43
-44
-43
-42
-42
-42
-42
-44
-44
-43
-45
-43
-43
-45
-47
-47
-44
-45
-46
-47
-47
-44
-40
-39
-42
-41
-41
-39
-39
-43
-47
-50
-49
-47
-45
-47
-47
-45
-46
-47
-48
-50
-48
-47
-49
-48
-45
-44
-46
-48
-49
-50
-48
-47
-48
-48
-49
-48
-49
-53
-55
-56
-53
-51
-52
-54
-56
-55
-53
-53
-55
-56
-57
-58
-58
-58
-58
-57
-53
-51
-52
-53
-53
-52
-53
-53
-53
-53
-55
-57
-57
-58
-56
-56
-59
-58
-60
-61
-63
-65
-64
-65
-62
-63
-67
-68
-69
-69
-71
-70
-68
-66
-67
-70
-72
-73
-71
-69
-70
-71
-71
-69
-70
-70
-71
-71
-69
-69
-69
-68
-68
-68
-68
-67
-66
-64
-62
-63
-64
-63
-65
-65
-65
-65
-63
-63
-64
-65
-65
-67
-73
-74
-71
-68
-65
-67
-70
-69
-66
-63
-63
-62
-63
-65
-64
-64
-63
-64
-62
-61
-62
-61
-63
-61
-61
-57
-57
-57
-59
-60
-57
-57
-55
-56
-58
-60
-59
-59
-57
-56
-54
-52
-53
-52
-51
-49
-49
-51
-51
-52
-51
-50
-52
-54
-55
-54
-54
-57
-57
-58
-59
-60
-61
-62
-61
-61
-60
-60
-60
-57
-58
-58
-59
-62
-61
-57
-53
-54
-54
-54
-52
-53
-54
-57
-59
-59
-58
-56
-55
-55
-54
-53
-54
-54
-56
-54
-52
-54
-56
-58
-58
-55
-54
-53
-54
-53
-52
-53
-55
-55
-55
-54
-55
-55
-55
-56
-54
-51
-50
-52
-52
-52
-51
-47
-48
-48
-49
-47
-46
-46
-45
-45
-45
-44
-46
-47
-45
-46
-44
-42
-42
-43
-46
-48
-47
-47
-46
-46
-48
-49
-47
-47
-49
-52
-50
-49
-48
-48
-49
-49
-48
-46
-46
-45
-44
-43
-44
-44
-43
-45
-46
-46
-46
-44
-43
-44
-44
-43
-41
-41
-44
-47
-49
-46
-45
-43
-41
-41
-43
-44
-45
-46
-47
-48
-49
-50
-50
-48
-47
-47
-48
-48
-51
-49
-49
-49
-49
-50
-51
-51
-51
-52
-53
-52
-50
-50
-51
-51
-50
-49
-47
-47
-47
-47
-48
-46
-47
-48
-49
-49
-49
-48
-48
-49
-51
-52
-52
-52
-53
-53
-52
-52
-51
-50
-50
-48
-47
-47
-46
-46
-45
-42
-42
-43
-45
-43
-42
-43
-47
-47
-46
-44
-46
-47
-48
-46
-44
-45
-43
-44
-45
-45
-46
-47
-47
-45
-45
-47
-47
-45
-43
-41
-40
-41
-39
-38
-39
-43
-45
-48
-45
-43
-46
-48
-49
-49
-48
-47
-49
-49
-47
-46
-47
-49
-51
-50
-49
-47
-46
-46
-47
-45
-46
-46
-43
-43
-45
-47
-48
-47
-48
-50
-51
-51
-52
-51
-50
-52
-51
-50
-52
-51
-53
-54
-52
-52
-52
-52
-53
-56
-56
-55
-55
-56
-56
-56
-56
-56
-57
-59
-60
-59
-57
-58
-59
-57
-56
-54
-53
-53
-53
-51
-50
-49
-47
-44
-44
-47
-50
-50
-51
-48
-48
-51
-52
-51
-50
-50
-51
-52
-54
-54
-56
-57
-55
-55
-52
-51
-51
-49
-49
-47
-45
-46
-46
-43
-43
-43
-44
-46
-46
-45
-44
-41
-40
-40
-40
-43
-44
-44
-47
-47
-47
-46
-47
-47
-47
-42
-40
-42
-44
-45
-43
-42
-38
-36
-37
-41
-42
-42
-41
-40
-42
-43
-42
-39
-38
-38
-40
-42
-44
-44
-41
-39
-38
-41
-39
-38
-36
-34
-35
-39
-39
-39
-38
-38
-39
-39
-40
-38
-37
-39
-41
-43
-45
-46
-44
-45
-43
-40
-40
-42
-43
-43
-42
-41
-40
-38
-37
-36
-38
-39
-39
-39
-38
-38
-39
-38
-36
-37
-38
-39
-41
-40
-38
-38
-38
-40
-41
-40
-42
-40
-38
-39
-38
-37
-35
-35
-34
-36
-39
-37
-36
-34
-31
-33
-35
-36
-36
-36
-37
-37
-38
-39
-42
-40
-40
-39
-39
-40
-41
-40
-37
-36
-38
-41
-42
-39
-37
-38
-39
-40
-39
-37
-39
-41
-41
-40
-38
-37
-38
-40
-41
-43
-43
-42
-42
-42
-43
-42
-41
-41
-41
-38
-36
-35
-35
-37
-36
-35
-33
-33
-34
-36
-37
-37
-36
-36
-37
-39
-40
-41
-42
-43
-44
-42
-42
-42
-42
-45
-46
-44
-45
-44
-45
-44
-45
-45
-44
-45
-45
-44
-43
-43
-43
-45
-45
-44
-44
-42
-41
-43
-46
-45
-45
-44
-44
-42
-42
-40
-38
-37
-36
-38
-37
-38
-36
-37
-38
-36
-36
-36
-38
-43
-45
-44
-43
-42
-44
-44
-43
-45
-44
-43
-43
-45
-45
-45
-43
-43
-42
-42
-42
-42
-43
-43
-42
-44
-44
-46
-45
-45
-45
-44
-45
-45
-45
-44
-44
-46
-49
-49
-47
-45
-45
-45
-48
-46
-43
-42
-43
-45
-47
-47
-48
-48
-49
-47
-45
-45
-46
-50
-54
-53
-51
-48
-48
-49
-50
-49
-50
-51
-49
-47
-46
-47
-46
-47
-49
-48
-46
-46
-45
-44
-46
-46
-48
-48
-47
-44
-44
-46
-49
-50
-51
-48
-46
-48
-49
-49
-49
-49
-51
-52
-52
-54
-55
-52
-53
-54
-53
-52
-49
-48
-50
-51
-51
-52
-51
-51
-50
-49
-51
-51
-49
-51
-51
-52
-51
-50
-49
-51
-52
-52
-52
-50
-50
-49
-50
-50
-51
-51
-52
-52
-52
-49
-47
-46
-46
-47
-49
-49
-50
-49
-47
-48
-51
-54
-54
-54
-52
-50
-49
-49
-48
-48
-51
-51
-49
-49
-50
-49
-47
-46
-48
-49
-51
-50
-49
-47
-46
-47
-47
-47
-49
-49
-48
-49
-48
-47
-46
-47
-47
-44
-44
-43
-43
-44
-43
-43
-41
-43
-46
-45
-44
-45
-45
-45
-44
-43
-41
-39
-40
-43
-47
-47
-46
-44
-43
-45
-47
-46
-46
-44
-46
-46
-45
-43
-41
-40
-41
-41
-42
-42
-44
-45
-45
-46
-47
-47
-46
-47
-48
-47
-46
-44
-44
-45
-47
-48
-49
-48
-46
-46
-46
-46
-46
-44
-43
-43
-44
-46
-44
-44
-47
-46
-44
-46
-46
-46
-47
-46
-43
-45
-45
-45
-46
-45
-44
-45
-46
-46
-44
-43
-44
-44
-47
-45
-44
-45
-46
-46
-46
-47
-50
-52
-50
-49
-47
-49
-48
-48
-50
-51
-53
-53
-52
-50
-49
-49
-48
-50
-48
-48
-50
-51
-50
-49
-50
-52
-54
-55
-54
-50
-50
-51
-49
-50
-50
-52
-53
-53
-52
-52
-51
-53
-53
-49
-50
-50
-51
-51
-50
-50
-51
-52
-51
-51
-51
-52
-52
-54
-52
-51
-49
-49
-50
-49
-51
-51
-50
-50
-51
-52
-53
-53
-53
-54
-55
-53
-53
-50
-52
-52
-53
-55
-56
-55
-52
-52
-54
-56
-54
-51
-51
-52
-50
-50
-49
-52
-55
-58
-56
-54
-52
-50
-49
-47
-49
-48
-49
-48
-46
-45
-46
-49
-51
-51
-50
-50
-50
-50
-50
-48
-48
-48
-49
-50
-51
-50
-50
-50
-48
-48
-48
-48
-48
-49
-50
-51
-49
-48
-48
-46
-49
-49
-48
-48
-50
-50
-49
-49
-48
-50
-49
-50
-50
-50
-49
-46
-47
-48
-49
-50
-46
-46
-47
-50
-51
-49
-46
-46
-48
-49
-47
-44
-44
-43
-45
-46
-45
-43
-43
-45
-47
-46
-45
-43
-41
-42
-44
-45
-45
-44
-43
-42
-44
-44
-45
-44
-46
-48
-46
-44
-43
-45
-48
-50
-52
-49
-46
-43
-43
-44
-45
-46
-44
-44
-45
-44
-43
-42
-43
-44
-47
-48
-46
-44
-41
-39
-39
-42
-42
-41
-41
-41
-42
-43
-46
-44
-45
-44
-42
-40
-42
-43
-45
-44
-43
-42
-41
-42
-45
-45
-42
-43
-44
-48
-49
-48
-46
-45
-46
-46
-45
-44
-41
-41
-42
-40
-39
-38
-39
-39
-41
-39
-39
-42
-42
-41
-41
-42
-43
-43
-42
-40
-39
-40
-39
-36
-36
-37
-40
-43
-42
-41
-39
-39
-39
-40
-41
-41
-43
-43
-42
-42
-41
-41
-41
-42
-43
-45
-45
-43
-38
-40
-42
-43
-42
-39
-40
-41
-42
-41
-40
-39
-38
-38
-40
-42
-42
-41
-40
-41
-41
-40
-39
-40
-41
-45
-46
-45
-44
-42
-44
-44
-44
-43
-44
-45
-45
-46
-46
-45
-46
-48
-48
-48
-47
-47
-49
-49
-50
-48
-48
-48
-50
-50
-50
-50
-51
-55
-55
-53
-51
-51
-52
-53
-51
-50
-50
-50
-50
-50
-50
-50
-52
-54
-53
-52
-51
-53
-55
-54
-53
-51
-50
-52
-53
-51
-50
-51
-53
-56
-57
-54
-52
-53
-54
-53
-51
-51
-50
-52
-55
-53
-54
-53
-53
-54
-56
-59
-57
-58
-57
-57
-54
-53
-54
-55
-57
-55
-55
-54
-54
-53
-51
-51
-54
-55
-54
-50
-50
-53
-54
-53
-52
-50
-52
-54
-55
-53
-53
-57
-59
-60
-57
-54
-53
-55
-58
-57
-55
-54
-54
-54
-56
-57
-58
-61
-62
-61
-58
-57
-56
-58
-60
-61
-65
-64
-64
-62
-59
-60
-62
-61
-61
-61
-59
-58
-57
-57
-60
-61
-59
-57
-55
-54
-53
-52
-52
-53
-55
-57
-56
-54
-53
-55
-57
-57
-56
-53
-54
-57
-58
-58
-57
-56
-55
-57
-57
-54
-55
-55
-56
-58
-59
-55
-53
-54
-57
-59
-57
-55
-54
-55
-55
-53
-55
-57
-57
-54
-51
-50
-51
-54
-54
-54
-53
-51
-52
-52
-51
-52
-53
-53
-53
-53
-51
-51
-52
-55
-56
-56
-57
-57
-58
-57
-55
-54
-56
-58
-61
-61
-59
-59
-56
-56
-57
-59
-59
-58
-59
-59
-57
-55
-55
-57
-58
-58
-60
-57
-56
-56
-56
-56
-59
-60
-60
-60
-58
-57
-58
-59
-59
-59
-62
-61
-59
-58
-60
-61
-60
-59
-58
-59
-60
-60
-59
-58
-56
-56
-57
-58
-59
-60
-60
-60
-60
-61
-61
-59
-62
-64
-64
-61
-58
-56
-56
-57
-57
-57
-58
-60
-60
-61
-62
-64
-63
-60
-58
-57
-56
-57
-58
-57
-58
-58
-58
-57
-58
-58
-60
-63
-63
-61
-60
-61
-60
-62
-62
-61
-60
-60
-60
-60
-59
-56
-54
-55
-58
-59
-58
-55
-58
-60
-58
-55
-55
-56
-57
-60
-61
-59
-59
-57
-53
-53
-53
-53
-52
-53
-54
-52
-51
-50
-52
-54
-53
-52
-51
-51
-52
-52
-50
-50
-50
-50
-52
-53
-53
-51
-51
-49
-50
-50
-52
-53
-52
-51
-50
-49
-51
-52
-52
-50
-49
-47
-47
-49
-49
-49
-50
-52
-51
-51
-51
-53
-56
-55
-54
-53
-52
-49
-50
-52
-53
-52
-50
-49
-50
-52
-53
-53
-51
-51
-49
-49
-49
-48
-48
-49
-50
-50
-51
-52
-53
-51
-50
-51
-52
-53
-53
-53
-51
-51
-52
-49
-48
-49
-50
-53
-53
-53
-51
-49
-49
-49
-48
-48
-49
-49
-52
-52
-52
-52
-52
-50
-51
-50
-51
-51
-50
-51
-51
-52
-51
-51
-50
-51
-52
-54
-55
-55
-54
-52
-51
-51
-52
-52
-52
-52
-53
-51
-50
-50
-52
-54
-55
-53
-47
-45
-44
-46
-47
-47
-47
-47
-48
-48
-48
-48
-50
-50
-47
-47
-47
-47
-48
-48
-47
-50
-53
-51
-50
-48
-48
-51
-52
-51
-52
-52
-53
-54
-52
-50
-48
-48
-48
-50
-53
-50
-49
-50
-54
-55
-52
-52
-52
-51
-50
-47
-45
-47
-47
-47
-48
-45
-44
-43
-44
-45
-47
-47
-45
-46
-47
-49
-48
-47
-47
-46
-45
-47
-49
-49
-50
-49
-48
-49
-48
-49
-48
-48
-49
-48
-49
-48
-46
-44
-43
-47
-49
-50
-49
-48
-49
-50
-49
-49
-48
-48
-49
-50
-47
-46
-49
-51
-50
-51
-49
-49
-49
-51
-51
-48
-48
-46
-48
-49
-48
-47
-46
-49
-49
-49
-50
-50
-52
-53
-50
-49
-47
-48
-48
-50
-50
-52
-51
-50
-50
-50
-51
-51
-51
-48
-48
-48
-49
-50
-51
-52
-53
-54
-54
-51
-50
-51
-51
-51
-51
-51
-51
-51
-51
-49
-50
-50
-50
-51
-53
-53
-52
-52
-49
-51
-53
-55
-54
-52
-51
-51
-52
-53
-53
-53
-54
-54
-53
-52
-51
-51
-50
-50
-51
-52
-54
-54
-55
-54
-53
-53
-52
-51
-51
-50
-51
-51
-50
-50
-50
-51
-52
-54
-55
-54
-55
-56
-56
-56
-55
-55
-56
-58
-60
-59
-58
-57
-58
-57
-58
-58
-57
-54
-53
-57
-60
-60
-60
-59
-57
-56
-55
-56
-57
-58
-56
-56
-55
-54
-55
-56
-57
-57
-56
-56
-57
-56
-57
-56
-56
-59
-58
-57
-57
-57
-56
-53
-51
-50
-52
-54
-53
-53
-56
-55
-55
-55
-53
-53
-54
-56
-55
-54
-53
-54
-55
-56
-57
-56
-56
-56
-56
-56
-55
-53
-52
-54
-54
-57
-58
-58
-59
-62
-62
-60
-59
-58
-60
-61
-61
-59
-58
-57
-57
-56
-57
-56
-54
-56
-57
-57
-56
-56
-54
-56
-58
-57
-59
-58
-56
-55
-56
-56
-55
-56
-56
-57
-56
-55
-54
-55
-57
-58
-57
-57
-60
-57
-56
-54
-54
-54
-55
-56
-57
-58
-56
-55
-51
-51
-54
-58
-60
-58
-59
-57
-58
-58
-57
-57
-57
-56
-57
-58
-56
-55
-56
-54
-51
-51
-54
-57
-58
-55
-55
-55
-55
-53
-50
-51
-51
-52
-53
-53
-54
-52
-50
-51
-53
-54
-53
-51
-50
-49
-48
-47
-51
-52
-53
-54
-53
-53
-51
-51
-53
-51
-52
-52
-52
-52
-55
-54
-51
-51
-52
-54
-56
-55
-52
-52
-54
-56
-58
-58
-56
-54
-55
-56
-55
-54
-54
-54
-54
-53
-51
-52
-54
-54
-53
-50
-52
-53
-54
-56
-56
-57
-56
-58
-57
-58
-57
-55
-55
-56
-59
-61
-60
-57
-52
-49
-51
-53
-56
-57
-56
-56
-57
-57
-56
-54
-56
-58
-58
-57
-56
-55
-57
-58
-57
-54
-54
-55
-57
-57
-55
-54
-56
-59
-61
-62
-62
-59
-60
-60
-61
-63
-63
-63
-65
-66
-66
-64
-60
-61
-62
-65
-67
-68
-67
-65
-65
-65
-64
-63
-62
-64
-64
-63
-62
-62
-64
-62
-60
-60
-60
-59
-60
-58
-58
-60
-61
-62
-62
-61
-64
-64
-64
-63
-62
-63
-67
-65
-62
-63
-63
-64
-66
-66
-68
-68
-68
-67
-68
-69
-69
-68
-67
-68
-69
-68
-69
-70
-72
-73
-71
-71
-71
-69
-69
-70
-71
-71
-73
-71
-71
-70
-71
-71
-72
-72
-71
-71
-70
-69
-70
-71
-72
-73
-74
-76
-76
-76
-76
-78
-79
-79
-78
-77
-78
-77
-77
-75
-75
-77
-78
-79
-78
-77
-76
-75
-74
-74
-75
-76
-74
-71
-71
-73
-76
-77
-76
-75
-76
-75
-77
-79
-80
-77
-76
-74
-72
-75
-74
-75
-75
-74
-72
-72
-73
-71
-72
-74
-76
-75
-73
-71
-72
-75
-76
-75
-73
-72
-74
-76
-73
-71
-69
-69
-68
-67
-65
-63
-64
-65
-67
-68
-65
-63
-62
-61
-61
-60
-60
-58
-58
-59
-59
-61
-63
-66
-66
-66
-63
-63
-61
-61
-64
-65
-65
-65
-66
-65
-66
-63
-61
-60
-62
-64
-66
-66
-64
-64
-63
-63
-62
-62
-62
-60
-60
-60
-61
-63
-63
-60
-60
-59
-60
-59
-58
-56
-56
-56
-58
-57
-56
-55
-52
-53
-52
-53
-54
-55
-53
-54
-56
-57
-58
-57
-57
-58
-59
-58
-56
-55
-54
-57
-58
-56
-54
-55
-56
-53
-52
-52
-53
-55
-56
-55
-54
-53
-53
-54
-54
-53
-54
-56
-56
-57
-56
-55
-56
-56
-56
-56
-58
-58
-58
-56
-54
-55
-57
-60
-59
-58
-56
-56
-54
-54
-53
-51
-50
-51
-51
-47
-49
-50
-49
-49
-50
-50
-51
-50
-50
-48
-49
-51
-51
-52
-51
-52
-54
-52
-52
-52
-54
-55
-54
-51
-49
-50
-52
-52
-52
-51
-52
-52
-50
-50
-48
-48
-51
-52
-55
-57
-55
-53
-53
-50
-50
-48
-48
-48
-48
-48
-48
-48
-45
-46
-44
-43
-43
-39
-41
-42
-46
-49
-51
-51
-48
-49
-49
-53
-53
-52
-51
-51
-53
-53
-53
-53
-53
-53
-52
-50
-46
-44
-44
-46
-46
-47
-47
-44
-44
-43
-43
-44
-44
-43
-44
-46
-48
-49
-50
-50
-48
-44
-44
-44
-45
-46
-44
-45
-42
-42
-39
-39
-40
-41
-43
-44
-44
-43
-46
-42
-39
-42
-43
-45
-44
-42
-39
-39
-42
-42
-42
-42
-42
-42
-42
-39
-35
-34
-37
-39
-39
-38
-39
-41
-42
-45
-44
-41
-39
-40
-42
-43
-43
-43
-43
-45
-43
-41
-42
-41
-41
-40
-42
-42
-43
-42
-43
-41
-41
-42
-42
-41
-41
-41
-43
-43
-44
-42
-42
-43
-44
-44
-44
-43
-42
-41
-40
-40
-40
-39
-40
-42
-43
-43
-42
-39
-37
-38
-39
-40
-43
-43
-42
-42
-43
-42
-42
-42
-41
-37
-39
-42
-43
-43
-42
-44
-45
-46
-44
-43
-43
-45
-45
-46
-48
-47
-45
-42
-41
-43
-44
-45
-43
-40
-40
-41
-42
-41
-41
-43
-43
-45
-45
-44
-42
-41
-41
-40
-40
-40
-41
-39
-39
-39
-39
-40
-40
-39
-37
-36
-39
-39
-39
-40
-40
-40
-42
-42
-42
-42
-42
-41
-42
-42
-41
-40
-39
-39
-39
-39
-38
-38
-38
-38
-38
-39
-38
-37
-37
-38
-40
-39
-41
-42
-43
-42
-43
-42
-42
-41
-39
-38
-40
-42
-43
-44
-45
-42
-41
-42
-41
-40
-40
-40
-40
-38
-37
-38
-39
-39
-38
-38
-38
-40
-42
-43
-44
-45
-44
-45
-45
-43
-43
-41
-42
-43
-45
-45
-43
-42
-40
-40
-42
-44
-45
-44
-44
-42
-41
-43
-43
-45
-45
-45
-47
-46
-48
-47
-47
-44
-43
-45
-45
-47
-46
-44
-44
-42
-42
-42
-44
-44
-45
-45
-44
-43
-44
-43
-42
-44
-43
-44
-44
-46
-46
-46
-47
-46
-45
-42
-44
-46
-46
-44
-44
-46
-48
-48
-46
-43
-42
-44
-45
-44
-44
-46
-47
-46
-45
-45
-44
-45
-45
-46
-45
-44
-45
-47
-46
-47
-49
-47
-47
-47
-46
-45
-46
-46
-48
-50
-52
-49
-50
-51
-49
-51
-50
-50
-53
-53
-52
-50
-47
-47
-49
-50
-47
-46
-46
-48
-51
-51
-51
-49
-47
-45
-44
-45
-44
-44
-46
-47
-48
-49
-48
-49
-49
-46
-45
-46
-46
-48
-47
-45
-47
-45
-46
-49
-47
-45
-44
-44
-46
-46
-45
-43
-43
-41
-40
-40
-40
-40
-40
-43
-42
-43
-42
-39
-40
-41
-42
-41
-40
-38
-41
-43
-44
-42
-40
-41
-43
-42
-43
-41
-41
-40
-42
-43
-43
-42
-43
-45
-46
-45
-44
-43
-42
-43
-42
-40
-40
-40
-40
-40
-40
-41
-42
-41
-41
-42
-44
-44
-44
-42
-42
-42
-43
-44
-42
-42
-43
-44
-44
-47
-45
-44
-44
-43
-41
-42
-42
-44
-46
-47
-48
-48
-48
-47
-48
-49
-50
-49
-48
-48
-49
-49
-50
-48
-47
-48
-48
-49
-48
-45
-45
-49
-48
-47
-47
-48
-48
-50
-50
-50
-50
-50
-50
-49
-49
-49
-50
-49
-50
-52
-53
-52
-50
-45
-47
-50
-51
-51
-51
-52
-54
-55
-55
-53
-53
-54
-54
-51
-49
-48
-48
-50
-53
-54
-56
-54
-52
-51
-51
-51
-49
-49
-50
-50
-52
-53
-53
-53
-52
-51
-52
-53
-53
-55
-55
-55
-53
-53
-55
-55
-55
-53
-54
-53
-53
-55
-56
-57
-58
-56
-53
-51
-50
-53
-53
-53
-53
-52
-52
-51
-52
-53
-52
-51
-52
-49
-48
-50
-49
-50
-51
-51
-51
-50
-46
-45
-47
-48
-51
-53
-52
-51
-53
-55
-55
-55
-53
-52
-54
-55
-53
-54
-54
-55
-53
-54
-54
-54
-53
-54
-53
-50
-50
-51
-54
-56
-55
-53
-54
-55
-55
-55
-54
-53
-56
-56
-56
-55
-53
-53
-52
-50
-53
-53
-54
-55
-53
-53
-53
-52
-51
-53
-53
-54
-53
-53
-52
-53
-53
-54
-55
-54
-55
-55
-54
-51
-52
-53
-54
-55
-55
-56
-57
-58
-57
-55
-53
-54
-56
-57
-57
-55
-56
-57
-57
-55
-53
-54
-54
-56
-57
-57
-54
-54
-52
-53
-52
-52
-53
-53
-53
-55
-56
-56
-54
-52
-55
-56
-56
-56
-55
-56
-56
-57
-56
-55
-55
-55
-55
-54
-54
-55
-56
-56
-57
-55
-57
-58
-60
-58
-58
-57
-59
-59
-61
-61
-59
-58
-56
-56
-56
-57
-58
-59
-62
-62
-60
-59
-57
-58
-59
-57
-56
-56
-57
-59
-58
-57
-57
-54
-54
-54
-52
-52
-53
-53
-55
-56
-54
-54
-52
-53
-54
-54
-54
-53
-52
-54
-55
-55
-55
-56
-57
-58
-56
-52
-49
-50
-51
-51
-51
-48
-46
-47
-49
-51
-53
-52
-54
-54
-53
-50
-51
-51
-51
-50
-50
-52
-50
-51
-50
-49
-52
-52
-49
-47
-46
-47
-47
-49
-49
-50
-49
-48
-48
-47
-47
-49
-48
-50
-51
-51
-49
-47
-46
-47
-49
-50
-48
-46
-45
-46
-48
-48
-47
-47
-47
-46
-44
-43
-42
-42
-44
-43
-42
-41
-42
-44
-47
-46
-45
-44
-45
-45
-46
-47
-45
-46
-48
-50
-50
-51
-48
-48
-51
-52
-52
-50
-48
-48
-48
-49
-48
-48
-48
-47
-48
-49
-47
-45
-46
-44
-44
-44
-46
-46
-47
-43
-42
-41
-40
-40
-40
-38
-36
-38
-39
-43
-44
-42
-39
-41
-42
-40
-36
-34
-33
-36
-40
-40
-39
-40
-38
-40
-41
-42
-41
-40
-40
-39
-41
-41
-41
-41
-42
-41
-40
-40
-39
-38
-38
-38
-40
-41
-41
-39
-36
-35
-37
-40
-41
-42
-41
-38
-40
-39
-36
-36
-34
-35
-36
-35
-35
-36
-38
-37
-34
-33
-32
-33
-35
-35
-35
-34
-35
-36
-36
-33
-35
-34
-35
-35
-34
-34
-34
-36
-36
-37
-37
-37
-39
-38
-36
-36
-35
-36
-36
-38
-38
-38
-38
-37
-36
-36
-38
-41
-42
-41
-39
-37
-38
-39
-40
-40
-42
-42
-41
-40
-38
-39
-37
-39
-41
-41
-42
-40
-40
-41
-41
-42
-43
-43
-43
-42
-42
-42
-43
-44
-44
-45
-43
-42
-41
-42
-44
-43
-43
-44
-45
-45
-47
-45
-44
-46
-47
-46
-44
-41
-42
-42
-43
-44
-43
-43
-44
-45
-47
-45
-43
-43
-45
-45
-47
-46
-47
-45
-46
-48
-48
-47
-45
-43
-44
-46
-44
-43
-43
-43
-43
-46
-44
-43
-43
-42
-41
-41
-41
-40
-42
-44
-44
-44
-43
-44
-42
-40
-42
-43
-44
-43
-42
-42
-43
-44
-44
-44
-44
-46
-49
-48
-48
-48
-47
-47
-48
-50
-49
-50
-50
-51
-51
-51
-56
-58
-57
-56
-54
-54
-53
-50
-49
-50
-51
-53
-52
-50
-50
-51
-51
-49
-46
-45
-47
-48
-52
-49
-44
-46
-47
-52
-51
-47
-44
-44
-46
-47
-46
-44
-42
-46
-48
-44
-42
-41
-42
-46
-47
-45
-42
-43
-45
-46
-43
-41
-40
-40
-42
-40
-39
-40
-41
-43
-43
-45
-43
-44
-45
-44
-43
-44
-44
-44
-46
-46
-50
-52
-54
-52
-52
-50
-50
-49
-48
-46
-46
-48
-50
-49
-48
-47
-49
-50
-51
-52
-51
-49
-48
-48
-50
-50
-50
-49
-48
-48
-51
-52
-51
-50
-51
-53
-55
-55
-55
-56
-55
-54
-55
-56
-56
-58
-57
-54
-54
-53
-53
-54
-54
-55
-53
-51
-51
-49
-52
-53
-53
-53
-52
-55
-55
-53
-51
-50
-51
-55
-58
-56
-54
-51
-52
-54
-53
-52
-53
-53
-55
-56
-56
-56
-55
-54
-56
-58
-57
-56
-55
-56
-55
-55
-57
-59
-61
-61
-59
-58
-59
-59
-57
-58
-59
-58
-60
-60
-61
-60
-59
-58
-57
-57
-57
-58
-56
-53
-52
-54
-54
-52
-53
-53
-55
-55
-54
-52
-53
-53
-53
-52
-54
-55
-54
-53
-52
-52
-50
-52
-53
-54
-54
-54
-51
-47
-47
-46
-50
-52
-53
-50
-50
-49
-47
-48
-47
-46
-47
-47
-46
-43
-43
-44
-45
-43
-44
-46
-47
-47
-47
-47
-46
-46
-45
-45
-44
-43
-43
-44
-44
-46
-47
-48
-50
-52
-52
-48
-46
-45
-46
-48
-51
-51
-49
-49
-52
-53
-53
-50
-50
-51
-53
-53
-52
-51
-50
-51
-51
-50
-48
-48
-49
-49
-47
-49
-49
-50
-50
-50
-49
-47
-48
-47
-49
-47
-46
-46
-48
-50
-52
-54
-54
-52
-52
-54
-53
-53
-52
-53
-55
-56
-55
-55
-54
-55
-53
-54
-54
-53
-52
-53
-53
-52
-52
-51
-53
-55
-53
-52
-50
-52
-55
-54
-53
-51
-53
-54
-52
-51
-48
-51
-54
-56
-58
-58
-56
-52
-51
-53
-54
-57
-57
-57
-58
-59
-60
-59
-55
-56
-56
-55
-57
-55
-56
-56
-58
-59
-61
-61
-59
-59
-59
-61
-61
-59
-60
-62
-63
-62
-60
-58
-59
-62
-63
-61
-60
-60
-59
-60
-62
-60
-59
-58
-58
-59
-61
-60
-60
-60
-61
-62
-63
-64
-63
-63
-62
-63
-63
-63
-63
-63
-64
-64
-65
-64
-65
-67
-67
-66
-61
-60
-59
-61
-62
-62
-60
-59
-61
-61
-62
-63
-63
-63
-63
-63
-62
-62
-60
-58
-60
-62
-61
-62
-59
-59
-58
-59
-60
-60
-60
-61
-60
-59
-57
-55
-57
-62
-63
-62
-60
-58
-59
-63
-66
-66
-65
-65
-62
-61
-59
-56
-57
-59
-60
-60
-60
-58
-60
-62
-63
-63
-60
-61
-62
-63
-65
-66
-65
-66
-65
-63
-60
-60
-62
-65
-63
-62
-61
-62
-62
-61
-60
-57
-56
-58
-60
-59
-58
-58
-62
-62
-60
-59
-57
-59
-63
-61
-60
-60
-61
-63
-64
-64
-66
-67
-67
-66
-64
-62
-64
-66
-66
-66
-65
-65
-67
-64
-61
-61
-65
-70
-71
-69
-67
-67
-69
-69
-68
-66
-64
-64
-66
-67
-65
-64
-64
-66
-66
-64
-61
-59
-60
-61
-61
-59
-59
-60
-60
-60
-60
-60
-58
-60
-60
-60
-59
-61
-59
-59
-58
-57
-57
-57
-60
-59
-61
-61
-62
-62
-64
-62
-61
-59
-59
-61
-62
-61
-56
-56
-58
-58
-58
-58
-56
-57
-55
-54
-55
-55
-54
-54
-52
-53
-53
-53
-52
-53
-56
-52
-52
-52
-54
-55
-56
-54
-52
-50
-51
-52
-53
-55
-53
-53
-54
-52
-51
-53
-54
-54
-52
-50
-48
-49
-50
-49
-50
-52
-54
-54
-52
-52
-52
-54
-56
-56
-54
-54
-56
-57
-55
-53
-52
-52
-54
-56
-55
-51
-48
-46
-49
-50
-51
-49
-49
-50
-52
-50
-49
-48
-47
-49
-48
-48
-47
-46
-47
-48
-46
-47
-47
-46
-49
-50
-49
-47
-48
-49
-50
-52
-54
-53
-52
-52
-52
-52
-53
-53
-53
-55
-55
-55
-54
-54
-54
-54
-55
-55
-57
-57
-58
-56
-61
-64
-28
-68
-66
-43
-74
-57
-45
-67
-63
-49
-62
-60
-49
-58
-64
-48
-51
-62
-54
-55
-61
-54
-50
-61
-57
-52
-58
-52
-48
-59
-56
-53
-58
-53
-50
-58
-54
-56
-56
-52
-49
-51
-50
-51
-52
-48
-47
-51
-49
-48
-48
-47
-49
-47
-48
-49
-49
-49
-51
-51
-47
-46
-47
-46
-49
-49
-48
-49
-47
-45
-46
-47
-47
-49
-49
-47
-47
-46
-46
-47
-49
-46
-48
-49
-46
-46
-43
-42
-46
-46
-46
-46
-45
-44
-44
-44
-44
-43
-43
-44
-45
-46
-44
-44
-44
-44
-44
-43
-43
-44
-42
-46
-48
-47
-48
-45
-46
-48
-49
-48
-44
-44
-45
-47
-46
-42
-41
-43
-46
-45
-43
-39
-40
-42
-42
-42
-41
-35
-37
-40
-40
-39
-38
-38
-42
-45
-42
-40
-42
-41
-47
-44
-42
-40
-38
-42
-44
-46
-44
-43
-42
-44
-44
-42
-37
-39
-41
-41
-42
-42
-40
-40
-42
-41
-40
-40
-41
-40
-42
-41
-43
-44
-44
-42
-41
-39
-42
-42
-46
-46
-42
-43
-44
-42
-41
-41
-40
-41
-42
-42
-40
-44
-44
-44
-43
-43
-44
-45
-46
-42
-44
-45
-46
-47
-45
-45
-44
-42
-40
-38
-39
-42
-42
-40
-41
-42
-42
-41
-41
-40
-38
-37
-38
-39
-38
-41
-42
-42
-44
-41
-39
-38
-40
-42
-43
-42
-41
-43
-44
-44
-43
-40
-40
-40
-40
-41
-39
-39
-40
-40
-40
-40
-41
-40
-38
-38
-38
-39
-39
-38
-39
-40
-38
-37
-36
-37
-37
-41
-39
-36
-36
-36
-36
-38
-40
-41
-41
-39
-39
-39
-40
-41
-41
-41
-44
-45
-43
-43
-40
-42
-45
-45
-45
-43
-44
-46
-43
-40
-38
-42
-48
-47
-46
-45
-44
-45
-44
-43
-43
-43
-46
-47
-45
-44
-43
-44
-43
-45
-44
-44
-44
-45
-44
-45
-44
-44
-45
-45
-43
-43
-44
-46
-48
-46
-47
-46
-46
-47
-47
-47
-47
-47
-50
-47
-48
-46
-47
-46
-47
-47
-46
-49
-50
-51
-49
-47
-46
-47
-48
-49
-48
-48
-51
-51
-49
-49
-49
-51
-52
-53
-51
-51
-51
-51
-52
-53
-52
-53
-56
-54
-53
-53
-53
-54
-54
-54
-51
-51
-50
-50
-51
-53
-53
-52
-51
-51
-53
-53
-53
-54
-54
-52
-52
-53
-50
-49
-50
-53
-57
-57
-55
-53
-51
-53
-54
-52
-49
-50
-51
-50
-52
-53
-49
-48
-49
-46
-46
-50
-50
-50
-49
-47
-47
-50
-48
-46
-46
-46
-48
-50
-47
-45
-46
-48
-50
-48
-46
-45
-46
-49
-49
-49
-51
-52
-53
-54
-52
-50
-49
-49
-50
-52
-50
-50
-49
-51
-52
-52
-51
-50
-51
-52
-51
-52
-50
-49
-48
-49
-48
-47
-46
-47
-48
-49
-50
-50
-50
-50
-53
-49
-49
-51
-55
-56
-55
-54
-54
-55
-56
-55
-53
-50
-50
-53
-57
-56
-55
-54
-52
-51
-50
-50
-51
-52
-52
-50
-51
-50
-50
-51
-50
-48
-49
-49
-49
-48
-48
-50
-51
