-22
-21
-22
-20
-21
-23
-23
-22
-21
-23
-24
-23
-23
-22
-20
-21
-21
-22
-24
-22
-21
-21
-21
-22
-24
-24
-23
-21
-22
-23
-22
-22
-22
-21
-22
-20
-20
-22
-22
-22
-22
-22
-22
-22
-20
-19
-20
-20
-19
-20
-18
-18
-19
-20
-18
-20
-21
-21
-21
-22
-21
-21
-18
-16
-17
-18
-19
-19
-16
-16
-17
-18
-18
-17
-18
-19
-20
-19
-18
-18
-18
-18
-20
-19
-19
-18
-17
-20
-21
-22
-23
-23
-24
-25
-25
-24
-22
-20
-22
-23
-23
-24
-22
-22
-23
-24
-26
-25
-22
-21
-21
-21
-23
-21
-23
-23
-23
-25
-28
-29
-27
-25
-23
-22
-23
-22
-22
-23
-24
-25
-25
-23
-21
-22
-22
-23
-22
-21
-23
-24
-22
-22
-22
-21
-21
-20
-21
-23
-22
-22
-20
-19
-19
-20
-19
-21
-21
-22
-22
-23
-23
-22
-24
-25
-26
-25
-25
-26
-26
-27
-26
-26
-30
-30
-29
-28
-28
-26
-24
-24
-24
-26
-29
-30
-31
-30
-28
-28
-26
-26
-25
-28
-29
-27
-29
-28
-30
-32
-33
-32
-32
-29
-26
-26
-27
-27
-27
-26
-29
-26
-25
-25
-25
-28
-30
-29
-28
-28
-29
-28
-28
-30
-30
-32
-33
-33
-33
-32
-35
-35
-36
-37
-36
-34
-35
-33
-32
-33
-32
-31
-32
-33
-31
-31
-32
-35
-37
-36
-35
-33
-32
-33
-33
-35
-36
-38
-38
-36
-36
-38
-41
-42
-39
-37
-34
-35
-35
-33
-33
-32
-34
-36
-35
-38
-34
-34
-35
-37
-38
-37
-37
-35
-35
-36
-36
-36
-38
-38
-37
-39
-41
-39
-40
-39
-41
-42
-42
-41
-39
-37
-39
-40
-41
-40
-38
-39
-39
-39
-40
-40
-39
-40
-40
-40
-41
-41
-41
-44
-42
-41
-41
-40
-40
-40
-38
-38
-39
-38
-35
-38
-39
-38
-38
-38
-36
-38
-40
-42
-42
-41
-39
-40
-42
-43
-43
-44
-43
-42
-42
-42
-40
-39
-39
-41
-41
-38
-38
-35
-33
-34
-37
-38
-38
-36
-33
-32
-33
-34
-36
-37
-36
-37
-36
-37
-36
-35
-34
-34
-35
-36
-35
-34
-36
-33
-31
-33
-35
-36
-36
-36
-36
-37
-35
-36
-36
-37
-37
-36
-37
-36
-40
-40
-39
-38
-39
-39
-39
-38
-36
-39
-39
-38
-39
-38
-38
-40
-42
-43
-40
-41
-42
-41
-40
-39
-39
-40
-41
-40
-38
-36
-37
-38
-38
-36
-35
-35
-38
-38
-37
-35
-35
-37
-39
-39
-37
-36
-37
-37
-36
-36
-36
-39
-38
-36
-33
-32
-34
-37
-37
-35
-34
-34
-35
-35
-34
-35
-36
-39
-40
-38
-37
-36
-36
-40
-43
-44
-44
-42
-40
-41
-41
-41
-41
-42
-41
-42
-42
-40
-40
-41
-40
-40
-39
-37
-37
-38
-38
-38
-36
-36
-37
-38
-40
-40
-39
-39
-40
-40
-40
-39
-39
-40
-41
-43
-43
-39
-39
-42
-45
-47
-46
-46
-46
-46
-46
-46
-47
-47
-47
-47
-46
-46
-45
-46
-48
-49
-49
-48
-49
-50
-49
-47
-48
-49
-49
-49
-50
-50
-51
-51
-51
-50
-50
-51
-50
-51
-51
-50
-49
-48
-49
-52
-51
-50
-48
-49
-51
-52
-51
-52
-52
-51
-52
-53
-51
-51
-50
-50
-50
-50
-49
-48
-49
-50
-51
-51
-47
-47
-46
-47
-47
-49
-48
-48
-48
-49
-51
-48
-46
-47
-49
-50
-49
-50
-50
-52
-51
-52
-53
-52
-55
-56
-57
-56
-55
-54
-55
-57
-57
-58
-61
-63
-62
-59
-56
-55
-55
-56
-55
-54
-56
-55
-57
-58
-58
-58
-59
-58
-58
-57
-56
-55
-55
-57
-56
-57
-56
-53
-53
-55
-57
-57
-55
-55
-54
-54
-55
-54
-54
-54
-55
-55
-55
-53
-54
-54
-54
-56
-55
-54
-54
-53
-52
-52
-53
-54
-54
-53
-52
-53
-55
-55
-54
-53
-52
-52
-51
-52
-53
-54
-55
-57
-57
-55
-53
-53
-52
-52
-51
-51
-52
-52
-51
-51
-52
-54
-55
-54
-53
-52
-52
-51
-52
-52
-50
-50
-49
-51
-52
-49
-47
-47
-46
-46
-47
-49
-49
-47
-47
-45
-43
-46
-47
-46
-44
-45
-45
-43
-43
-41
-41
-43
-44
-43
-45
-45
-45
-44
-45
-45
-45
-46
-45
-44
-45
-46
-45
-43
-45
-44
-45
-45
-43
-42
-38
-37
-40
-42
-41
-40
-41
-42
-43
-43
-43
-44
-44
-44
-42
-41
-41
-41
-42
-42
-40
-39
-38
-40
-40
-39
-40
-38
-38
-39
-36
-37
-37
-38
-37
-37
-34
-35
-34
-35
-37
-35
-35
-36
-37
-37
-37
-34
-35
-35
-31
-29
-30
-32
-33
-31
-31
-31
-33
-35
-34
-33
-35
-37
-38
-37
-35
-32
-33
-32
-32
-32
-34
-36
-38
-38
-36
-33
-33
-33
-36
-39
-38
-38
-37
-36
-36
-35
-36
-36
-36
-37
-37
-36
-36
-34
-35
-35
-36
-38
-37
-36
-33
-31
-32
-32
-33
-31
-32
-32
-31
-34
-34
-33
-33
-33
-30
-29
-29
-31
-33
-33
-32
-31
-31
-31
-29
-31
-31
-33
-33
-33
-34
-34
-34
-33
-30
-31
-33
-34
-34
-32
-31
-32
-34
-33
-32
-31
-34
-35
-34
-34
-34
-34
-37
-37
-35
-35
-34
-34
-35
-36
-35
-34
-35
-38
-39
-40
-42
-39
-37
-36
-36
-35
-35
-34
-33
-34
-34
-33
-36
-33
-35
-36
-32
-36
-36
-31
-33
-32
-29
-31
-33
-33
-34
-32
-31
-31
-32
-31
-31
-32
-32
-32
-34
-34
-35
-35
-34
-34
-36
-36
-36
-37
-39
-40
-39
-40
-40
-42
-40
-39
-38
-37
-36
-35
-36
-38
-39
-39
-40
-39
-38
-37
-36
-37
-36
-37
-37
-37
-36
-35
-34
-34
-32
-31
-30
-32
-33
-35
-35
-32
-30
-31
-35
-38
-34
-31
-28
-29
-31
-32
-32
-32
-32
-33
-34
-31
-28
-27
-32
-35
-34
-32
-32
-31
-32
-31
-30
-31
-32
-32
-31
-29
-28
-29
-29
-29
-28
-27
-28
-30
-28
-28
-29
-28
-28
-27
-28
-29
-27
-23
-20
-23
-28
-30
-29
-27
-25
-27
-27
-28
-29
-31
-31
-30
-29
-31
-33
-34
-34
-33
-32
-29
-32
-31
-32
-33
-33
-34
-33
-32
-34
-34
-34
-33
-31
-29
-31
-31
-31
-31
-33
-35
-36
-34
-32
-33
-31
-32
-30
-29
-31
-30
-27
-28
-27
-30
-29
-31
-30
-29
-26
-26
-28
-32
-33
-34
-36
-38
-37
-36
-33
-34
-33
-35
-36
-36
-36
-36
-36
-37
-39
-39
-39
-36
-34
-33
-33
-32
-32
-31
-32
-32
-31
-32
-31
-28
-29
-26
-26
-24
-24
-24
-22
-24
-25
-22
-21
-19
-20
-20
-19
-17
-18
-20
-21
-18
-16
-14
-13
-13
-17
-19
-21
-20
-20
-22
-24
-25
-25
-26
-28
-29
-29
-29
-31
-34
-38
-39
-39
-39
-38
-41
-42
-44
-46
-49
-48
-48
-47
-49
-50
-52
-54
-55
-57
-57
-56
-55
-56
-59
-59
-60
-61
-61
-62
-61
-59
-62
-64
-65
-66
-66
-68
-69
-69
-67
-66
-67
-68
-67
-68
-65
-63
-63
-65
-65
-66
-62
-60
-58
-58
-56
-53
-53
-51
-49
-43
-40
-37
-34
-34
-31
-28
-24
-19
-15
-12
-11
-9
-5
-2
3
8
9
12
15
20
21
20
20
22
24
28
31
30
29
28
23
23
20
21
20
20
20
18
16
9
4
-1
-4
-4
-9
-10
-14
-19
-25
-32
-35
-41
-48
-55
-67
-72
-77
-84
-90
-100
-106
-114
-118
-123
-133
-138
-145
-150
-156
-164
-170
-174
-179
-183
-190
-193
-198
-200
-199
-199
-199
-196
-193
-181
-169
-156
-141
-129
-117
-102
-87
-70
-58
-45
-32
-20
-3
11
22
28
31
38
43
47
49
48
52
54
54
56
53
47
42
39
37
33
26
20
17
17
17
14
7
6
5
5
9
14
21
28
36
44
49
52
55
59
64
69
77
78
81
84
90
92
91
88
85
83
84
81
81
78
74
70
63
55
47
39
30
20
7
-5
-18
-29
-37
-50
-67
-84
-100
-112
-126
-138
-150
-161
-173
-183
-196
-204
-212
-221
-227
-235
-246
-248
-257
-263
-267
-269
-268
-263
-248
-223
-203
-181
-166
-149
-127
-106
-83
-61
-43
-24
-3
19
39
47
53
57
59
64
65
66
66
64
68
68
68
63
54
44
36
28
26
18
11
1
-9
-13
-20
-29
-39
-47
-52
-51
-51
-50
-52
-51
-49
-47
-48
-50
-51
-48
-43
-33
-28
-21
-16
-8
4
13
20
25
31
40
52
67
82
92
98
104
107
114
116
111
108
104
108
113
112
109
101
95
93
90
85
77
73
72
72
70
66
61
55
47
39
29
20
9
-6
-23
-39
-51
-58
-70
-83
-98
-115
-133
-148
-167
-175
-191
-205
-219
-232
-241
-255
-268
-280
-293
-300
-299
-290
-268
-251
-233
-219
-201
-182
-158
-141
-116
-100
-79
-57
-38
-15
0
7
15
13
22
25
25
30
29
40
53
56
57
46
32
29
22
23
18
11
4
-3
-10
-13
-22
-29
-39
-44
-42
-40
-36
-35
-33
-25
-20
-13
-8
-8
1
8
22
35
45
56
69
81
101
115
125
136
147
158
170
178
186
188
193
196
192
193
180
171
161
149
139
130
120
115
103
94
80
69
60
50
43
37
29
19
6
-6
-20
-37
-54
-74
-87
-99
-111
-126
-141
-158
-173
-190
-204
-220
-235
-249
-263
-278
-288
-304
-315
-326
-335
-338
-334
-321
-296
-274
-259
-240
-219
-190
-162
-134
-115
-90
-64
-34
0
20
30
39
37
48
60
66
69
67
71
80
85
89
86
77
70
68
69
67
56
45
33
21
11
-4
-18
-30
-40
-43
-47
-50
-53
-57
-57
-55
-51
-47
-46
-41
-37
-26
-15
-4
8
20
35
56
77
93
106
118
134
150
164
179
190
199
209
211
212
209
199
191
185
181
175
160
151
142
137
129
115
101
92
85
82
76
67
54
39
24
4
-15
-37
-51
-65
-75
-93
-109
-131
-148
-170
-187
-210
-233
-251
-270
-288
-304
-321
-334
-350
-366
-378
-385
-380
-361
-335
-312
-295
-277
-249
-221
-188
-154
-131
-101
-72
-45
-10
8
21
32
33
46
56
58
64
62
68
81
89
99
98
87
77
69
70
70
60
48
33
21
9
-9
-23
-41
-56
-64
-67
-65
-65
-69
-68
-66
-63
-57
-58
-58
-54
-45
-29
-17
1
17
34
52
66
81
95
108
132
158
177
197
207
218
231
232
235
229
215
213
205
200
195
186
179
168
159
149
136
125
113
105
97
89
79
63
46
28
6
-15
-39
-62
-79
-96
-116
-136
-155
-175
-197
-222
-243
-270
-287
-310
-329
-345
-370
-386
-396
-416
-415
-430
-414
-393
-360
-336
-313
-290
-258
-222
-187
-152
-123
-89
-57
-20
18
36
46
56
54
75
78
88
90
91
103
112
118
126
117
105
91
83
83
75
59
41
22
6
-10
-32
-47
-70
-84
-92
-97
-99
-103
-110
-110
-110
-106
-101
-99
-91
-84
-69
-53
-30
-9
9
21
44
63
89
108
129
152
175
200
222
235
244
247
251
252
242
239
229
224
218
214
205
196
180
167
150
138
126
116
104
93
80
66
43
15
-13
-36
-54
-72
-92
-118
-141
-159
-177
-198
-222
-251
-276
-302
-324
-348
-364
-389
-408
-421
-445
-450
-466
-458
-427
-392
-363
-344
-325
-293
-255
-212
-174
-145
-113
-84
-46
-4
21
34
38
35
59
75
87
91
88
99
114
124
136
128
118
105
94
96
91
75
51
27
10
-5
-26
-47
-76
-95
-106
-110
-110
-116
-128
-132
-136
-127
-122
-124
-123
-120
-108
-85
-64
-43
-27
-12
11
32
58
76
94
121
150
182
216
234
248
257
259
264
258
251
250
244
241
237
225
219
206
194
182
169
163
151
142
135
123
113
92
67
43
16
0
-19
-37
-58
-86
-109
-135
-157
-185
-209
-246
-264
-298
-323
-347
-377
-397
-425
-447
-461
-478
-479
-465
-437
-404
-384
-366
-342
-300
-264
-221
-185
-155
-110
-79
-38
0
11
24
22
32
55
67
81
84
87
101
117
126
138
133
121
113
105
105
96
75
58
37
21
3
-20
-43
-69
-87
-97
-103
-107
-114
-129
-133
-134
-132
-134
-139
-139
-134
-119
-100
-81
-58
-41
-31
-11
3
27
50
76
109
142
173
208
232
251
260
260
263
255
253
250
249
249
242
231
222
208
199
183
172
160
152
148
140
130
118
95
68
40
17
-3
-20
-40
-59
-85
-110
-138
-169
-198
-229
-262
-288
-314
-340
-364
-395
-424
-453
-479
-497
-514
-514
-496
-463
-426
-403
-387
-354
-321
-276
-226
-193
-152
-116
-86
-33
-3
21
34
27
42
65
75
92
87
96
116
131
150
153
143
134
120
116
118
104
86
59
38
26
6
-19
-49
-80
-99
-112
-117
-124
-138
-147
-151
-151
-147
-151
-155
-160
-158
-142
-127
-106
-86
-74
-54
-38
-18
11
33
62
97
126
169
204
225
250
258
266
272
263
264
260
259
260
253
248
238
222
209
195
190
181
173
167
156
149
132
107
81
55
31
13
-11
-31
-63
-86
-111
-139
-167
-203
-243
-275
-302
-336
-360
-397
-427
-453
-485
-498
-519
-524
-514
-488
-448
-426
-406
-380
-349
-298
-251
-207
-168
-128
-93
-48
-13
9
25
23
32
50
65
81
82
87
100
117
140
147
143
131
115
111
117
111
94
69
47
33
14
-8
-37
-69
-95
-110
-117
-117
-128
-136
-148
-151
-152
-152
-155
-158
-161
-152
-138
-112
-87
-74
-63
-52
-33
-5
21
49
83
114
159
194
226
248
260
272
276
274
275
271
268
262
259
258
251
241
223
209
194
184
172
164
156
147
131
109
85
59
35
14
-10
-35
-67
-96
-127
-157
-187
-222
-258
-297
-332
-368
-396
-433
-467
-494
-517
-528
-535
-536
-508
-482
-452
-432
-404
-372
-320
-279
-231
-184
-142
-94
-53
-16
18
33
44
46
56
75
87
102
106
118
129
144
151
153
143
127
118
115
114
99
75
57
38
22
2
-27
-49
-83
-103
-118
-122
-124
-136
-148
-150
-154
-152
-153
-158
-157
-161
-149
-130
-109
-93
-76
-65
-42
-17
12
39
71
99
135
175
214
244
263
277
287
293
292
285
276
266
257
256
248
240
226
212
197
182
169
156
143
131
114
96
74
49
29
8
-12
-41
-74
-108
-137
-165
-196
-230
-270
-303
-337
-362
-393
-426
-467
-493
-520
-530
-532
-531
-498
-470
-441
-417
-392
-354
-304
-260
-206
-163
-108
-61
-12
33
57
72
76
80
90
110
115
126
124
136
151
165
169
169
148
136
118
112
113
91
73
51
37
19
1
-28
-49
-85
-106
-124
-132
-136
-145
-152
-151
-147
-144
-141
-146
-143
-144
-130
-115
-97
-79
-61
-42
-11
15
46
73
100
133
165
204
233
261
287
304
316
326
319
311
297
278
266
250
235
220
203
192
180
166
148
128
108
88
65
42
21
1
-12
-26
-46
-73
-106
-143
-171
-202
-236
-269
-303
-335
-364
-392
-423
-452
-485
-507
-521
-527
-516
-488
-451
-424
-403
-385
-350
-301
-245
-192
-143
-95
-48
1
55
90
103
102
89
103
116
130
139
137
139
157
167
176
164
137
117
97
95
94
81
60
38
20
11
-7
-30
-63
-94
-118
-132
-140
-146
-156
-159
-155
-149
-137
-137
-139
-136
-131
-118
-106
-94
-73
-52
-27
3
26
56
81
108
141
166
200
233
259
290
314
331
343
338
330
318
296
277
256
234
212
189
173
158
141
119
93
70
47
22
-5
-32
-52
-66
-84
-101
-124
-154
-186
-222
-255
-291
-326
-362
-396
-424
-451
-482
-500
-517
-527
-528
-522
-498
-456
-421
-396
-368
-340
-290
-241
-190
-141
-89
-39
15
74
115
137
142
132
134
148
148
162
162
165
186
194
199
194
162
135
105
84
77
54
35
14
0
-3
-12
-32
-57
-92
-119
-137
-152
-163
-179
-190
-186
-175
-158
-138
-134
-129
-129
-123
-113
-106
-91
-74
-49
-13
27
70
107
136
170
198
227
252
268
289
310
330
348
357
359
358
343
328
302
269
237
203
175
152
133
114
95
72
48
15
-20
-56
-88
-117
-135
-163
-191
-222
-251
-274
-300
-335
-380
-426
-464
-491
-518
-537
-565
-577
-586
-573
-546
-497
-455
-419
-410
-371
-327
-270
-210
-163
-114
-48
4
77
140
163
192
185
185
202
202
199
204
186
215
233
246
260
229
197
167
119
102
72
33
15
-15
-19
-25
-40
-59
-84
-117
-130
-161
-177
-198
-217
-227
-224
-211
-185
-170
-155
-140
-127
-111
-105
-104
-97
-83
-50
-9
32
82
122
170
218
256
292
314
328
344
351
364
374
377
386
383
376
367
343
317
278
241
207
165
126
89
51
26
-4
-37
-68
-99
-125
-152
-185
-225
-266
-311
-343
-381
-412
-447
-484
-523
-552
-589
-614
-639
-649
-651
-640
-609
-555
-495
-456
-430
-399
-349
-287
-220
-167
-107
-41
26
108
172
222
240
245
245
258
259
267
257
257
262
282
302
310
294
261
221
183
147
107
62
15
-24
-46
-54
-61
-72
-100
-122
-144
-160
-182
-205
-224
-242
-253
-250
-241
-222
-202
-186
-157
-134
-110
-97
-85
-63
-31
0
37
73
119
170
227
280
328
365
392
414
428
437
434
429
423
416
407
394
375
354
324
304
272
238
191
127
75
15
-44
-93
-146
-182
-207
-243
-267
-309
-355
-406
-461
-520
-593
-688
-778
-894
-982
-1017
-1053
-1065
-1044
-839
-741
-565
-374
-236
-127
-55
-32
18
118
232
347
507
699
839
912
969
955
875
707
479
302
170
39
-40
-100
-81
-27
-50
-62
-102
-185
-305
-453
-557
-579
-607
-577
-520
-368
-188
-53
51
157
184
175
112
56
26
-5
-46
-19
51
151
211
238
254
231
173
87
1
-60
-102
-109
-40
57
179
280
368
462
525
520
499
436
405
369
343
357
387
409
444
449
470
434
352
263
158
73
-4
-113
-163
-233
-291
-293
-328
-328
-377
-427
-495
-522
-615
-682
-753
-814
-859
-887
-940
-911
-921
-875
-824
-756
-621
-433
-208
-39
109
221
381
484
523
504
528
541
598
580
621
618
598
525
434
330
222
11
-165
-309
-368
-395
-429
-425
-333
-254
-202
-172
-154
-111
-140
-179
-160
-92
-32
17
56
193
298
348
329
309
260
186
38
-61
-145
-217
-294
-321
-290
-214
-200
-194
-175
-129
-86
-78
-69
-3
85
177
294
424
568
667
735
788
836
819
745
646
583
513
436
356
303
258
225
173
135
91
23
-61
-119
-173
-202
-267
-320
-343
-349
-332
-335
-314
-322
-327
-350
-393
-418
-504
-568
-641
-710
-746
-831
-866
-867
-848
-781
-728
-617
-359
-149
34
152
246
417
507
474
453
438
475
521
489
532
558
542
473
350
254
153
-82
-267
-400
-430
-420
-452
-427
-282
-171
-92
-77
-51
11
-13
-92
-86
-36
49
68
79
208
334
363
323
250
220
140
-38
-175
-272
-320
-371
-417
-366
-245
-170
-124
-82
11
99
123
123
185
272
372
446
554
691
797
831
859
864
832
713
552
426
338
239
136
59
39
42
27
8
-17
-47
-94
-157
-207
-236
-296
-332
-363
-320
-269
-222
-208
-186
-200
-221
-279
-394
-486
-605
-712
-785
-883
-915
-914
-885
-804
-723
-571
-327
-119
53
175
275
437
513
489
447
440
464
510
471
491
480
459
381
275
160
52
-172
-339
-462
-490
-489
-507
-474
-326
-185
-66
-18
32
98
107
60
61
79
127
129
140
247
369
415
387
325
282
208
39
-137
-292
-383
-462
-506
-488
-379
-267
-157
-64
72
193
267
281
313
376
451
502
569
670
769
836
869
872
846
736
577
415
277
151
13
-100
-138
-128
-89
-71
-69
-51
-67
-85
-148
-215
-290
-352
-387
-356
-326
-281
-233
-203
-152
-159
-215
-299
-434
-554
-683
-821
-911
-975
-968
-877
-788
-612
-363
-79
157
307
377
504
570
542
437
344
342
394
381
381
390
438
431
319
198
71
-118
-336
-544
-627
-621
-621
-590
-457
-240
-38
59
112
195
237
203
126
86
104
102
84
147
268
382
408
377
355
322
188
-11
-220
-365
-469
-549
-570
-496
-371
-212
-68
95
259
378
427
453
472
516
524
531
566
633
699
755
779
778
732
616
465
285
103
-51
-202
-302
-341
-321
-247
-184
-126
-47
5
21
-23
-118
-173
-241
-289
-314
-296
-237
-190
-137
-99
-94
-128
-245
-367
-518
-680
-847
-984
-1027
-1000
-931
-780
-513
-165
131
327
463
608
710
667
524
383
324
323
287
258
268
329
367
327
254
141
-26
-245
-464
-611
-695
-747
-750
-647
-442
-212
-23
127
264
360
379
348
286
221
142
83
102
178
263
329
375
430
442
365
214
27
-171
-353
-513
-602
-619
-568
-437
-249
-17
203
364
493
588
648
646
592
546
527
533
548
570
618
654
661
629
553
432
247
59
-112
-253
-363
-434
-423
-345
-245
-130
-26
60
114
79
28
-52
-121
-200
-270
-298
-275
-251
-203
-198
-194
-223
-300
-397
-540
-706
-867
-978
-1007
-962
-859
-619
-321
7
276
491
679
803
788
683
524
416
329
228
132
100
141
201
200
173
105
20
-120
-283
-447
-574
-661
-694
-638
-492
-314
-117
67
255
423
518
531
490
402
315
217
152
122
106
122
172
224
264
230
147
42
-100
-245
-396
-528
-595
-608
-536
-377
-182
49
255
462
658
797
856
837
780
744
698
631
561
515
504
501
469
416
336
225
112
-21
-152
-274
-385
-419
-404
-341
-243
-149
-37
56
110
127
105
60
4
-69
-140
-192
-218
-243
-274
-312
-355
-395
-466
-580
-715
-844
-920
-963
-951
-863
-651
-380
-98
148
386
620
772
804
732
643
582
504
370
253
175
197
201
161
111
66
1
-92
-238
-356
-451
-523
-563
-531
-434
-274
-148
7
178
348
468
521
506
487
414
344
273
210
154
118
105
137
131
97
31
-38
-117
-222
-356
-448
-513
-531
-500
-405
-253
-54
126
335
542
723
838
875
874
877
834
761
648
559
505
454
398
327
250
176
101
29
-67
-171
-258
-307
-294
-284
-244
-192
-101
1
63
90
103
86
77
23
-28
-93
-152
-178
-232
-278
-361
-420
-505
-582
-692
-798
-898
-930
-984
-930
-810
-558
-323
-93
110
373
606
755
717
677
635
649
570
439
294
270
272
258
163
93
18
-33
-144
-244
-347
-412
-478
-480
-430
-311
-225
-131
-20
143
290
393
416
435
423
406
365
312
240
181
128
126
110
71
4
-55
-102
-152
-244
-328
-399
-426
-421
-379
-291
-159
-29
129
311
512
684
769
811
864
895
882
776
651
570
505
433
327
206
140
87
43
-28
-108
-168
-193
-204
-197
-216
-197
-166
-107
-48
-27
-12
3
23
38
12
-37
-79
-128
-146
-256
-331
-450
-521
-629
-740
-884
-937
-979
-932
-918
-740
-503
-212
30
226
426
650
757
743
633
586
560
508
381
252
214
246
215
154
64
18
-46
-148
-263
-355
-418
-457
-475
-410
-294
-172
-53
81
236
391
478
520
523
504
465
416
348
278
198
152
130
112
66
2
-57
-104
-174
-262
-359
-424
-459
-462
-420
-321
-179
-32
128
327
532
713
805
851
899
933
903
800
672
583
509
417
298
188
118
74
26
-37
-110
-162
-181
-190
-208
-217
-217
-173
-118
-65
-41
-14
8
57
57
48
-13
-49
-97
-139
-246
-329
-451
-513
-615
-710
-822
-891
-927
-918
-889
-741
-533
-294
-63
137
374
584
714
715
667
639
618
547
431
292
254
245
218
148
65
7
-38
-122
-210
-311
-367
-412
-417
-372
-287
-207
-109
2
159
309
413
456
485
499
500
463
403
324
255
199
161
109
44
-29
-88
-136
-187
-264
-332
-381
-400
-386
-354
-285
-179
-69
79
239
413
577
687
772
857
912
920
847
748
669
587
490
352
217
123
63
4
-60
-133
-169
-164
-151
-154
-172
-178
-143
-104
-83
-82
-94
-72
-50
-30
-36
-58
-75
-91
-115
-170
-253
-337
-423
-510
-612
-720
-827
-875
-906
-875
-799
-613
-428
-196
-15
214
426
587
631
619
600
619
569
471
340
267
267
248
178
107
40
26
-31
-107
-198
-266
-320
-339
-331
-272
-223
-165
-91
23
161
268
327
364
400
432
432
386
318
255
212
175
119
45
-32
-83
-118
-153
-209
-263
-299
-305
-295
-264
-224
-153
-68
50
178
321
452
577
665
761
827
864
846
792
720
652
555
435
292
163
69
-2
-69
-130
-178
-167
-141
-124
-117
-125
-95
-63
-50
-68
-95
-107
-91
-97
-94
-126
-131
-137
-153
-194
-272
-369
-451
-557
-664
-790
-900
-959
-982
-955
-869
-675
-424
-169
71
307
543
748
801
775
722
696
653
530
364
252
218
216
146
67
13
-13
-51
-119
-212
-271
-327
-365
-369
-330
-273
-217
-152
-39
98
222
306
362
421
469
485
469
415
344
284
228
165
81
-25
-104
-154
-200
-258
-313
-332
-317
-296
-272
-224
-139
-36
60
156
284
427
553
647
719
805
872
887
851
786
720
645
526
385
227
102
5
-83
-164
-232
-248
-218
-189
-159
-139
-94
-33
4
12
1
-17
-17
-40
-51
-72
-96
-112
-123
-131
-159
-239
-313
-402
-483
-591
-732
-848
-939
-975
-979
-920
-733
-521
-275
-35
204
484
683
765
769
740
751
688
572
418
296
283
238
165
91
23
25
-11
-87
-163
-243
-278
-318
-337
-315
-308
-276
-223
-138
-14
88
169
249
320
400
448
453
441
397
356
316
243
149
38
-57
-115
-184
-252
-302
-319
-286
-258
-228
-168
-100
-10
66
131
229
333
427
508
578
666
741
780
797
784
760
701
602
482
341
205
79
-41
-144
-206
-224
-210
-195
-168
-127
-59
-3
22
26
17
14
-22
-69
-106
-133
-142
-164
-179
-178
-192
-209
-261
-308
-379
-474
-584
-709
-820
-911
-994
-1008
-955
-766
-547
-304
-38
242
544
778
876
904
896
881
806
642
439
280
206
124
27
-75
-117
-111
-119
-145
-180
-197
-199
-236
-247
-253
-262
-263
-263
-208
-99
-2
99
186
302
432
523
572
579
541
495
408
295
155
-3
-136
-238
-325
-376
-413
-403
-357
-295
-213
-129
-49
34
111
187
272
337
402
463
546
626
691
733
774
793
788
717
617
508
376
221
64
-70
-154
-218
-250
-268
-234
-175
-113
-52
1
56
96
103
82
57
27
1
-37
-66
-95
-98
-118
-136
-181
-221
-273
-352
-424
-546
-639
-781
-879
-989
-1044
-1039
-922
-745
-496
-260
47
353
650
872
943
1007
1003
975
854
632
429
306
195
102
-39
-106
-105
-99
-96
-124
-133
-126
-167
-197
-221
-248
-283
-329
-324
-239
-156
-50
47
188
358
501
594
651
643
623
547
441
294
110
-57
-186
-287
-354
-421
-437
-394
-321
-238
-165
-89
8
88
160
212
260
314
361
426
505
569
636
691
742
761
728
666
581
480
350
202
77
-26
-110
-177
-206
-203
-170
-132
-76
-8
55
90
118
126
132
110
66
28
-5
-38
-70
-101
-121
-154
-182
-225
-278
-345
-444
-564
-669
-781
-901
-987
-1053
-1027
-911
-714
-513
-257
7
325
598
810
891
955
977
964
858
689
508
403
298
184
56
-17
-39
-52
-79
-114
-144
-150
-198
-235
-260
-289
-328
-367
-364
-282
-196
-97
2
131
295
436
529
582
587
580
539
453
331
179
35
-80
-184
-266
-340
-376
-370
-339
-288
-225
-167
-98
-33
46
127
186
233
284
365
458
526
567
604
646
680
663
618
561
491
415
318
218
127
38
-28
-69
-96
-92
-94
-68
-32
14
59
89
118
138
146
139
103
73
38
9
-26
-72
-111
-149
-197
-272
-359
-457
-535
-635
-732
-850
-902
-951
-941
-937
-843
-662
-444
-206
21
268
546
745
853
902
910
946
887
760
604
482
425
324
200
93
20
-18
-85
-177
-230
-279
-307
-354
-368
-345
-327
-313
-284
-208
-91
8
83
161
241
330
389
415
420
407
390
370
321
257
169
78
2
-83
-168
-244
-303
-340
-361
-356
-312
-256
-181
-98
11
146
260
340
416
494
571
603
589
584
587
577
536
477
436
404
357
293
229
182
130
77
25
-9
-30
-46
-48
-36
-9
26
56
95
124
151
149
135
105
90
37
-9
-102
-158
-238
-299
-412
-506
-598
-665
-731
-816
-873
-898
-865
-833
-748
-625
-408
-208
21
203
434
629
784
842
887
913
933
877
776
656
585
486
364
211
74
-27
-124
-246
-337
-414
-420
-426
-411
-372
-310
-242
-171
-128
-54
7
65
100
123
159
215
254
291
304
331
370
383
360
303
234
165
68
-54
-171
-269
-334
-381
-404
-385
-325
-246
-156
-56
70
190
294
372
447
513
564
582
576
566
560
551
527
491
453
422
381
333
263
200
140
87
40
-11
-46
-62
-63
-45
-22
13
58
106
154
185
183
167
135
101
52
-18
-88
-171
-225
-302
-373
-461
-506
-574
-587
-647
-655
-678
-658
-659
-603
-534
-400
-261
-95
89
282
477
634
750
825
887
901
889
808
708
603
501
356
211
54
-66
-179
-275
-351
-381
-390
-363
-344
-274
-210
-159
-128
-104
-88
-47
-47
-26
-21
11
53
117
168
238
277
338
367
380
346
289
205
132
28
-65
-163
-230
-279
-301
-300
-267
-227
-165
-92
10
119
208
282
363
438
496
517
528
542
548
539
512
484
448
405
364
327
284
226
157
108
72
37
-6
-46
-56
-39
-13
13
40
80
133
166
184
162
137
98
61
-5
-67
-140
-190
-251
-287
-359
-379
-425
-457
-500
-524
-563
-576
-607
-615
-587
-518
-404
-284
-116
55
257
441
609
717
826
868
902
872
795
670
565
421
293
124
-10
-130
-218
-300
-346
-387
-376
-379
-352
-311
-266
-238
-206
-191
-132
-91
-56
-31
1
49
100
132
177
211
251
280
289
293
281
254
218
164
101
35
-34
-89
-152
-201
-230
-234
-224
-196
-160
-80
5
105
186
278
365
445
497
537
553
572
569
550
514
459
401
342
281
209
137
71
31
-4
-25
-47
-39
-14
21
57
98
139
188
211
226
221
207
171
129
71
32
-28
-62
-112
-134
-168
-191
-247
-274
-324
-364
-424
-487
-542
-562
-588
-584
-569
-491
-368
-231
-72
82
255
422
565
643
725
759
799
763
704
607
545
431
308
146
35
-93
-193
-323
-397
-446
-448
-470
-434
-375
-276
-218
-153
-98
-14
31
55
49
76
81
87
76
97
126
161
175
207
233
256
252
237
217
188
134
70
-2
-67
-116
-165
-193
-212
-199
-161
-83
-4
81
161
277
377
468
522
569
607
631
606
565
502
437
355
260
171
94
24
-23
-55
-51
-34
-14
18
63
115
170
205
234
251
263
270
264
239
208
171
133
101
45
5
-53
-77
-131
-161
-224
-253
-298
-318
-365
-386
-431
-455
-480
-510
-502
-495
-417
-345
-210
-108
77
196
388
469
607
667
757
740
735
617
571
445
332
164
33
-99
-173
-286
-338
-385
-372
-347
-309
-254
-171
-113
-60
-38
-9
30
36
30
13
8
17
25
21
42
58
108
134
163
174
201
202
211
175
160
115
85
24
-19
-71
-81
-107
-94
-97
-54
-13
53
112
198
275
369
431
494
519
537
532
511
462
393
307
235
165
91
32
-16
-29
-28
-16
12
51
102
157
208
261
306
335
359
364
368
351
310
253
201
140
85
9
-39
-74
-102
-124
-157
-173
-195
-215
-265
-301
-369
-398
-472
-491
-548
-539
-551
-489
-436
-312
-207
-51
80
230
351
450
525
572
589
574
532
463
404
320
242
134
44
-47
-111
-177
-215
-256
-254
-254
-219
-182
-133
-101
-57
-32
4
9
12
0
-5
-28
-40
-64
-54
-56
-33
-19
22
58
101
131
167
190
210
204
187
169
143
109
64
33
8
2
-11
4
26
84
132
198
249
317
361
407
415
427
408
385
333
273
204
151
96
53
16
5
17
37
65
105
160
224
274
309
342
374
394
393
377
359
340
307
257
201
153
105
49
-5
-57
-89
-127
-165
-211
-237
-274
-295
-352
-380
-431
-453
-508
-539
-574
-562
-542
-487
-413
-310
-179
-44
90
204
326
412
507
543
579
559
533
472
427
331
255
145
68
-14
-75
-135
-168
-208
-198
-193
-159
-132
-116
-101
-79
-69
-58
-74
-92
-98
-113
-116
-122
-108
-82
-48
-14
43
88
144
173
213
246
277
277
270
240
226
188
147
96
57
27
12
-6
-5
-1
29
70
114
162
208
255
289
310
316
329
320
308
272
246
220
199
162
135
114
119
119
131
151
189
228
274
308
347
380
400
402
399
385
367
331
291
247
199
144
88
34
-13
-54
-102
-153
-186
-229
-257
-303
-342
-379
-410
-443
-476
-508
-534
-539
-546
-538
-514
-450
-379
-274
-180
-53
65
194
285
375
452
510
535
522
502
481
444
363
277
188
121
35
-45
-123
-170
-207
-227
-236
-216
-192
-173
-157
-130
-94
-73
-76
-81
-73
-64
-66
-72
-66
-48
-26
-1
32
78
123
162
198
233
256
262
258
247
232
202
162
119
82
42
14
-8
-9
-5
18
47
88
124
165
206
244
266
282
293
301
297
276
257
237
208
183
160
151
154
159
177
207
249
294
334
375
419
442
451
439
422
386
334
264
196
123
50
-29
-95
-149
-192
-234
-266
-291
-302
-321
-341
-360
-376
-390
-412
-443
-453
-474
-469
-491
-476
-461
-390
-335
-231
-152
-31
70
182
270
361
428
484
511
502
496
458
420
335
267
174
107
7
-61
-142
-176
-227
-234
-236
-187
-157
-118
-92
-52
-21
-2
-9
-13
-13
-32
-57
-83
-84
-75
-56
-45
-4
40
99
136
179
216
258
271
275
255
243
210
171
116
73
33
10
-14
-26
-32
-9
18
57
98
147
194
242
272
301
322
325
319
302
287
271
255
233
225
219
234
242
259
274
305
329
355
364
376
375
376
356
333
292
253
198
145
77
9
-65
-130
-184
-231
-258
-286
-291
-307
-305
-313
-309
-316
-338
-348
-380
-394
-434
-460
-497
-492
-486
-441
-390
-303
-195
-78
43
161
270
362
455
499
553
548
542
503
461
384
317
217
140
51
-20
-78
-123
-164
-174
-172
-151
-124
-110
-81
-59
-41
-34
-38
-46
-51
-76
-92
-107
-100
-91
-80
-63
-20
21
64
93
131
171
204
218
225
216
206
177
139
98
58
22
-10
-35
-45
-40
-20
16
55
113
175
241
295
342
378
412
421
416
395
365
331
299
261
230
202
189
185
199
220
244
265
293
320
340
346
336
319
295
264
221
176
128
79
23
-35
-82
-123
-162
-188
-209
-215
-233
-241
-266
-258
-286
-284
-328
-326
-367
-364
-406
-416
-438
-440
-445
-423
-376
-317
-220
-138
-18
83
204
273
376
417
486
487
494
461
444
387
333
252
193
126
62
5
-42
-77
-108
-131
-139
-115
-112
-104
-105
-90
-78
-70
-91
-97
-116
-121
-146
-153
-154
-137
-121
-87
-52
4
45
89
132
177
207
223
226
222
210
185
163
131
116
90
85
77
94
101
132
153
190
223
257
285
307
326
336
338
328
316
290
268
239
219
199
184
172
170
175
191
202
214
227
247
262
269
258
247
226
200
158
113
66
19
-36
-87
-125
-152
-166
-187
-200
-213
-215
-228
-236
-256
-259
-285
-301
-334
-358
-378
-401
-420
-437
-426
-411
-367
-316
-238
-153
-54
48
147
240
330
401
457
490
498
504
488
451
394
326
256
182
104
36
-21
-75
-113
-143
-145
-144
-144
-144
-139
-137
-134
-152
-164
-174
-194
-214
-228
-221
-199
-181
-157
-112
-56
7
64
121
178
229
264
289
300
301
286
263
240
209
178
142
112
92
79
70
79
89
118
145
180
210
246
268
289
302
313
311
300
282
261
244
220
201
179
171
165
171
172
180
184
198
206
214
215
216
207
189
162
127
91
44
-2
-47
-82
-115
-141
-172
-186
-209
-210
-234
-231
-255
-254
-286
-296
-330
-347
-385
-400
-426
-431
-420
-396
-345
-288
-193
-110
6
92
203
273
376
426
495
506
533
513
506
443
391
312
244
159
85
12
-46
-100
-143
-166
-175
-169
-179
-168
-167
-147
-147
-145
-153
-144
-157
-156
-165
-158
-149
-129
-105
-60
-15
38
85
138
192
233
267
294
313
319
311
289
268
228
192
151
124
99
81
67
74
90
117
144
175
215
245
270
284
294
301
293
273
255
235
216
193
172
161
156
152
156
157
172
188
203
214
223
223
222
202
180
145
110
66
21
-25
-64
-103
-137
-174
-203
-229
-250
-268
-286
-294
-313
-310
-335
-327
-354
-349
-381
-374
-380
-344
-324
-267
-213
-128
-47
37
122
202
295
349
421
434
478
466
477
429
404
329
283
197
145
70
15
-50
-96
-126
-141
-149
-163
-161
-165
-148
-149
-139
-147
-148
-163
-159
-166
-154
-158
-146
-131
-96
-63
-21
19
69
119
171
219
260
289
309
319
313
301
272
237
196
162
128
102
78
70
71
86
99
122
141
169
191
217
229
242
243
242
231
226
210
194
176
165
160
155
154
149
154
163
175
180
184
182
181
169
154
134
99
65
26
-9
-45
-81
-119
-157
-191
-220
-251
-281
-299
-318
-325
-335
-338
-343
-341
-351
-344
-344
-328
-306
-266
-215
-147
-76
-6
70
133
208
261
316
351
391
405
418
401
386
347
309
249
193
128
75
19
-27
-63
-90
-102
-111
-113
-113
-116
-120
-119
-125
-127
-142
-151
-158
-155
-158
-149
-143
-112
-86
-49
-8
45
90
135
166
207
237
257
262
257
260
247
232
201
181
153
142
122
121
111
115
111
123
129
146
152
167
177
186
189
189
188
184
178
173
169
164
164
157
160
152
159
156
161
162
170
164
170
164
157
147
132
115
93
63
30
0
-38
-69
-109
-141
-178
-200
-227
-241
-267
-279
-295
-300
-311
-321
-330
-336
-333
-327
-302
-269
-216
-165
-105
-46
28
88
161
208
263
293
320
329
340
335
327
297
270
240
210
176
138
105
76
51
20
1
-26
-36
-55
-74
-91
-103
-114
-121
-133
-137
-137
-138
-134
-127
-112
-90
-63
-33
-3
29
63
96
122
147
168
185
200
212
215
216
208
201
189
183
172
163
151
142
136
132
128
130
133
144
149
151
150
145
141
136
129
120
111
107
103
100
106
114
126
137
150
156
163
163
161
154
145
134
114
94
76
58
35
12
-13
-32
-60
-80
-107
-129
-157
-176
-195
-205
-216
-224
-233
-234
-232
-235
-225
-217
-195
-175
-149
-126
-96
-72
-42
-23
5
24
48
69
92
113
132
148
161
180
192
196
196
191
185
170
149
130
108
85
60
34
12
-9
-28
-47
-61
-67
-73
-77
-84
-82
-80
-78
-75
-68
-53
-39
-27
-12
4
27
44
63
73
93
105
121
129
143
154
162
168
169
173
176
181
179
182
177
178
166
155
140
131
117
106
96
90
86
84
85
93
101
109
119
133
144
157
162
161
156
154
149
148
139
135
126
122
109
96
79
63
46
20
-7
-32
-54
-80
-102
-131
-148
-171
-186
-208
-224
-240
-249
-261
-263
-262
-257
-244
-222
-196
-167
-133
-103
-59
-28
8
34
62
84
102
111
124
131
138
137
139
144
145
146
149
154
157
160
155
152
145
137
122
105
84
66
41
19
-6
-25
-43
-57
-65
-66
-66
-55
-46
-28
-9
9
26
40
53
60
69
72
80
82
90
98
110
118
125
136
151
163
169
173
180
188
189
185
183
176
162
145
130
116
106
94
86
85
85
91
97
107
121
131
146
158
166
170
172
172
170
164
151
139
118
103
83
64
42
20
2
-15
-24
-38
-44
-57
-59
-72
-80
-94
-108
-125
-143
-163
-177
-189
-200
-202
-203
-192
-183
-165
-144
-116
-85
-55
-28
-6
15
32
53
62
72
80
87
94
99
103
112
119
126
136
141
153
158
165
166
167
159
153
140
125
104
82
62
38
15
-9
-25
-37
-43
-48
-47
-42
-26
-13
4
20
34
47
60
69
78
85
88
92
94
101
104
108
113
122
134
145
157
165
171
177
179
177
171
165
151
141
125
113
99
93
89
91
93
101
109
118
125
130
137
140
141
139
137
134
129
123
110
98
81
67
47
30
7
-11
-26
-39
-50
-61
-71
-81
-83
-91
-93
-101
-103
-113
-120
-127
-133
-141
-144
-149
-145
-145
-138
-133
-117
-101
-78
-61
-41
-26
-10
8
25
40
55
68
76
83
86
92
93
100
103
113
115
123
126
133
130
132
127
127
123
119
105
92
74
61
47
39
27
20
12
10
10
8
8
14
26
36
46
50
61
64
73
75
83
85
93
91
99
97
107
108
114
116
120
119
121
123
125
125
127
129
131
131
130
132
130
124
116
110
102
91
80
74
73
76
83
89
97
105
110
112
112
108
97
85
65
49
29
13
-8
-25
-45
-58
-74
-83
-88
-92
-93
-96
-99
-102
-103
-106
-107
-113
-111
-115
-112
-116
-112
-111
-105
-95
-83
-66
-48
-30
-11
6
26
40
52
64
69
76
77
79
76
78
76
79
77
80
81
88
91
98
100
106
113
119
124
121
116
111
102
96
87
80
69
61
53
44
38
30
29
28
34
35
43
49
57
62
73
77
83
83
87
88
86
81
79
78
80
85
91
99
109
117
120
128
134
139
143
142
139
131
122
107
97
81
69
59
55
55
62
68
69
75
79
85
84
82
76
78
67
62
45
35
15
1
-23
-33
-51
-58
-70
-74
-83
-82
-86
-88
-92
-94
-98
-103
-101
-107
-103
-109
-105
-104
-90
-82
-67
-60
-43
-30
-12
4
16
22
31
37
42
45
41
47
46
48
48
53
57
65
68
74
79
86
93
99
107
115
120
123
126
126
130
126
121
116
114
102
92
82
73
59
54
45
41
36
31
33
39
45
55
59
55
52
51
56
62
66
64
69
68
68
77
82
86
95
95
98
96
95
93
93
89
86
82
81
82
84
84
84
79
76
69
67
68
61
51
41
37
27
23
15
10
3
-2
-6
-13
-23
-28
-34
-46
-50
-56
-63
-72
-82
-88
-93
-101
-108
-110
-114
-107
-103
-97
-90
-79
-72
-64
-56
-47
-41
-34
-32
-27
-27
-22
-19
-18
-16
-9
-8
-5
2
8
20
25
33
42
48
55
59
63
76
82
89
99
103
111
113
112
114
111
109
108
105
101
94
88
88
80
78
70
64
59
54
48
42
34
32
26
23
22
19
21
23
28
35
45
51
55
53
58
60
62
59
57
59
60
59
58
52
49
49
53
57
64
68
70
72
70
69
62
57
43
35
24
15
6
-2
-10
-15
-20
-21
-25
-26
-27
-27
-25
-29
-34
-40
-43
-49
-54
-61
-69
-74
-76
-80
-82
-84
-82
-79
-75
-72
-66
-61
-55
-48
-46
-39
-33
-28
-30
-27
-34
-31
-40
-40
-45
-38
-37
-28
-23
-13
0
17
32
44
56
66
74
79
85
89
93
94
99
100
105
102
105
106
112
114
114
111
107
103
97
91
86
76
66
62
56
47
39
31
25
24
24
22
24
25
27
30
29
32
33
33
31
27
25
22
22
23
24
30
37
43
51
56
60
66
67
65
62
59
58
54
47
43
40
37
33
27
23
23
15
11
1
-3
-7
-10
-17
-21
-27
-29
-31
-31
-31
-31
-30
-27
-25
-23
-23
-23
-25
-28
-31
-37
-40
-44
-48
-52
-52
-54
-52
-54
-53
-50
-45
-42
-37
-32
-25
-17
-12
-8
-6
-3
1
7
13
20
29
36
47
58
64
80
87
101
108
113
119
121
121
129
122
123
113
107
104
99
97
94
93
93
92
91
90
88
85
78
74
64
54
44
35
21
13
4
0
-8
-14
-17
-15
-10
0
5
14
23
31
36
39
44
43
42
37
32
27
26
23
25
23
25
24
29
32
35
37
37
35
34
30
23
15
6
-2
-11
-20
-28
-33
-38
-41
-39
-34
-27
-19
-14
-8
-2
1
6
7
4
0
-8
-16
-25
-38
-45
-51
-53
-57
-57
-55
-50
-44
-38
-33
-29
-24
-21
-20
-21
-20
-20
-19
-18
-15
-14
-5
1
14
21
32
45
54
63
72
81
87
90
95
96
96
96
90
89
88
89
89
90
90
89
88
88
86
85
78
73
66
59
49
42
31
25
16
11
4
-2
-9
-12
-14
-11
-10
-8
-5
-4
0
2
6
8
10
9
8
7
5
8
12
17
20
27
31
32
35
37
42
46
45
45
43
39
33
29
22
14
5
-1
-4
-5
-6
-9
-9
-5
-1
3
2
4
5
9
11
10
7
7
2
-1
-5
-8
-11
-7
-7
-6
-7
-6
-12
-15
-17
-20
-19
-23
-29
-28
-28
-28
-26
-23
-20
-14
-8
-4
1
10
17
24
26
30
35
37
39
42
43
49
54
58
64
67
75
80
85
89
90
90
88
85
81
76
71
63
54
47
45
42
38
35
33
29
27
24
19
16
11
6
4
3
1
-1
-2
-1
-2
-2
-4
0
0
1
0
2
6
10
12
15
19
21
26
28
28
28
27
24
24
21
23
22
24
20
18
17
18
17
20
17
21
18
16
12
10
8
6
6
5
7
7
6
4
5
3
8
7
8
7
3
-3
-8
-11
-13
-16
-18
-21
-23
-26
-29
-29
-31
-29
-27
-27
-24
-22
-19
-13
-7
-5
-2
-6
-3
2
4
6
3
7
9
16
24
29
35
40
41
46
44
44
42
41
42
42
42
43
41
41
37
38
35
35
35
31
27
24
20
19
15
13
11
7
7
1
-2
-8
-10
-10
-10
-12
-16
-19
-20
-16
-14
-13
-12
-9
-5
1
3
6
7
9
11
11
8
6
5
5
5
7
5
6
5
5
9
12
12
11
8
9
11
12
12
13
9
11
11
7
6
4
1
2
3
0
-1
-3
-3
-8
-11
-14
-17
-20
-23
-27
-30
-36
-37
-38
-37
-35
-33
-30
-27
-25
-26
-27
-31
-31
-30
-32
-35
-39
-38
-33
-28
-23
-17
-12
-9
-2
1
6
7
11
13
17
19
23
22
21
19
17
16
17
19
19
19
22
22
22
20
13
9
5
0
-4
-7
-14
-19
-23
-24
-22
-21
-20
-18
-19
-19
-18
-15
-15
-13
-14
-13
-11
-11
-11
-10
-14
-15
-13
-9
-6
-6
-3
-3
-1
1
0
-4
-5
-5
-5
-1
2
5
8
12
13
16
17
19
16
16
14
15
15
12
10
8
5
4
1
-2
-2
-3
-8
-10
-9
-7
-6
-6
-7
-6
-8
-10
-12
-15
-16
-18
-21
-25
-26
-28
-30
-32
-31
-30
-28
-30
-28
-25
-23
-22
-22
-23
-25
-24
-23
-18
-15
-12
-10
-3
0
5
7
11
12
16
18
20
22
21
22
22
23
20
18
14
10
6
1
-3
-7
-7
-8
-10
-12
-14
-15
-13
-12
-9
-11
-14
-13
-15
-12
-10
-5
-6
-6
-4
-3
-5
-8
-11
-11
-9
-5
-7
-8
-9
-9
-7
-5
-2
2
3
7
11
12
15
16
18
21
20
18
18
15
16
15
15
17
18
15
15
12
8
5
3
1
3
3
0
-1
-1
1
3
4
6
8
10
10
7
5
3
1
-1
-4
-10
-11
-12
-11
-12
-14
-19
-20
-18
-16
-17
-21
-24
-25
-23
-22
-20
-19
-15
-10
-6
-4
-2
0
3
5
7
11
16
15
14
14
13
13
14
13
12
10
6
3
2
3
1
3
0
-1
-5
-7
-7
-8
-5
-4
-4
-1
2
2
0
-3
-5
-7
-10
-11
-16
-18
-20
-22
-21
-19
-13
-10
-7
-4
-7
-6
-2
1
2
3
1
-1
-1
2
4
7
9
12
15
16
17
19
20
20
21
19
17
14
14
13
12
13
13
16
17
23
25
26
27
27
26
25
23
21
17
13
9
7
6
4
3
0
-6
-9
-10
-11
-13
-18
-19
-18
-16
-15
-13
-13
-11
-8
-7
-5
-4
-1
3
6
7
5
3
5
8
10
12
11
9
12
13
13
13
10
10
10
9
8
8
6
4
3
6
7
11
12
10
10
9
10
10
9
6
2
-1
-3
-6
-7
-11
-10
-7
-6
-4
-4
-4
-7
-8
-7
-4
-4
-2
-4
-4
-3
-1
1
5
8
13
15
17
15
14
17
20
22
18
13
11
8
6
8
8
11
14
17
19
18
18
18
21
26
27
27
26
26
26
26
23
22
21
22
22
21
19
17
14
11
11
10
7
3
0
-2
-6
-7
-7
-8
-7
-9
-9
-6
-2
1
2
2
4
6
6
7
8
10
10
9
8
6
8
10
10
11
11
9
7
6
6
10
10
13
13
13
14
15
15
15
13
11
7
5
4
3
1
-1
0
1
0
-2
-5
-6
-5
-3
-3
-5
-6
-3
0
-4
-8
-10
-12
-11
-10
-10
-9
-6
-1
2
1
2
4
6
8
5
2
0
-3
-1
0
2
3
5
7
8
9
10
11
11
11
11
13
12
16
18
20
19
19
21
22
24
24
23
22
20
18
15
12
9
9
11
11
12
11
10
8
5
2
-3
-6
-6
-7
-7
-8
-9
-7
-8
-8
-6
-5
-3
-2
-1
0
-1
0
0
2
-2
-5
-3
-1
2
4
5
4
3
4
3
2
3
4
4
3
1
0
0
-2
-2
-1
1
2
0
0
0
1
2
3
3
2
-1
-3
-7
-9
-9
-10
-11
-14
-14
-12
-10
-9
-12
-14
-16
-15
-14
-17
-17
-17
-13
-12
-11
-15
-11
-10
-7
-6
-4
-1
2
3
3
4
5
5
4
4
6
7
7
7
7
8
10
10
11
11
10
11
12
10
9
10
12
11
10
10
8
8
8
7
4
0
-2
0
2
2
1
-1
-1
-1
-3
-2
0
0
-3
-6
-5
-3
-3
-2
-2
0
1
2
3
3
5
5
5
3
1
-2
-3
-4
-3
-3
-5
-9
-12
-12
-9
-5
-5
-5
-3
-2
-1
0
0
0
2
1
-1
-3
-2
-3
-2
-3
-3
-3
-4
-5
-7
-7
-7
-8
-8
-11
-14
-15
-17
-17
-16
-14
-16
-17
-19
-20
-18
-17
-15
-12
-10
-11
-11
-10
-10
-6
-5
-3
2
5
7
7
5
3
3
3
4
6
5
6
6
8
10
15
19
19
19
16
15
15
17
16
16
16
12
9
4
1
0
-1
0
2
2
2
1
1
3
3
5
6
6
6
4
-1
-2
-1
-2
-4
-4
-5
-2
1
1
3
5
6
7
5
2
1
-1
-1
-1
-1
-3
-5
-5
-5
-4
-6
-7
-4
-1
-2
-2
-2
0
2
0
0
-1
-1
-2
0
-1
-2
-3
-4
-3
-4
-2
-3
-6
-7
-6
-9
-10
-13
-15
-15
-17
-15
-15
-15
-18
-20
-21
-22
-20
-19
-19
-17
-14
-11
-12
-12
-10
-8
-5
-3
0
0
0
0
3
5
7
8
9
10
10
10
10
10
9
11
11
12
11
10
9
8
6
4
4
6
7
4
2
0
-1
1
2
1
0
2
1
1
1
0
1
3
3
1
0
-3
-7
-7
-5
-4
-6
-6
-7
-7
-5
-8
-9
-9
-6
-7
-7
-8
-8
-10
-11
-12
-12
-11
-11
-12
-12
-13
-13
-14
-14
-12
-11
-10
-12
-12
-13
-13
-11
-12
-12
-12
-12
-9
-9
-8
-8
-8
-8
-9
-12
-14
-16
-17
-20
-23
-22
-23
-25
-26
-28
-30
-31
-31
-30
-32
-33
-33
-31
-28
-27
-25
-22
-19
-15
-12
-10
-8
-7
-4
-3
-1
0
2
1
1
5
5
5
4
2
3
6
5
3
0
-1
-2
-3
-3
-6
-6
-6
-3
-3
-3
-4
-3
-1
-3
-5
-8
-10
-10
-10
-8
-7
-6
-5
-7
-6
-5
-6
-8
-7
-8
-7
-10
-10
-10
-10
-8
-7
-6
-7
-9
-9
-7
-8
-9
-9
-9
-8
-7
-8
-10
-11
-11
-14
-16
-16
-15
-13
-15
-17
-18
-16
-11
-7
-5
-8
-8
-8
-8
-7
-9
-8
-7
-7
-8
-10
-14
-17
-16
-17
-17
-21
-20
-20
-22
-23
-26
-23
-22
-22
-21
-21
-20
-19
-20
-18
-14
-11
-9
-8
-8
-8
-6
-4
-2
-3
-4
-3
-1
4
2
0
-1
-2
-1
0
-2
-1
-2
-4
-4
-4
-1
0
-2
-4
-2
-1
-1
-2
-6
-12
-13
-11
-12
-14
-14
-12
-12
-12
-12
-11
-7
-6
-7
-8
-6
-7
-8
-8
-7
-9
-10
-12
-13
-13
-12
-15
-17
-18
-18
-19
-18
-19
-19
-20
-22
-23
-25
-26
-26
-26
-26
-25
-24
-25
-26
-27
-25
-22
-21
-23
-24
-26
-25
-24
-22
-24
-25
-26
-26
-25
-25
-21
-21
-23
-25
-26
-28
-25
-26
-27
-26
-26
-26
-28
-30
-31
-27
-24
-23
-25
-29
-32
-31
-30
-30
-34
-37
-37
-33
-28
-28
-31
-32
-30
-27
-25
-23
-22
-23
-17
-14
-15
-17
-18
-17
-16
-13
-13
-16
-16
-15
-15
-17
-18
-20
-22
-24
-24
-24
-24
-22
-21
-23
-24
-26
-26
-26
-25
-26
-25
-24
-25
-25
-22
-20
-18
-18
-20
-23
-25
-23
-24
-26
-29
-31
-31
-31
-32
-35
-35
-35
-35
-37
-40
-40
-38
-36
-36
-36
-34
-36
-38
-37
-36
-34
-35
-34
-33
-33
-33
-35
-37
-38
-38
-38
-37
-39
-36
-34
-35
-34
-33
-32
-32
-32
-31
-28
-28
-28
-29
-30
-33
-35
-36
-36
-34
-37
-38
-40
-40
-40
-40
-44
-44
-44
-46
-47
-49
-50
-50
-47
-46
-45
-43
-40
-35
-31
-31
-33
-32
-29
-26
-22
-23
-23
-23
-24
-25
-26
-26
-27
-24
-22
-23
-27
-30
-30
-30
-29
-28
-31
-34
-35
-35
-34
-32
-33
-34
-33
-31
-32
-32
-32
-33
-32
-31
-31
-29
-31
-33
-34
-37
-39
-39
-40
-40
-36
-36
-38
-40
-40
-39
-37
-37
-38
-38
-37
-36
-34
-33
-33
-32
-31
-30
-30
-33
-35
-35
-36
-36
-36
-38
-38
-40
-42
-43
-43
-40
-38
-39
-39
-39
-37
-35
-34
-35
-36
-38
-38
-38
-39
-39
-41
-41
-44
-47
-47
-45
-44
-45
-44
-43
-43
-42
-44
-45
-46
-46
-45
-46
-48
-48
-47
-45
-42
-43
-42
-40
-38
-37
-36
-35
-31
-30
-30
-31
-32
-33
-33
-31
-29
-29
-28
-28
-28
-28
-28
-28
-27
-26
-29
-29
-28
-28
-28
-27
-28
-30
-31
-31
-33
-33
-33
-35
-35
-33
-34
-32
-33
-35
-37
-39
-37
-33
-33
-32
-32
-33
-33
-34
-33
-32
-33
-34
-35
-35
-35
-34
-32
-30
-31
-33
-33
-33
-31
-32
-33
-33
-34
-33
-32
-32
-31
-34
-36
-36
-36
-36
-40
-41
-41
-39
-38
-35
-34
-36
-37
-37
-36
-36
-36
-37
-37
-34
-33
-36
-37
-40
-41
-39
-40
-42
-40
-40
-39
-40
-39
-41
-40
-37
-34
-35
-37
-37
-38
-38
-39
-40
-40
-39
-37
-35
-36
-38
-38
-36
-33
-32
-32
-33
-33
-33
-33
-33
-35
-33
-31
-32
-32
-34
-36
-39
-39
-39
-38
-38
-40
-40
-40
-40
-42
-43
-45
-45
-45
-45
-44
-42
-43
-44
-43
-43
-43
-44
-45
-44
-43
-45
-45
-44
-42
-41
-40
-41
-43
-41
-37
-36
-36
-36
-38
-37
-37
-36
-36
-36
-38
-39
-39
-37
-34
-36
-38
-39
-38
-38
-39
-39
-39
-41
-42
-42
-44
-45
-45
-45
-45
-45
-45
-44
-47
-51
-50
-48
-47
-49
-50
-49
-49
-47
-50
-52
-52
-50
-48
-48
-50
-50
-48
-48
-48
-46
-44
-42
-42
-45
-46
-46
-45
-46
-44
-45
-47
-44
-43
-42
-40
-40
-37
-36
-36
-37
-36
-36
-33
-31
-30
-30
-30
-31
-32
-31
-32
-34
-33
-33
-34
-34
-35
-37
-36
-37
-37
-38
-39
-36
-36
-39
-42
-44
-44
-40
-39
-41
-42
-42
-42
-40
-38
-35
-34
-35
-36
-39
-38
-38
-39
-39
-41
-40
-40
-41
-42
-43
-44
-43
-42
-41
-40
-40
-42
-44
-44
-42
-41
-40
-40
-39
-41
-43
-45
-47
-48
-46
-45
-47
-48
-47
-48
-49
-49
-49
-49
-48
-48
-49
-50
-51
-50
-50
-48
-47
-45
-46
-48
-52
-53
-51
-49
-48
-47
-48
-47
-45
-45
-49
-52
-54
-55
-52
-49
-47
-46
-50
-51
-51
-50
-49
-50
-49
-48
-48
-49
-51
-50
-51
-49
-49
-48
-47
-47
-45
-46
-48
-50
-52
-53
-54
-50
-48
-50
-50
-52
-55
-55
-52
-50
-49
-50
-50
-50
-50
-48
-47
-46
-43
-42
-41
-40
-42
-41
-39
-39
-37
-39
-40
-44
-45
-42
-41
-42
-45
-48
-51
-49
-46
-47
-46
-47
-47
-47
-48
-49
-51
-50
-49
-47
-44
-47
-48
-47
-46
-46
-48
-50
-50
-49
-50
-51
-53
-54
-55
-53
-52
-51
-52
-53
-54
-52
-48
-47
-49
-51
-52
-51
-48
-48
-48
-51
-55
-56
-55
-55
-54
-56
-59
-60
-59
-58
-56
-57
-57
-57
-56
-57
-59
-57
-55
-54
-56
-56
-57
-56
-54
-50
-47
-48
-48
-48
-49
-49
-48
-47
-48
-49
-51
-52
-53
-52
-50
-52
-51
-51
-53
-52
-52
-52
-50
-52
-53
-54
-56
-54
-54
-53
-54
-55
-55
-55
-54
-52
-52
-53
-53
-54
-55
-55
-55
-54
-55
-54
-53
-53
-53
-52
-53
-52
-50
-48
-47
-49
-48
-49
-50
-51
-49
-50
-49
-49
-52
-51
-51
-54
-54
-54
-56
-54
-52
-52
-53
-54
-56
-57
-57
-57
-55
-51
-51
-52
-52
-51
-50
-51
-51
-51
-49
-47
-49
-48
-48
-49
-49
-50
-51
-52
-54
-55
-57
-56
-54
-55
-56
-57
-57
-56
-56
-57
-56
-58
-55
-54
-54
-53
-52
-51
-50
-51
-51
-49
-49
-48
-49
-51
-49
-50
-47
-45
-46
-46
-48
-52
-51
-47
-46
-45
-47
-48
-48
-50
-48
-46
-46
-47
-48
-47
-46
-49
-52
-53
-55
-54
-54
-54
-55
-55
-56
-57
-55
-54
-55
-55
-55
-53
-52
-53
-53
-53
-51
-49
-47
-45
-44
-43
-42
-42
-43
-44
-45
-44
-45
-46
-46
-43
-42
-43
-44
-45
-47
-48
-48
-47
-45
-46
-46
-49
-49
-49
-50
-51
-52
-50
-49
-51
-54
-54
-53
-51
-50
-49
-51
-53
-52
-51
-52
-54
-55
-55
-55
-52
-49
-50
-51
-52
-53
-54
-52
-51
-51
-49
-48
-47
-48
-49
-50
-46
-44
-42
-43
-48
-50
-51
-48
-47
-47
-49
-50
-47
-44
-44
-47
-51
-51
-48
-46
-45
-45
-48
-49
-49
-50
-50
-51
-51
-50
-49
-48
-47
-46
-46
-48
-50
-49
-49
-50
-49
-49
-48
-47
-48
-52
-53
-52
-50
-50
-49
-48
-48
-47
-46
-44
-43
-42
-43
-46
-47
-48
-46
-46
-46
-47
-45
-42
-41
-42
-44
-45
-41
-39
-41
-41
-41
-40
-40
-42
-44
-44
-44
-43
-43
-42
-42
-42
-44
-43
-43
-44
-44
-43
-45
-45
-45
-45
-43
-42
-42
-41
-40
-40
-42
-44
-46
-46
-45
-44
-43
-41
-41
-40
-40
-38
-37
-35
-32
-33
-34
-34
-36
-37
-38
-38
-39
-39
-38
-37
-37
-36
-36
-36
-35
-36
-37
-36
-33
-33
-35
-38
-37
-39
-39
-40
-40
-43
-43
-42
-41
-42
-42
-44
-40
-39
-38
-38
-39
-39
-38
-38
-37
-36
-35
-35
-34
-32
-31
-33
-35
-33
-30
-27
-28
-29
-30
-28
-28
-28
-31
-34
-34
-31
-30
-29
-30
-31
-30
-29
-30
-30
-33
-35
-34
-32
-29
-28
-30
-29
-27
-26
-28
-29
-29
-27
-27
-28
-29
-30
-29
-27
-24
-22
-23
-24
-24
-23
-21
-21
-22
-21
-21
-20
-19
-21
-22
-26
-27
-27
-27
-26
-24
-23
-23
-21
-23
-24
-26
-27
-26
-27
-27
-27
-27
-26
-25
-26
-27
-28
-28
-27
-27
-25
-24
-23
-23
-23
-24
-25
-27
-26
-25
-25
-28
-28
-27
-26
-27
-28
-28
-26
-25
-25
-25
-27
-26
-28
-28
-26
-25
-23
-22
-22
-21
-23
-24
-25
-26
-24
-23
-25
-28
-27
-25
-25
-26
-25
-21
-19
-20
-23
-23
-24
-24
-25
-25
-25
-23
-26
-23
-23
-24
-25
-25
-23
-21
-22
-24
-27
-26
-24
-25
-25
-23
-23
-21
-19
-22
-25
-26
-26
-24
-24
-23
-23
-21
-20
-18
-19
-16
-13
-13
-15
-17
-18
-18
-18
-19
-18
-17
-18
-21
-22
-21
-19
-20
-21
-24
-26
-27
-25
-21
-21
-21
-25
-28
-27
-25
-25
-25
-25
-24
-23
-24
-22
-23
-23
-20
-18
-19
-19
-19
-20
-20
-21
-20
-20
-20
-21
-21
-22
-23
-24
-25
-26
-25
-23
-20
-20
-19
-22
-22
-20
-24
-28
-28
-25
-21
-20
-22
-24
-23
-24
-24
-25
-26
-25
-25
-26
-29
-28
-26
-26
-24
-24
-25
-26
-26
-26
-24
-24
-23
-24
-26
-27
-25
-21
-21
-21
-20
-20
-19
-19
-20
-21
-21
-21
-19
-20
-21
-24
-25
-24
-22
-19
-21
-24
-23
-22
-20
-20
-20
-18
-17
-19
-22
-23
-22
-20
-19
-19
-21
-21
-21
-23
-24
-25
-24
-22
-23
-23
-23
-23
-24
-24
-24
-24
-24
-25
-25
-24
-23
-23
-23
-23
-24
-23
-22
-21
-20
-21
-21
-23
-24
-22
-22
-23
-24
-24
-24
-25
-24
-23
-24
-25
-23
-21
-22
-22
-24
-24
-24
-24
-25
-25
-22
-19
-20
-22
-24
-25
-23
-23
-24
-25
-28
-29
-31
-31
-31
-28
-28
-27
-27
-28
-29
-28
-28
-27
-29
-29
-29
-27
-25
-26
-26
-23
-22
-19
-19
-20
-19
-20
-22
-22
-21
-20
-18
-19
-20
-20
-21
-24
-23
-23
-23
-23
-23
-23
-22
-23
-21
-20
-19
-20
-21
-22
-22
-19
-21
-23
-22
-20
-18
-19
-19
-19
-19
-18
-19
-21
-21
-21
-20
-23
-23
-19
-18
-19
-20
-18
-18
-18
-18
-20
-23
-24
-20
-18
-17
-19
-22
-24
-23
-23
-23
-20
-20
-21
-23
-26
-24
-22
-21
-22
-23
-23
-23
-22
-23
-22
-20
-19
-17
-20
-23
-22
-21
-20
-21
-22
-20
-18
-16
-17
-17
-17
-16
-14
-14
-13
-14
-17
-16
-16
-16
-16
-17
-19
-21
-20
-20
-18
-18
-18
-17
-17
-18
-17
-17
-16
-17
-16
-17
-16
-15
-14
-13
-12
-13
-15
-17
-19
-19
-19
-21
-21
-21
-21
-21
-22
-21
-22
-23
-23
-23
-23
-23
-24
-26
-26
-24
-24
-23
-21
-22
-22
-22
-21
-21
-23
-23
-23
-24
-23
-24
-24
-24
-23
-21
-18
-17
-18
-18
-19
-20
-20
-20
-20
-21
-20
-20
-19
-18
-19
-19
-18
-20
-20
-19
-19
-19
-19
-21
-22
-21
-19
-20
-21
-22
-22
-22
-21
-19
-20
-21
-22
-22
-22
-23
-24
-24
-23
-21
-23
-23
-22
-20
-18
-18
-19
-19
-19
-19
-21
-24
-21
-18
-18
-17
-17
-18
-19
-19
-19
-17
-20
-22
-22
-23
-22
-21
-20
-21
-20
-19
-18
-17
-17
-18
-20
-20
-20
-20
-21
-21
-23
-22
-22
-23
-22
-23
-23
-21
-20
-19
-20
-21
-21
-20
-20
-21
-22
-23
-22
-20
-20
-21
-22
-22
-21
-19
-22
-23
-25
-27
-24
-23
-21
-20
-22
-21
-20
-20
-23
-23
-23
-21
-19
-18
-18
-19
-22
-25
-23
-19
-18
-20
-21
-20
-19
-19
-19
-18
-20
-20
-21
-21
-22
-23
-26
-27
-25
-23
-22
-23
-24
-21
-20
-20
-21
-22
-20
-17
-18
-18
-21
-24
-24
-22
-21
-21
-22
-22
-21
-21
-24
-24
-22
-18
-16
-16
-19
-20
-19
-18
-17
-17
-17
-17
-18
-18
-16
-16
-16
-18
-20
-20
-17
-14
-17
-19
-20
-19
-17
-18
-21
-24
-22
-20
-21
-22
-22
-23
-21
-21
-24
-25
-27
-26
-24
-24
-25
-26
-26
-23
-22
-23
-26
-30
-28
-27
-27
-29
-29
-27
-25
-28
-27
-25
-25
-25
-25
-24
-23
-25
-22
-20
-19
-20
-21
-22
-23
-24
-26
-24
-25
-26
-26
-25
-25
-26
-27
-27
-27
-27
-27
-26
-24
-23
-23
-24
-27
-26
-25
-26
-28
-29
-27
-25
-27
-28
-27
-26
-25
-23
-25
-25
-23
-26
-26
-25
-23
-22
-24
-26
-26
-26
-25
-23
-23
-24
-24
-23
-24
-26
-26
-25
-26
-24
-23
-22
-21
-23
-25
-26
-23
-22
-25
-26
-26
-28
-27
-26
-26
-26
-25
-28
-28
-29
-31
-29
-28
-30
-32
-35
-34
-34
-35
-36
-36
-37
-39
-40
-41
-41
-39
-38
-37
-37
-36
-36
-38
-39
-40
-38
-38
-38
-38
-39
-37
-37
-40
-41
-41
-41
-40
-39
-38
-36
-34
-31
-32
-35
-37
-38
-38
-36
-36
-35
-37
-38
-36
-35
-34
-34
-37
-39
-37
-36
-36
-38
-39
-42
-43
-41
-42
-44
-46
-46
-46
-44
-44
-43
-46
-46
-46
-45
-45
-45
-46
-44
-43
-41
-38
-38
-38
-37
-38
-40
-41
-42
-42
-42
-42
-44
-44
-41
-41
-40
-40
-41
-40
-43
-45
-43
-41
-43
-44
-47
-47
-47
-43
-41
-44
-48
-47
-45
-43
-40
-41
-42
-44
-44
-45
-46
-48
-48
-46
-42
-42
-45
-46
-47
-49
-48
-48
-46
-43
-44
-46
-50
-49
-50
-49
-51
-50
-49
-47
-47
-44
-42
-42
-44
-46
-46
-45
-45
-44
-45
-44
-44
-45
-46
-48
-48
-47
-46
-47
-50
-50
-50
-49
-47
-44
-42
-40
-41
-44
-45
-47
-46
-43
-41
-41
-43
-42
-39
-41
-44
-45
-45
-43
-41
-40
-41
-42
-41
-39
-40
-39
-40
-39
-38
-40
-41
-41
-40
-36
-35
-36
-37
-37
-35
-38
-40
-41
-41
-40
-39
-40
-40
-39
-38
-38
-39
-38
-36
-36
-37
-39
-39
-39
-36
-34
-35
-36
-35
-35
-36
-37
-40
-43
-42
-41
-43
-41
-41
-39
-37
-36
-39
-42
-45
-46
-45
-42
-39
-40
-40
-43
-42
-39
-38
-38
-42
-44
-44
-43
-42
-40
-40
-39
-42
-42
-44
-45
-46
-48
-48
-48
-47
-44
-44
-45
-47
-48
-48
-48
-47
-48
-47
-47
-46
-44
-43
-42
-40
-41
-43
-44
-44
-42
-40
-39
-39
-42
-43
-43
-41
-41
-41
-42
-44
-45
-41
-41
-42
-44
-45
-43
-43
-44
-46
-43
-41
-41
-38
-40
-39
-37
-36
-35
-37
-39
-40
-38
-41
-44
-42
-43
-43
-43
-44
-43
-42
-40
-40
-41
-39
-39
-41
-41
-41
-39
-37
-37
-37
-37
-37
-37
-37
-37
-38
-36
-39
-38
-38
-40
-39
-39
-37
-39
-41
-40
-38
-37
-36
-37
-38
-36
-37
-38
-34
-32
-32
-32
-33
-32
-32
-36
-37
-36
-33
-33
-34
-34
-33
-32
-34
-35
-36
-37
-40
-43
-43
-43
-41
-36
-34
-34
-36
-36
-34
-34
-34
-32
-31
-32
-33
-35
-34
-34
-35
-35
-34
-29
-28
-28
-31
-33
-36
-35
-33
-34
-35
-35
-34
-29
-30
-30
-31
-31
-30
-30
-30
-32
-35
-35
-33
-33
-32
-33
-32
-30
-28
-30
-33
-33
-33
-32
-31
-31
-34
-37
-39
-40
-40
-40
-38
-35
-35
-35
-35
-35
-36
-38
-38
-37
-36
-35
-36
-37
-38
-39
-37
-38
-38
-37
-38
-37
-36
-35
-36
-36
-35
-33
-32
-32
-32
-32
-33
-32
-33
-34
-35
-38
-36
-35
-35
-35
-35
-34
-34
-37
-37
-36
-32
-31
-32
-34
-36
-37
-39
-38
-37
-36
-35
-36
-36
-36
-37
-38
-41
-42
-42
-40
-39
-38
-33
-33
-34
-36
-39
-41
-43
-43
-43
-41
-39
-39
-38
-40
-39
-40
-39
-39
-42
-42
-42
-43
-43
-43
-45
-41
-40
-40
-41
-41
-42
-45
-45
-44
-44
-44
-44
-46
-42
-40
-40
-41
-43
-45
-44
-42
-42
-45
-46
-46
-44
-42
-43
-45
-46
-43
-42
-41
-43
-42
-41
-38
-37
-39
-40
-40
-40
-40
-38
-38
-40
-40
-42
-42
-40
-38
-37
-38
-40
-41
-41
-39
-40
-41
-41
-41
-40
-39
-39
-39
-38
-38
-39
-40
-42
-43
-43
-41
-39
-36
-36
-38
-40
-43
-42
-41
-40
-41
-39
-40
-42
-41
-43
-45
-42
-39
-38
-39
-41
-42
-38
-35
-36
-39
-39
-41
-41
-38
-37
-38
-38
-38
-39
-41
-42
-42
-42
-41
-41
-42
-44
-45
-46
-48
-47
-46
-46
-45
-46
-46
-47
-47
-45
-43
-45
-47
-47
-46
-43
-41
-41
-41
-41
-41
-42
-42
-44
-47
-48
-46
-42
-42
-45
-48
-47
-44
-42
-43
-46
-45
-43
-40
-42
-44
-44
-45
-43
-41
-43
-43
-41
-41
-39
-39
-38
-38
-39
-41
-42
-42
-42
-43
-44
-45
-45
-46
-46
-47
-48
-48
-47
-45
-46
-45
-45
-48
-47
-45
-43
-44
-43
-44
-43
-44
-46
-45
-45
-44
-43
-42
-41
-42
-44
-47
-48
-48
-48
-49
-47
-46
-46
-45
-46
-46
-45
-46
-44
-46
-46
-47
-47
-44
-45
-46
-47
-49
-48
-50
-50
-49
-50
-49
-48
-50
-50
-48
-47
-47
-49
-49
-47
-46
-44
-46
-48
-49
-49
-48
-47
-48
-48
-47
-45
-42
-45
-49
-47
-44
-42
-41
-44
-46
-44
-42
-43
-42
-44
-48
-46
-46
-46
-45
-47
-47
-47
-48
-48
-49
-50
-49
-46
-44
-47
-47
-48
-47
-46
-45
-44
-46
-46
-46
-48
-47
-47
-45
-43
-42
-42
-45
-45
-46
-48
-46
-45
-45
-43
-43
-44
-45
-45
-44
-41
-40
-39
-39
-40
-40
-41
-39
-38
-38
-38
-37
-36
-35
-35
-36
-38
-43
-44
-46
-47
-45
-44
-43
-41
-42
-42
-43
-43
-42
-42
-43
-43
-40
-39
-40
-42
-40
-38
-38
-40
-41
-42
-40
-39
-40
-43
-43
-41
-40
-38
-35
-36
-38
-40
-41
-40
-38
-38
-38
-36
-35
-34
-38
-40
-42
-40
-39
-38
-37
-38
-38
-38
-38
-37
-36
-34
-36
-37
-37
-38
-38
-37
-35
-35
-34
-35
-36
-39
-41
-40
-40
-40
-37
-36
-37
-37
-38
-39
-40
-41
-40
-39
-37
-36
-34
-34
-37
-37
-37
-34
-34
-34
-34
-32
-32
-34
-35
-37
-38
-38
-38
-35
-32
-32
-34
-35
-36
-36
-36
-37
-36
-35
-31
-31
-31
-34
-39
-42
-40
-34
-32
-35
-34
-33
-36
-36
-35
-33
-34
-34
-32
-34
-33
-32
-32
-30
-28
-31
-32
-31
-34
-34
-35
-35
-33
-31
-31
-29
-29
-31
-32
-30
-29
-29
-26
-26
-27
-24
-24
-24
-23
-27
-29
-27
-30
-30
-28
-28
-29
-29
-29
-31
-31
-31
-29
-28
-28
-27
-26
-26
-29
-28
-26
-26
-27
-26
-26
-25
-24
-25
-27
-26
-25
-25
-23
-26
-27
-27
-26
-26
-28
-30
-33
-35
-32
-29
-27
-28
-29
-30
-33
-33
-32
-31
-31
-30
-27
-28
-26
-25
-26
-26
-25
-24
-25
-28
-27
-24
-25
-27
-28
-28
-25
-26
-26
-29
-29
-29
-28
-28
-28
-26
-24
-20
-20
-20
-19
-18
-20
-21
-25
-28
-28
-26
-25
-25
-26
-26
-29
-28
-29
-29
-25
-25
-25
-25
-27
-29
-28
-27
-28
-28
-28
-28
-27
-27
-25
-23
-23
-22
-21
-20
-20
-21
-21
-21
-21
-20
-19
-20
-18
-17
-18
-19
-20
-20
-19
-17
-18
-20
-21
-21
-21
-20
-19
-20
-24
-24
-23
-20
-19
-20
-23
-22
-22
-22
-24
-27
-26
-23
-23
-22
-21
-20
-18
-19
-20
-17
-17
-18
-18
-18
-18
-16
-17
-19
-17
-16
-15
-15
-15
-14
-13
-11
-11
-11
-12
-12
-12
-11
-11
-12
-10
-9
-10
-8
-8
-10
-10
-9
-11
-12
-13
-11
-8
-7
-7
-8
-9
-9
-9
-12
-13
-12
-11
-10
-9
-10
-10
-9
-8
-7
-7
-6
-6
-4
-4
-3
-2
-1
-3
-4
-4
-2
-2
0
1
0
-2
0
2
2
1
1
-1
-1
-1
0
3
5
6
3
4
6
5
1
-3
-3
0
3
3
2
1
4
4
4
3
0
-2
-3
-4
-5
-2
-1
1
1
1
1
0
0
-1
-2
-2
-2
0
1
-1
-2
-4
-6
-4
-3
-2
0
-2
-3
-5
-5
-3
-1
1
1
-1
-3
-5
-5
-6
-6
-3
-2
-1
0
-1
-6
-8
-7
-6
-5
-5
-4
-4
-4
-5
-7
-9
-8
-6
-7
-9
-9
-9
-6
-4
-4
-5
-5
-6
-7
-7
-8
-7
-8
-7
-6
-5
-3
-4
-5
-5
-7
-7
-6
-6
-7
-5
-4
-4
-4
-5
-7
-8
-8
-7
-8
-8
-8
-7
-6
-6
-8
-7
-7
-7
-5
-5
-5
-5
-6
-6
-7
-8
-9
-6
-5
-6
-6
-5
-4
-4
-4
-4
-4
-3
-4
-5
-4
-4
-4
-4
-7
-8
-8
-8
-8
-8
-5
-1
1
-1
-3
-5
-3
-1
1
1
0
-2
-3
-4
-3
-2
-4
-6
-5
-4
-4
-5
-4
-3
-3
-3
-3
-4
-5
-6
-7
-5
-1
0
0
0
-3
-2
-3
-5
-5
-3
0
0
-1
-5
-8
-8
-5
-5
-4
-4
-3
-3
-5
-6
-7
-7
-6
-6
-5
-5
-5
-3
-4
-4
-6
-8
-8
-10
-11
-9
-5
-4
-5
-8
-11
-12
-13
-11
-10
-13
-13
-11
-9
-9
-11
-13
-13
-10
-10
-13
-11
-7
-6
-7
-9
-10
-10
-13
-16
-14
-10
-9
-6
-6
-10
-11
-13
-14
-15
-15
-14
-13
-8
-8
-11
-13
-16
-15
-12
-9
-10
-11
-10
-11
-12
-13
-14
-12
-12
-11
-11
-12
-13
-13
-13
-14
-15
-16
-16
-16
-20
-21
-20
-20
-19
-20
-19
-19
-19
-20
-19
-19
-17
-16
-18
-18
-20
-20
-20
-22
-21
-20
-21
-22
-23
-23
-21
-19
-20
-24
-26
-24
-21
-21
-23
-24
-27
-26
-24
-23
-23
-25
-25
-23
-23
-24
-26
-26
-23
-21
-22
-23
-25
-26
-24
-23
-23
-21
-19
-18
-18
-18
-21
-22
-21
-20
-22
-24
-26
-23
-18
-15
-14
-16
-15
-14
-16
-18
-19
-18
-17
-14
-15
-15
-15
-14
-12
-13
-17
-18
-18
-18
-16
-15
-15
-16
-18
-20
-19
-19
-19
-20
-21
-19
-17
-16
-13
-14
-16
-18
-19
-21
-22
-20
-18
-16
-14
-14
-16
-17
-19
-20
-22
-23
-25
-23
-21
-22
-22
-20
-21
-21
-22
-18
-18
-20
-23
-25
-24
-24
-28
-29
-28
-26
-24
-25
-24
-25
-26
-25
-23
-23
-23
-25
-27
-25
-23
-24
-25
-26
-26
-25
-24
-28
-30
-29
-27
-27
-28
-29
-30
-29
-28
-28
-29
-30
-30
-28
-27
-28
-28
-30
-29
-27
-26
-25
-25
-27
-29
-30
-30
-28
-27
-27
-26
-28
-28
-27
-27
-26
-29
-29
-30
-28
-27
-25
-23
-24
-23
-26
-24
-23
-24
-24
-25
-22
-19
-19
-22
-24
-22
-23
-21
-20
-22
-21
-22
-23
-25
-26
-27
-26
-24
-24
-24
-25
-24
-21
-17
-18
-21
-24
-25
-21
-20
-19
-20
-20
-21
-23
-27
-27
-26
-25
-25
-26
-22
-20
-21
-25
-27
-28
-26
-24
-24
-25
-23
-25
-24
-25
-24
-26
-27
-28
-33
-33
-34
-32
-29
-27
-26
-25
-26
-27
-26
-27
-24
-23
-22
-25
-26
-25
-22
-22
-23
-26
-25
-24
-22
-27
-27
-27
-24
-22
-25
-25
-26
-24
-25
-24
-24
-24
-24
-26
-23
-25
-24
-24
-24
-24
-23
-21
-21
-22
-22
-26
-26
-23
-21
-20
-22
-23
-22
-21
-21
-22
-23
-23
-22
-18
-16
-19
-19
-20
-20
-19
-20
-19
-20
-20
-18
-15
-13
-13
-15
-17
-20
-20
-21
-22
-19
-18
-18
-19
-21
-20
-20
-20
-21
-25
-24
-25
-25
-22
-20
-20
-20
-24
-24
-24
-25
-25
-26
-27
-25
-24
-24
-25
-23
-21
-24
-26
-28
-26
-23
-20
-22
-21
-21
-21
-21
-25
-26
-23
-21
-20
-21
-23
-25
-27
-28
-26
-23
-21
-20
-22
-21
-21
-21
-23
-27
-27
-25
-22
-17
-17
-18
-17
-20
-23
-22
-22
-22
-19
-15
-14
-13
-14
-16
-14
-13
-12
-15
-16
-15
-16
-13
-14
-12
-13
-12
-14
-14
-15
-14
-13
-14
-13
-13
-14
-15
-15
-16
-16
-16
-13
-10
-11
-14
-17
-20
-20
-19
-15
-16
-17
-18
-19
-17
-14
-14
-15
-17
-18
-18
-20
-20
-19
-16
-15
-15
-15
-16
-16
-16
-14
-13
-14
-16
-17
-18
-19
-17
-19
-20
-17
-16
-16
-18
-19
-19
-19
-20
-20
-19
-17
-16
-18
-19
-19
-19
-19
-18
-16
-15
-16
-17
-17
-17
-18
-17
-15
-14
-17
-19
-23
-25
-23
-22
-19
-17
-17
-18
-21
-23
-24
-21
-20
-19
-19
-20
-20
-15
-17
-20
-22
-24
-24
-23
-21
-21
-21
-22
-21
-18
-20
-22
-24
-25
-24
-23
-19
-15
-15
-16
-17
-20
-22
-22
-24
-23
-22
-19
-20
-21
-24
-26
-27
-28
-26
-25
-27
-31
-31
-29
-29
-28
-28
-29
-30
-30
-31
-33
-32
-35
-33
-31
-29
-28
-30
-31
-30
-30
-29
-29
-31
-31
-30
-30
-27
-26
-27
-26
-27
-27
-28
-29
-30
-32
-33
-32
-32
-31
-31
-32
-31
-34
-35
-34
-33
-32
-32
-31
-34
-33
-35
-35
-32
-33
-34
-35
-34
-31
-31
-31
-34
-32
-32
-32
-31
-31
-30
-31
-33
-33
-31
-29
-28
-28
-28
-27
-28
-29
-29
-29
-28
-30
-27
-27
-28
-30
-29
-29
-28
-28
-30
-31
-31
-30
-32
-33
-36
-37
-38
-35
-33
-36
-36
-36
-34
-31
-32
-33
-32
-31
-29
-31
-32
-31
-32
-29
-28
-30
-29
-30
-28
-27
-29
-29
-30
-32
-32
-31
-32
-32
-34
-34
-33
-32
-29
-28
-28
-28
-29
-29
-29
-29
-28
-27
-25
-24
-25
-28
-28
-29
-29
-28
-28
-28
-30
-31
-28
-28
-30
-29
-29
-29
-28
-28
-28
-27
-27
-27
-26
-24
-24
-26
-27
-26
-26
-27
-29
-27
-25
-22
-23
-22
-25
-25
-26
-27
-27
-27
-28
-27
-26
-26
-26
-29
-29
-27
-27
-29
-28
-27
-24
-24
-26
-25
-27
-26
-27
-30
-30
-30
-27
-24
-24
-27
-29
-32
-31
-30
-27
-26
-27
-26
-30
-29
-29
-30
-29
-27
-27
-26
-26
-28
-29
-30
-29
-28
-29
-32
-31
-31
-31
-30
-31
-30
-33
-34
-34
-33
-33
-31
-31
-29
-29
-30
-32
-32
-32
-32
-33
-33
-33
-31
-31
-32
-33
-35
-35
-34
-34
-33
-32
-33
-33
-36
-35
-35
-33
-30
-28
-28
-29
-28
-29
-31
-31
-32
-32
-32
-30
-29
-29
-32
-32
-31
-30
-30
-29
-33
-34
-33
-33
-29
-28
-29
-32
-30
-30
-31
-32
-29
-29
-29
-28
-32
-33
-32
-32
-33
-33
-32
-31
-31
-33
-35
-35
-34
-35
-34
-32
-32
-34
-36
-36
-36
-35
-32
-32
-33
-33
-36
-36
-34
-34
-35
-34
-35
-34
-35
-35
-34
-36
-37
-40
-40
-41
-42
-44
-44
-44
-43
-42
-45
-45
-45
-41
-38
-38
-39
-40
-39
-40
-42
-44
-44
-42
-39
-39
-41
-42
-41
-42
-43
-45
-47
-46
-44
-44
-44
-46
-46
-45
-43
-42
-41
-40
-40
-39
-40
-42
-42
-43
-42
-42
-44
-44
-42
-40
-40
-39
-39
-40
-41
-42
-42
-40
-37
-38
-38
-38
-38
-35
-37
-39
-37
-35
-35
-37
-39
-40
-37
-35
-34
-32
-35
-39
-42
-41
-36
-31
-32
-33
-35
-35
-35
-37
-38
-38
-37
-35
-34
-36
-35
-34
-35
-34
-33
-32
-31
-32
-33
-33
-34
-34
-35
-34
-34
-36
-35
-36
-36
-38
-38
-40
-36
-36
-36
-37
-38
-36
-37
-41
-42
-41
-41
-39
-39
-37
-36
-37
-36
-39
-42
-39
-39
-41
-41
-40
-38
-37
-37
-38
-39
-40
-38
-37
-36
-35
-36
-38
-41
-41
-39
-38
-35
-34
-31
-30
-32
-33
-32
-31
-29
-30
-30
-28
-28
-30
-31
-31
-28
-26
-28
-29
-29
-28
-29
-29
-29
-29
-30
-29
-29
-29
-28
-26
-25
-25
-24
-26
-27
-26
-26
-26
-26
-27
-28
-28
-29
-29
-27
-26
-25
-27
-27
-29
-28
-28
-26
-24
-24
-27
-30
-30
-28
-26
-26
-26
-29
-28
-27
-26
-24
-24
-25
-26
-27
-26
-26
-26
-26
-24
-23
-22
-21
-22
-24
-24
-24
-23
-23
-24
-23
-23
-22
-23
-24
-27
-25
-22
-21
-21
-20
-22
-23
-24
-27
-28
-25
-21
-24
-26
-26
-27
-25
-23
-25
-26
-26
-25
-23
-22
-24
-25
-25
-24
-22
-22
-24
-26
-27
-24
-22
-20
-17
-15
-16
-17
-19
-20
-17
-16
-16
-18
-18
-16
-11
-9
-10
-12
-12
-12
-10
-9
-10
-11
-11
-10
-11
-11
-10
-8
-8
-9
-11
-12
-11
-8
-8
-10
-11
-10
-8
-8
-10
-11
-11
-10
-10
-8
-9
-9
-8
-10
-10
-9
-7
-8
-8
-8
-8
-8
-5
-5
-6
-7
-9
-10
-9
-10
-12
-11
-9
-8
-9
-12
-14
-15
-13
-11
-11
-11
-10
-10
-11
-12
-9
-7
-5
-5
-5
-7
-7
-6
-6
-7
-7
-6
-5
-6
-8
-8
-9
-10
-12
-13
-12
-9
-8
-9
-11
-10
-8
-9
-10
-12
-13
-10
-8
-6
-6
-10
-11
-11
-10
-10
-11
-10
-8
-8
-10
-10
-11
-11
-8
-7
-8
-9
-10
-11
-12
-12
-10
-8
-7
-7
-7
-7
-6
-8
-8
-10
-10
-10
-11
-10
-8
-7
-7
-6
-8
-9
-7
-7
-7
-6
-5
-6
-5
-5
-7
-5
-6
-5
-4
-5
-6
-6
-8
-8
-7
-8
-7
-7
-10
-10
-9
-9
-10
-12
-12
-9
-6
-7
-6
-8
-7
-7
-8
-9
-9
-8
-7
-6
-6
-7
-7
-9
-9
-10
-9
-7
-7
-7
-7
-8
-10
-12
-11
-8
-5
-4
-5
-7
-8
-7
-8
-8
-7
-6
-5
-5
-6
-5
-6
-6
-5
-6
-6
-6
-5
-4
-6
-7
-6
-5
-3
-2
-5
-7
-4
-1
0
-1
-2
-3
-5
-5
-1
0
1
-2
-5
-5
-4
-3
-4
-3
-2
-1
1
2
2
1
-1
-3
-4
-5
-4
-3
-2
0
2
1
0
-1
-1
0
-2
-4
-3
0
0
-1
-2
-3
-3
-5
-5
-3
-3
-2
-3
-5
-4
-5
-9
-9
-8
-9
-8
-6
-6
-6
-4
-6
-6
-3
-2
-3
-4
-4
-4
-4
-3
-2
-1
-4
-4
-5
-6
-6
-4
-5
-5
-6
-3
-1
-1
-2
-5
-1
-1
-1
-2
-3
-3
-4
-4
-2
-2
-1
-1
-3
-4
-4
-4
-5
-6
-5
-5
-6
-6
-6
-7
-8
-9
-10
-13
-13
-12
-10
-8
-8
-8
-7
-8
-10
-12
-15
-14
-12
-11
-9
-9
-10
-12
-15
-16
-16
-17
-17
-14
-15
-16
-16
-15
-14
-16
-16
-14
-12
-12
-12
-15
-17
-16
-16
-13
-15
-17
-18
-17
-14
-13
-12
-12
-13
-19
-21
-20
-19
-18
-17
-17
-15
-17
-17
-17
-20
-21
-21
-23
-22
-22
-22
-22
-21
-17
-17
-18
-18
-18
-18
-19
-19
-20
-19
-18
-19
-18
-17
-18
-21
-21
-20
-17
-17
-18
-18
-19
-17
-17
-17
-18
-19
-19
-19
-19
-17
-17
-16
-17
-18
-18
-17
-17
-20
-22
-22
-22
-22
-21
-19
-18
-18
-19
-19
-18
-19
-19
-18
-16
-16
-19
-19
-18
-16
-16
-16
-17
-18
-20
-17
-17
-17
-17
-16
-17
-17
-19
-21
-20
-19
-20
-18
-19
-22
-21
-20
-19
-19
-22
-25
-24
-22
-20
-23
-25
-24
-24
-21
-21
-21
-22
-24
-22
-23
-25
-27
-25
-24
-21
-19
-19
-18
-18
-20
-20
-21
-20
-19
-19
-18
-16
-18
-20
-22
-21
-17
-15
-16
-18
-21
-21
-23
-21
-20
-20
-21
-21
-19
-17
-17
-21
-24
-25
-23
-21
-21
-23
-24
-24
-22
-21
-22
-22
-21
-19
-18
-18
-19
-19
-19
-19
-19
-17
-17
-15
-14
-11
-12
-14
-16
-15
-15
-14
-14
-15
-15
-15
-15
-13
-11
-10
-10
-11
-11
-11
-10
-11
-16
-16
-15
-13
-13
-13
-12
-10
-10
-11
-10
-11
-10
-10
-12
-11
-10
-10
-12
-15
-17
-17
-14
-10
-10
-10
-12
-14
-13
-13
-15
-16
-18
-17
-17
-16
-17
-14
-13
-13
-11
-14
-14
-14
-12
-14
-15
-15
-13
-13
-13
-14
-16
-15
-13
-14
-14
-14
-15
-14
-12
-13
-11
-10
-11
-13
-13
-15
-16
-14
-12
-12
-12
-12
-10
-10
-11
-13
-13
-13
-12
-13
-13
-11
-11
-11
-12
-13
-13
-13
-13
-12
-12
-12
-11
-9
-9
-9
-10
-10
-11
-10
-8
-7
-7
-8
-8
-8
-10
-11
-12
-10
-8
-9
-11
-11
-10
-9
-9
-10
-9
-9
-8
-8
-8
-10
-11
-11
-10
-9
-7
-8
-9
-10
-12
-13
-13
-11
-11
-10
-9
-9
-8
-9
-11
-13
-10
-9
-10
-12
-12
-11
-9
-9
-9
-8
-10
-9
-8
-7
-8
-9
-9
-10
-10
-10
-9
-10
-9
-8
-10
-9
-10
-11
-12
-13
-12
-9
-8
-10
-13
-14
-10
-10
-11
-13
-13
-12
-12
-14
-11
-10
-9
-10
-13
-12
-11
-10
-9
-7
-7
-8
-8
-7
-5
-6
-5
-5
-4
-5
-5
-5
-4
-7
-9
-10
-9
-6
-5
-5
-6
-4
-4
-4
-4
-6
-7
-6
-6
-3
-2
-1
0
-2
-4
-7
-7
-6
-8
-10
-11
-10
-7
-5
-6
-8
-7
-7
-6
-4
-4
-6
-7
-9
-10
-10
-11
-7
-7
-6
-9
-12
-10
-10
-9
-9
-10
-10
-10
-10
-12
-13
-14
-15
-12
-12
-11
-12
-12
-11
-11
-12
-14
-14
-14
-15
-16
-14
-13
-14
-16
-17
-18
-16
-12
-12
-14
-14
-16
-15
-14
-16
-17
-16
-17
-16
-16
-15
-14
-13
-14
-15
-14
-14
-16
-15
-13
-14
-14
-14
-14
-13
-11
-9
-9
-11
-13
-14
-11
-7
-4
-5
-6
-11
-12
-10
-9
-9
-9
-11
-11
-10
-9
-9
-10
-11
-10
-11
-9
-7
-6
-5
-6
-9
-10
-8
-6
-7
-7
-8
-9
-8
-5
-4
-6
-7
-6
-8
-8
-8
-7
-6
-7
-9
-9
-6
-4
-2
-1
-3
-5
-3
-4
-5
-3
-6
-6
-6
-6
-7
-8
-8
-9
-8
-6
-7
-7
-6
-7
-5
-4
-6
-5
-4
-5
-6
-5
-5
-4
-5
-5
-5
-4
-3
-3
-6
-6
-7
-9
-9
-10
-12
-12
-11
-10
-8
-6
-7
-9
-10
-9
-10
-9
-9
-7
-6
-3
-3
-7
-8
-7
-5
-6
-7
-8
-8
-9
-10
-9
-7
-4
-4
-5
-5
-6
-5
-3
-4
-3
-2
-2
-3
-5
-4
-6
-5
-6
-7
-7
-6
-6
-7
-7
-8
-7
-6
-6
-9
-10
-8
-7
-7
-8
-11
-10
-9
-7
-8
-9
-9
-8
-6
-7
-9
-9
-9
-10
-11
-12
-14
-13
-12
-13
-13
-13
-13
-13
-13
-14
-15
-16
-15
-15
-14
-14
-14
-15
-18
-17
-14
-12
-12
-14
-18
-19
-17
-17
-15
-15
-14
-14
-15
-18
-19
-18
-18
-16
-18
-17
-16
-15
-14
-15
-16
-17
-16
-15
-14
-16
-16
-15
