-30
-28
-26
-26
-28
-30
-33
-35
-36
-37
-35
-33
-33
-31
-29
-28
-29
-31
-32
-33
-32
-32
-32
-32
-33
-34
-31
-29
-28
-30
-31
-31
-28
-28
-30
-29
-30
-31
-30
-30
-31
-31
-31
-30
-32
-34
-33
-32
-33
-32
-32
-34
-34
-32
-31
-31
-30
-29
-30
-32
-31
-29
-27
-29
-32
-32
-31
-31
-30
-33
-34
-30
-26
-24
-28
-31
-31
-29
-29
-28
-26
-26
-26
-27
-30
-31
-31
-29
-26
-25
-26
-26
-25
-28
-28
-28
-28
-27
-28
-28
-29
-31
-30
-28
-27
-26
-27
-26
-27
-28
-27
-27
-26
-25
-28
-29
-32
-31
-32
-32
-28
-26
-26
-27
-28
-30
-29
-29
-33
-34
-33
-31
-30
-31
-34
-34
-34
-35
-33
-31
-30
-30
-31
-32
-33
-33
-34
-35
-35
-35
-35
-35
-32
-31
-30
-32
-32
-34
-33
-31
-32
-35
-36
-36
-37
-34
-35
-36
-37
-39
-37
-36
-34
-35
-38
-40
-39
-37
-37
-39
-40
-39
-37
-35
-35
-35
-35
-33
-34
-35
-34
-34
-34
-33
-33
-34
-33
-35
-37
-35
-35
-34
-34
-34
-34
-32
-31
-32
-34
-35
-34
-30
-30
-31
-34
-33
-31
-29
-28
-32
-34
-34
-33
-33
-33
-34
-36
-34
-34
-32
-33
-34
-36
-36
-35
-33
-36
-36
-37
-36
-34
-32
-31
-31
-33
-34
-35
-35
-33
-33
-34
-34
-33
-32
-31
-33
-36
-38
-37
-38
-38
-37
-35
-35
-34
-34
-33
-33
-34
-37
-37
-39
-38
-37
-38
-37
-37
-39
-40
-41
-40
-37
-34
-34
-33
-37
-40
-40
-40
-40
-38
-37
-37
-35
-36
-36
-38
-39
-38
-38
-39
-40
-40
-41
-40
-39
-38
-37
-39
-40
-39
-40
-38
-37
-38
-38
-37
-36
-35
-38
-40
-40
-38
-40
-41
-39
-37
-35
-35
-38
-39
-38
-38
-37
-38
-38
-39
-37
-39
-38
-37
-37
-37
-37
-36
-37
-39
-40
-40
-37
-37
-35
-37
-38
-38
-39
-37
-36
-35
-35
-35
-35
-35
-36
-37
-39
-41
-39
-38
-37
-38
-40
-40
-39
-37
-38
-38
-39
-39
-35
-34
-35
-37
-38
-36
-33
-33
-35
-39
-41
-42
-41
-39
-39
-38
-38
-39
-39
-40
-39
-38
-39
-40
-42
-42
-42
-42
-44
-42
-43
-44
-46
-46
-45
-42
-44
-45
-46
-47
-45
-44
-44
-44
-43
-41
-40
-39
-39
-40
-40
-41
-40
-40
-41
-40
-40
-41
-40
-40
-40
-38
-39
-41
-42
-39
-38
-38
-37
-39
-39
-38
-39
-39
-38
-39
-42
-41
-41
-39
-36
-34
-34
-37
-38
-38
-37
-36
-38
-38
-39
-38
-37
-37
-36
-36
-36
-35
-35
-35
-36
-36
-37
-37
-37
-35
-35
-37
-40
-39
-37
-35
-36
-35
-35
-35
-35
-35
-31
-31
-34
-38
-39
-37
-35
-34
-35
-35
-33
-30
-31
-32
-32
-30
-31
-30
-30
-29
-30
-30
-30
-30
-28
-27
-29
-31
-32
-30
-29
-28
-28
-27
-26
-27
-29
-31
-29
-27
-27
-27
-27
-27
-26
-25
-26
-27
-28
-28
-28
-28
-27
-28
-29
-30
-31
-29
-27
-23
-24
-23
-24
-23
-24
-25
-25
-25
-24
-25
-24
-22
-24
-24
-22
-23
-25
-25
-23
-22
-20
-20
-20
-20
-22
-24
-24
-23
-23
-25
-27
-29
-30
-27
-25
-24
-24
-27
-29
-28
-27
-27
-27
-26
-24
-24
-25
-26
-26
-24
-24
-26
-26
-24
-23
-24
-26
-26
-24
-23
-22
-22
-23
-22
-21
-22
-26
-27
-24
-23
-22
-24
-25
-26
-26
-23
-21
-23
-25
-28
-27
-25
-23
-24
-24
-23
-21
-20
-22
-25
-26
-26
-24
-22
-22
-24
-26
-26
-24
-23
-23
-24
-24
-22
-21
-21
-22
-22
-24
-21
-21
-22
-26
-26
-25
-27
-28
-28
-26
-24
-23
-24
-27
-27
-26
-25
-26
-23
-25
-25
-26
-27
-27
-25
-23
-22
-25
-27
-26
-26
-26
-28
-25
-23
-22
-22
-22
-21
-25
-27
-28
-26
-28
-27
-26
-22
-23
-24
-24
-25
-26
-25
-24
-24
-25
-25
-24
-23
-25
-25
-27
-30
-28
-27
-25
-24
-25
-25
-25
-27
-25
-25
-30
-32
-32
-31
-27
-25
-27
-28
-29
-27
-25
-27
-30
-31
-31
-29
-27
-29
-31
-31
-30
-30
-28
-29
-29
-31
-28
-25
-26
-27
-28
-27
-27
-26
-27
-28
-29
-30
-30
-29
-28
-26
-25
-26
-26
-27
-27
-27
-25
-25
-25
-24
-25
-27
-28
-29
-28
-26
-27
-27
-30
-31
-29
-28
-29
-30
-32
-33
-30
-30
-31
-29
-29
-31
-32
-32
-32
-29
-30
-33
-33
-34
-31
-29
-30
-31
-32
-32
-31
-32
-31
-29
-27
-27
-29
-31
-31
-27
-24
-28
-31
-30
-27
-26
-27
-31
-30
-28
-27
-29
-30
-30
-29
-29
-32
-31
-32
-29
-27
-27
-27
-28
-30
-29
-28
-28
-28
-28
-29
-27
-28
-28
-29
-29
-31
-29
-27
-28
-26
-27
-27
-24
-23
-22
-23
-26
-28
-26
-24
-24
-25
-24
-23
-24
-25
-25
-24
-23
-23
-20
-20
-21
-20
-20
-16
-17
-19
-20
-24
-23
-22
-20
-18
-18
-20
-23
-23
-21
-21
-21
-22
-21
-19
-20
-21
-23
-25
-25
-25
-23
-23
-23
-23
-22
-21
-21
-21
-22
-22
-24
-22
-24
-26
-28
-28
-26
-23
-23
-25
-27
-27
-27
-24
-25
-27
-25
-23
-21
-18
-20
-24
-23
-24
-24
-24
-22
-21
-18
-18
-21
-24
-23
-23
-23
-25
-24
-25
-25
-24
-24
-24
-24
-24
-25
-23
-26
-27
-29
-28
-25
-24
-21
-22
-22
-23
-25
-26
-27
-27
-27
-27
-27
-25
-23
-23
-23
-25
-27
-25
-24
-21
-22
-24
-21
-19
-18
-20
-23
-26
-26
-22
-20
-19
-20
-21
-23
-23
-23
-21
-20
-19
-20
-20
-21
-20
-21
-22
-22
-23
-22
-22
-22
-21
-22
-21
-21
-20
-22
-23
-24
-21
-22
-23
-24
-26
-27
-27
-26
-27
-26
-25
-26
-29
-32
-31
-31
-29
-27
-26
-26
-26
-27
-29
-31
-31
-29
-29
-29
-29
-30
-30
-31
-30
-29
-29
-30
-30
-29
-29
-30
-31
-30
-31
-33
-33
-34
-36
-37
-34
-33
-32
-32
-33
-34
-35
-34
-33
-34
-35
-35
-36
-33
-31
-32
-34
-37
-38
-39
-36
-34
-31
-30
-30
-28
-30
-32
-34
-34
-33
-30
-30
-30
-31
-32
-32
-31
-33
-32
-32
-32
-32
-31
-30
-30
-28
-29
-28
-29
-29
-26
-27
-26
-25
-26
-26
-26
-29
-28
-28
-24
-24
-24
-23
-23
-24
-23
-23
-25
-27
-27
-24
-21
-18
-18
-21
-23
-24
-20
-20
-22
-25
-23
-22
-18
-18
-19
-21
-23
-22
-21
-21
-22
-23
-23
-23
-22
-24
-27
-25
-24
-23
-22
-25
-25
-25
-24
-23
-23
-23
-25
-25
-25
-23
-23
-24
-24
-24
-23
-23
-25
-25
-25
-26
-25
-22
-20
-20
-19
-17
-20
-18
-18
-16
-14
-13
-14
-16
-18
-22
-21
-20
-17
-17
-16
-18
-19
-18
-19
-18
-17
-16
-17
-18
-15
-15
-15
-16
-20
-18
-18
-18
-20
-20
-20
-20
-19
-19
-16
-16
-16
-15
-17
-19
-20
-16
-16
-16
-16
-18
-18
-18
-18
-17
-17
-17
-14
-14
-16
-17
-17
-14
-13
-16
-19
-19
-19
-18
-20
-21
-21
-20
-21
-25
-24
-26
-25
-23
-23
-24
-24
-25
-25
-27
-26
-25
-24
-25
-25
-24
-24
-24
-26
-27
-26
-24
-22
-22
-23
-26
-28
-30
-30
-27
-27
-24
-24
-22
-20
-18
-19
-20
-20
-18
-17
-19
-18
-15
-12
-12
-12
-15
-13
-16
-14
-12
-10
-6
-6
-6
-6
-5
-4
-2
-2
-6
-7
-5
-2
-1
-1
0
2
0
1
-1
0
-1
-1
1
0
2
2
3
3
0
-2
-3
-5
-6
-6
-5
-6
-5
-9
-10
-11
-11
-12
-11
-12
-14
-14
-17
-19
-21
-20
-21
-21
-24
-26
-29
-29
-31
-32
-35
-38
-38
-41
-41
-44
-44
-44
-42
-42
-43
-44
-48
-50
-50
-50
-50
-49
-46
-46
-48
-45
-45
-44
-44
-45
-43
-42
-40
-40
-40
-38
-33
-34
-33
-31
-30
-27
-22
-19
-17
-17
-17
-15
-10
-6
-5
-1
2
6
11
15
17
21
22
24
27
27
33
33
38
39
42
40
43
45
43
45
42
43
44
46
46
44
43
44
42
42
37
34
32
29
24
20
21
13
9
1
-3
-5
-11
-14
-24
-32
-38
-40
-46
-52
-60
-70
-79
-85
-91
-94
-99
-107
-113
-120
-124
-132
-139
-149
-149
-154
-157
-162
-168
-174
-179
-182
-183
-182
-179
-177
-176
-172
-170
-161
-155
-143
-134
-119
-106
-93
-73
-59
-40
-28
-11
3
24
38
55
69
87
102
118
132
143
156
166
181
189
200
207
215
218
222
223
223
224
219
216
211
203
197
190
178
171
160
150
136
125
115
105
97
85
75
62
53
40
29
18
8
-8
-20
-30
-42
-57
-68
-82
-92
-106
-119
-134
-147
-158
-172
-181
-200
-208
-224
-233
-245
-261
-271
-287
-298
-312
-319
-335
-341
-352
-347
-325
-297
-265
-244
-227
-215
-192
-172
-141
-114
-84
-56
-29
1
23
44
57
68
80
103
121
146
161
173
188
197
210
214
215
213
216
212
217
210
195
183
168
157
142
124
105
93
80
78
66
61
50
48
52
52
54
49
49
51
60
65
74
75
76
75
78
80
87
90
95
99
103
111
112
112
107
105
103
102
98
92
86
81
74
60
46
27
7
-15
-34
-54
-67
-79
-90
-106
-124
-148
-172
-192
-209
-225
-244
-257
-276
-288
-300
-318
-325
-345
-352
-362
-364
-343
-306
-262
-238
-211
-204
-178
-144
-122
-81
-61
-28
0
36
65
82
100
103
114
133
148
164
173
178
189
193
205
201
202
190
186
180
172
169
144
131
110
96
77
55
32
12
-4
-17
-23
-36
-38
-37
-30
-24
-23
-28
-27
-24
-10
3
16
30
38
51
55
65
71
80
88
99
113
126
138
142
145
146
149
152
150
152
148
141
142
132
123
107
88
68
45
22
-2
-20
-33
-47
-64
-86
-111
-145
-173
-203
-233
-257
-287
-308
-330
-347
-370
-388
-413
-434
-436
-422
-383
-342
-319
-300
-284
-265
-223
-195
-158
-129
-96
-71
-30
4
24
53
47
67
87
110
132
140
147
159
177
188
196
193
192
187
188
179
177
153
140
121
103
87
59
36
9
-7
-24
-27
-37
-40
-41
-37
-32
-27
-29
-26
-15
-4
13
23
34
37
47
55
72
82
92
100
110
125
135
148
151
159
162
171
171
175
174
173
170
167
159
146
130
112
94
73
51
24
5
-16
-34
-50
-75
-100
-138
-169
-198
-230
-253
-290
-313
-348
-375
-405
-437
-457
-485
-489
-493
-457
-417
-383
-360
-348
-332
-294
-251
-211
-169
-130
-99
-63
-13
8
48
55
65
96
116
146
159
176
185
213
223
240
247
245
248
246
243
242
229
204
187
158
142
114
84
56
32
8
-5
-16
-30
-30
-39
-36
-38
-37
-41
-34
-30
-20
-4
3
15
20
29
38
52
60
76
87
102
118
132
142
156
160
165
175
175
184
185
187
186
181
172
160
143
124
104
81
59
31
10
-12
-27
-47
-74
-109
-147
-177
-214
-241
-282
-311
-350
-382
-412
-450
-472
-506
-524
-534
-522
-477
-431
-400
-383
-375
-345
-302
-256
-213
-172
-130
-96
-39
-10
27
52
55
82
111
145
170
188
192
215
239
256
272
274
268
270
266
264
256
227
209
183
165
143
110
76
43
15
-3
-13
-22
-28
-39
-46
-52
-54
-57
-53
-46
-38
-23
-14
0
5
13
22
31
48
63
80
96
115
135
146
158
164
171
185
191
200
206
209
207
205
196
185
168
147
128
104
77
49
22
-1
-19
-41
-72
-109
-153
-196
-231
-269
-304
-345
-392
-437
-475
-510
-545
-567
-601
-605
-578
-533
-490
-465
-453
-446
-396
-354
-298
-246
-202
-161
-113
-58
-22
26
43
51
86
124
160
196
204
218
246
270
296
308
311
305
313
313
321
306
280
254
219
202
174
135
96
57
26
16
0
-9
-28
-48
-60
-64
-65
-66
-63
-64
-56
-43
-32
-29
-26
-25
-12
6
23
42
61
77
98
119
131
146
155
169
185
197
208
219
222
224
220
210
198
182
163
143
117
90
67
46
27
4
-26
-67
-110
-154
-198
-241
-284
-333
-384
-435
-487
-525
-567
-598
-634
-642
-620
-572
-533
-515
-501
-499
-448
-405
-349
-298
-248
-208
-156
-84
-56
5
15
30
65
109
145
192
202
220
258
281
314
333
339
336
352
343
364
341
317
292
255
243
211
174
130
92
57
52
32
19
-6
-26
-45
-49
-54
-57
-52
-59
-41
-35
-19
-18
-15
-8
4
19
37
59
80
99
124
143
157
174
179
197
210
226
239
248
251
252
248
234
218
195
169
143
114
89
67
49
29
-6
-46
-97
-153
-196
-248
-288
-339
-391
-451
-500
-549
-595
-626
-667
-674
-645
-602
-570
-549
-546
-530
-480
-431
-380
-322
-266
-225
-161
-97
-64
2
19
36
88
124
159
202
218
240
289
310
344
365
369
382
387
383
396
370
354
329
293
282
240
194
151
114
88
79
54
30
9
-11
-24
-34
-50
-59
-66
-61
-48
-42
-26
-31
-25
-22
-15
-3
11
33
56
75
110
127
153
165
176
188
203
215
224
238
235
247
239
233
209
185
153
121
95
72
52
40
13
-21
-60
-114
-164
-221
-273
-330
-382
-444
-500
-544
-587
-612
-648
-662
-643
-605
-577
-564
-557
-556
-494
-459
-383
-339
-273
-237
-181
-113
-85
-10
-7
30
70
128
167
218
221
255
291
327
364
385
397
394
417
405
439
404
390
350
315
297
262
214
175
136
104
100
71
54
18
-2
-31
-28
-48
-47
-64
-69
-58
-60
-44
-53
-51
-49
-44
-32
-20
-4
22
38
77
92
125
136
159
172
186
202
210
230
232
244
240
238
220
201
167
141
107
94
66
59
29
6
-38
-87
-128
-192
-234
-307
-359
-427
-472
-521
-559
-589
-618
-604
-571
-544
-531
-530
-538
-501
-461
-394
-347
-281
-231
-196
-115
-94
-41
-16
-7
29
86
126
174
204
215
264
294
323
348
361
363
396
390
422
413
390
376
335
320
290
239
194
159
123
119
98
81
58
42
19
19
5
-6
-19
-31
-15
-14
5
-8
-10
-14
-14
-11
-9
0
18
33
61
88
111
135
146
164
178
197
202
219
219
232
232
228
219
196
174
146
124
103
85
58
37
2
-28
-73
-116
-169
-224
-284
-345
-404
-462
-503
-542
-559
-573
-549
-516
-507
-517
-513
-500
-459
-410
-367
-306
-239
-194
-157
-124
-72
-30
-11
14
41
80
119
165
169
213
263
293
327
339
350
367
372
372
395
367
373
350
324
336
289
238
205
143
108
91
73
63
48
45
37
33
22
28
18
22
17
25
35
33
41
40
49
51
46
48
52
52
76
83
110
123
139
158
172
176
179
176
168
173
160
147
131
99
73
55
38
20
-4
-35
-73
-108
-149
-191
-242
-301
-358
-420
-469
-507
-558
-562
-583
-542
-501
-443
-428
-422
-416
-406
-347
-299
-239
-179
-107
-75
38
70
102
129
108
109
149
157
182
224
191
267
283
315
329
321
294
308
291
300
310
255
270
240
227
225
169
115
82
15
23
-1
-14
-19
-29
-17
-3
10
9
27
15
47
53
75
94
93
114
131
141
157
152
161
165
163
164
158
169
171
180
182
185
181
178
171
159
143
109
73
43
0
-2
-48
-67
-76
-107
-133
-172
-212
-271
-319
-370
-416
-479
-522
-561
-603
-627
-606
-600
-526
-470
-410
-390
-359
-350
-333
-268
-235
-140
-67
11
69
184
213
254
264
244
246
245
232
257
267
253
314
310
342
334
331
306
284
231
220
186
150
153
117
118
94
54
24
-7
-68
-73
-112
-112
-114
-111
-95
-67
-46
-16
16
44
75
89
116
138
151
164
189
207
246
260
278
284
289
272
272
265
251
236
219
232
180
159
184
153
107
82
34
14
-60
-86
-161
-221
-268
-297
-355
-415
-471
-536
-614
-694
-786
-867
-914
-965
-923
-1031
-785
-518
-426
-102
-52
9
113
141
75
138
203
325
483
557
794
834
828
917
704
699
540
315
242
156
104
113
76
36
48
-35
-108
-162
-355
-396
-476
-546
-421
-503
-372
-291
-252
-140
-91
-65
-60
-37
4
91
164
254
352
434
579
601
627
653
594
587
527
502
444
428
397
404
398
354
321
248
206
159
72
44
7
8
13
17
26
27
-2
-21
-82
-132
-225
-292
-378
-361
-441
-427
-510
-545
-583
-647
-758
-865
-991
-1114
-1179
-1216
-1204
-1060
-952
-642
-212
41
398
462
571
701
734
626
650
586
723
861
904
1064
1034
955
877
629
466
237
-121
-259
-398
-418
-369
-393
-417
-318
-359
-284
-353
-422
-447
-448
-375
-240
-154
4
142
256
391
412
396
352
289
261
274
236
262
274
327
361
363
304
283
208
174
119
77
69
83
110
171
222
249
285
286
330
329
330
311
305
310
355
336
340
324
312
274
211
138
34
-68
-164
-255
-360
-400
-499
-550
-565
-638
-676
-766
-853
-967
-1102
-1230
-1313
-1351
-1361
-1234
-1076
-780
-343
35
419
699
797
962
1017
945
846
760
732
868
869
953
961
944
881
681
444
239
-123
-402
-593
-716
-673
-670
-665
-534
-395
-261
-171
-202
-163
-152
-110
-42
31
141
300
416
590
683
719
691
607
509
419
271
158
43
-2
-18
-17
-20
6
10
28
23
4
-16
-37
-11
39
126
210
321
438
565
652
713
716
696
639
597
506
448
343
284
222
174
91
-3
-120
-237
-381
-506
-611
-735
-797
-861
-879
-884
-940
-990
-1044
-1143
-1193
-1287
-1352
-1229
-1125
-915
-523
-36
435
925
1027
1266
1379
1379
1163
926
683
738
663
641
615
646
725
632
445
292
18
-319
-585
-887
-901
-914
-916
-820
-564
-284
25
116
252
321
388
387
356
310
374
397
520
616
708
760
755
683
602
441
223
7
-205
-333
-395
-420
-386
-307
-179
-15
92
149
184
205
246
273
267
325
403
531
666
783
863
926
911
874
764
615
422
245
107
-2
-107
-187
-248
-267
-314
-405
-484
-594
-660
-755
-843
-882
-958
-966
-1044
-1054
-1122
-1096
-1155
-1094
-1062
-887
-723
-320
80
522
902
1081
1282
1421
1408
1218
1008
710
729
558
487
346
340
334
350
172
120
-125
-276
-519
-716
-799
-816
-886
-801
-630
-327
-12
179
352
528
701
774
743
637
607
555
570
515
500
485
490
467
428
298
159
-25
-197
-332
-382
-512
-526
-513
-373
-150
-9
91
232
381
551
610
576
602
631
683
712
700
734
777
784
785
726
618
477
274
125
-22
-168
-327
-414
-459
-444
-477
-510
-548
-529
-532
-586
-614
-684
-712
-777
-857
-961
-974
-1087
-1040
-1061
-874
-704
-457
-122
362
735
1114
1132
1264
1349
1276
1044
714
458
495
344
216
139
107
229
171
15
-69
-214
-388
-609
-818
-774
-793
-788
-712
-478
-117
237
353
549
723
935
959
863
721
689
620
575
450
402
375
388
331
283
186
79
-110
-251
-370
-437
-503
-563
-514
-343
-129
20
144
319
552
711
751
724
742
766
759
692
647
641
646
595
585
520
453
305
139
37
-67
-212
-323
-431
-391
-385
-444
-462
-455
-408
-344
-415
-434
-427
-456
-508
-629
-777
-844
-975
-1060
-1099
-1045
-895
-679
-410
71
525
923
1109
1217
1332
1382
1142
831
497
398
316
151
-12
-26
38
135
47
-44
-123
-242
-422
-613
-735
-774
-821
-827
-684
-399
-47
190
406
642
926
1070
1070
937
861
787
705
514
381
270
272
244
227
176
141
44
-45
-190
-303
-380
-456
-516
-483
-381
-178
10
175
361
573
775
886
878
865
846
788
718
582
484
433
393
361
313
268
238
171
106
8
-92
-151
-228
-277
-315
-326
-324
-295
-262
-180
-148
-113
-171
-212
-307
-420
-633
-820
-1024
-1100
-1214
-1208
-1174
-973
-721
-347
70
522
873
1071
1177
1284
1294
1095
777
489
394
290
113
-87
-118
-29
70
-40
-75
-156
-175
-348
-508
-665
-666
-770
-754
-694
-376
-85
186
389
734
1026
1261
1220
1147
1064
1001
808
575
333
226
158
114
60
42
32
9
-73
-182
-318
-469
-604
-720
-680
-600
-459
-277
-46
289
622
808
961
1029
1119
1116
963
799
643
507
448
300
272
282
290
297
293
292
279
168
73
-31
-67
-128
-231
-274
-268
-207
-183
-189
-145
-157
-176
-256
-397
-490
-686
-879
-1058
-1202
-1264
-1323
-1336
-1106
-911
-466
-65
345
799
1064
1252
1415
1304
1197
863
546
409
152
-41
-157
-261
-88
-31
-41
16
-29
-16
-115
-330
-459
-596
-725
-730
-735
-506
-243
38
379
741
1055
1325
1371
1370
1282
1140
895
628
317
134
-5
-83
-152
-161
-172
-119
-164
-248
-385
-522
-662
-772
-876
-824
-703
-504
-193
108
492
838
1053
1243
1345
1344
1300
1073
890
720
545
426
297
221
263
259
315
317
316
315
269
213
142
5
-58
-173
-227
-316
-360
-359
-319
-287
-246
-263
-208
-291
-367
-523
-706
-872
-1079
-1269
-1343
-1379
-1259
-1109
-794
-284
159
627
920
1141
1388
1393
1187
921
562
436
187
-48
-182
-217
-88
64
44
204
222
240
161
-9
-173
-301
-544
-639
-693
-526
-333
-136
148
523
869
1183
1263
1300
1290
1195
976
686
364
114
-99
-272
-406
-454
-467
-445
-422
-404
-384
-426
-505
-566
-593
-579
-515
-470
-282
12
323
631
903
1167
1438
1541
1564
1460
1326
1175
907
627
455
284
217
134
108
173
237
259
239
210
211
104
-14
-153
-271
-299
-404
-448
-415
-345
-238
-189
-174
-78
-118
-169
-356
-581
-729
-957
-1198
-1366
-1489
-1377
-1252
-1059
-624
-186
349
738
959
1260
1449
1383
1206
869
751
597
336
99
-37
18
154
59
117
194
279
287
141
-23
-68
-251
-444
-639
-644
-557
-467
-341
-76
277
668
902
1058
1216
1300
1211
970
649
356
88
-203
-475
-627
-667
-634
-592
-531
-412
-307
-271
-279
-288
-233
-205
-225
-190
-50
184
397
559
784
1052
1287
1410
1414
1429
1419
1294
1086
843
639
460
246
75
-30
-73
-83
-89
-53
16
45
61
50
54
34
-19
-100
-147
-166
-160
-185
-187
-197
-188
-213
-290
-402
-532
-687
-842
-1047
-1188
-1345
-1388
-1404
-1323
-1063
-639
-241
254
607
1042
1444
1620
1604
1481
1306
1201
874
541
256
89
72
-11
-114
-16
33
94
79
-18
-38
-124
-307
-496
-613
-596
-578
-581
-425
-197
132
415
600
806
1034
1118
1091
934
744
520
251
-68
-333
-537
-667
-757
-766
-679
-534
-412
-280
-146
5
132
157
146
187
238
321
361
421
590
786
963
1111
1189
1309
1349
1280
1166
985
795
582
315
135
-17
-130
-202
-246
-185
-90
-24
70
141
239
295
275
257
201
106
-3
-130
-219
-276
-389
-446
-505
-483
-538
-607
-703
-758
-813
-911
-1068
-1140
-1147
-1089
-965
-750
-383
54
447
807
1153
1511
1682
1642
1521
1372
1213
919
501
161
-9
-141
-281
-414
-375
-255
-133
-99
-89
-45
-18
-142
-278
-369
-398
-435
-474
-450
-269
-40
160
313
525
757
920
926
845
734
628
427
149
-128
-300
-422
-534
-626
-621
-515
-380
-277
-153
15
177
258
281
320
413
473
461
476
553
678
768
817
886
1010
1095
1111
1057
996
905
750
544
327
141
-2
-132
-213
-216
-154
-62
36
142
251
314
337
256
189
75
-75
-237
-373
-445
-454
-487
-479
-450
-393
-364
-397
-456
-489
-595
-694
-861
-947
-954
-956
-881
-647
-337
89
420
711
1080
1391
1531
1511
1355
1260
1098
800
447
129
-12
-113
-289
-356
-322
-230
-121
-135
-112
-45
-63
-182
-341
-431
-437
-521
-573
-553
-375
-116
73
249
519
779
988
1028
981
926
810
595
313
28
-171
-366
-540
-643
-647
-566
-475
-396
-251
-77
87
179
233
317
410
451
482
506
591
695
785
877
981
1075
1124
1136
1123
1062
935
763
570
401
222
27
-136
-233
-263
-283
-281
-227
-141
-42
21
58
112
124
94
62
-1
-24
-76
-119
-120
-119
-97
-93
-101
-84
-105
-180
-263
-407
-531
-672
-859
-976
-1066
-1103
-1010
-800
-509
-150
157
525
913
1243
1392
1407
1363
1345
1192
915
576
296
111
-71
-293
-399
-416
-390
-362
-332
-255
-168
-174
-225
-246
-224
-240
-337
-402
-360
-244
-145
-76
48
288
501
660
737
800
835
802
664
509
322
140
-75
-257
-361
-406
-451
-446
-381
-204
-26
101
197
337
492
621
641
650
716
760
802
781
780
811
827
775
743
706
672
562
418
308
206
79
-78
-223
-256
-272
-291
-290
-217
-89
39
115
209
303
400
407
368
337
274
200
81
-19
-75
-108
-174
-191
-237
-223
-280
-332
-424
-485
-610
-706
-852
-893
-948
-936
-838
-641
-350
-26
234
554
892
1136
1231
1216
1156
1106
939
652
358
142
0
-196
-359
-435
-412
-381
-350
-348
-228
-150
-143
-204
-205
-201
-202
-286
-328
-285
-151
-55
40
189
426
635
791
870
934
961
906
753
582
406
225
13
-164
-270
-312
-340
-348
-295
-156
-5
91
158
256
382
462
465
431
436
462
452
391
364
369
398
385
369
360
392
385
362
334
337
318
284
221
197
181
167
117
100
123
182
217
259
299
372
427
442
419
402
357
290
190
95
24
-48
-109
-190
-232
-269
-340
-407
-494
-556
-621
-706
-820
-884
-922
-947
-946
-905
-704
-480
-189
11
281
565
835
936
1004
1011
1042
964
786
569
418
268
90
-86
-169
-196
-211
-231
-214
-123
-36
-32
-50
-9
44
55
-16
-45
-39
26
33
48
97
239
346
460
528
634
687
712
668
616
516
389
211
63
-63
-170
-283
-360
-378
-330
-279
-226
-159
-57
55
145
215
282
354
392
414
420
454
445
442
420
459
493
517
500
535
571
608
574
525
480
447
376
285
200
162
126
102
100
141
204
263
304
358
408
423
389
312
242
138
22
-114
-227
-307
-363
-430
-453
-473
-460
-478
-475
-490
-477
-526
-572
-642
-683
-709
-772
-752
-667
-491
-285
-71
167
479
763
956
1082
1162
1214
1172
1020
826
636
458
236
15
-121
-179
-221
-243
-225
-141
-30
27
35
68
114
104
45
-36
-80
-101
-130
-151
-130
-52
45
141
256
368
451
494
504
496
462
370
252
142
54
-31
-122
-185
-201
-193
-157
-110
-47
36
105
174
247
320
355
369
381
416
436
435
427
438
485
498
487
473
474
457
421
366
333
307
265
212
181
188
190
173
164
185
223
243
233
231
255
266
248
207
174
141
81
-12
-97
-164
-234
-305
-384
-393
-414
-403
-452
-422
-418
-352
-383
-355
-354
-310
-311
-331
-338
-289
-190
-131
-11
76
257
389
538
600
718
759
815
765
735
654
575
435
301
167
85
-19
-118
-181
-179
-157
-149
-145
-120
-44
-13
-1
-25
1
-9
-13
-74
-69
-78
-52
-69
-21
52
152
187
232
290
372
406
370
334
318
300
228
134
61
47
5
-27
-64
-46
-14
14
27
86
145
203
225
267
327
384
394
400
412
455
454
418
379
365
356
326
272
241
226
205
178
145
147
144
139
128
141
159
179
169
183
205
234
232
226
221
235
217
194
155
139
122
91
53
26
-3
-40
-105
-165
-221
-276
-338
-409
-456
-479
-507
-525
-535
-533
-466
-378
-264
-133
4
173
338
485
581
664
735
778
754
704
627
546
447
316
200
108
27
-66
-127
-153
-164
-187
-212
-210
-169
-137
-135
-134
-109
-84
-81
-81
-69
-46
-25
-2
48
119
175
209
254
323
377
385
369
357
348
308
230
152
97
51
-9
-55
-74
-60
-54
-31
10
76
139
167
200
245
290
283
259
239
247
239
214
186
201
226
229
226
239
269
287
281
281
301
316
309
291
305
337
351
346
353
383
413
419
416
429
448
431
391
347
302
241
159
76
8
-40
-120
-173
-234
-250
-304
-338
-386
-405
-434
-461
-501
-526
-508
-521
-488
-483
-383
-310
-152
-56
93
217
372
453
531
573
608
620
578
533
475
442
357
279
203
165
94
37
-44
-72
-109
-137
-193
-202
-204
-193
-199
-171
-146
-103
-86
-50
-4
45
68
80
123
164
192
188
208
225
249
238
239
237
242
203
164
130
107
56
-10
-56
-86
-107
-140
-150
-130
-74
-39
1
59
146
225
285
328
381
429
449
444
436
441
429
401
374
367
366
359
341
350
383
401
403
402
418
442
435
411
388
383
374
347
311
295
278
263
232
205
169
129
67
9
-45
-90
-150
-207
-253
-287
-315
-362
-397
-433
-435
-460
-467
-482
-467
-455
-439
-430
-378
-299
-210
-114
-16
120
249
359
433
509
583
627
608
573
530
492
425
322
238
175
117
44
-29
-66
-85
-117
-150
-172
-170
-162
-175
-175
-165
-144
-141
-143
-129
-98
-83
-71
-52
-9
40
76
108
156
198
232
247
268
274
265
240
208
178
141
88
45
21
3
-9
-11
12
50
95
150
210
276
328
372
408
436
436
421
396
384
370
345
322
311
322
328
339
354
386
407
422
422
432
430
416
381
357
336
308
268
231
212
200
186
165
152
147
138
113
80
40
-2
-57
-111
-152
-185
-221
-253
-276
-282
-292
-313
-335
-350
-358
-379
-398
-418
-418
-419
-411
-372
-306
-212
-120
-13
107
240
343
428
499
559
596
585
557
511
457
373
277
192
122
43
-35
-97
-126
-144
-169
-186
-180
-153
-141
-142
-130
-112
-105
-118
-118
-102
-78
-71
-64
-29
29
78
117
159
224
285
316
329
342
350
334
290
235
185
129
65
9
-28
-46
-49
-33
11
78
156
229
301
375
442
483
503
504
495
471
431
392
354
326
297
275
261
262
264
271
277
288
301
303
302
296
290
279
262
243
226
219
206
201
196
199
198
191
173
151
111
62
1
-58
-112
-159
-217
-255
-292
-310
-338
-362
-374
-382
-378
-396
-388
-396
-368
-377
-356
-344
-308
-255
-191
-97
-4
105
192
298
367
434
461
485
483
456
405
340
276
211
138
61
12
-37
-63
-94
-101
-99
-91
-82
-79
-69
-52
-41
-37
-38
-48
-49
-53
-51
-60
-54
-43
-17
5
27
51
88
124
150
166
188
203
206
195
183
172
157
132
112
118
132
144
161
197
253
303
342
376
418
449
455
445
433
415
377
328
281
247
207
161
126
122
128
136
147
172
209
241
262
280
299
304
300
287
280
261
228
192
170
153
129
98
71
60
44
22
-6
-24
-50
-76
-114
-139
-167
-204
-243
-282
-298
-323
-339
-352
-350
-341
-339
-326
-312
-282
-268
-246
-234
-174
-132
-63
-3
79
161
230
281
326
375
401
410
384
376
338
307
246
191
148
105
53
8
-16
-34
-44
-72
-77
-90
-94
-112
-124
-125
-129
-140
-146
-139
-122
-100
-84
-55
-15
25
57
86
119
150
171
190
206
226
232
234
240
249
254
251
253
261
277
276
281
285
298
303
308
307
309
303
294
292
285
268
238
218
202
198
176
162
151
149
147
147
153
167
182
197
217
235
251
250
254
255
253
225
198
166
144
106
65
19
-15
-51
-89
-129
-164
-192
-218
-242
-259
-272
-288
-298
-304
-299
-299
-290
-288
-261
-247
-220
-210
-186
-173
-145
-117
-71
-16
50
119
197
272
323
369
404
432
429
404
352
310
245
182
98
40
-20
-66
-109
-132
-137
-141
-138
-133
-102
-79
-58
-57
-45
-47
-51
-71
-86
-101
-108
-111
-104
-84
-53
-15
28
82
133
182
224
269
302
324
331
324
314
290
270
245
226
196
185
179
187
192
197
215
238
261
274
288
300
304
294
286
277
263
238
211
190
178
167
150
149
154
168
173
185
197
212
211
212
208
207
191
168
138
112
84
39
-2
-45
-70
-111
-131
-162
-169
-188
-194
-208
-207
-213
-227
-233
-246
-249
-270
-272
-283
-269
-276
-258
-248
-198
-150
-78
-5
87
168
245
308
350
396
409
409
382
347
296
242
177
118
55
6
-41
-77
-90
-97
-96
-87
-76
-57
-39
-30
-25
-32
-37
-48
-62
-79
-94
-111
-113
-116
-104
-82
-54
-17
20
69
115
159
196
225
245
263
266
264
253
243
234
220
207
194
189
185
189
192
203
217
236
247
255
259
264
263
256
247
238
226
209
195
192
192
196
200
204
217
228
235
240
241
242
233
218
201
176
149
117
80
43
8
-27
-48
-82
-89
-113
-110
-123
-119
-130
-131
-144
-153
-163
-184
-184
-204
-198
-214
-200
-194
-184
-176
-157
-126
-84
-34
1
59
91
143
160
192
209
231
229
227
214
204
188
155
131
100
84
54
38
18
9
-9
-24
-38
-44
-52
-67
-78
-88
-91
-98
-102
-107
-103
-97
-82
-63
-38
-10
23
57
99
124
160
181
207
220
229
227
224
209
198
184
170
159
139
137
134
142
140
143
148
169
178
192
194
203
212
212
218
218
219
218
218
224
234
237
243
245
256
262
262
257
253
247
242
231
221
207
187
167
144
123
99
69
41
24
3
-4
-27
-36
-53
-71
-83
-104
-116
-140
-156
-179
-190
-214
-216
-229
-224
-216
-205
-181
-175
-152
-142
-117
-99
-70
-57
-15
12
50
75
93
124
141
161
161
165
156
153
131
121
99
84
63
43
28
14
-1
-15
-19
-21
-19
-23
-25
-24
-20
-17
-19
-22
-20
-18
-12
-4
10
25
48
61
89
105
130
144
159
170
179
179
179
170
165
159
146
141
133
134
138
138
144
156
166
182
193
212
228
233
238
240
244
247
239
236
237
239
243
242
243
247
247
241
235
225
221
204
185
163
140
119
93
75
55
43
24
7
-4
-22
-27
-50
-56
-74
-75
-89
-101
-120
-128
-138
-150
-161
-173
-169
-176
-183
-188
-189
-177
-168
-159
-143
-120
-89
-60
-35
-4
31
55
82
97
116
127
124
129
120
127
114
107
91
84
69
56
40
29
24
7
-3
-17
-20
-28
-29
-38
-31
-37
-29
-34
-23
-12
1
9
14
24
31
45
48
58
65
81
91
111
125
141
152
164
179
190
200
197
195
192
193
191
190
184
186
190
199
208
207
214
221
226
223
215
204
199
184
173
163
156
150
137
127
121
115
108
97
88
89
88
96
91
101
93
98
82
75
57
38
22
1
-12
-35
-46
-68
-72
-92
-97
-112
-114
-112
-115
-111
-116
-112
-115
-113
-124
-126
-135
-132
-128
-121
-110
-95
-73
-56
-32
-5
27
52
79
97
116
120
125
116
108
98
84
65
45
32
17
6
-4
-11
-13
-15
-18
-20
-19
-18
-16
-13
-5
-2
5
16
27
48
62
78
88
106
116
124
129
132
133
129
127
125
129
133
136
140
149
161
168
182
191
200
203
198
188
178
166
155
140
132
128
131
139
151
161
172
178
183
187
183
176
165
154
137
122
98
89
68
67
54
55
50
56
58
67
66
66
67
59
60
42
34
19
12
-2
-15
-33
-40
-54
-58
-68
-77
-84
-90
-99
-100
-105
-111
-118
-125
-122
-123
-118
-112
-101
-88
-77
-65
-48
-31
-8
6
23
39
55
63
72
72
75
71
61
55
40
37
29
29
23
23
22
28
37
42
54
55
68
66
71
67
64
60
59
57
58
59
60
64
63
64
63
62
65
61
61
57
57
60
70
81
93
104
120
137
155
178
191
203
205
203
200
202
194
180
162
151
146
138
127
118
117
117
117
116
117
115
113
106
104
99
100
89
87
81
78
68
60
54
55
52
44
38
32
28
23
16
9
-2
-14
-27
-37
-44
-55
-66
-79
-86
-92
-100
-110
-113
-114
-116
-114
-110
-97
-85
-74
-65
-55
-44
-38
-29
-28
-19
-17
-9
-4
3
10
18
27
34
45
53
60
66
74
72
73
71
70
65
56
48
41
38
31
24
22
21
20
19
15
15
13
15
15
20
26
32
38
46
54
66
79
85
90
95
99
104
112
117
124
131
134
138
143
149
156
159
160
159
159
156
151
144
140
133
126
114
108
106
105
107
109
109
116
117
128
138
140
147
139
138
127
116
100
85
69
56
39
24
11
-6
-12
-23
-25
-25
-25
-25
-25
-24
-22
-26
-30
-37
-45
-47
-51
-57
-59
-64
-58
-57
-53
-44
-34
-25
-20
-10
-1
8
8
11
7
5
4
0
-5
-5
-5
0
1
0
3
3
12
14
16
14
15
22
29
34
33
38
36
37
34
30
26
23
20
15
12
15
16
17
23
31
38
47
53
64
74
84
94
96
103
106
105
104
105
105
112
114
120
124
132
137
141
148
151
151
146
139
134
131
124
117
111
110
114
115
121
127
134
135
139
139
138
139
127
128
116
114
96
91
80
74
64
54
46
39
35
29
28
25
22
20
17
16
11
10
12
13
17
18
19
22
25
26
25
20
13
4
-4
-13
-24
-34
-46
-51
-55
-57
-63
-63
-62
-58
-53
-51
-44
-38
-36
-31
-26
-18
-9
-6
2
8
12
13
11
6
10
9
13
8
3
-1
-3
-4
-6
-9
-11
-8
-4
-2
3
6
13
19
32
42
55
62
70
81
92
96
97
97
97
98
94
89
82
83
81
82
85
89
91
94
96
103
105
105
104
106
108
109
110
109
112
112
116
119
122
125
130
133
135
132
129
126
122
111
100
92
86
78
69
61
57
55
54
53
53
54
49
45
39
37
30
24
20
15
13
9
0
-2
-2
-1
-2
-6
-8
-14
-22
-29
-36
-42
-53
-60
-64
-66
-64
-63
-57
-48
-37
-31
-26
-21
-16
-15
-15
-17
-22
-22
-25
-22
-24
-21
-19
-13
-6
-6
-3
-3
-2
-1
-8
-15
-23
-29
-38
-43
-51
-50
-52
-46
-42
-35
-26
-20
-13
-4
5
13
19
23
26
32
39
45
49
54
60
64
71
73
75
79
82
85
90
91
95
100
104
109
113
116
120
124
128
129
129
131
129
128
126
120
115
112
109
103
101
98
104
107
110
108
103
95
88
78
75
70
66
60
56
54
55
49
47
42
41
38
33
26
21
14
7
-1
-5
-10
-14
-18
-21
-22
-23
-21
-21
-18
-19
-16
-11
-5
-2
-2
-3
-1
-4
-6
-7
-9
-9
-13
-15
-19
-15
-15
-13
-13
-11
-12
-11
-16
-17
-21
-24
-34
-39
-46
-48
-52
-56
-62
-65
-67
-69
-65
-67
-64
-65
-61
-57
-51
-47
-39
-32
-23
-15
-5
5
15
27
41
50
60
70
81
92
95
99
101
105
106
107
106
108
103
100
96
94
93
90
90
88
90
90
93
94
95
97
103
104
106
105
111
113
115
112
113
109
109
106
104
102
97
92
88
87
80
74
65
59
53
47
40
36
34
33
30
29
30
29
26
24
23
24
22
19
16
14
16
12
6
-2
-5
-7
-6
-10
-12
-17
-18
-19
-21
-24
-25
-24
-22
-21
-22
-21
-19
-18
-14
-16
-20
-23
-23
-25
-28
-36
-45
-50
-54
-57
-59
-66
-68
-72
-70
-76
-77
-79
-78
-75
-75
-71
-67
-59
-52
-37
-24
-11
2
14
26
34
41
43
45
46
45
45
44
44
46
47
47
54
61
64
70
69
71
71
70
62
55
44
41
39
38
41
45
54
63
73
83
95
104
112
114
117
113
109
99
90
83
77
72
68
70
70
72
69
69
68
67
66
64
59
53
46
41
35
32
25
20
13
13
12
13
14
12
11
9
6
2
-1
-10
-14
-22
-24
-24
-20
-14
-10
-5
2
8
14
12
11
11
10
6
-5
-14
-21
-26
-32
-35
-39
-38
-37
-37
-40
-46
-52
-61
-71
-80
-86
-90
-92
-92
-87
-78
-68
-60
-49
-42
-31
-25
-18
-16
-11
-11
-5
-2
2
2
5
5
9
12
13
13
16
17
14
10
9
11
11
15
17
29
33
42
45
54
58
62
62
65
63
64
63
61
59
61
63
67
70
72
76
79
77
80
81
83
84
81
77
75
69
64
57
51
49
48
47
46
44
44
40
38
33
28
23
22
20
20
19
19
21
23
26
25
27
27
27
27
27
26
24
24
22
18
18
15
13
9
5
2
0
-4
-10
-11
-13
-14
-17
-20
-24
-27
-31
-36
-39
-40
-40
-40
-39
-37
-37
-39
-44
-46
-47
-51
-58
-61
-65
-64
-64
-60
-55
-49
-42
-34
-26
-17
-7
3
8
16
19
22
21
22
22
23
22
20
18
20
20
20
21
23
25
29
29
32
35
38
39
40
40
37
37
32
33
32
37
37
41
46
53
58
61
65
68
67
66
63
58
54
49
41
34
31
28
28
27
31
34
40
43
46
47
48
47
45
38
35
33
29
26
28
32
36
37
36
38
37
34
28
25
20
16
10
3
-2
-6
-8
-9
-8
-7
-8
-9
-10
-9
-13
-16
-20
-22
-25
-30
-37
-45
-51
-51
-53
-55
-54
-54
-53
-53
-54
-57
-58
-60
-56
-55
-52
-50
-48
-44
-42
-36
-33
-26
-22
-15
-14
-12
-10
-7
-6
-2
0
0
-2
-2
-4
-1
-2
2
3
2
3
3
5
3
1
1
2
3
6
4
6
8
15
17
22
25
29
28
28
27
29
29
32
31
30
32
35
37
37
40
39
39
39
39
36
37
38
39
39
39
36
34
38
40
42
39
37
34
36
33
29
27
25
24
21
19
17
16
14
12
16
14
14
11
10
6
2
-1
-3
-5
-7
-8
-9
-6
-4
-4
-6
-8
-10
-13
-16
-20
-20
-21
-22
-24
-27
-26
-27
-28
-31
-34
-34
-37
-39
-40
-40
-41
-41
-43
-47
-46
-45
-42
-42
-40
-38
-38
-36
-33
-28
-23
-18
-17
-11
-9
-4
0
1
1
-2
-5
-7
-4
-3
-3
-5
-4
0
5
6
8
11
17
19
22
25
27
30
32
34
36
35
36
33
31
30
31
30
32
33
36
37
36
36
34
32
29
28
27
23
18
18
20
24
25
25
29
34
37
38
39
41
45
43
44
46
49
49
47
47
44
41
35
26
22
16
13
11
11
7
8
9
13
15
16
16
11
9
5
2
-1
-4
-5
-6
-6
-5
-6
-9
-13
-17
-19
-20
-24
-25
-25
-25
-27
-27
-29
-29
-27
-27
-30
-33
-32
-30
-30
-32
-33
-34
-30
-31
-29
-24
-17
-13
-7
-2
5
10
14
17
18
17
14
13
12
12
10
11
13
18
19
23
25
27
27
30
29
28
23
21
16
13
12
14
15
19
23
24
25
27
28
29
32
34
33
28
25
22
25
28
26
24
23
27
31
31
34
35
40
42
44
43
44
43
42
41
42
42
41
45
47
48
46
43
39
36
34
29
24
22
20
18
15
11
9
8
7
6
5
2
-2
-7
-13
-19
-21
-23
-24
-24
-22
-19
-15
-13
-10
-10
-9
-14
-17
-22
-25
-27
-31
-34
-33
-30
-28
-25
-24
-21
-16
-13
-13
-13
-16
-18
-20
-17
-17
-17
-17
-17
-16
-12
-7
-6
-4
-1
1
5
5
5
6
7
6
6
7
7
9
10
10
11
10
9
11
14
15
19
17
15
15
14
14
13
12
14
16
20
22
25
28
28
30
32
32
31
28
27
29
23
25
25
28
29
31
32
33
31
30
30
34
35
35
34
35
37
38
37
38
35
33
30
25
20
17
15
13
13
8
8
6
5
2
-1
-3
-4
-9
-12
-13
-15
-15
-16
-17
-13
-12
-9
-5
-2
0
3
3
2
1
-2
-6
-8
-10
-13
-16
-22
-24
-26
-24
-24
-20
-22
-24
-26
-23
-20
-16
-17
-17
-14
-8
-3
0
4
7
10
11
11
11
10
9
9
10
12
14
15
16
14
12
12
11
12
11
11
9
10
10
11
15
17
18
18
20
24
27
28
27
28
28
26
23
22
23
21
19
16
17
19
19
18
16
16
16
19
18
21
25
28
28
29
32
36
39
38
38
35
35
36
33
27
25
21
18
16
15
14
13
10
8
9
9
7
5
1
1
-4
-6
-8
-12
-15
-19
-21
-20
-17
-16
-14
-12
-8
-6
-5
-4
-1
0
-2
-7
-10
-13
-15
-16
-17
-20
-23
-22
-22
-21
-19
-17
-15
-13
-9
-8
-11
-11
-11
-9
-8
-6
-6
-7
-6
-4
-3
2
3
3
4
4
6
5
4
4
3
6
6
6
6
8
8
9
10
11
12
12
13
13
13
11
10
10
9
11
13
12
10
10
13
15
15
15
15
14
14
14
13
14
15
17
18
20
25
29
33
35
35
35
34
33
30
27
29
29
26
23
20
19
17
13
10
11
11
9
4
4
5
4
3
0
-2
-3
-3
-4
-5
-5
-7
-9
-9
-8
-10
-13
-14
-17
-16
-18
-17
-15
-14
-14
-11
-9
-9
-12
-12
-12
-11
-13
-14
-16
-16
-16
-13
-11
-10
-11
-10
-6
-5
-3
-4
-2
0
1
1
1
1
0
-2
-3
-5
-3
-3
-2
-2
0
2
3
5
6
7
8
9
11
13
13
14
13
14
13
11
11
9
9
10
10
11
12
15
16
17
17
19
22
23
24
20
20
20
22
20
19
19
19
19
18
19
18
20
20
18
18
19
22
22
20
21
22
25
26
26
25
26
23
19
16
13
10
7
2
-1
-4
-8
-8
-4
-2
-2
-1
-4
-5
-4
-3
-3
-4
-5
-7
-6
-5
-6
-4
-4
-4
-4
-4
-5
-5
-6
-6
-6
-6
-7
-8
-9
-12
-12
-13
-11
-9
-9
-8
-7
-6
-6
-3
-3
-2
-2
-3
-2
-3
-3
-5
-4
-5
-6
-7
-9
-10
-9
-6
-4
-1
1
3
5
10
11
12
11
11
13
12
10
10
8
6
4
4
4
5
6
6
8
10
9
9
11
10
11
8
3
2
1
2
3
5
5
8
9
12
16
16
17
19
18
17
20
19
17
17
14
14
11
11
10
12
13
10
9
7
5
4
5
3
0
0
-1
-2
-3
-5
-7
-8
-8
-7
-6
-5
-6
-8
-8
-8
-7
-8
-13
-14
-15
-12
-10
-11
-12
-13
-15
-13
-11
-9
-8
-10
-10
-8
-7
-10
-14
-16
-15
-10
-9
-10
-12
-11
-9
-8
-9
-12
-12
-11
-12
-14
-15
-14
-11
-10
-6
-4
-2
-1
2
2
3
3
2
3
3
2
1
-1
0
4
5
4
3
3
2
1
1
1
1
1
1
2
4
4
2
2
3
5
5
2
1
1
2
2
3
4
4
2
2
6
8
12
14
14
15
18
20
17
15
11
9
11
11
8
5
3
4
5
6
7
4
0
-2
-4
-6
-9
-10
-11
-10
-10
-12
-15
-16
-17
-17
-14
-13
-14
-15
-17
-14
-11
-10
-14
-17
-17
-13
-10
-10
-9
-9
-7
-5
-5
-9
-11
-13
-14
-16
-17
-17
-15
-14
-13
-11
-13
-15
-15
-14
-13
-13
-14
-14
-12
-11
-12
-13
-13
-12
-11
-11
-11
-12
-10
-11
-12
-13
-11
-9
-8
-6
-8
-10
-8
-7
-6
-5
-4
-5
-5
-7
-5
-5
-4
-5
-8
-10
-11
-9
-7
-6
-7
-6
-5
-4
-2
1
0
-1
-1
1
3
7
8
9
9
10
11
12
12
13
13
11
8
4
1
3
3
3
2
-3
-6
-5
-6
-7
-8
-11
-12
-14
-12
-13
-15
-20
-22
-21
-17
-16
-15
-15
-14
-11
-10
-8
-9
-11
-13
-11
-10
-10
-13
-15
-12
-10
-8
-10
-13
-14
-14
-13
-12
-11
-13
-15
-19
-22
-22
-19
-17
-16
-18
-20
-19
-19
-18
-15
-15
-17
-18
-18
-16
-14
-16
-19
-22
-23
-21
-18
-17
-16
-14
-14
-14
-12
-10
-9
-10
-11
-11
-8
-6
-8
-9
-8
-7
-6
-7
-6
-7
-7
-6
-8
-6
-6
-6
-9
-10
-6
-3
0
-2
-5
-6
-4
-4
-5
-8
-7
-6
-6
-4
-1
0
1
2
4
4
2
0
-1
-1
1
-1
-5
-7
-9
-10
-11
-12
-13
-13
-14
-15
-12
-12
-12
-12
-14
-14
-13
-12
-11
-10
-10
-8
-6
-8
-10
-14
-16
-16
-15
-15
-16
-15
-16
-13
-13
-13
-12
-13
-18
-17
-18
-17
-17
-20
-25
-23
-22
-22
-23
-25
-24
-20
-20
-21
-22
-23
-22
-23
-24
-22
-19
-20
-20
-19
-20
-17
-15
-15
-14
-13
-14
-14
-17
-20
-19
-18
-18
-20
-23
-23
-22
-18
-15
-14
-15
-14
-15
-12
-10
-10
-11
-13
-14
-13
-11
-11
-13
-15
-16
-14
-13
-10
-8
-8
-9
-9
-9
-10
-10
-12
-13
-13
-10
-8
-3
-2
0
1
2
2
3
5
4
4
2
1
-4
-8
-10
-14
-15
-15
-16
-16
-15
-17
-19
-20
-22
-23
-24
-25
-25
-23
-22
-19
-17
-17
-17
-16
-14
-15
-16
-15
-14
-12
-13
-15
-17
-19
-19
-20
-21
-24
-25
-24
-21
-18
-20
-20
-23
-26
-24
-25
-25
-25
-23
-19
-17
-15
-16
-17
-19
-19
-18
-17
-18
-17
-19
-20
-20
-22
-23
-23
-23
-21
-21
-20
-22
-22
-23
-22
-23
-21
-18
-17
-16
-14
-12
-11
-11
-11
-11
-9
-8
-10
-11
-12
-10
-8
-8
-10
-11
-12
-12
-11
-10
-9
-9
-8
-7
-9
-11
-9
-8
-7
-5
-5
-4
-3
-4
-5
-3
-3
-3
-2
-1
-1
-5
-8
-10
-11
-13
-14
-16
-18
-18
-15
-13
-12
-10
-12
-13
-15
-14
-14
-16
-16
-17
-13
-11
-8
-7
-9
-9
-9
-9
-8
-9
-10
-10
-8
-8
-10
-13
-13
-16
-17
-17
-15
-14
-16
-15
-16
-17
-21
-25
-25
-23
-22
-23
-25
-23
-21
-20
-22
-23
-22
-19
-20
-23
-24
-25
-25
-24
-26
-25
-26
-24
-24
-24
-20
-18
-16
-13
-12
-13
-13
-13
-12
-11
-11
-12
-10
-10
-8
-9
-9
-9
-11
-10
-13
-16
-18
-17
-17
-14
-13
-13
-14
-13
-12
-10
-11
-11
-11
-12
-11
-11
-12
-12
-10
-8
-6
-5
-5
-7
-8
-7
-6
-6
-8
-11
-16
-17
-16
-15
-13
-13
-15
-18
-18
-20
-19
-20
-19
-18
-17
-18
-16
-16
-15
-15
-14
-15
-13
-12
-14
-13
-16
-18
-18
-17
-20
-22
-23
-21
-19
-19
-20
-21
-21
-20
-20
-20
-23
-22
-25
-28
-28
-28
-27
-28
-25
-25
-23
-22
-23
-25
-27
-25
-23
-21
-24
-25
-25
-24
-22
-21
-23
-26
-27
-25
-24
-25
-28
-25
-21
-18
-16
-15
-16
-16
-16
-14
-16
-18
-20
-19
-18
-18
-16
-16
-16
-19
-21
-21
-16
-14
-16
-20
-19
-18
-16
-16
-16
-15
-12
-10
-9
-9
-10
-10
-8
-7
-7
-9
-10
-9
-7
-8
-9
-10
-9
-10
-9
-11
-15
-16
-18
-18
-17
-17
-17
-20
-20
-20
-21
-22
-21
-17
-15
-14
-13
-15
-16
-16
-17
-18
-19
-19
-19
-17
-18
-19
-20
-19
-19
-18
-20
-18
-16
-18
-20
-21
-21
-22
-23
-21
-21
-19
-22
-24
-25
-24
-24
-23
-24
-25
-27
-27
-28
-27
-25
-26
-27
-29
-29
-26
-22
-23
-26
-29
-33
-35
-34
-35
-34
-31
-27
-25
-24
-25
-26
-24
-22
-21
-19
-21
-23
-24
-25
-25
-24
-24
-24
-23
-23
-21
-20
-22
-21
-21
-22
-21
-21
-22
-22
-22
-21
-17
-17
-16
-15
-15
-15
-15
-14
-15
-16
-18
-16
-14
-14
-16
-17
-18
-17
-17
-21
-21
-22
-21
-21
-24
-21
-20
-21
-23
-26
-25
-23
-24
-27
-27
-26
-26
-26
-26
-24
-21
-19
-22
-24
-21
-18
-19
-23
-24
-24
-25
-26
-26
-26
-25
-25
-27
-26
-24
-22
-20
-21
-25
-25
-25
-27
-27
-26
-24
-22
-21
-23
-24
-25
-25
-24
-26
-28
-27
-28
-29
-27
-28
-27
-26
-28
-31
-31
-29
-26
-25
-25
-26
-27
-26
-24
-24
-23
-24
-23
-26
-27
-25
-23
-20
-20
-21
-24
-26
-26
-25
-25
-29
-30
-31
-28
-25
-22
-20
-19
-20
-19
-18
-15
-14
-14
-16
-20
-22
-21
-21
-23
-22
-23
-23
-22
-22
-23
-25
-25
-24
-24
-24
-24
-24
-22
-23
-25
-27
-27
-25
-24
-25
-25
-25
-25
-25
-25
-25
-26
-26
-24
-26
-26
-30
-30
-28
-30
-30
-29
-28
-26
-24
-24
-25
-27
-27
-28
-27
-29
-29
-28
-26
-25
-24
-25
-28
-29
-28
-27
-27
-25
-26
-28
-29
-33
-33
-33
-33
-33
-36
-36
-34
-33
-31
-30
-31
-30
-28
-29
-30
-30
-31
-31
-29
-29
-27
-26
-27
-27
-29
-30
-33
-32
-30
-31
-30
-26
-25
-27
-28
-27
-27
-26
-26
-24
-25
-27
-28
-29
-30
-30
-28
-27
-27
-27
-29
-29
-30
-30
-30
-28
-26
-25
-26
-25
-26
-26
-28
-27
-25
-24
-25
-25
-26
-24
-22
-22
-21
-20
-22
-24
-24
-24
-24
-25
-27
-25
-25
-26
-27
-28
-27
-25
-24
-26
-25
-23
-23
-23
-24
-25
-27
-28
-29
-27
-25
-24
-23
-24
-20
-18
-19
-23
-26
-26
-23
-22
-22
-23
-26
-24
-24
-23
-23
-24
-26
-27
-26
-26
-25
-25
-25
-25
-23
-23
-24
-23
-22
-23
-25
-24
-25
-25
-26
-26
-25
-26
-26
-27
-27
-24
-22
-23
-25
-28
-28
-26
-24
-26
-28
-29
-27
-26
-26
-30
-31
-28
-25
-23
-23
-22
-25
-24
-25
-24
-24
-27
-26
-25
-24
-23
-26
-25
-23
-23
-21
-22
-21
-19
-20
-22
-24
-26
-25
-23
-23
-21
-22
-23
-23
-22
-22
-19
-18
-20
-22
-23
-23
-23
-24
-24
-25
-28
-27
-25
-23
-24
-22
-20
-21
-23
-24
-23
-23
-20
-19
-19
-23
-24
-22
-20
-19
-18
-18
-22
-20
-20
-17
-18
-19
-23
-26
-28
-28
-28
-26
-24
-22
-21
-22
-22
-22
-25
-26
-27
-28
-26
-24
-23
-26
-25
-27
-26
-24
-22
-21
-22
-23
-23
-22
-20
-20
-23
-24
-26
-27
-24
-20
-16
-16
-15
-14
-13
-12
-13
-14
-14
-13
-13
-13
-12
-13
-13
-15
-16
-18
-18
-17
-18
-18
-17
-16
-16
-16
-17
-18
-17
-19
-21
-18
-16
-15
-12
-11
-13
-13
-15
-16
-18
-20
-20
-21
-19
-18
-20
-21
-21
-22
-20
-19
-19
-19
-21
-21
-21
-22
-23
-25
-24
-22
-20
-16
-15
-17
-16
-15
-14
-14
-16
-18
-18
-18
-19
-19
-19
-19
-20
-20
-19
-20
-21
-21
-21
-20
-18
-18
-20
-19
-17
-17
-18
-21
-22
-22
-19
-19
-20
-22
-23
-20
-20
-19
-21
-22
-22
-22
-22
-22
-22
-22
-20
-19
-19
-19
-19
-19
-17
-16
-17
-17
-15
-17
-19
-20
-19
-21
-22
-22
-21
-19
-19
-21
-22
-22
-22
-22
-21
-20
-20
-19
-17
-17
-17
-18
-18
-19
-16
-15
-15
-16
-18
-19
-18
-17
-17
-18
-18
-17
-17
-16
-12
-15
-16
-16
-17
-15
-17
-19
-20
-17
-12
-13
-14
-15
-18
-20
-20
-19
-20
-20
-19
-20
-19
-20
-19
-18
-19
-19
-20
-17
-19
-20
-18
-18
-18
-19
-23
-23
-22
-23
-22
-24
-25
-24
-21
-21
-21
-20
-20
-19
-21
-22
-23
-23
-24
-25
-25
-24
-21
-19
-19
-24
-25
-22
-23
-23
-22
-22
-22
-21
-23
-25
-25
-26
-25
-24
-24
-24
-24
-25
-25
-21
-21
-22
-23
-23
-23
-22
-21
-24
-24
-23
-22
-24
-25
-25
-25
-23
-25
-26
-27
-27
-24
-24
-25
-26
-25
-24
-24
-24
-25
-25
-25
-26
-26
-25
-25
-25
-26
-28
-29
-31
-32
-32
-32
-28
-28
-30
-30
-31
-30
-30
-29
-29
-29
-30
-31
-31
-30
-30
-31
-32
-31
-30
-30
-31
-31
-31
-31
-31
-30
-34
-36
-34
-34
-32
-32
-33
-35
-34
-33
-32
-31
-31
-31
-34
-36
-34
-34
-35
-36
-36
-35
-35
-34
-33
-32
-31
-31
-33
-35
-33
-34
-34
-36
-35
-36
-37
-36
-37
-37
-36
-36
-36
-36
-36
-36
-36
-35
-35
-36
-35
-35
-36
-35
-34
-36
-37
-38
-40
-38
-37
-38
-38
-38
-34
-31
-32
-33
-32
-31
-32
-33
-36
-34
-32
-31
-33
-36
-36
-35
-32
-33
-33
-34
-34
-35
-33
-34
-33
-34
-33
-32
-34
-35
-35
-36
-37
-37
-36
-35
-34
-34
-34
-34
-35
-35
-36
-36
-35
-36
-36
-37
-38
-36
-34
-33
-33
-34
-35
-37
-37
-36
-38
-39
-38
-36
-35
-34
-34
-36
-37
-36
-34
-35
-37
-37
-37
-36
-35
-38
-42
-41
-42
-42
-41
-40
-38
-38
-39
-40
-40
-41
-40
-42
-43
-43
-44
-44
-44
-44
-42
-41
-41
-42
-41
-42
-40
-38
-39
-39
-39
-38
-38
-41
-43
-41
-40
-40
-38
-39
-40
-38
-37
-35
-33
-34
-36
-37
-39
-39
-38
-38
-37
-36
-38
-38
-38
-39
-40
-41
-40
-40
-40
-40
-40
-38
-36
-36
-37
-36
-36
-35
-35
-36
-35
-35
-35
-36
-33
-33
-33
-32
-33
-33
-31
-31
-32
-32
-33
-34
-34
-34
-36
-35
-35
-35
-35
-34
-33
-33
-35
-35
-33
-30
-30
-30
-31
-32
-32
-35
-36
-36
-33
-31
-31
-33
-32
-30
-29
-28
-31
-32
-34
-34
-33
-32
-33
-31
-28
-26
-25
-28
-30
-32
-32
-32
-32
-33
-33
-33
-32
-31
-31
-31
-32
-32
-33
-32
-30
-30
-32
-34
-34
-32
-29
-31
-33
-32
-30
-27
-28
-30
-30
-28
-28
-29
-33
-34
-33
-30
-28
-29
-30
-30
-27
-24
-25
-26
-28
-27
-27
-25
-26
-25
-25
-27
-28
-29
-28
-27
-28
-29
-29
-28
-27
-28
-27
-27
-27
-27
-29
-30
-29
-28
-26
-26
-26
-27
-24
-24
-24
-25
-27
-26
-26
-27
-27
-29
-31
-29
-28
-28
-29
-31
-29
-27
-24
-25
-26
-27
-25
-26
-28
-29
-29
-28
-27
-28
-29
-26
-25
-27
-29
-31
-29
-28
-28
-29
-32
-32
-31
-31
-31
-30
-32
-33
-34
-33
-29
-27
-28
-29
-30
-30
-31
-32
-33
-34
-36
-36
-36
-34
-33
-34
-34
-34
-34
-34
-32
-31
-32
-31
-34
-33
-31
-30
-31
-33
-32
-34
-33
-30
-30
-29
-29
-29
-29
-30
-29
-29
-30
-32
-31
-29
-26
-26
-29
-30
-31
-30
-30
-31
-31
-31
-31
-30
-31
-31
-31
-32
-32
-30
-30
-30
-32
-32
-33
-31
-29
-29
-31
-32
-33
-30
-28
-28
-29
-29
-28
-26
-28
-31
-32
-30
-28
-28
-28
-27
-25
-23
-23
-22
-25
-27
-28
-27
-26
-28
-29
-27
-27
-25
-23
-24
-25
-25
-26
-27
-29
-30
-28
-28
-26
-27
-28
-28
-27
-27
-27
-28
-29
-27
-27
-27
-29
-28
-27
-27
-29
-30
-30
-29
-29
-28
-30
-29
-28
-25
-27
-29
-30
-31
-31
-30
-30
-31
-31
-34
-32
-34
-35
-34
-36
-36
-34
-30
-29
-28
-28
-28
-31
-31
-32
-32
-31
-29
-29
-29
-27
-27
-29
-30
-29
-27
-26
-26
-28
-28
-25
-25
-28
-28
-28
-26
-23
-26
-27
-29
-28
-26
-25
-25
-27
-27
-26
-26
-26
-28
-30
-28
-28
-27
-27
-27
-27
-27
-27
-29
-30
-30
-29
-25
-25
-25
-26
-28
-28
-28
-29
-31
-31
-29
-30
-28
-27
-26
-24
-26
-28
-28
-26
-25
-24
-24
-27
-27
-28
-29
-28
-28
-27
-27
-26
-30
-30
-31
-30
-30
-29
-28
-28
-32
-34
-33
-31
-30
-30
-30
-29
-29
-30
-32
-32
-31
-31
-33
-36
-34
-33
-31
-32
-33
-36
-36
-35
-31
-30
-29
-29
-30
-30
-28
-30
-30
-29
-30
-31
-30
-30
-30
-30
-30
-31
-34
-34
-31
-31
-33
-33
-32
-33
-33
-33
-32
-31
-32
-32
-34
-35
-34
-32
-31
-33
-34
-35
-36
-35
-33
-33
-34
-34
-34
-31
-30
-32
-32
-32
-32
-33
-35
-35
-32
-30
-29
-31
-29
-28
-28
-28
-29
-28
-29
-30
-32
-31
-32
-33
-33
-33
-33
-31
-31
-32
-29
-30
-32
-32
-32
-32
-31
-31
-31
-32
-30
-31
-29
-30
-32
-31
-30
-29
-30
-31
-34
-34
-34
-36
-37
-37
-37
-37
-38
-39
-39
-37
-36
-36
-35
-34
-33
-34
-36
-37
-38
-36
-37
-38
-37
-39
-40
-39
-39
-41
-40
-39
-39
-37
-36
-35
-36
-38
-38
-38
-36
-34
-34
-37
-38
-39
-38
-37
-37
-36
-37
-37
-36
-37
-36
-36
-37
-38
-38
-35
-35
-33
-34
-39
-41
-40
-38
-36
-34
-36
-36
-35
-36
-35
-35
-33
-31
-32
-34
-36
-34
-32
-33
-36
-35
-35
-34
-33
-35
-38
-37
-36
-34
-33
-34
-34
-33
-35
-36
-37
-36
-35
-35
-38
-39
-40
-37
-37
-37
-36
-35
-34
-35
-37
-40
-41
-41
-41
-42
-43
-43
-41
-39
-41
-40
-41
-42
-42
-42
-43
-42
-41
-40
-39
-40
-40
-39
-41
-43
-44
-45
-44
-43
-40
-40
-40
-40
-42
-44
-45
-46
-45
-45
-47
-48
-46
-45
-45
-47
-48
-48
-47
-46
-49
-50
-47
-45
-45
-45
-47
-46
-45
-43
-42
-42
-45
-44
-42
-40
-38
-38
-43
-47
-47
-46
-44
-43
-45
-47
-44
-42
-43
-42
-41
-42
-43
-42
-40
-39
-38
-39
-39
-39
-40
-40
-42
-44
-44
-42
-41
-42
-42
-41
-42
-41
-41
-41
-39
-37
-36
-37
-37
-39
-41
-41
-41
-40
-38
-40
-41
-40
-39
-40
-42
-41
-37
-35
-37
-37
-38
-37
-37
-38
-39
-41
-41
-40
-42
-42
-41
-39
-38
-38
-39
-40
-39
-37
-36
-37
-39
-40
-39
-39
-39
-40
-39
-39
-40
-41
-40
-41
-42
-41
-41
-42
-41
-39
-37
-39
-40
-41
-40
-37
-36
-36
-37
-36
-36
-37
-40
-42
-44
-43
-41
-41
-40
-40
-38
-36
-38
-41
-39
-39
-39
-37
-39
-41
-42
-42
-42
-42
-42
-41
-43
-44
-43
-43
-43
-40
-39
-40
-40
-41
-40
-39
-38
-38
-38
-38
-39
-42
-44
-42
-42
-42
-43
-44
-42
-40
-41
-45
-47
-44
-44
-43
-43
-45
-42
-41
-40
-41
-44
-44
-42
-41
-44
-44
-43
-42
-42
-42
-41
-40
-39
-40
-39
-40
-39
-38
-37
-37
-38
-39
-38
-39
-40
-41
-38
-38
-39
-38
-39
-40
-40
-41
-40
-39
-38
-38
-40
-42
-41
-41
-39
-38
-36
-38
-41
-42
-42
-42
-41
-40
-39
-41
-39
-36
-37
-38
-39
-40
-39
-37
-38
-40
-39
-37
-37
-39
-39
-38
-36
-37
-38
-39
-39
-39
-40
-40
-40
-39
-38
-38
-39
-39
-38
-38
-41
-43
-41
-36
-34
-33
-36
-39
-36
-32
-31
-32
-34
-35
-32
-32
-35
-36
-36
-36
-35
-37
-37
-36
-33
-34
-33
-34
-38
-38
-37
-36
-34
-33
-34
-36
-36
-36
-35
-34
-35
-36
-33
-31
-30
-31
-33
-35
-34
-34
-33
-33
-34
-34
-35
-36
-37
-37
-37
-36
-34
-33
-32
-32
-32
-32
-32
-32
-30
-29
-29
-30
-32
-31
-31
-30
-30
-31
-32
-34
-34
-34
-33
-32
-33
-32
-32
-31
-33
-32
-34
-34
-34
-34
-33
-34
-35
-36
-36
-38
-37
-35
-36
-36
-35
-35
-34
-36
-38
-40
-40
-38
-38
-38
-38
-37
-38
-37
-37
-35
-33
-33
-35
-35
-33
-33
-35
-36
-36
-37
-37
-39
-39
-38
-39
-40
-37
-35
-34
-33
-33
-33
-32
-34
-35
-37
-40
-38
-38
-39
-38
-36
-34
-34
-36
-39
-40
-38
-36
-36
-37
-39
-41
-40
-38
-37
-39
-40
-39
-38
-35
-35
-38
-37
-36
-34
-34
-35
-34
-33
-33
-34
-34
-32
-32
-31
-32
-32
-31
-32
-32
-32
-30
-30
-31
-31
-30
-28
-27
-27
-28
-29
-29
-28
-28
-31
-31
-31
-30
-30
-31
-30
-31
-32
-33
-35
-33
-31
-28
-29
-32
-32
-33
-31
-31
-33
-35
-33
-32
-29
-29
-32
-34
-33
-29
-31
-32
-31
-31
-31
-31
-34
-34
-33
-33
-34
-34
-33
-34
-35
-36
-34
-32
-33
-33
-36
-39
-39
-38
-38
-39
-38
-35
-33
-34
-36
-37
-39
-40
-38
-36
-36
-36
-38
-38
-36
-37
-40
-42
-41
-38
-37
-39
-39
-39
-36
-35
-36
-38
-38
-37
-37
-39
-39
-39
-37
-37
-37
-35
-36
-36
-38
-39
-40
-39
-37
-37
-39
-40
-40
-39
-38
-37
-37
-38
-38
-36
-36
-38
-39
-39
-36
-35
-36
-37
-37
-36
-35
-36
-36
-36
-36
-34
-34
-34
-36
-38
-39
-36
-35
-34
-34
-33
-33
-32
-33
-33
-35
-38
-37
-35
-36
-35
-36
-36
-35
-37
-39
-41
-41
-40
-38
-37
-39
-39
-38
-36
-37
-38
-40
-42
-39
-38
-38
-40
-40
-40
-39
-40
-42
-43
-41
-38
-37
-39
-39
-38
-39
-40
-42
-40
-38
-38
-38
-38
-39
-37
-38
-40
-37
-37
-38
-39
-39
-40
-39
-40
-40
-40
-39
-38
-38
-39
-38
-37
-40
-40
-40
-40
-39
-42
-43
-43
-41
-39
-40
-42
-42
-39
-39
-40
-41
-41
-41
-40
-41
-41
-41
-40
-38
-38
-39
-39
-39
-38
-39
-43
-42
-40
-37
-37
-38
-39
-40
-39
-40
-42
-43
-44
-42
-42
-43
-44
-40
-40
-38
-39
-40
-40
-39
-40
-41
-39
-40
-40
-43
-44
-44
-41
-41
-40
-43
-43
-42
-43
-45
-46
-46
-47
-47
-44
-45
-44
-43
-44
-45
-47
-48
-48
-48
-49
-47
-46
-45
-44
-44
-46
-48
-49
-48
-48
-49
-45
-46
-48
-48
-47
-47
-48
-50
-50
-49
-46
-45
-48
-49
-50
-50
-50
-49
-49
-50
-51
-50
-52
-49
-49
-49
-49
-50
-51
-51
-50
-50
-48
-49
-50
-47
-48
-51
-50
-52
-53
-52
-51
-52
-53
-53
-51
-52
-53
-52
-51
-51
-52
-53
-53
-50
-49
-50
-49
-50
-50
-50
-51
-49
-46
-46
-46
-48
-49
-47
-49
-49
-47
-45
-44
-45
-48
-48
-48
-48
-47
-47
-44
-42
-43
-46
-47
-47
-48
-48
-47
-48
-49
-49
-48
-46
-48
-47
-45
-45
-46
-46
-47
-47
-46
-46
-46
-46
-45
-46
-46
-48
-47
-46
-47
-51
-52
-50
-47
-45
-48
-48
-48
-49
-50
-52
-52
-52
-53
-53
-53
-51
-48
-48
-51
-50
-51
-49
-51
-50
-52
-53
-51
-51
-50
-50
-50
-50
-50
-49
-47
-45
-45
-46
-48
-47
-48
-47
-47
-47
-47
-46
-46
-46
-47
-50
-50
-49
-49
-48
-50
-51
-49
-50
-52
-52
-50
-48
-48
-49
-51
-51
-49
-50
-50
-51
-49
-48
-46
-45
-45
-43
-44
-45
-49
-50
-49
-48
-47
-47
-49
-48
-44
-44
-46
-45
-44
-45
-44
-42
-41
-39
-40
-40
-39
-38
-38
-40
-42
-41
-39
-41
-42
-43
-43
-40
-40
-39
-39
-40
-39
-39
-42
-43
-44
-43
-41
-40
-40
-43
-45
-44
-42
-41
-40
-41
-42
-42
-41
-42
-43
-43
-41
-40
-40
-43
-45
-45
-43
-41
-41
-42
-41
-41
-41
-40
-42
-43
-44
-44
-43
-43
-43
-42
-42
-41
-41
-42
-42
-41
-41
-40
-40
-41
-42
-42
-44
-43
-43
-43
-44
-45
-45
-43
-42
-44
-45
-44
-43
-41
-43
-44
-44
-43
-43
-45
-46
-44
-43
-44
-43
-44
-43
-43
-45
-45
-44
-43
-44
-45
-47
-45
-44
-45
-47
-48
-45
-43
-43
-46
-47
-45
-42
-43
-43
-43
-42
-41
-42
-46
-46
-44
-42
-43
-43
-43
-43
-42
-44
-46
-42
-42
-43
-45
-47
-46
-45
-47
-43
-44
-46
-46
-45
-44
-42
-41
-42
-43
-46
-48
-47
-46
-44
-46
-46
-48
-49
-48
-49
-50
-51
-51
-51
-50
-48
-47
-48
-47
-46
-44
-45
-46
-47
-47
-46
-45
-43
-41
-40
-41
-43
-44
-44
-44
-45
-47
-45
-45
-43
-43
-43
-44
-44
-42
-42
-43
-44
-43
-43
-42
-42
-42
-42
-42
-43
-43
-44
-44
-43
-44
-44
-44
-45
-43
-43
-43
-44
-44
-43
-42
-44
-45
-44
-44
-41
-41
-42
-42
-41
-41
-41
-39
-38
-39
-40
-41
-40
-39
-39
-38
-35
-33
-35
-38
-38
-36
-36
-34
-36
-39
-39
-38
-38
-38
-38
-39
-38
-38
-37
-35
-36
-36
-37
-39
-38
-37
-38
-38
-39
-37
-36
-37
-38
-39
-39
-39
-39
-39
-39
-38
-37
-36
-35
-36
-37
-37
-37
-37
-36
-36
-37
-39
-39
-38
-37
-36
-38
-36
-34
-35
-36
-38
-39
-37
-38
-40
-40
-40
-38
-37
-38
-40
-41
-39
-38
-36
-38
-39
-40
-41
-38
-40
-40
-40
-41
-40
-38
-38
-39
-41
-41
-39
-40
-40
-41
-41
-41
-41
-40
-39
-37
-37
-40
-43
-42
-41
-39
-38
-37
-39
-39
-39
-40
-40
-41
-41
-41
-42
-44
-43
-42
-38
-39
-41
-41
-40
-37
-36
-39
-41
-40
-37
-36
-35
-36
-39
-39
-37
-36
-37
-38
-37
-36
-37
-37
-38
-38
-37
-36
-35
-35
-36
-37
-37
-36
-34
-34
-32
-31
-33
-35
-36
-35
-37
-33
-33
-34
-35
-35
-33
-33
-34
-36
-36
-37
-36
-32
-33
-33
-33
-33
-32
-34
-35
-35
-36
-34
-34
-33
-33
-33
-36
-36
-34
-33
-33
-36
-36
-35
-35
-34
-34
-36
-37
-34
-36
-38
-40
-39
-40
-38
-38
-38
-39
-37
-37
-39
-41
-40
-39
-39
-39
-38
-39
-39
-39
-41
-41
-39
-38
-38
-41
-44
-42
-41
-42
-42
-43
-43
-41
-42
-43
-45
-45
-45
-45
-44
-43
-41
-37
-38
-38
-40
-41
-42
-41
-42
-44
-44
-41
-43
-45
-44
-44
-41
-41
-41
-42
-42
-42
-43
-41
-42
-43
-45
-44
-45
-45
-45
-44
-42
-41
-41
-41
-39
-38
-40
-42
-43
-44
-42
-41
-41
-43
-43
-43
-42
-42
-41
-40
-38
-38
-37
-35
-35
-35
-35
-39
-41
-40
-39
-39
-39
-39
-39
-36
-36
-40
-43
-41
-40
-40
-41
-43
-44
-42
-38
-40
-44
-43
-44
-41
-39
-39
-39
-40
-41
-41
-41
-42
-43
-43
-44
-45
-43
-42
-41
-42
-40
-40
-39
-38
-38
-40
-42
-40
-40
-39
-39
-40
-40
-39
-39
-40
-42
-43
-42
-40
-40
-41
-42
-42
-40
-39
-40
-40
-40
-40
-40
-40
-41
-43
-42
-41
-38
-39
-41
-40
-40
-38
-38
-40
-38
-39
-38
-37
-36
-38
-39
-41
-43
-41
-39
-38
-38
-37
-37
-37
-38
-39
-38
-37
-35
-36
-40
-41
-41
-43
-41
-40
-39
-40
-38
-39
-38
-41
-40
-38
-37
-36
-37
-39
-41
-40
-40
-40
-39
-39
-40
-40
-40
-39
-39
-40
-40
-40
-39
-41
-41
-42
-42
-41
-42
-43
-41
-39
-39
-38
-41
-40
-40
-40
-41
-43
-43
-43
-43
-41
-41
-44
-46
-45
-44
-42
-43
-43
-44
-44
-43
-43
-44
-45
-43
-43
-43
-43
-43
-42
-41
-40
-41
-42
-42
-44
-44
-45
-44
-44
-45
-44
-43
-43
-45
-46
-46
-46
-46
-45
-42
-42
-41
-43
-42
-43
-43
-43
-45
-46
-47
-47
-48
-46
-43
-42
-43
-44
-44
-45
-46
-49
-51
-48
-46
-42
-41
-44
-45
-48
-46
-47
-47
-46
-45
-45
-44
-44
-43
-42
-43
-44
-47
-46
-45
-45
-45
-44
-44
-45
-45
-47
-49
-47
-44
-43
-47
-48
-47
-43
-39
-41
-44
-47
-47
-44
-42
-44
-45
-43
-43
-43
-43
-45
-47
-48
-47
-46
-45
-43
-43
-46
-47
-46
-45
-44
-45
-48
-49
-46
-47
-47
-48
-49
-52
-52
-52
-50
-48
-47
-46
-48
-51
-50
-49
-49
-50
-51
-52
-52
-48
-50
-49
-49
-50
-49
-49
-50
-52
-51
-50
-49
-51
-50
-47
-48
-49
-50
-48
-47
-46
-48
-49
-49
-50
-50
-51
-48
-48
-49
-48
-50
-51
-52
-49
-47
-46
-45
-47
-47
-46
-48
-49
-49
-50
-51
-50
-51
-52
-50
-48
-47
-46
-45
-46
-45
-45
-47
-49
-49
-46
-43
-45
-46
-47
-47
-46
-43
-42
-43
-43
-43
-43
-43
-43
-44
-45
-45
-43
-41
-40
-40
-41
-41
-40
-42
-41
-39
-38
-38
-39
-39
-40
-41
-41
-39
-39
-38
-38
-38
-37
-38
-40
-39
-37
-36
-39
-42
-41
-38
-35
-37
-39
-40
-38
-36
-35
-35
-38
-39
-36
-34
-32
-32
-36
-37
-36
-34
-34
-34
-36
-36
-34
-35
-36
-38
-37
-37
-35
-33
-35
-35
-34
-34
-34
-32
-31
-30
-30
-32
-35
-36
-35
-33
-32
-32
-31
-32
-31
-29
-30
-30
-30
-30
-28
-27
-30
-31
-32
-32
-32
-32
-32
-30
-29
-29
-29
-30
-30
-26
-24
-24
-25
-28
-28
-27
-28
-27
-26
-27
-26
-27
-28
-27
-26
-26
-26
-26
-26
-25
-26
-25
-25
-24
-26
-25
-26
-24
-23
-23
-25
-26
-24
-25
-25
-26
-26
-26
-28
-27
-25
-25
-25
-25
-26
-26
-26
-25
-27
-30
-32
-30
-30
-29
-30
-32
-33
-33
-32
-30
-29
-29
-29
-30
-34
-37
-36
-35
-32
-33
-34
-35
-35
-33
-35
-36
-39
-37
-33
-31
-33
-35
-32
-30
-30
-30
-30
-30
-29
-29
-31
-30
-28
-25
-25
-25
-26
-26
-26
-29
-29
-29
-28
-31
-32
-34
-34
-30
-31
-32
-35
-34
-32
-33
-33
-34
-35
-35
-34
-33
-36
-36
-37
-36
-34
-32
-33
-35
-38
-38
-37
-38
-37
-37
-34
-34
-35
-35
-34
-32
-32
-32
-32
-34
-36
-36
-34
-35
-35
-35
-36
-34
-33
-35
-37
-37
-37
-36
-34
-33
-32
-33
-36
-38
-39
-39
-37
-36
-35
-36
-38
-38
-37
-35
-36
-34
-34
-34
-34
-35
-37
-37
-35
-35
-35
-36
-39
-41
-39
-38
-37
-36
-37
-37
-38
-37
-38
-38
-38
-37
-36
-37
-37
-37
-37
-36
-37
-39
-37
-35
-36
-37
-38
-36
-37
-37
-38
-37
-38
-39
-42
-45
-45
-41
-41
-40
-41
-39
-37
-37
-39
-40
-39
-36
-37
-39
-41
-43
-40
-38
-37
-39
-40
-42
-42
-38
-38
-39
-39
-39
-38
-37
-39
-41
-42
-41
-40
-41
-43
-42
-40
-41
-40
-39
-38
-37
-37
-36
-37
-39
-40
-40
-39
-39
-40
-40
-42
-42
-42
-39
-38
-38
-39
-38
-38
-38
-37
-36
-36
-35
-36
-33
-33
-36
-37
-37
-37
-35
-36
-38
-39
-37
-34
-34
-34
-33
-32
-33
-32
-32
-33
-32
-31
-30
-32
-33
-33
-28
-28
-28
-29
-33
-34
-31
-32
-33
-31
-31
-32
-31
-30
-30
-29
-29
-29
-28
-26
-24
-29
-32
-34
-34
-32
-30
-28
-28
-28
-28
-27
-26
-29
-30
-29
-30
-29
-29
-29
-29
-29
-29
-29
-28
-30
-31
-32
-32
-31
-30
-32
-29
-29
-30
-28
-29
-32
-32
-31
-32
-31
-35
-37
-36
-36
-33
-29
-28
-30
-32
-33
-32
-30
-30
-29
-30
-32
-32
-35
-35
-34
-35
-35
-34
-33
-33
-34
-34
-33
-33
-32
-31
-31
-30
-30
-30
-31
-32
-32
-32
-33
-32
-32
-33
-32
-35
-36
-36
-35
-34
-35
-35
-33
-31
-31
-29
-30
-30
-31
-32
-31
-31
-31
-30
-31
-32
-33
-35
-34
-34
-33
-35
-34
-32
-32
-33
-35
-34
-32
-30
-32
-33
-36
-37
-37
-36
-36
-37
-38
-38
-38
-39
-37
-36
-35
-36
-35
-36
-35
-36
-37
-36
-35
-35
-35
-34
-33
-32
-35
-36
-37
-37
-36
-37
-39
-37
-34
-31
-31
-33
-34
-34
-34
-36
-37
-39
-39
-38
-38
-37
-36
-35
-35
-37
-40
-41
-41
-39
-37
-37
-37
-37
-35
-37
-39
-44
-45
-42
-42
-41
-43
-44
-43
-43
-43
-44
-42
-40
-38
-39
-40
-40
-40
-41
-39
-39
-37
-38
-38
-38
-38
-39
-38
-40
-41
-40
-39
-37
-37
-36
-34
-35
-35
-36
-38
-39
-40
-39
-37
-36
-36
-36
-38
-38
-38
-40
-40
-41
-42
-40
-38
-37
-37
-39
-39
-37
-37
-38
-39
-39
-38
-37
-37
-38
-37
-34
-32
-35
-37
-38
-35
-35
-37
-37
-37
-35
-35
-37
-40
-41
-37
-35
-37
-40
-38
-35
-36
-39
-41
-41
-36
-35
-36
-37
-37
-37
-36
-36
-36
-37
-39
-40
-39
-38
-36
-33
-35
-36
-38
-38
-36
-35
-37
-40
-41
-42
-40
-40
-41
-42
-41
-40
-39
-39
-41
-40
-38
-37
-38
-39
-41
-41
-40
-39
-39
-38
-40
-40
-41
-40
-40
-40
-39
-38
-37
-36
-37
-37
-36
-35
-35
-34
-35
-35
-36
-37
-39
-40
-39
-40
-36
-35
-35
-36
-34
-36
-36
-35
-36
-38
-39
-38
-37
-34
-32
-33
-34
-36
-38
-38
-37
-36
-34
-32
-34
-33
-32
-33
-33
-33
-35
-35
-36
-35
-35
-34
-32
-32
-33
-35
-36
-37
-38
-37
-37
-38
-37
-39
-40
-40
-39
-38
-38
-38
-38
-40
-42
-42
-40
-38
-38
-39
-38
-40
-40
-40
-41
-40
-40
-38
-38
-37
-37
-37
-36
-36
-36
-38
-40
-40
-41
-41
-40
-38
-38
-39
-38
-40
-38
-37
-40
-43
-43
-42
-40
-39
-40
-42
-42
-43
-43
-43
-43
-43
-42
-41
-41
-41
-41
-40
-40
-40
-41
-40
-40
-41
-42
-40
-38
-39
-39
-39
-39
-39
-37
-39
-43
-41
-38
-36
-36
-38
-42
-42
-39
-37
-38
-41
-40
-40
-41
-40
-42
-43
-42
-40
-41
-42
-44
-43
-42
-41
-42
-42
-42
-41
-44
-44
-43
-43
-42
-41
-42
-42
-42
-42
-40
-41
-42
-41
-39
-38
-39
-39
-40
-39
-37
-37
-36
-36
-38
-38
-40
-39
-40
-41
-41
-39
-40
-40
-41
-40
-38
-39
-41
-41
-40
-39
-37
-38
-37
-37
-38
-39
-37
-39
-40
-37
-36
-37
-36
-35
-34
-33
-34
-33
-33
-32
-34
-35
-38
-37
-37
-36
-37
-37
-37
-36
-33
-33
-34
-36
-36
-38
-35
-33
-33
-35
-37
-36
-36
-37
-38
-39
-38
-36
-36
-38
-37
-36
-36
-37
-39
-38
-35
-35
-36
-35
-37
-37
-35
-34
-34
-36
-36
-37
-37
-35
-35
-34
-35
-33
-32
-34
-35
-35
-33
-28
-27
-28
-30
-30
-30
-27
-27
-29
-28
-29
-28
-28
-29
-29
-29
-29
-27
-26
-27
-29
-31
-31
-27
-25
-27
-28
-31
-29
-29
-27
-26
-27
-27
-29
-28
-28
-30
-29
-30
-30
-30
-31
-30
-29
-29
-28
-30
-32
-30
-29
-31
-30
-29
-29
-27
-27
-27
-27
-27
-30
-31
-32
-30
-27
-28
-28
-27
-27
-28
-30
-29
-30
-28
-28
-29
-29
-29
-27
-29
-30
-30
-30
-30
-30
-29
-29
-30
-30
-30
-29
-30
-29
-29
-29
-29
-28
-31
-31
-29
-31
-29
-28
-28
-30
-31
-29
-26
-26
-28
-28
-28
-25
-23
-24
-26
-30
-31
-27
-25
-24
-26
-24
-23
-24
-24
-26
-24
-24
-24
-25
-24
-24
-24
-26
-25
-21
-19
-22
-22
-23
-21
-20
-21
-25
-27
-25
-24
-23
-25
-26
-25
-25
-23
-24
-26
-27
-27
-27
-26
-26
-25
-25
-26
-27
-26
-26
-24
-27
-28
-28
-26
-23
-24
-28
-28
-27
-27
-26
-27
-26
-26
-24
-23
-24
-26
-25
-26
-26
-28
-27
-27
-26
-25
-25
-27
-29
-30
-30
-29
-29
-29
-27
-25
-25
-26
-28
-29
-28
-28
-28
-27
-27
-27
-27
-30
-32
-34
-32
-29
-29
-31
-30
-32
-31
-31
-30
-30
-30
-33
-32
-31
-30
-30
-30
-31
-31
-30
-30
-29
-32
-32
-33
-33
-31
-30
-32
-33
-34
-34
-30
-30
-33
-32
-29
-27
-29
-31
-32
-30
-28
-28
-32
-33
-33
-34
-34
-34
-33
-31
-32
-33
-32
-30
-29
-28
-31
-29
-32
-33
-32
-31
-32
-30
-30
-31
-32
-31
-31
-31
-32
-32
-33
-33
-33
-34
-33
-34
-34
-34
-33
-33
-34
-33
-34
-35
-35
-37
-38
-37
-34
-34
-34
-34
-34
-33
-31
-32
-32
-33
-34
-35
-35
-34
-34
-34
-33
-30
-31
-31
-30
-29
-30
-31
-32
-30
-29
-29
-31
-32
-33
-32
-31
-32
-33
-33
-31
-32
-35
-34
-31
-30
-29
-30
-30
-30
-25
-29
-30
-32
-38
-38
-40
-39
-39
-37
-37
-36
-35
-38
-39
-40
-37
-36
-36
-35
-33
-29
-27
-28
-26
-27
-29
-29
-29
-31
-31
-29
-28
-27
-27
-28
-28
-28
-30
-28
-25
-26
-25
-27
-27
-29
-29
-31
-33
-35
-35
-33
-32
-33
-34
-33
-33
-33
-33
-33
-34
-33
-32
-31
-31
-31
-32
-33
-34
-33
-31
-31
-32
-31
-29
-30
-28
-31
-34
-32
-29
-27
-28
-31
-31
-28
-27
-30
-34
-34
-32
-32
-33
-34
-31
-29
-30
-32
-33
-34
-35
-35
-34
-32
-31
-29
-27
-28
-32
-34
-35
-33
-30
-30
-32
-32
-34
-33
-32
-31
-32
-32
-32
-33
-32
-31
-31
-31
-30
-28
-29
-31
-32
-33
-34
-32
-31
-31
-31
-33
-35
-38
-36
-34
-32
-32
-33
-33
-33
-32
-31
-32
-32
-32
-31
-28
-30
-32
-34
-32
-31
-30
-33
-34
-34
-34
-32
-31
-32
-35
-36
-37
-36
-33
-34
-35
-33
-33
-34
-33
-33
-30
-30
-33
-33
-32
-33
-35
-36
-37
-37
-37
-37
-37
-37
-37
-35
-33
-35
-37
-38
-37
-36
-36
-35
-34
-34
-36
-35
-36
-35
-35
-36
-37
-36
-35
-36
-36
-35
-34
-34
-33
-35
-36
-37
-36
-37
-36
-35
-35
-33
-31
-32
-34
-37
-40
-39
-37
-38
-35
-36
-37
-37
-39
-39
-39
-37
-37
-38
-37
-34
-34
-37
-39
-40
-41
-40
-40
-41
-41
-40
-38
-36
-36
-38
-39
-38
-37
-37
-38
-37
-37
-36
-36
-36
-35
-38
-36
-35
-36
-36
-37
-36
-35
-34
-35
-35
-37
-36
-35
-35
-35
-38
-41
-40
-38
-35
-35
-35
-35
-34
-33
-34
-35
-36
-35
-34
-33
-31
-31
-34
-33
-36
-36
-36
-34
-35
-35
-33
-33
-33
-32
-34
-36
-35
-32
-31
-32
-32
-32
-32
-32
-33
-33
-34
-33
-31
-32
-33
-34
-32
-31
-30
-30
-31
-31
-30
-32
-33
-31
-30
-30
-30
-31
-33
-32
-30
-28
-29
-31
-33
-33
-29
-28
-30
-32
-31
-29
-28
-28
-30
-29
-29
-30
-31
-30
-31
-30
-29
-29
-31
-30
-29
-29
-28
-28
-28
-27
-27
-26
-26
-28
-30
-30
-31
-31
-31
-29
-29
-30
-29
-29
-29
-30
-29
-30
-29
-28
-27
-27
-28
-28
-28
-31
-31
-31
-31
-30
-33
-34
-35
-32
-30
-30
-32
-35
-34
-31
-29
-31
-30
-29
-30
-31
-31
-32
-32
-33
-33
-33
-32
-30
-30
-31
-31
-32
-32
-32
-33
-33
-34
-34
-32
-32
-33
-34
-33
-34
-32
-33
-32
-32
-31
-29
-29
-30
-32
-32
-30
-29
-30
-30
-33
-34
-32
-31
-31
-32
-35
-34
-33
-31
-32
-32
-31
-31
-32
-34
-34
-33
-34
-34
-34
-35
-34
-33
-34
-35
-35
-37
-36
-33
-32
-32
-36
-37
-36
-35
-32
-32
-33
-34
-34
-35
-35
-34
-36
-36
-36
-35
-32
-31
-32
-35
-35
-35
-37
-38
-39
-38
-34
-34
-33
-36
-36
-37
-35
-33
-36
-35
-36
-37
-37
-36
-38
-38
-37
-36
-37
-36
-38
-39
-38
-37
-34
-33
-34
-39
-38
-39
-38
-36
-35
-34
-34
-33
-34
-35
-34
-33
-32
-34
-36
-35
-32
-32
-32
-33
-32
-30
-29
-30
-33
-32
-30
-30
-29
-29
-28
-25
-25
-28
-30
-33
-31
-29
-30
-31
-30
-29
-27
-27
-28
-30
-32
-31
-29
-29
-29
-28
-28
-28
-28
-30
-31
-31
-29
-27
-26
-26
-27
-27
-27
-27
-27
-28
-31
-30
-29
-27
-27
-26
-27
-28
-29
-27
-27
-27
-28
-30
-30
-29
-29
-30
-30
-29
-29
-28
-27
-27
-27
-28
-28
-27
-29
-28
-29
-30
-29
-29
-29
-28
-27
-26
-27
-29
-30
-28
-29
-30
-30
-27
-25
-25
-27
-31
-31
-31
-30
-28
-27
-29
-28
-28
-28
-29
-29
-29
-30
-32
-33
-32
-31
-29
-29
-30
-29
-28
-27
-25
-24
-25
-28
-28
-26
-23
-22
-24
-26
-26
-26
-26
-26
-25
-24
-20
-18
-19
-21
-24
-23
-24
-26
-26
-26
-26
-24
-23
-21
-20
-22
-23
-22
-21
-20
-24
-26
-29
-29
-27
-26
-25
-24
-25
-25
-25
-25
-25
-27
-28
-28
-26
-23
-22
-22
-24
-25
-25
-23
-21
-22
-24
-26
-24
-23
-23
-22
-22
-20
-19
-21
-22
-23
-25
-23
-22
-22
-20
-20
-20
-20
-20
-22
-22
-23
-21
-19
-18
-20
-19
-21
-21
-20
-22
-22
-19
-18
-20
-19
-19
-20
-20
-22
-21
-23
-21
-21
-21
-18
-17
-16
-17
-19
-21
-22
-22
-23
-22
-22
-19
-22
-24
-22
-19
-19
-19
-21
-23
-21
-16
-15
-15
-17
-20
-20
-19
-17
-15
-16
-18
-18
-19
-17
-18
-19
-20
-20
-20
-20
-19
-20
-18
-18
-19
-19
-19
-19
-20
-21
-23
-21
-22
-23
-23
-24
-24
-22
-23
-23
-24
-25
-27
-26
-25
-25
-25
-26
-25
-24
-28
-27
-26
-29
-29
-29
-29
-27
-25
-26
-26
-26
-25
-26
-24
-24
-24
-23
-24
-26
-27
-26
-25
-24
-24
-26
-28
-29
-28
-27
-26
-25
-25
-26
-28
-29
-29
-27
-27
-26
-24
-24
-24
-24
-27
-28
-29
-27
-27
-27
-28
-25
-27
-28
-31
-33
-32
-29
-27
-28
-30
-31
-30
-30
-31
-32
-32
-31
-29
-27
-28
-29
-29
-31
-32
-30
-31
-30
-30
-29
-29
-27
-27
-27
-26
-26
-24
-23
-25
-28
-30
-28
-27
-26
-27
-27
-28
-27
-25
-26
-26
-27
-26
-27
-28
-29
-29
-28
-28
-29
-29
-29
-29
-29
-30
-29
-31
-30
-30
-35
-33
-32
-32
-29
-29
-32
-30
-30
-27
-25
-25
-28
-27
-26
-23
-23
-23
-23
-23
-24
-25
-26
-25
-24
-26
-26
-25
-24
-23
-23
-23
-22
-24
-24
-26
-25
-24
-25
-25
-24
-28
-28
-29
-27
-26
-27
-27
-27
-26
-26
-26
-29
-29
-28
-30
-30
-32
-32
-30
-28
-31
-34
-33
-33
-31
-30
-33
-36
-33
-30
-29
-29
-31
-29
-29
-29
-32
-34
-32
-32
-30
-30
-31
-31
-30
-30
-31
-31
-29
-27
-29
-30
-30
-29
-29
-29
-29
-29
-30
-28
-26
-26
-25
-27
-28
-26
-25
-25
-26
-28
-27
-27
-25
-26
-26
-27
-26
-23
-26
-27
-27
-24
-23
-25
-26
-25
-27
-28
-29
-28
-26
-27
-29
-29
-28
-28
-26
-28
-30
-29
-27
-27
-28
-27
-26
-25
-26
-26
-26
-26
-28
-28
-28
-29
-29
-28
-27
-26
-27
-28
-27
-28
-27
-25
-25
-25
-26
-26
-25
-24
-23
-24
-25
-25
-26
-26
-26
-23
-24
-25
-26
-28
-27
-27
-29
-27
-26
-27
-28
-30
-30
-29
-29
-30
-29
-27
-25
-24
-23
-25
-29
-29
-27
-26
-26
-26
-27
-27
-27
-28
-28
-28
-29
-28
-26
-26
-27
-26
-27
-26
-24
-23
-26
-28
-26
-24
-22
-20
-21
-24
-25
-27
-27
-26
-26
-25
-25
-24
-23
-23
-25
-26
-25
-24
-24
-24
-24
-25
-26
-27
-27
-26
-23
-23
-25
-28
-29
-29
-28
-27
-26
-25
-24
-25
-24
-24
-25
-27
-28
-26
-23
