-31
-28
-28
-28
-28
-30
-33
-35
-34
-32
-32
-33
-32
-31
-30
-31
-30
-31
-30
-29
-28
-27
-27
-26
-26
-27
-27
-24
-22
-19
-20
-18
-17
-18
-16
-16
-15
-14
-15
-17
-16
-18
-16
-18
-19
-20
-19
-20
-18
-18
-19
-19
-21
-21
-22
-23
-21
-21
-24
-22
-25
-29
-31
-28
-24
-19
-21
-21
-22
-22
-23
-22
-18
-15
-14
-15
-15
-18
-16
-16
-16
-13
-10
-6
-5
-6
-7
-5
-3
-1
2
-1
-4
-5
-7
-5
-5
-7
-5
-5
-4
-4
-6
-8
-11
-14
-13
-13
-11
-11
-11
-10
-12
-15
-15
-15
-18
-17
-18
-15
-13
-10
-9
-9
-10
-9
-9
-7
-6
-7
-8
-7
-6
-8
-7
-6
-6
-4
-2
-3
-5
-4
-4
-6
-6
-7
-8
-6
-3
-3
-3
-4
-6
-6
-5
-6
-5
-2
-3
-5
-7
-7
-5
-7
-6
-7
-10
-11
-11
-11
-12
-11
-12
-14
-12
-10
-10
-9
-9
-9
-10
-9
-6
-6
-6
-5
-4
-2
-1
-2
-2
-1
1
1
0
-1
-2
-3
-5
-4
-4
-4
-5
-9
-11
-11
-12
-16
-17
-18
-15
-15
-16
-17
-19
-18
-19
-18
-17
-17
-20
-22
-22
-18
-16
-16
-17
-16
-14
-13
-14
-15
-18
-17
-13
-12
-12
-12
-13
-13
-12
-11
-11
-10
-8
-8
-10
-12
-13
-13
-13
-11
-12
-13
-14
-16
-16
-13
-13
-13
-16
-18
-18
-17
-19
-22
-21
-18
-19
-19
-21
-20
-20
-21
-19
-20
-19
-17
-17
-17
-13
-15
-12
-7
-8
-7
-7
-8
-5
-5
-5
-6
-5
-4
-2
-1
-4
-6
-4
-5
-6
-5
-7
-11
-12
-14
-13
-12
-12
-13
-14
-12
-8
-8
-9
-10
-14
-12
-11
-10
-14
-15
-14
-15
-13
-12
-11
-11
-9
-10
-12
-11
-12
-11
-10
-10
-12
-9
-6
-4
-4
-4
-6
-3
0
0
1
1
1
1
1
0
-2
-1
-1
-1
-3
-4
-6
-7
-8
-9
-8
-8
-9
-10
-10
-11
-11
-13
-15
-17
-17
-16
-16
-15
-13
-13
-11
-10
-8
-7
-9
-11
-13
-11
-9
-7
-5
-4
-6
-4
-1
0
1
3
3
2
2
1
2
2
3
4
6
5
-1
-2
-2
0
0
-1
-4
-4
-3
-3
-4
-5
-5
-6
-9
-7
-5
-7
-10
-12
-12
-12
-12
-12
-12
-13
-10
-11
-16
-16
-15
-10
-7
-7
-10
-12
-13
-13
-9
-6
-5
-6
-5
-5
-7
-9
-8
-8
-7
-5
-6
-8
-7
-5
-5
-6
-7
-8
-6
-6
-8
-10
-12
-11
-12
-11
-10
-11
-12
-13
-10
-10
-11
-11
-10
-8
-7
-5
-9
-8
-7
-6
-4
-7
-7
-9
-7
-5
-4
-4
-3
-3
-2
-1
0
-3
-5
-5
-4
-4
-6
-6
-6
-6
-5
-6
-8
-8
-9
-9
-10
-10
-12
-13
-12
-10
-10
-13
-14
-13
-12
-11
-13
-15
-13
-12
-10
-11
-11
-9
-9
-9
-9
-9
-9
-8
-5
-3
-3
-3
-2
-1
-1
0
-2
-4
-4
-2
2
3
1
-2
-5
-2
-1
-2
-6
-7
-5
-2
-2
-1
-3
-6
-5
-4
-3
-4
-6
-8
-8
-7
-7
-9
-12
-10
-7
-8
-11
-11
-10
-7
-7
-10
-11
-12
-7
-3
-4
-8
-9
-7
-4
-2
-2
-4
-5
-4
-4
-5
-1
-3
-6
-6
-5
-4
-1
0
-1
-3
-4
-3
-4
-4
-4
-7
-7
-8
-10
-9
-8
-7
-6
-7
-9
-12
-13
-12
-11
-10
-11
-11
-12
-12
-14
-15
-15
-14
-15
-12
-10
-8
-6
-9
-8
-5
-5
-2
-1
-2
-5
-5
-3
-1
1
0
-3
-4
-2
-4
-6
-8
-6
-5
-5
-6
-9
-10
-9
-8
-11
-12
-10
-12
-10
-13
-15
-16
-17
-18
-21
-21
-18
-17
-17
-17
-19
-19
-17
-17
-18
-16
-14
-11
-10
-10
-12
-11
-9
-10
-9
-7
-5
-4
-2
2
2
1
-3
-7
-6
-6
-2
-2
-3
-4
-5
-6
-7
-5
-6
-8
-9
-8
-7
-7
-8
-10
-13
-15
-12
-10
-11
-13
-15
-15
-14
-14
-16
-18
-20
-19
-17
-17
-16
-17
-15
-16
-15
-15
-17
-16
-15
-15
-13
-14
-14
-15
-15
-13
-11
-9
-9
-8
-7
-6
-8
-11
-10
-9
-8
-10
-11
-11
-12
-12
-13
-15
-16
-16
-18
-18
-16
-17
-17
-18
-22
-23
-21
-21
-19
-16
-15
-15
-15
-14
-14
-16
-17
-18
-16
-12
-12
-9
-7
-7
-4
-2
-3
-4
-5
-6
-4
-1
1
2
0
-3
-3
-2
1
0
-1
-2
-4
-3
-2
-4
-7
-8
-8
-7
-8
-9
-10
-10
-14
-15
-16
-17
-13
-12
-13
-15
-17
-15
-14
-13
-13
-13
-9
-8
-8
-9
-9
-10
-8
-10
-11
-11
-10
-6
-3
-1
-2
-3
-4
-4
-4
-2
-2
-4
-2
-2
-2
-6
-7
-9
-8
-8
-7
-6
-6
-7
-9
-9
-11
-13
-13
-15
-17
-15
-15
-15
-13
-15
-18
-17
-18
-15
-14
-14
-14
-15
-11
-10
-11
-10
-11
-10
-8
-9
-10
-8
-6
-3
-2
-3
-3
-2
-4
-7
-6
-6
-5
-5
-4
-4
-7
-9
-10
-11
-12
-12
-10
-8
-10
-11
-11
-11
-8
-9
-8
-9
-10
-9
-9
-11
-9
-9
-9
-8
-7
-8
-7
-7
-5
-5
-4
-6
-6
-4
-2
0
0
0
0
1
4
5
4
4
2
0
3
6
6
4
3
2
2
2
1
-1
-4
-3
-3
-6
-8
-7
-8
-8
-7
-6
-6
-8
-8
-9
-11
-12
-11
-12
-11
-9
-9
-6
-4
-8
-8
-10
-9
-8
-7
-3
-4
-2
-1
-2
2
2
1
3
3
6
7
5
5
6
8
9
7
7
5
3
3
4
5
6
4
2
1
1
0
-2
-5
-6
-5
-3
-3
-3
-3
-4
-5
-6
-5
-6
-6
-4
-2
1
3
2
2
1
0
-1
-2
-1
2
3
5
7
10
11
10
8
6
5
5
5
5
5
5
4
3
4
6
6
5
5
3
3
5
5
4
2
1
1
0
0
-2
-4
-4
-4
-5
-5
-3
-2
-1
0
-1
-3
-4
-4
-2
-1
1
1
-1
1
2
2
2
5
7
7
6
8
9
7
4
2
2
4
7
5
4
3
1
3
3
3
2
0
0
2
1
0
-3
-3
-6
-5
-5
-7
-8
-8
-10
-11
-10
-10
-11
-12
-13
-13
-11
-10
-10
-12
-13
-12
-10
-8
-5
-5
-3
-3
-4
-2
-2
-3
-4
-1
0
1
1
3
5
4
1
-2
-2
1
2
4
2
1
-1
-1
-2
-2
-2
1
-1
0
1
-1
2
3
3
3
2
2
3
1
1
0
-1
0
0
2
2
2
0
0
1
3
5
3
6
6
4
4
3
1
3
5
6
7
9
8
7
6
7
7
7
3
2
3
3
3
4
3
0
-2
-3
-1
-1
-3
-6
-7
-4
-1
1
3
0
-4
-5
-6
-4
-3
-3
-3
-2
-4
-5
-5
-4
-5
-2
-5
-6
-5
-6
-5
-3
-3
-3
-4
-3
-3
-3
-3
-3
-5
-6
-8
-6
-4
-3
-5
-6
-6
-5
-4
-3
-4
-7
-9
-9
-8
-7
-6
-6
-5
-5
-6
-7
-6
-5
-4
-6
-7
-10
-10
-12
-11
-11
-10
-9
-10
-10
-8
-8
-10
-10
-10
-10
-10
-8
-6
-7
-8
-8
-9
-6
-6
-8
-8
-7
-9
-8
-9
-8
-6
-5
-9
-10
-11
-11
-9
-8
-9
-9
-9
-9
-8
-9
-8
-9
-8
-10
-8
-7
-8
-9
-8
-5
-5
-5
-6
-8
-7
-6
-5
-5
-4
-7
-9
-9
-9
-11
-11
-9
-9
-10
-13
-16
-16
-12
-11
-11
-13
-14
-15
-13
-16
-18
-17
-19
-19
-20
-20
-17
-17
-16
-16
-17
-16
-14
-13
-14
-17
-15
-15
-12
-12
-13
-12
-10
-8
-8
-8
-8
-7
-6
-6
-8
-7
-6
-4
-4
-6
-6
-7
-6
-4
-5
-6
-6
-6
-6
-7
-6
-9
-12
-12
-11
-13
-13
-12
-10
-12
-13
-15
-16
-17
-17
-17
-17
-16
-17
-19
-20
-21
-19
-19
-19
-16
-16
-15
-13
-12
-11
-10
-8
-10
-12
-13
-11
-11
-12
-11
-11
-8
-8
-6
-8
-10
-10
-9
-5
-4
-5
-9
-8
-10
-9
-8
-10
-9
-10
-9
-7
-8
-8
-10
-9
-9
-9
-11
-12
-10
-7
-8
-8
-11
-10
-10
-10
-9
-9
-9
-7
-7
-6
-6
-8
-9
-9
-8
-8
-5
-7
-7
-7
-10
-11
-13
-14
-13
-11
-10
-9
-8
-10
-13
-15
-14
-12
-10
-10
-12
-15
-13
-12
-12
-10
-12
-16
-17
-19
-17
-15
-15
-15
-15
-15
-15
-12
-11
-12
-14
-16
-17
-16
-14
-11
-9
-10
-9
-8
-7
-8
-8
-9
-9
-5
-5
-6
-6
-7
-7
-5
-6
-5
-6
-4
-2
-3
-5
-7
-10
-11
-12
-12
-11
-11
-10
-9
-10
-11
-14
-14
-9
-8
-11
-13
-12
-11
-8
-8
-9
-10
-9
-8
-8
-8
-7
-7
-6
-4
-3
-4
-5
-4
-5
-5
-5
-5
-5
-3
-2
-3
-2
0
0
2
0
-1
-4
-5
-5
-3
-4
-4
-5
-4
-4
-4
-5
-7
-8
-8
-8
-9
-9
-8
-8
-7
-7
-8
-9
-10
-8
-10
-9
-5
-2
-3
-5
-7
-5
-4
-3
-4
-5
-6
-3
-2
-4
-4
-6
-4
-1
-1
-5
-7
-8
-8
-7
-7
-6
-4
-5
-4
-4
-7
-8
-9
-5
-4
-5
-6
-7
-8
-7
-6
-3
-1
-6
-7
-10
-11
-10
-6
-4
0
1
-1
-4
-9
-12
-13
-10
-6
-3
-1
0
-3
-2
-5
-6
-4
-5
-3
-1
-1
-3
-5
-10
-12
-10
-8
-8
-10
-10
-9
-8
-7
-9
-16
-16
-17
-16
-13
-13
-13
-13
-13
-15
-17
-16
-16
-15
-15
-14
-13
-12
-12
-12
-13
-13
-13
-11
-8
-12
-12
-11
-9
-9
-12
-12
-13
-8
-6
-6
-9
-9
-5
-5
-5
-6
-9
-8
-5
-6
-4
-6
-7
-10
-11
-11
-9
-7
-6
-8
-10
-9
-10
-11
-13
-14
-14
-12
-12
-12
-9
-8
-9
-9
-9
-10
-11
-12
-11
-10
-8
-9
-11
-11
-12
-11
-10
-6
-8
-10
-8
-8
-7
-9
-10
-9
-7
-4
-4
-4
-5
-4
-2
-1
1
1
-3
-3
-5
-5
-4
-5
-7
-9
-8
-7
-7
-10
-11
-10
-7
-7
-10
-10
-11
-10
-10
-10
-7
-7
-5
-4
-5
-7
-5
-5
-3
0
2
3
2
2
0
0
3
4
5
5
4
2
-1
-1
0
1
1
2
1
1
0
-1
0
0
0
0
0
2
0
0
0
3
5
2
0
1
-1
0
1
3
5
3
3
3
4
4
5
4
6
8
10
9
9
10
10
9
8
9
10
10
10
8
10
10
10
10
6
4
2
2
0
1
3
1
0
1
2
1
-2
-3
-3
-2
1
1
0
-1
-2
-3
-1
1
2
3
3
2
1
0
0
2
5
5
5
4
4
8
9
8
7
5
6
7
5
6
7
9
11
11
10
8
6
5
4
3
4
6
7
5
4
2
1
1
1
1
1
3
3
3
2
0
-1
0
1
3
4
3
3
2
2
3
4
5
4
4
5
5
4
5
6
7
8
6
4
5
7
10
11
8
5
4
2
0
0
-1
0
0
0
-1
-3
-3
-3
-4
-3
-4
-4
-4
-5
-4
-5
-8
-10
-11
-9
-9
-8
-8
-8
-9
-9
-12
-12
-10
-10
-11
-11
-11
-13
-15
-15
-14
-12
-9
-8
-7
-6
-5
-7
-9
-8
-7
-5
-5
-7
-9
-10
-10
-9
-9
-11
-12
-11
-11
-10
-12
-13
-15
-15
-14
-12
-12
-12
-13
-12
-8
-8
-10
-13
-15
-12
-11
-9
-8
-10
-9
-9
-7
-7
-8
-10
-8
-7
-5
-5
-4
-5
-4
-3
-5
-4
-6
-4
-5
-5
-6
-5
-3
-4
-2
-5
-5
-9
-9
-7
-8
-10
-11
-9
-10
-9
-12
-13
-14
-14
-14
-15
-15
-12
-11
-12
-12
-14
-15
-14
-14
-13
-12
-12
-13
-14
-12
-10
-8
-7
-5
-6
-8
-8
-7
-5
-3
-4
-4
-5
-5
-4
-5
-4
-3
-4
-7
-7
-7
-7
-7
-6
-9
-11
-9
-7
-6
-8
-8
-9
-11
-11
-10
-10
-7
-6
-7
-7
-6
-6
-6
-5
-4
-5
-6
-6
-6
-4
-4
-5
-5
-4
-4
-1
0
-2
-3
-2
-1
0
0
0
0
-2
-1
-1
-1
-1
-1
-3
-3
-4
-4
-5
-4
-2
0
-3
-5
-5
-8
-8
-9
-10
-11
-9
-6
-3
-3
-5
-5
-5
-4
-2
-2
-3
-3
-3
-2
-2
0
0
3
5
3
2
2
3
5
3
0
-1
-2
-2
-1
-3
-4
-6
-6
-5
-5
-7
-6
-7
-5
-5
-6
-8
-7
-7
-8
-8
-7
-7
-5
-3
-4
-6
-6
-6
-5
-6
-3
-3
-2
-3
-6
-7
-6
-7
-8
-9
-8
-5
-1
-1
-2
-2
-4
-6
-5
-1
-3
-5
-7
-7
-6
-6
-6
-5
-6
-5
-7
-8
-10
-12
-13
-14
-14
-14
-12
-12
-14
-15
-14
-12
-11
-13
-14
-14
-11
-9
-10
-12
-14
-15
-11
-9
-10
-12
-12
-11
-9
-10
-12
-12
-11
-10
-10
-10
-11
-12
-11
-11
-10
-7
-9
-9
-9
-7
-4
-6
-8
-10
-12
-10
-10
-10
-11
-10
-9
-7
-6
-8
-9
-8
-10
-9
-10
-11
-11
-9
-8
-6
-7
-8
-7
-5
-3
-3
-6
-8
-6
-6
-4
-4
-8
-7
-6
-6
-5
-6
-6
-7
-9
-9
-7
-5
-4
-4
-6
-6
-5
-6
-4
-4
-6
-5
-5
-6
-6
-6
-7
-6
-7
-7
-9
-8
-8
-9
-10
-12
-14
-14
-14
-14
-13
-11
-11
-11
-10
-10
-10
-11
-11
-10
-10
-10
-9
-10
-9
-8
-7
-5
-3
-4
-4
-4
-4
-5
-7
-6
-7
-5
-3
-1
-2
-2
-3
-1
0
-1
-2
-4
-4
-4
-3
-2
-2
1
2
1
0
-1
-2
-2
-2
-1
0
-2
-1
0
1
1
2
5
7
10
9
6
6
7
6
6
3
2
2
2
3
3
2
0
0
0
1
0
-1
-3
-3
-1
1
2
-1
-4
-3
-1
-2
-2
-3
-3
-1
0
-1
-2
-2
-1
0
2
1
2
1
1
0
1
-1
-1
-1
0
-1
0
2
4
4
2
0
-2
1
0
1
1
1
1
-1
-1
-3
0
1
3
0
-1
-2
-3
-3
-3
-4
-3
-3
-3
-4
-4
-4
-5
-6
-5
-4
-2
1
-3
-4
-4
-2
1
1
0
-2
-3
0
2
1
0
1
1
3
3
0
2
4
4
2
2
2
3
4
3
3
4
8
8
10
6
5
4
7
8
8
9
7
9
10
8
6
4
5
5
4
4
2
-1
-2
-2
-1
0
-1
-3
-4
-3
-2
-2
-2
-2
-3
0
1
0
1
1
-1
0
1
2
2
1
1
-1
-3
0
-2
-3
-2
-2
-2
1
1
2
2
0
1
1
2
1
3
2
1
-1
-1
0
1
0
0
2
4
3
1
0
-1
0
-1
0
1
0
0
1
5
5
5
3
-1
-1
-1
1
3
6
9
8
5
3
3
6
6
4
3
2
6
6
6
7
7
6
6
5
4
3
3
3
4
2
2
3
2
2
0
-1
-1
0
-1
-1
0
0
0
-2
-1
-1
-3
-5
-3
-3
-1
2
3
6
6
4
2
1
1
1
1
3
4
6
6
5
5
7
6
7
6
5
3
3
3
4
3
2
2
0
-1
-3
-4
-2
-1
-3
-5
-4
-3
-2
-2
-2
-3
-2
-1
-1
2
1
-1
-5
-4
-1
1
3
1
-2
-1
0
0
3
4
0
-1
0
3
5
5
4
4
3
5
3
2
4
6
5
4
3
2
4
4
1
-1
-4
-2
0
0
-2
-3
-3
-1
-2
-1
0
-1
-2
-1
-3
-4
-3
-1
0
4
4
3
1
1
0
0
0
2
3
2
2
0
2
1
-2
0
1
3
3
0
-2
-3
0
2
1
1
-2
-4
-5
-4
-5
-4
-4
-3
-4
-5
-8
-8
-8
-8
-7
-8
-7
-9
-10
-8
-10
-8
-6
-5
-5
-4
-4
-3
-3
-2
-3
-2
1
0
-2
-5
-6
-6
-6
-4
-1
-1
-1
-2
-6
-9
-11
-8
-7
-6
-5
-7
-9
-9
-12
-12
-12
-9
-9
-14
-17
-15
-14
-15
-16
-19
-17
-15
-15
-15
-17
-19
-19
-16
-13
-14
-15
-16
-16
-12
-11
-13
-16
-14
-14
-15
-13
-11
-11
-11
-14
-15
-14
-17
-17
-15
-11
-9
-10
-12
-15
-16
-12
-9
-11
-13
-15
-15
-14
-16
-18
-20
-19
-16
-16
-17
-18
-19
-18
-18
-14
-14
-12
-15
-15
-17
-19
-18
-16
-14
-12
-13
-15
-15
-13
-12
-12
-13
-13
-13
-14
-12
-12
-11
-10
-10
-8
-10
-10
-8
-9
-9
-8
-7
-8
-9
-11
-12
-15
-15
-16
-16
-17
-21
-22
-18
-16
-16
-18
-20
-19
-18
-16
-16
-17
-21
-21
-19
-18
-19
-21
-21
-21
-20
-19
-19
-19
-17
-18
-17
-16
-17
-18
-15
-14
-13
-14
-16
-17
-16
-15
-14
-16
-16
-15
-14
-17
-19
-19
-18
-15
-16
-18
-19
-19
-20
-21
-21
-17
-16
-17
-17
-20
-21
-21
-21
-19
-17
-16
-17
-19
-18
-16
-15
-12
-12
-14
-16
-16
-15
-15
-14
-14
-14
-13
-13
-11
-12
-12
-13
-15
-12
-11
-12
-14
-13
-11
-9
-9
-11
-12
-13
-14
-14
-10
-10
-11
-14
-14
-14
-16
-21
-20
-15
-12
-12
-18
-21
-22
-21
-20
-14
-13
-12
-14
-17
-15
-16
-14
-11
-11
-11
-12
-12
-13
-13
-12
-11
-9
-5
-8
-11
-11
-11
-10
-10
-10
-12
-11
-12
-14
-16
-16
-16
-17
-18
-19
-18
-17
-16
-15
-15
-17
-18
-19
-17
-17
-17
-17
-16
-18
-18
-15
-15
-13
-14
-15
-14
-14
-14
-14
-14
-12
-11
-12
-13
-13
-9
-7
-9
-11
-13
-11
-7
-6
-8
-9
-11
-11
-9
-9
-9
-9
-8
-9
-10
-8
-8
-9
-11
-11
-12
-10
-10
-12
-13
-12
-12
-12
-13
-13
-14
-15
-15
-13
-13
-13
-14
-15
-14
-13
-13
-14
-14
-13
-10
-9
-10
-10
-12
-11
-9
-9
-8
-7
-7
-6
-5
-8
-9
-9
-8
-6
-7
-8
-10
-9
-7
-5
-6
-6
-9
-8
-4
-4
-5
-8
-8
-9
-8
-7
-7
-8
-7
-9
-6
-6
-6
-7
-9
-11
-11
-10
-9
-9
-9
-10
-8
-5
-4
-3
-2
-4
-3
-3
-1
-2
-2
-5
-7
-5
-2
-2
-2
-3
-6
-7
-7
-8
-8
-8
-8
-8
-8
-7
-9
-9
-9
-8
-9
-10
-9
-10
-9
-11
-13
-15
-15
-14
-11
-11
-11
-12
-12
-11
-9
-10
-10
-12
-13
-14
-14
-13
-12
-12
-8
-8
-10
-10
-9
-7
-8
-8
-9
-8
-6
-5
-6
-8
-8
-8
-7
-8
-9
-10
-9
-6
-5
-5
-8
-8
-7
-6
-7
-9
-9
-9
-8
-7
-6
-6
-6
-5
-6
-5
-5
-5
-5
-4
-2
-2
-1
-2
-3
-2
-2
-1
-2
-2
-1
-1
1
3
1
0
0
1
2
2
1
0
-2
1
-1
-3
0
3
-2
1
2
5
-1
0
-1
-2
-3
-2
0
1
-2
-5
-1
-1
0
3
3
0
2
1
2
-1
2
11
3
11
6
4
4
8
4
3
1
0
3
1
3
2
-2
-1
2
4
0
3
6
4
0
1
6
3
6
1
2
1
3
6
3
-1
3
3
-2
3
6
3
7
9
7
9
10
7
3
6
8
12
9
12
9
8
14
13
13
18
14
12
10
15
13
14
15
7
10
14
9
12
11
10
14
8
9
5
11
9
6
7
5
4
7
6
7
8
7
7
4
10
10
11
12
13
13
13
9
4
6
7
8
10
10
9
9
10
8
8
9
13
11
9
9
7
6
5
7
7
9
6
9
6
5
9
4
4
2
2
3
4
5
2
1
2
2
2
3
4
0
3
5
6
4
6
6
6
5
4
5
6
8
8
4
6
5
4
7
6
8
4
2
1
2
3
2
3
2
3
3
1
2
1
2
4
5
4
2
-1
1
1
2
1
2
0
-4
-4
-6
-4
-2
-2
-1
-2
-2
-4
-1
2
4
7
6
3
3
0
-1
4
6
4
6
4
4
5
3
3
3
2
3
4
3
6
5
4
2
2
2
1
1
-2
-2
-4
-5
-4
-1
2
3
2
-2
-5
-6
-5
-6
-7
-7
-7
0
1
-1
0
0
7
8
7
7
6
6
8
7
6
4
6
5
5
5
8
10
10
9
6
8
6
6
6
5
9
7
9
1
0
-1
2
4
1
1
0
-3
0
-3
-3
-5
-3
-3
-6
-4
-7
-6
-4
-3
-7
-5
-1
-2
-1
-3
-2
-1
2
3
4
6
7
12
12
8
10
5
9
6
9
10
8
8
9
9
10
8
6
4
8
8
5
4
2
5
4
2
3
2
5
0
-2
-5
-1
-5
-7
-6
-6
-2
-1
-4
-3
-1
-6
1
-2
2
0
1
0
1
3
5
3
3
3
5
5
5
6
5
3
5
3
3
3
6
2
4
5
5
0
3
1
-1
-7
-3
-5
-3
-3
-5
-6
-8
-5
-6
-5
-8
-10
-10
-11
-11
-10
-13
-13
-13
-11
-10
-11
-11
-9
-9
-9
-10
-12
-11
-9
-10
-11
-10
-8
-6
-7
-9
-7
-12
-8
-8
-5
-8
-10
-11
-11
-11
-11
-9
-10
-11
-11
-11
-12
-13
-13
-15
-14
-15
-18
-18
-18
-17
-17
-15
-14
-16
-13
-12
-12
-11
-11
-7
-5
-10
-9
-12
-13
-12
-14
-13
-9
-7
-10
-9
-10
-7
-6
-9
-8
-8
-8
-7
-9
-11
-11
-8
-6
-6
-8
-6
-10
-9
-9
-9
-14
-15
-17
-18
-14
-17
-16
-17
-18
-18
-19
-18
-20
-17
-17
-18
-17
-18
-16
-20
-17
-19
-16
-16
-19
-20
-18
-15
-14
-14
-12
-10
-13
-11
-14
-12
-14
-10
-11
-11
-11
-14
-17
-16
-14
-14
-12
-15
-16
-16
-16
-16
-17
-21
-17
-18
-18
-19
-22
-24
-21
-21
-25
-23
-25
-22
-19
-20
-18
-20
-18
-20
-19
-19
-19
-21
-18
-20
-19
-18
-18
-15
-12
-10
-9
-13
-14
-10
-10
-8
-9
-8
-11
-6
-6
-6
-8
-7
-9
-9
-4
-4
-5
-5
-8
-10
-8
-13
-13
-12
-12
-10
-14
-17
-15
-15
-13
-14
-12
-12
-10
-11
-15
-16
-11
-10
-9
-11
-13
-9
-8
-11
-11
-10
-7
-4
-2
-6
-3
-1
-3
0
-2
0
-1
-2
-5
-3
-1
-2
0
1
0
-1
-2
-5
-6
-2
-5
-7
-7
-9
-6
-6
-8
-8
-9
-9
-9
-9
-11
-9
-9
-7
-7
-6
-6
-4
-6
-7
-9
-9
-5
-4
-1
0
2
2
3
6
6
4
0
1
1
0
2
1
3
4
3
3
1
0
2
1
3
0
0
0
2
1
2
0
-1
-4
-7
-3
-5
-3
-5
-4
-2
-1
-2
-1
-4
-6
-5
-2
-1
-1
-1
-1
1
1
2
0
0
0
1
3
5
5
4
3
5
5
4
4
5
3
3
3
2
2
-1
-2
-2
-2
0
0
-4
-7
-6
-4
-4
-3
-5
-4
-3
-3
-4
-4
-2
-3
-2
-1
-2
-3
-3
-3
0
-2
-1
-1
0
3
3
4
2
0
-1
3
7
7
6
5
6
7
8
7
6
6
7
5
4
3
3
4
5
5
1
-1
-2
-4
-3
-3
-4
-4
-2
0
0
0
0
2
1
0
2
0
0
-2
-1
3
7
7
6
5
4
4
6
10
10
9
7
5
6
8
11
9
10
9
10
8
8
12
11
11
8
8
7
8
7
3
4
5
3
0
-3
0
1
1
2
2
2
3
3
3
2
2
1
2
5
6
8
7
8
8
8
11
10
10
10
10
11
12
12
14
16
17
15
14
13
13
13
16
16
13
11
10
12
12
10
7
6
8
7
5
2
2
4
4
3
-1
0
2
4
4
2
-1
-1
-2
-2
-3
-3
1
4
2
1
0
-1
1
3
4
4
4
5
5
5
6
5
8
8
7
7
7
7
5
5
6
10
8
10
10
7
7
4
4
6
9
7
6
4
4
5
1
1
-3
-1
1
4
4
4
1
-3
-3
-3
1
4
5
1
-1
1
5
8
6
6
5
5
7
3
1
3
6
9
9
8
7
6
6
7
6
6
7
8
7
6
5
4
4
4
4
3
0
-1
-1
-1
1
2
1
1
3
-1
-2
-2
-3
-3
-4
-2
-1
1
2
2
1
1
4
2
2
2
0
0
1
1
0
4
5
7
7
3
2
2
2
2
5
3
3
2
1
-1
-3
-3
-2
-4
-6
-7
-6
-5
-4
-7
-11
-13
-11
-8
-7
-6
-6
-6
-8
-7
-6
-4
-6
-6
-5
-2
1
2
2
2
0
3
5
6
4
1
1
2
7
7
7
5
6
6
5
2
-1
-3
-1
-2
-3
-4
-5
-7
-6
-5
-6
-6
-8
-8
-9
-7
-9
-11
-11
-12
-11
-12
-11
-11
-8
-9
-9
-9
-11
-8
-6
-2
-2
0
0
1
0
-2
1
4
3
4
2
2
1
1
0
3
3
2
1
0
-1
-4
-3
-3
-2
-2
-1
-6
-7
-8
-6
-4
-3
-6
-6
-7
-8
-11
-12
-12
-14
-13
-11
-12
-9
-13
-13
-12
-9
-8
-9
-8
-8
-6
-7
-8
-10
-9
-7
-6
-6
-8
-8
-7
-7
-6
-6
-6
-5
-4
-1
0
-1
-3
-4
-5
-5
-5
-4
-7
-8
-8
-7
-9
-12
-12
-14
-15
-17
-18
-18
-18
-18
-19
-20
-20
-18
-17
-17
-15
-14
-15
-14
-16
-17
-15
-13
-11
-10
-10
-11
-11
-10
-11
-12
-11
-10
-9
-10
-9
-10
-10
-9
-10
-12
-14
-15
-13
-11
-10
-11
-11
-11
-11
-12
-12
-12
-13
-13
-14
-16
-15
-14
-13
-16
-17
-15
-15
-14
-17
-18
-17
-13
-15
-15
-13
-13
-12
-13
-12
-9
-11
-13
-15
-14
-11
-10
-10
-11
-13
-10
-11
-12
-13
-12
-12
-12
-10
-11
-12
-15
-16
-16
-14
-14
-18
-18
-17
-15
-17
-16
-16
-15
-17
-18
-19
-20
-19
-21
-21
-21
-18
-18
-18
-16
-15
-13
-15
-18
-19
-17
-15
-15
-15
-15
-13
-12
-10
-8
-10
-8
-7
-6
-6
-8
-9
-11
-10
-11
-10
-9
-8
-9
-11
-12
-13
-13
-12
-13
-15
-16
-14
-13
-15
-18
-21
-20
-18
-19
-20
-20
-17
-18
-18
-19
-20
-18
-18
-17
-17
-18
-18
-15
-14
-14
-13
-12
-12
-12
-13
-12
-11
-11
-10
-9
-8
-10
-10
-8
-9
-10
-11
-11
-11
-10
-10
-11
-10
-11
-12
-16
-17
-19
-17
-17
-19
-18
-16
-16
-17
-19
-17
-17
-17
-19
-19
-16
-15
-13
-13
-12
-11
-12
-13
-15
-14
-13
-11
-10
-10
-11
-11
-8
-7
-6
-3
-3
-7
-9
-9
-8
-9
-9
-7
-6
-4
-6
-10
-12
-11
-9
-11
-12
-14
-14
-12
-12
-15
-17
-17
-16
-15
-16
-20
-21
-20
-17
-15
-15
-17
-18
-16
-13
-12
-14
-14
-13
-11
-12
-10
-10
-10
-10
-10
-10
-7
-6
-5
-4
-7
-8
-8
-6
-7
-7
-7
-7
-5
-4
-6
-6
-8
-8
-7
-7
-7
-9
-10
-10
-9
-8
-10
-9
-10
-10
-10
-9
-10
6
-31
3
-6
-17
5
-7
-14
-5
0
-8
-4
1
-10
-3
-3
-7
-2
-3
-3
-2
-1
-6
-5
-1
-9
-4
-8
-9
-5
-7
-11
-6
-4
-6
-5
-8
-10
-6
-6
-7
-5
-6
-5
-4
-4
-5
-5
-5
-5
-2
-2
-3
-4
-5
-5
-5
-3
-1
0
-2
-4
-3
-1
3
2
-1
-1
2
5
4
1
1
2
3
1
-3
-3
-1
0
-1
-1
0
-3
-4
-3
-3
-2
-3
-2
-2
-4
-4
-6
-7
-7
-7
-7
-5
-3
-3
-2
-3
-2
-2
-2
-3
-4
-3
-3
-1
0
1
4
1
2
3
4
4
2
3
3
5
2
2
2
4
5
6
6
6
5
5
5
6
6
5
4
8
11
10
8
8
7
9
7
6
6
5
6
7
9
11
10
10
10
11
10
7
7
11
13
13
10
9
8
9
10
10
11
10
11
12
10
11
10
10
11
12
12
10
11
7
7
8
5
7
8
7
6
5
3
1
3
2
0
-1
-2
-1
3
2
1
1
1
1
1
2
2
2
6
8
9
8
7
5
5
3
2
3
3
6
8
8
7
10
11
11
11
8
6
7
9
11
10
8
11
11
11
10
9
9
9
8
9
8
8
10
10
9
8
9
10
10
10
10
13
13
10
10
10
10
10
12
11
13
14
15
13
14
15
18
18
20
18
18
16
15
17
17
16
14
15
15
16
16
17
16
19
15
15
11
12
13
13
11
10
9
7
7
4
7
6
8
8
7
7
6
4
7
4
3
6
5
7
9
9
8
6
6
7
11
10
7
6
7
4
6
6
9
10
12
11
11
9
9
8
6
6
7
9
9
10
8
8
6
8
8
7
6
6
6
5
5
5
7
7
11
12
12
12
12
11
11
13
17
19
19
19
16
19
21
23
25
27
26
27
27
26
23
26
28
33
31
30
29
27
30
30
30
31
30
28
28
23
22
20
21
20
21
19
18
17
16
17
18
16
15
12
11
11
11
12
11
9
8
5
3
2
4
3
1
-2
-4
-5
-7
-9
-11
-13
-13
-15
-16
-19
-18
-21
-22
-23
-25
-28
-30
-31
-30
-32
-35
-35
-35
-32
-30
-33
-37
-39
-41
-37
-36
-35
-35
-33
-30
-28
-24
-22
-22
-16
-15
-8
-3
-6
0
3
7
17
18
24
26
32
41
47
51
56
56
62
65
74
79
82
85
86
89
95
94
97
97
97
100
101
102
104
100
102
98
99
99
89
94
89
86
82
78
70
68
65
59
53
46
40
33
25
16
5
0
-9
-19
-27
-39
-50
-56
-65
-71
-81
-86
-94
-100
-108
-117
-122
-128
-137
-139
-150
-157
-164
-170
-172
-176
-182
-185
-189
-185
-189
-186
-181
-169
-151
-135
-123
-112
-101
-80
-62
-43
-27
-13
3
23
38
56
71
79
85
92
99
110
116
120
122
126
130
134
133
128
121
117
117
117
116
113
107
105
102
104
106
102
102
99
100
102
106
112
115
117
118
119
120
120
118
119
120
126
128
135
137
137
138
136
132
130
127
127
125
124
119
112
105
93
79
64
49
29
13
-3
-12
-26
-41
-60
-78
-97
-115
-132
-150
-165
-179
-191
-206
-218
-231
-243
-252
-259
-274
-281
-296
-297
-302
-296
-283
-256
-219
-191
-175
-158
-140
-111
-84
-56
-31
-3
23
53
87
108
120
129
128
142
148
157
164
163
166
172
178
183
174
161
142
127
119
115
109
96
80
67
56
45
31
14
2
-6
-9
-6
-3
-5
-3
0
4
9
10
15
20
25
35
50
64
78
91
102
111
123
132
143
151
159
166
178
185
193
199
196
191
185
182
179
173
165
158
150
143
133
122
110
96
80
61
41
23
9
-6
-20
-40
-60
-77
-96
-120
-141
-164
-182
-202
-212
-229
-241
-252
-270
-277
-294
-309
-316
-332
-330
-320
-300
-257
-234
-209
-195
-181
-149
-125
-94
-70
-44
-20
6
41
65
85
97
92
102
111
120
126
121
122
127
139
143
141
128
105
92
83
81
75
57
42
25
15
7
-5
-17
-34
-46
-49
-42
-36
-38
-34
-32
-25
-11
0
12
20
27
40
60
82
101
116
128
143
161
175
189
197
208
220
233
245
251
257
257
255
252
244
234
224
210
203
191
178
164
147
132
115
91
65
34
10
-9
-23
-43
-66
-92
-118
-138
-161
-183
-211
-233
-257
-272
-286
-303
-323
-343
-353
-366
-374
-389
-395
-397
-373
-329
-292
-264
-244
-231
-193
-160
-124
-92
-65
-34
-6
32
72
92
110
103
103
119
134
148
151
148
156
165
173
171
158
140
123
112
110
108
91
72
53
38
31
16
3
-16
-33
-40
-44
-37
-34
-37
-38
-37
-29
-17
-4
8
14
21
39
61
85
108
123
140
156
171
189
203
213
228
242
260
273
277
279
276
273
266
261
255
245
235
223
210
197
183
166
145
121
95
69
40
16
-6
-23
-37
-61
-79
-103
-130
-158
-186
-212
-229
-253
-263
-286
-296
-312
-336
-347
-376
-384
-399
-403
-399
-379
-335
-297
-268
-246
-228
-195
-158
-129
-94
-64
-29
2
40
78
100
118
115
117
122
134
143
145
148
155
169
179
175
164
146
124
112
105
101
88
71
55
41
31
15
-2
-22
-40
-52
-53
-50
-47
-49
-53
-50
-47
-38
-29
-17
-6
4
21
41
63
85
106
126
145
160
179
197
217
233
251
270
284
297
302
298
292
285
282
278
265
253
235
223
210
197
181
160
138
111
82
53
23
0
-20
-33
-48
-69
-92
-120
-145
-175
-197
-226
-245
-269
-285
-301
-319
-334
-353
-376
-394
-414
-423
-432
-427
-404
-360
-314
-284
-265
-243
-212
-170
-132
-98
-68
-32
1
43
79
99
115
108
104
119
128
145
147
142
153
163
174
174
160
138
115
102
101
103
91
70
49
35
31
21
7
-16
-36
-49
-51
-43
-44
-50
-50
-51
-39
-28
-23
-15
-12
-3
18
39
62
82
96
116
136
156
182
196
213
230
245
265
276
286
290
289
290
288
283
271
257
241
225
215
204
190
179
158
138
114
85
56
26
2
-14
-28
-44
-61
-85
-110
-137
-165
-192
-218
-245
-264
-281
-297
-317
-342
-365
-393
-410
-427
-444
-444
-443
-410
-361
-327
-298
-275
-256
-213
-172
-135
-99
-63
-31
7
54
88
116
124
119
127
144
164
178
174
172
184
201
213
213
194
170
153
142
145
141
122
101
77
67
62
43
21
-3
-24
-34
-34
-33
-37
-40
-48
-47
-37
-32
-24
-21
-15
-2
14
31
47
67
81
106
129
150
173
187
208
224
238
258
271
285
293
296
296
291
285
275
262
252
238
225
208
193
177
160
141
114
84
52
24
-2
-21
-40
-62
-83
-106
-127
-156
-192
-225
-255
-281
-299
-325
-343
-372
-394
-422
-439
-454
-470
-478
-480
-455
-413
-358
-332
-308
-286
-250
-195
-150
-108
-72
-29
8
63
104
130
144
143
150
175
193
207
211
203
221
229
240
240
219
196
171
158
149
146
122
97
74
56
44
25
-4
-28
-49
-68
-74
-79
-84
-92
-97
-100
-91
-85
-85
-78
-73
-57
-36
-19
-1
19
38
64
93
113
140
158
177
204
224
245
268
278
293
301
305
306
297
290
278
269
257
239
225
209
190
177
154
127
93
58
27
-3
-27
-47
-70
-92
-120
-144
-168
-205
-239
-276
-307
-335
-357
-384
-404
-437
-459
-479
-497
-506
-515
-517
-487
-450
-395
-365
-336
-302
-267
-212
-157
-124
-72
-34
11
69
110
143
165
161
171
190
206
227
230
226
242
248
260
260
232
213
185
166
163
150
133
108
79
59
45
21
-11
-43
-66
-80
-84
-88
-97
-105
-105
-106
-94
-86
-84
-76
-76
-62
-38
-21
2
26
44
77
105
129
157
181
202
227
248
270
289
306
321
330
334
335
326
315
301
288
273
257
234
214
196
178
157
128
89
49
11
-22
-50
-73
-99
-124
-147
-176
-205
-238
-270
-306
-341
-374
-403
-429
-446
-475
-498
-519
-540
-528
-534
-514
-473
-437
-390
-361
-335
-286
-239
-183
-127
-86
-26
27
76
134
166
190
199
208
210
238
251
274
276
288
310
309
319
288
271
235
209
186
175
146
165
143
70
118
26
14
-11
-41
-78
-86
-113
-135
-122
-146
-110
-122
-100
-103
-113
-101
-104
-80
-57
-48
-18
6
28
82
100
139
176
191
218
241
257
277
298
306
329
342
348
362
354
346
322
297
273
243
233
203
187
171
141
119
85
45
9
-31
-68
-101
-132
-171
-200
-235
-274
-295
-337
-365
-410
-447
-485
-513
-540
-569
-587
-612
-595
-589
-537
-500
-440
-400
-363
-317
-280
-206
-158
-100
-58
15
68
156
207
236
274
259
279
279
286
289
304
292
329
340
353
360
316
301
253
226
189
163
116
98
56
40
27
-1
-17
-63
-86
-117
-139
-169
-185
-207
-196
-194
-177
-156
-152
-130
-125
-105
-93
-73
-60
-39
-10
27
67
107
152
191
240
276
305
326
336
347
349
356
360
360
359
362
362
357
341
313
282
246
215
179
149
116
90
60
35
2
-35
-65
-102
-133
-185
-228
-283
-320
-360
-395
-422
-462
-493
-544
-551
-590
-608
-622
-641
-642
-597
-571
-517
-433
-435
-342
-322
-259
-180
-121
-86
-3
40
115
214
206
305
288
313
328
325
327
349
311
342
357
345
397
336
334
292
254
219
190
121
108
47
23
12
-32
-20
-71
-101
-124
-155
-181
-191
-245
-229
-238
-236
-206
-206
-168
-143
-133
-93
-67
-54
-12
-7
42
80
103
162
208
265
324
350
407
441
446
465
453
446
440
417
435
445
427
421
382
346
298
235
180
102
37
-24
-99
-150
-183
-223
-267
-276
-325
-348
-400
-459
-495
-573
-621
-651
-703
-712
-730
-749
-712
-679
-663
-580
-469
-354
-262
-197
-96
-16
86
121
162
246
331
371
433
482
516
547
503
491
431
368
290
208
151
126
69
59
27
17
16
-35
-77
-131
-179
-211
-240
-259
-216
-200
-157
-127
-65
1
25
23
24
26
35
28
10
40
60
85
105
126
151
152
118
114
106
117
130
120
156
191
237
273
280
291
307
295
313
312
311
311
296
300
320
308
295
262
248
251
224
204
173
148
128
98
52
10
-78
-124
-181
-215
-249
-298
-337
-372
-407
-441
-508
-569
-625
-687
-730
-755
-792
-808
-794
-786
-699
-623
-502
-295
-141
-2
111
194
351
408
402
442
465
540
586
571
611
614
565
508
391
279
160
-12
-112
-189
-237
-236
-267
-253
-195
-180
-167
-187
-225
-201
-206
-205
-163
-117
-36
37
99
201
264
268
243
190
175
137
58
4
-27
-25
-13
-16
1
25
6
-6
-11
-1
20
15
34
103
185
270
334
395
450
490
517
515
499
474
431
397
376
352
325
281
247
218
194
140
77
20
-39
-88
-152
-214
-268
-310
-328
-340
-343
-366
-370
-402
-414
-449
-489
-552
-579
-641
-643
-694
-711
-729
-720
-696
-633
-580
-437
-236
-88
80
176
292
430
489
460
466
443
496
502
498
505
493
463
407
303
201
62
-123
-230
-338
-375
-390
-395
-359
-261
-207
-136
-134
-126
-103
-110
-106
-82
-47
19
83
144
264
331
367
337
290
244
179
65
-30
-112
-139
-149
-147
-103
-64
-46
-15
6
44
68
55
81
129
208
302
373
446
534
589
643
638
606
555
480
398
337
268
224
166
124
114
97
63
5
-64
-110
-175
-257
-322
-392
-398
-410
-395
-379
-352
-332
-325
-342
-378
-446
-511
-569
-639
-662
-719
-734
-718
-654
-590
-499
-414
-218
-46
92
184
234
356
445
450
432
431
450
527
498
490
453
422
359
259
108
0
-155
-270
-363
-424
-397
-381
-355
-290
-208
-135
-75
-88
-56
-41
-21
-3
21
70
144
192
276
347
384
390
335
273
209
108
-2
-106
-175
-192
-196
-171
-130
-83
-25
27
66
109
121
144
180
239
310
387
449
540
614
685
698
681
627
561
473
363
261
180
117
72
43
27
23
-2
-37
-81
-133
-206
-273
-366
-396
-431
-417
-404
-383
-342
-293
-288
-292
-346
-411
-470
-553
-624
-692
-719
-738
-652
-609
-485
-379
-164
34
189
259
332
397
486
450
389
371
390
460
454
439
420
438
375
287
115
-12
-169
-309
-448
-500
-509
-458
-428
-340
-211
-97
-28
-20
-8
20
36
18
20
38
113
173
248
322
394
415
405
345
289
186
56
-70
-148
-191
-189
-179
-136
-57
28
113
174
209
229
237
242
279
312
358
395
463
556
634
660
639
600
553
475
346
212
96
15
-42
-83
-105
-95
-87
-83
-83
-117
-164
-241
-322
-368
-398
-405
-398
-384
-334
-271
-239
-223
-255
-297
-368
-439
-561
-631
-713
-723
-720
-644
-560
-381
-175
54
202
345
412
503
529
472
383
333
328
356
363
343
363
383
384
295
165
9
-134
-308
-443
-561
-577
-555
-499
-408
-266
-131
-13
35
75
109
117
90
47
37
71
126
188
267
335
404
422
413
360
272
137
9
-109
-179
-227
-229
-208
-137
-34
79
191
274
321
349
366
373
383
371
384
431
508
578
617
621
632
611
550
426
278
144
32
-75
-160
-216
-220
-200
-167
-139
-115
-130
-171
-225
-273
-309
-338
-387
-380
-362
-294
-252
-235
-214
-237
-254
-326
-415
-519
-611
-685
-690
-699
-621
-511
-278
-38
177
323
427
551
615
588
466
362
309
316
278
251
221
293
311
300
191
90
-22
-155
-336
-470
-551
-553
-546
-497
-374
-216
-60
36
114
191
251
239
204
143
134
135
159
187
237
286
342
365
366
320
236
125
15
-92
-167
-227
-245
-224
-149
-34
99
216
313
386
451
500
512
501
463
468
491
519
521
523
527
549
526
461
354
248
138
30
-84
-178
-238
-268
-262
-238
-211
-179
-180
-196
-209
-241
-250
-298
-326
-341
-319
-304
-287
-292
-298
-291
-313
-368
-444
-523
-606
-618
-664
-635
-584
-396
-187
34
190
338
483
619
620
551
453
389
366
310
235
174
196
216
220
145
81
2
-77
-214
-343
-452
-482
-513
-488
-428
-309
-179
-63
35
153
242
292
283
243
221
203
196
176
170
187
226
247
263
232
202
145
79
-10
-92
-168
-200
-228
-197
-141
-50
56
155
258
371
462
522
529
520
531
541
535
498
462
458
458
437
380
322
267
210
120
24
-71
-138
-202
-245
-277
-279
-276
-269
-261
-259
-233
-234
-227
-252
-254
-258
-268
-279
-319
-348
-370
-408
-451
-491
-549
-584
-618
-622
-603
-544
-430
-249
-80
89
223
353
482
544
516
479
412
401
366
300
230
207
200
204
131
64
2
-72
-152
-264
-356
-392
-422
-420
-375
-317
-204
-128
-34
71
174
241
270
249
257
245
243
222
194
185
200
204
213
190
161
131
85
40
-8
-65
-100
-123
-115
-75
-26
41
113
203
303
392
459
506
522
549
567
564
531
484
448
425
381
321
252
200
154
98
32
-34
-90
-139
-185
-228
-261
-283
-303
-318
-311
-305
-275
-265
-247
-239
-219
-226
-236
-278
-309
-355
-396
-461
-529
-582
-598
-613
-607
-576
-505
-321
-163
0
118
262
393
513
497
464
402
393
352
306
209
183
184
199
165
93
36
-12
-89
-181
-291
-358
-381
-417
-394
-352
-271
-184
-96
-3
123
208
281
286
299
297
302
282
267
222
221
217
228
210
180
150
135
101
52
-9
-56
-75
-95
-96
-84
-43
21
93
165
258
340
421
466
498
520
542
543
519
488
454
415
375
317
265
220
163
114
60
12
-29
-77
-127
-158
-194
-215
-248
-275
-285
-271
-268
-255
-248
-241
-213
-219
-225
-254
-298
-340
-398
-456
-519
-588
-624
-648
-631
-601
-522
-369
-200
-17
126
254
400
489
530
482
430
391
355
304
228
166
178
167
160
97
45
8
-48
-134
-224
-305
-337
-375
-380
-351
-294
-214
-136
-45
70
177
251
292
310
336
343
333
291
254
230
227
207
185
147
132
122
110
76
35
-6
-19
-37
-52
-58
-43
-4
45
95
165
241
326
390
434
479
517
537
525
494
466
438
388
321
256
209
167
131
79
46
17
-9
-39
-78
-107
-133
-171
-206
-240
-248
-241
-244
-234
-235
-209
-201
-206
-234
-272
-314
-357
-419
-496
-565
-623
-642
-655
-648
-623
-490
-338
-154
-10
124
281
435
505
506
454
430
408
351
267
171
150
158
138
101
53
23
10
-53
-125
-195
-247
-284
-313
-314
-282
-252
-193
-128
-27
84
169
221
271
306
344
346
319
284
249
231
211
171
126
88
71
71
48
20
-8
-18
-16
-21
-35
-27
-12
25
64
115
179
246
300
359
418
482
518
531
527
524
511
462
387
319
258
217
160
100
59
30
17
-3
-39
-62
-79
-98
-125
-178
-212
-239
-235
-245
-251
-247
-239
-217
-216
-240
-272
-311
-353
-403
-478
-538
-604
-636
-671
-666
-643
-536
-400
-245
-86
71
217
381
460
492
481
461
445
395
309
220
176
167
141
88
43
16
11
-19
-75
-142
-175
-209
-224
-236
-238
-233
-198
-145
-60
14
82
130
188
247
286
298
291
268
253
234
204
164
116
80
57
41
20
-6
-26
-32
-26
-18
-10
-4
21
61
107
148
194
250
298
346
392
440
481
500
506
520
509
482
425
365
310
255
189
122
65
31
5
-22
-53
-75
-77
-81
-97
-126
-149
-158
-154
-164
-182
-202
-215
-205
-222
-232
-268
-293
-324
-357
-412
-456
-521
-567
-608
-628
-630
-607
-521
-409
-249
-112
36
182
333
434
484
488
499
482
447
364
277
240
197
153
93
38
24
9
-30
-67
-111
-117
-131
-149
-161
-169
-160
-137
-117
-74
-35
13
68
118
164
206
231
262
271
269
261
240
211
165
112
74
37
3
-26
-57
-56
-46
-31
-9
21
67
123
163
202
246
282
316
342
366
399
418
431
437
446
444
428
388
352
310
267
203
137
79
38
-2
-35
-71
-77
-75
-62
-61
-65
-63
-61
-70
-88
-122
-142
-167
-200
-218
-261
-275
-310
-317
-356
-376
-431
-467
-519
-540
-589
-605
-628
-563
-469
-361
-238
-118
49
225
360
426
476
506
549
518
450
339
292
244
196
108
45
-2
-2
-26
-46
-78
-77
-89
-94
-100
-103
-110
-122
-137
-131
-103
-76
-46
-20
39
108
183
229
263
283
315
313
296
239
182
128
75
14
-34
-82
-93
-93
-74
-40
5
57
113
160
204
236
260
272
278
290
296
301
303
322
349
366
372
365
360
349
309
248
183
121
68
11
-41
-76
-88
-75
-51
-28
-7
1
11
3
-18
-57
-100
-149
-170
-218
-237
-271
-287
-309
-318
-344
-369
-406
-462
-511
-567
-608
-651
-659
-652
-545
-455
-304
-186
-12
156
326
412
488
514
556
537
479
384
317
267
212
140
71
44
32
24
-5
-22
-26
-17
-43
-50
-84
-102
-142
-169
-189
-170
-160
-115
-83
-9
63
149
221
283
315
345
344
328
274
200
129
56
-4
-68
-114
-132
-117
-96
-57
-22
40
89
135
161
189
209
223
213
211
225
247
265
289
308
344
372
376
374
351
321
277
214
154
90
36
-4
-31
-32
-27
-5
21
45
62
63
47
21
-19
-56
-107
-147
-184
-216
-229
-250
-259
-281
-292
-329
-369
-431
-492
-565
-624
-695
-727
-734
-687
-587
-466
-307
-148
32
204
354
455
523
559
578
556
497
418
362
321
269
211
147
121
109
101
66
31
3
-15
-48
-83
-138
-185
-225
-244
-245
-229
-208
-161
-95
-8
79
154
219
273
306
316
301
264
212
145
84
26
-25
-71
-97
-103
-87
-70
-39
-5
45
86
120
140
166
183
197
198
208
225
243
262
284
307
336
344
342
331
315
289
244
192
146
105
71
42
14
12
13
25
31
32
38
39
26
0
-38
-69
-94
-123
-147
-177
-189
-204
-233
-251
-302
-339
-406
-470
-552
-612
-689
-710
-759
-719
-689
-566
-456
-292
-149
34
188
337
427
488
528
550
561
511
466
405
400
348
313
238
214
176
155
81
33
-34
-65
-125
-162
-205
-232
-262
-269
-262
-227
-192
-150
-93
-29
44
99
145
177
206
215
215
192
161
123
88
53
18
-26
-50
-69
-58
-53
-41
-27
7
41
77
98
121
148
175
201
217
237
251
263
268
278
279
277
265
255
242
234
213
184
158
136
114
96
68
53
43
39
37
30
25
27
20
13
-13
-32
-49
-66
-91
-106
-138
-162
-203
-246
-293
-340
-399
-460
-519
-576
-611
-641
-662
-663
-629
-563
-445
-332
-200
-72
75
215
348
427
483
527
563
573
555
504
474
448
403
347
271
211
150
84
20
-43
-105
-145
-194
-207
-222
-235
-240
-235
-214
-181
-161
-128
-96
-56
-12
22
65
97
126
148
166
167
167
137
124
99
73
36
13
-15
-16
-28
-24
-8
19
52
84
113
148
182
206
227
237
256
260
255
248
243
236
231
213
207
199
194
189
178
166
153
135
126
107
92
73
61
51
38
31
26
26
22
11
-4
-16
-38
-64
-106
-134
-171
-201
-253
-290
-341
-364
-414
-451
-493
-509
-529
-528
-537
-519
-476
-408
-304
-212
-89
17
163
272
395
441
512
536
586
572
551
489
472
416
362
282
206
148
79
16
-48
-93
-132
-159
-190
-180
-195
-186
-202
-192
-182
-156
-149
-126
-114
-72
-36
1
31
58
94
128
152
152
155
142
146
119
97
59
39
20
16
-2
7
14
47
68
95
129
171
201
227
238
255
262
250
235
214
208
191
179
167
172
171
185
176
184
172
173
160
147
116
96
69
59
36
27
16
18
20
15
6
-6
-21
-38
-58
-98
-118
-158
-181
-222
-252
-293
-313
-353
-376
-405
-419
-424
-425
-416
-405
-375
-317
-241
-154
-52
41
164
270
360
420
464
499
524
510
489
448
427
385
322
256
186
121
63
-4
-62
-107
-149
-179
-200
-193
-192
-192
-194
-181
-161
-140
-140
-133
-120
-96
-75
-52
-22
18
58
95
126
147
165
160
150
133
114
88
56
29
18
14
23
34
55
93
134
177
213
231
248
259
260
245
221
202
184
169
160
152
154
158
162
171
178
176
168
156
142
128
102
75
48
33
21
14
12
13
11
15
12
3
-14
-23
-45
-57
-78
-110
-137
-169
-194
-224
-239
-283
-294
-321
-328
-330
-330
-341
-330
-322
-280
-213
-158
-73
-1
105
199
296
343
409
445
483
480
465
423
396
348
295
230
156
94
23
-28
-79
-108
-146
-163
-180
-161
-162
-160
-177
-170
-167
-153
-162
-154
-141
-110
-88
-56
-19
25
75
108
138
154
168
158
153
128
115
82
70
54
63
71
88
105
128
148
166
179
179
186
181
181
170
164
151
148
138
144
138
141
134
137
133
130
117
108
96
90
79
65
45
29
20
19
20
21
21
25
32
28
25
9
-8
-21
-33
-54
-56
-86
-89
-120
-124
-160
-161
-198
-205
-236
-241
-265
-269
-286
-290
-280
-270
-218
-180
-104
-46
51
116
214
255
311
339
376
375
375
329
297
275
227
183
124
78
39
7
-48
-74
-120
-130
-160
-164
-174
-172
-185
-169
-170
-140
-129
-117
-100
-74
-54
-39
-25
-10
16
25
52
55
79
81
106
110
137
132
155
152
166
158
156
142
141
134
126
122
120
128
126
133
132
152
153
165
154
160
156
158
139
130
111
106
91
83
68
66
63
60
54
50
48
52
52
46
44
39
31
19
4
-21
-26
-42
-50
-56
-59
-70
-69
-91
-97
-129
-137
-167
-178
-205
-214
-231
-226
-236
-235
-244
-223
-188
-160
-104
-75
-6
55
114
147
191
211
253
253
252
249
242
234
206
169
135
98
46
8
-44
-71
-102
-132
-144
-139
-129
-113
-115
-98
-80
-64
-56
-62
-67
-63
-74
-73
-78
-71
-49
-30
-11
14
33
66
95
110
127
129
142
141
140
128
128
111
110
91
92
90
102
105
120
128
145
156
160
162
159
162
155
148
134
127
118
113
88
75
62
58
46
36
25
21
15
14
2
0
-1
-3
-9
-21
-31
-39
-49
-53
-57
-59
-67
-77
-86
-92
-94
-107
-122
-138
-140
-140
-147
-151
-162
-163
-166
-178
-183
-175
-159
-136
-93
-60
1
35
85
105
154
163
191
174
184
163
158
120
85
51
15
-15
-49
-65
-89
-82
-100
-72
-75
-47
-49
-35
-38
-31
-51
-51
-67
-69
-74
-84
-76
-75
-64
-54
-29
-13
16
26
53
61
78
79
91
92
101
91
99
93
100
100
100
108
121
136
149
157
161
174
172
174
168
172
166
165
146
142
131
124
102
90
71
63
42
26
8
-3
-11
-17
-21
-28
-25
-28
-22
-26
-24
-36
-40
-52
-55
-67
-59
-64
-58
-64
-62
-59
-56
-56
-58
-59
-65
-71
-84
-94
-115
-119
-146
-148
-165
-159
-146
-130
-103
-67
-36
-3
24
26
65
60
72
66
62
50
52
25
19
-2
-19
-27
-46
-47
-55
-61
-62
-58
-54
-36
-42
-28
-21
-13
-7
-10
-14
-15
-24
-23
-25
-27
-23
-24
-15
-2
7
20
31
44
67
78
89
95
104
111
116
113
115
112
115
117
123
127
132
133
140
148
156
157
158
158
156
148
132
115
100
86
64
47
32
25
11
2
-10
-14
-18
-21
-21
-21
-23
-28
-36
-45
-48
-52
-52
-45
-35
-28
-19
-23
-14
-17
-14
-27
-33
-46
-54
-73
-79
-89
-91
-98
-106
-111
-122
-122
-139
-139
-138
-127
-117
-95
-85
-61
-43
-26
-7
5
13
17
22
22
17
7
-4
-19
-28
-39
-47
-54
-57
-54
-47
-33
-21
-11
4
19
32
40
40
40
34
27
19
11
5
1
-2
-1
1
8
18
30
43
59
70
81
85
89
93
95
100
100
102
102
108
109
114
114
114
117
122
121
124
122
124
127
125
123
117
109
103
93
82
81
67
61
49
42
33
25
14
9
0
-5
-7
-7
1
2
3
0
3
1
5
-2
-4
-8
-9
-16
-20
-27
-23
-26
-22
-24
-24
-25
-28
-40
-49
-63
-81
-93
-116
-123
-135
-136
-140
-133
-137
-120
-115
-97
-83
-69
-61
-50
-43
-41
-38
-40
-35
-30
-23
-25
-17
-15
-2
3
17
21
34
39
48
51
56
55
56
60
57
55
49
47
42
42
35
36
33
33
27
26
26
35
44
51
63
72
85
92
100
104
111
113
111
107
109
112
113
115
117
121
131
138
148
157
163
163
162
159
156
149
137
120
104
86
71
60
51
42
36
34
33
31
28
25
19
12
4
-1
-3
-7
-6
-8
-2
4
10
12
15
19
27
28
23
21
19
20
7
-5
-24
-32
-45
-53
-69
-78
-89
-94
-103
-105
-109
-111
-110
-109
-106
-101
-94
-85
-72
-65
-56
-46
-33
-23
-15
-9
-4
3
11
14
19
24
29
37
40
46
55
62
68
70
72
74
75
76
70
62
59
53
49
47
43
45
46
51
56
62
67
76
80
90
97
102
106
108
113
115
116
120
123
125
130
133
143
151
157
157
155
151
147
140
130
119
109
97
84
74
62
53
42
31
23
17
12
3
-4
-9
-11
-11
-9
-2
8
19
30
36
39
42
41
41
36
38
33
31
28
28
22
21
12
10
2
-5
-13
-26
-35
-45
-56
-72
-88
-106
-113
-121
-120
-123
-122
-119
-112
-105
-94
-93
-85
-75
-66
-59
-56
-49
-45
-36
-35
-28
-22
-12
-7
7
20
31
40
47
55
60
65
61
64
60
59
55
53
47
48
46
46
49
52
53
57
63
69
77
83
85
88
96
104
110
110
113
115
120
117
116
117
124
125
126
120
122
122
120
113
103
95
86
75
62
50
37
27
12
8
4
2
-2
1
2
8
12
15
23
33
43
51
57
58
60
56
54
52
49
44
39
32
33
34
31
22
14
4
-2
-11
-22
-31
-40
-51
-57
-66
-77
-90
-99
-108
-116
-122
-126
-126
-123
-119
-116
-110
-99
-94
-87
-81
-71
-59
-52
-43
-36
-26
-19
-10
-7
0
8
19
27
37
42
48
55
58
62
60
60
55
56
45
41
33
31
26
26
24
26
33
41
49
55
68
76
86
92
96
97
100
98
99
99
104
101
101
100
104
106
107
107
105
103
99
89
77
67
55
46
37
31
26
24
22
21
21
22
25
29
35
38
43
46
56
62
67
66
63
61
59
52
45
40
36
35
30
29
26
25
22
20
15
11
2
-6
-17
-24
-39
-48
-57
-68
-76
-86
-91
-96
-97
-99
-97
-98
-90
-91
-83
-80
-74
-71
-66
-62
-54
-52
-47
-42
-36
-31
-27
-19
-12
1
5
10
14
20
24
27
26
25
21
18
11
7
5
6
4
10
12
23
29
38
46
56
62
69
75
78
81
82
86
84
86
88
94
95
98
93
94
91
94
90
85
77
76
71
69
65
58
52
45
42
38
34
28
23
23
21
21
25
28
35
42
48
51
52
52
51
48
46
42
37
34
33
32
33
37
37
38
36
36
36
37
35
28
22
13
5
-6
-18
-26
-38
-45
-54
-61
-69
-70
-74
-72
-69
-64
-61
-58
-58
-54
-53
-51
-50
-48
-45
-43
-44
-45
-43
-39
-32
-28
-20
-16
-11
-9
-5
-1
0
-1
1
3
2
-2
-6
-6
-2
2
4
4
8
18
26
33
36
38
41
45
48
54
54
61
63
65
63
63
63
66
67
70
70
73
76
77
78
78
77
75
73
70
66
56
49
41
37
34
32
29
28
29
28
29
34
36
44
46
45
48
52
54
51
48
44
44
42
43
41
48
49
55
51
50
47
47
43
40
35
31
27
21
18
11
9
-1
-2
-14
-17
-25
-31
-36
-38
-41
-38
-40
-38
-32
-28
-25
-23
-20
-18
-16
-17
-22
-23
-23
-24
-24
-24
-21
-19
-16
-13
-9
-5
-3
-4
-4
-7
-8
-6
-10
-15
-17
-19
-19
-15
-13
-11
-8
-6
-1
2
9
13
19
20
22
24
28
29
33
36
40
46
52
58
66
75
83
90
92
95
90
88
82
77
70
62
54
52
49
48
47
48
51
55
57
54
54
53
53
48
47
45
51
55
58
60
65
69
72
74
74
75
72
69
65
62
58
58
53
52
51
52
51
49
45
46
44
40
37
32
29
25
21
15
11
6
3
1
1
2
4
6
6
6
4
4
1
1
1
2
4
8
8
7
5
4
5
12
12
13
11
12
10
6
1
-4
-8
-9
-14
-17
-19
-20
-18
-18
-15
-12
-6
-8
-4
-4
1
2
7
7
12
19
28
36
43
50
58
66
73
76
79
80
76
71
65
62
55
52
50
47
42
40
40
42
41
41
39
38
37
38
38
41
40
41
43
49
52
56
58
59
62
62
63
62
63
61
59
54
52
50
53
52
55
58
60
65
66
68
67
67
61
58
53
52
48
44
38
37
33
28
25
24
20
16
17
15
11
6
3
-3
-7
-9
-10
-10
-10
-8
-6
-3
-2
2
4
9
10
9
7
5
1
0
-2
-2
-6
-9
-11
-12
-13
-14
-20
-21
-21
-22
-26
-23
-19
-17
-14
-10
-6
-1
4
7
13
18
22
24
26
28
29
28
29
30
31
32
32
28
26
23
20
20
18
15
15
12
9
9
8
11
12
15
17
19
22
26
31
34
35
36
39
41
41
41
37
34
33
30
27
25
27
28
33
33
35
37
40
43
45
46
49
48
46
45
43
44
42
42
39
37
37
34
28
22
19
16
11
8
6
5
6
5
4
5
9
11
18
18
18
18
18
21
21
23
22
20
19
19
16
15
14
13
11
11
8
7
4
-2
-6
-11
-13
-17
-19
-23
-22
-21
-19
-18
-17
-14
-12
-6
-2
-3
-1
2
3
4
4
4
5
6
10
9
10
10
6
3
2
0
-2
-1
0
0
0
2
2
4
7
9
11
15
17
19
18
18
16
18
17
17
18
19
18
15
13
15
16
20
22
21
25
24
25
28
31
32
35
35
36
40
41
45
48
49
50
47
46
44
40
38
33
29
27
26
24
25
23
23
20
20
22
24
29
30
29
27
24
25
26
28
27
25
27
27
25
23
22
22
20
19
17
13
6
0
-5
-10
-15
-18
-18
-17
-18
-20
-22
-22
-19
-18
-16
-12
-12
-9
-8
-7
-8
-5
-6
-4
-5
-6
-6
-6
-4
-6
-5
-5
-5
-8
-11
-14
-19
-21
-20
-21
-20
-18
-17
-16
-13
-9
-7
-7
-6
-7
-10
-10
-12
-11
-11
-13
-17
-20
-21
-22
-22
-22
-22
-22
-22
-22
-22
-21
-19
-15
-11
-7
-4
-3
1
2
3
2
4
4
4
3
0
0
0
-1
-3
-2
1
3
2
0
0
2
2
1
1
0
-3
-4
-5
-3
-2
2
8
13
12
10
9
10
9
5
-2
-9
-14
-18
-18
-20
-23
-22
-21
-19
-21
-20
-21
-20
-22
-26
-27
-26
-23
-23
-26
-26
-26
-25
-25
-27
-31
-32
-33
-34
-35
-37
-38
-36
-36
-40
-42
-44
-43
-41
-43
-47
-48
-45
-43
-41
-40
-40
-35
-33
-30
-26
-25
-25
-24
-25
-26
-28
-33
-35
-36
-37
-36
-36
-39
-41
-42
-44
-44
-44
-42
-40
-35
-31
-31
-28
-25
-21
-16
-14
-13
-11
-10
-8
-9
-11
-11
-12
-12
-14
-15
-14
-12
-10
-10
-12
-12
-12
-12
-13
-13
-12
-10
-8
-6
-4
0
3
5
5
5
6
7
4
0
-2
-2
-1
-4
-7
-12
-13
-11
-7
-8
-10
-10
-11
-11
-10
-9
-8
-8
-8
-9
-13
-13
-12
-13
-14
-16
-17
-20
-20
-21
-23
-28
-30
-32
-32
-34
-37
-37
-37
-35
-32
-29
-26
-23
-22
-19
-18
-16
-16
-16
-15
-12
-12
-11
-11
-10
-9
-9
-10
-12
-16
-18
-19
-22
-26
-28
-30
-31
-30
-30
-32
-34
-31
-30
-30
-29
-30
-30
-28
-25
-25
-26
-22
-19
-15
-14
-13
-12
-13
-12
-14
-14
-12
-11
-10
-11
-9
-5
-5
-4
-7
-7
-4
1
5
5
5
7
8
11
13
15
15
17
16
13
12
9
10
9
7
4
4
6
3
1
2
4
8
9
11
11
12
8
5
2
0
0
0
-3
-4
-7
-9
-12
-13
-13
-16
-16
-14
-13
-14
-16
-14
-14
-15
-10
-9
-6
-6
-5
-2
-2
-2
-6
-5
-3
1
2
2
0
1
3
2
-1
-3
-7
-12
-13
-14
-16
-19
-20
-20
-22
-23
-25
-26
-29
-28
-29
-28
-29
-30
-28
-27
-27
-25
-22
-20
-19
-21
-20
-17
-13
-9
-8
-8
-8
-6
-8
-7
-5
-3
-2
-2
-2
-1
-4
-6
-4
0
2
1
1
5
9
11
11
9
8
9
9
9
8
5
4
1
1
2
2
4
6
9
11
13
13
11
12
15
16
15
15
12
8
5
4
3
4
3
1
-1
1
1
0
-1
-2
1
2
1
0
2
4
5
2
0
1
4
5
5
4
4
5
6
5
2
3
6
6
6
3
2
3
3
0
-2
-4
-4
-4
-5
-6
-9
-11
-13
-16
-17
-17
-17
-17
-18
-18
-15
-12
-14
-13
-13
-13
-13
-13
-12
-14
-14
-12
-11
-7
-6
-6
-7
-7
-8
-10
-11
-10
-11
-11
-10
-11
-11
-11
-7
-5
-4
-6
-5
-6
-4
-2
0
2
5
7
7
9
8
10
12
11
10
11
12
13
16
17
19
21
20
20
19
22
25
27
27
22
18
17
16
17
16
14
14
14
16
16
14
12
9
8
7
8
9
7
4
4
9
14
15
15
14
15
16
16
14
13
12
10
10
9
7
7
7
6
5
5
4
3
0
-3
-3
-3
-5
-8
-10
-10
-8
-5
-5
-6
-7
-6
-6
-8
-10
-12
-15
-13
-13
-12
-11
-12
-13
-13
-15
-14
-16
-16
-15
-15
-12
-12
-13
-13
-12
-10
-9
-6
-3
-2
-3
-2
0
2
3
3
5
8
9
8
8
8
8
8
9
7
9
12
12
11
11
11
12
14
15
18
17
17
17
20
21
20
19
18
17
15
16
15
12
11
9
9
10
9
7
5
4
6
8
10
13
15
15
15
12
13
14
16
18
18
18
21
21
19
18
17
16
15
16
14
11
7
2
0
-4
-6
-5
-6
-4
-3
-4
-4
-7
-9
-9
-8
-8
-9
-8
-10
-10
-9
-7
-5
-8
-10
-11
-10
-9
-11
-11
-12
-9
-9
-10
-9
-8
-5
-5
-7
-9
-11
-10
-9
-12
-12
-11
-9
-7
-7
-7
-6
-4
-3
-5
-6
-7
-8
-11
-13
-15
-12
-12
-12
-12
-11
-8
-8
-6
-2
2
6
7
9
12
15
18
18
19
22
24
22
20
16
13
12
10
14
15
17
15
15
15
17
14
13
12
11
11
12
12
12
11
12
13
15
16
14
11
8
10
9
9
8
4
0
1
0
-2
-3
-2
-4
-4
-7
-9
-9
-8
-8
-9
-9
-7
-6
-6
-6
-5
-5
-3
-2
-1
-1
-2
-3
-2
-2
1
1
0
-2
-2
-5
-4
-5
-4
-4
-3
-4
-6
-6
-7
-10
-10
-11
-9
-9
-8
-9
-11
-11
-11
-12
-11
-10
-9
-8
-9
-8
-8
-9
-9
-8
-8
-6
-4
-1
2
3
5
9
12
16
20
23
24
23
24
25
26
22
23
22
24
24
23
20
17
17
15
13
12
11
10
10
10
8
5
5
5
6
9
12
13
14
10
10
10
9
8
5
2
2
2
6
8
8
11
14
15
13
11
10
9
9
9
8
5
5
7
8
9
8
6
7
7
9
10
10
11
11
9
8
7
5
5
4
3
1
1
-1
-3
-2
-3
-1
-2
-4
-6
-7
-8
-9
-8
-8
-8
-7
-7
-4
-4
-4
-4
-2
1
1
-1
-3
-1
2
4
2
1
0
4
7
8
8
7
8
8
10
11
9
9
10
11
12
11
10
7
7
6
4
3
0
-2
-2
-5
-7
-7
-6
-4
-3
-5
-3
1
3
4
7
4
5
3
4
6
5
5
5
6
10
14
15
15
17
18
19
18
16
14
13
12
10
9
9
7
5
2
2
4
3
2
-2
-4
-4
-3
-4
-4
-4
-5
-5
-8
-8
-9
-6
-4
-4
-4
-6
-6
-6
-6
-6
-7
-4
-4
-4
-3
-2
0
-1
0
2
3
7
7
5
4
5
4
5
6
6
5
4
2
2
-1
-4
-6
-5
-2
-2
-3
-4
-5
-3
-2
-1
-2
-3
-3
-1
2
5
5
2
2
2
2
1
1
1
2
2
1
0
0
4
8
7
6
6
4
5
9
11
12
12
12
15
18
19
20
20
19
19
20
20
22
22
22
19
16
15
16
15
13
10
9
7
6
6
5
5
3
2
3
5
6
7
4
7
9
12
13
13
13
14
15
14
15
17
17
18
19
17
18
17
17
18
20
19
20
21
20
20
19
18
18
19
20
21
20
19
16
13
12
15
14
11
11
10
10
8
8
5
2
1
3
5
6
8
8
9
13
13
13
15
16
19
19
18
18
20
23
25
25
25
27
27
28
30
29
27
25
23
23
27
27
26
26
28
29
31
31
31
30
30
29
28
28
26
26
24
23
22
21
21
21
20
18
21
21
20
21
21
20
21
19
20
21
22
26
27
28
27
28
30
32
33
34
35
34
37
39
38
37
34
33
34
34
32
30
26
26
29
28
26
22
22
23
23
21
18
15
15
17
18
18
18
18
21
23
19
17
17
18
18
16
13
14
16
17
15
16
17
20
25
26
27
27
26
26
29
32
34
34
35
33
32
35
36
36
34
33
35
36
33
28
26
25
24
24
23
21
23
23
24
24
24
22
21
20
20
22
22
23
20
18
19
23
25
26
25
23
23
25
26
25
25
24
25
25
26
26
28
29
30
33
32
31
30
32
35
39
40
39
39
38
36
32
30
28
27
28
29
27
23
19
17
15
13
12
11
11
11
11
12
13
15
16
16
17
20
21
20
21
23
27
27
24
21
21
23
27
29
30
29
27
28
28
27
27
30
28
29
29
28
28
26
25
26
25
26
24
22
21
22
20
15
11
10
11
12
12
11
12
13
14
14
13
13
13
14
16
17
18
20
23
23
25
27
28
30
30
30
30
31
34
35
33
33
31
27
27
26
28
29
27
26
27
29
30
27
25
24
25
23
19
18
19
22
22
20
17
18
19
22
21
18
16
14
13
11
8
6
5
4
4
5
6
7
8
12
14
15
13
14
17
18
19
17
16
18
22
24
27
29
28
28
26
26
26
24
23
20
19
18
17
16
13
13
12
14
13
10
8
8
8
8
7
8
7
7
7
9
9
7
5
5
9
13
14
13
14
13
13
13
11
11
14
18
18
17
17
18
19
21
22
21
22
24
24
21
19
14
10
9
10
8
10
7
6
7
6
7
6
7
6
5
3
3
4
5
5
3
4
5
5
3
4
5
6
7
6
6
7
11
10
10
9
9
8
8
7
8
7
7
9
7
9
9
9
10
10
8
7
7
8
8
9
9
9
5
3
6
5
4
1
-2
-4
-3
-2
-5
-6
-5
-2
2
3
4
3
0
0
0
1
0
-1
-1
-1
0
2
1
3
3
1
-1
0
2
5
5
4
4
5
5
4
1
0
2
4
1
-1
-3
-3
0
1
2
-1
-4
-4
-4
-5
-6
-7
-8
-8
-8
-8
-8
-8
-10
-10
-11
-11
-11
-10
-9
-8
-7
-6
-4
-3
-2
-1
0
1
5
7
5
5
3
1
-1
-2
0
1
1
1
-1
-2
-1
-2
-3
-6
-11
-12
-11
-11
-13
-15
-14
-12
-9
-11
-14
-13
-11
-11
-11
-13
-12
-13
-15
-16
-14
-13
-13
-12
-10
-10
-9
-8
-7
-6
-4
-3
-5
-6
-5
-2
-4
-7
-8
-11
-9
-7
-6
-7
-7
-8
-9
-9
-11
-14
-16
-19
-19
-18
-18
-20
-20
-18
-18
-18
-19
-19
-20
-19
-20
-19
-15
-10
-8
-9
-8
-4
-1
-1
-2
-4
-4
-2
-2
-8
-12
-13
-11
-5
-3
-4
-3
-3
-6
-8
-8
-8
-6
-5
-5
-5
-7
-10
-11
-13
-13
-12
-13
-13
-13
-15
-17
-20
-22
-20
-22
-22
-22
-21
-23
-25
-28
-32
-32
-31
-28
-28
-27
-24
-19
-16
-17
-19
-22
-21
-20
-19
-19
-17
-12
-11
-13
-16
-17
-15
-13
-11
-10
-10
-12
-13
-12
-10
-7
-8
-12
-15
-17
-16
-17
-18
-22
-24
-26
-29
-28
-26
-26
-27
-28
-31
-31
-32
-30
-29
-28
-26
-27
-27
-27
-26
-24
-20
-20
-21
-23
-24
-23
-20
-20
-19
-17
-14
-12
-11
-11
-11
-10
-9
-7
-6
-5
-6
-8
-10
-10
-13
-17
-17
-17
-15
-15
-16
-19
-21
-20
-19
-19
-21
-22
-21
-17
-13
-13
-13
-12
-12
-10
-8
-4
-4
-3
-3
-3
-3
-4
-6
-8
-9
-9
-8
-10
-13
-14
-13
-11
-8
-7
-6
-6
-6
-3
-1
-3
-3
-2
0
2
1
-1
-6
-10
-10
-10
-10
-9
-11
-15
-18
-17
-16
-16
-16
-16
-15
-16
-16
-15
-16
-13
-12
-14
-15
-15
-12
-12
-10
-11
-11
-10
-10
-12
-13
-12
-9
-9
-10
-10
-8
-9
-7
-7
-9
-8
-7
-3
-1
-3
-2
-1
-2
-3
-7
-10
-12
-14
-14
-15
-14
-14
-14
-18
-20
-22
-23
-25
-23
-23
-23
-22
-21
-20
-18
-17
-16
-16
-16
-14
-14
-14
-13
-11
-7
-8
-8
-8
-9
-8
-6
-6
-9
-11
-11
-12
-11
-10
-9
-9
-8
-7
-7
-10
-11
-11
-11
-12
-13
-14
-14
-13
-12
-12
-12
-10
-11
-15
-17
-19
-18
-17
-19
-17
-17
-16
-18
-19
-18
-16
-14
-14
-14
-14
-12
-11
-12
-13
-11
-11
-10
-10
-11
-8
-6
-7
-9
-8
-8
-9
-8
-10
-12
-14
-15
-14
-13
-13
-15
-17
-17
-13
-9
-8
-9
-12
-14
-14
-12
-14
-15
-15
-15
-15
-16
-18
-19
-15
-16
-17
-16
-14
-13
-13
-13
-14
-15
-14
-11
-7
-3
-3
-2
-5
-7
-8
-7
-7
-5
-4
-4
-4
-3
-3
-4
-6
-8
-9
-10
-10
-12
-16
-18
-18
-18
-18
-17
-17
-18
-18
-17
-15
-13
-13
-14
-13
-14
-14
-14
-14
-13
-12
-12
-13
-13
-12
-13
-10
-7
-6
-5
-4
-3
-4
-5
-3
1
1
2
0
-1
0
2
0
-4
-5
-5
-5
-6
-7
-6
-5
-6
-7
-10
-9
-10
-9
-9
-11
-11
-11
-10
-9
-10
-12
-11
-10
-8
-6
-7
-7
-5
-4
-4
-5
-5
-5
-6
-4
-5
-8
-9
-11
-11
-10
-8
-6
-7
-10
-11
-9
-8
-6
-7
-8
-7
-9
-9
-8
-8
-7
-4
-5
-7
-7
-7
-9
-12
-13
-15
-14
-13
-15
-17
-16
-16
-15
-17
-17
-19
-20
-18
-21
-22
-20
-18
-16
-12
-11
-12
-13
-14
-13
-13
-14
-16
-18
-17
-14
-13
-13
-14
-14
-14
-13
-12
-13
-13
-12
-12
-8
-9
-11
-14
-14
-14
-12
-11
-12
-15
-18
-19
-18
-19
-21
-20
-19
-17
-16
-19
-19
-19
-19
-19
-18
-20
-20
-20
-20
-19
-18
-17
-15
-15
-16
-16
-15
-15
-15
-16
-17
-16
-17
-18
-19
-19
-18
-19
-20
-21
-23
-22
-22
-24
-24
-23
-23
-24
-26
-27
-27
-27
-27
-27
-28
-29
-26
-24
-25
-24
-25
-27
-25
-23
-24
-26
-25
-23
-19
-16
-17
-19
-18
-17
-15
-15
-14
-14
-16
-16
-15
-17
-14
-13
-13
-11
-11
-9
-10
-11
-15
-17
-17
-17
-18
-20
-21
-19
-20
-19
-18
-18
-18
-18
-17
-17
-18
-18
-20
-20
-18
-17
-19
-20
-18
-19
-21
-18
-17
-17
-14
-15
-15
-14
-16
-18
-17
-17
-19
-20
-18
-15
-11
-9
-10
-10
-10
-8
-8
-9
-6
-11
-10
-9
-11
-7
-9
-9
-9
-11
-14
-15
-15
-15
-18
-20
-22
-22
-20
-23
-24
-22
-23
-23
-26
-26
-26
-24
-23
-23
-21
-19
-20
-22
-23
-21
-21
-20
-21
-22
-21
-24
-21
-19
-19
-19
-23
-23
-19
-18
-20
-20
-21
-19
-18
-21
-23
-24
-25
-22
-19
-18
-18
-18
-19
-22
-24
-26
-27
-26
-24
-25
-26
-27
-29
-27
-24
-25
-22
-19
-20
-18
-19
-21
-21
-22
-22
-23
-22
-21
-20
-19
-19
-21
-22
-23
-20
-18
-19
-21
-24
-25
-24
-24
-23
-23
-23
-24
-25
-26
-29
-28
-26
-24
-22
-23
-26
-27
-24
-23
-22
-22
-23
-23
-23
-24
-26
-26
-25
-24
-20
-19
-18
-19
-21
-23
-23
-21
-21
-21
-21
-22
-22
-21
-21
-21
-23
-24
-22
-22
-21
-20
-21
-23
-24
-25
-28
-29
-27
-25
-25
-22
-22
-26
-29
-28
-26
-26
-25
-23
-23
-26
-28
-27
-26
-24
-26
-25
-23
-25
-25
-27
-26
-24
-21
-20
-21
-21
-21
-21
-21
-20
-22
-24
-22
-23
-22
-19
-18
-20
-21
-21
-20
-19
-17
-18
-22
-22
-23
-23
-21
-22
-23
-25
-24
-23
-23
-24
-27
-27
-27
-27
-27
-26
-26
-26
-26
-26
-24
-24
-25
-23
-20
-20
-19
-18
-18
-17
-18
-19
-18
-16
-16
-16
-15
-16
-16
-17
-17
-16
-14
-13
-12
-13
-15
-13
-11
-10
-11
-14
-14
-15
-15
-14
-16
-16
-15
-14
-12
-14
-15
-17
-16
-15
-13
-14
-17
-19
-18
-16
-14
-14
-16
-18
-16
-13
-13
-13
-14
-15
-15
-15
-14
-15
-14
-12
-11
-13
-11
-13
-14
-14
-14
-10
-8
-9
-12
-13
-12
-12
-14
-14
-13
-10
-11
-11
-13
-14
-14
-15
-15
-16
-16
-17
-16
-15
-14
-13
-14
-15
-14
-14
-14
-13
-12
-13
-12
-13
-13
-14
-14
-12
-12
-11
-11
-11
-10
-8
-6
-6
-5
-6
-5
-4
-3
-4
-3
-3
-2
-2
-4
-6
-7
-5
-4
-4
-7
-9
-9
-10
-9
-9
-6
-7
-8
-8
-7
-7
-7
-8
-8
-8
-7
-5
-2
-2
-4
-5
-5
-5
-4
-3
-4
-5
-3
-2
-1
0
-1
0
0
2
1
-4
-4
-3
1
4
6
5
2
1
1
1
1
1
-1
-1
0
-3
-4
-5
-4
-2
-4
-3
-2
0
-1
-2
-3
-3
-2
1
0
-1
-4
-5
-4
-2
-2
-1
0
2
3
3
2
3
3
6
7
7
4
2
3
2
2
3
6
6
7
4
1
0
0
0
-1
-1
-1
1
3
3
3
3
2
3
1
0
0
1
0
-1
0
2
4
7
5
5
9
13
11
9
9
10
10
7
8
11
13
13
11
11
11
11
11
12
13
14
11
8
6
5
5
6
6
7
8
8
7
7
4
1
3
4
5
0
-1
-1
1
1
0
0
0
1
-1
-1
0
2
1
1
2
5
6
4
4
4
5
6
9
12
11
10
9
9
9
10
11
12
11
11
8
8
8
7
7
6
6
3
3
3
3
1
0
0
0
2
3
2
-1
0
0
1
0
-1
-2
-2
-3
-3
-2
-1
-1
-1
-3
-4
-7
-4
-2
-3
-3
-3
-4
-4
-4
-4
-2
0
-1
0
-1
-5
-5
-5
-3
-6
-6
-5
-4
-3
-4
-4
-7
-9
-8
-9
-9
-12
-12
-14
-15
-16
-15
-12
-11
-11
-13
-11
-11
-11
-11
-10
-8
-7
-8
-7
-7
-6
-7
-9
-11
-10
-7
-8
-9
-13
-13
-13
-12
-12
-12
-9
-9
-12
-13
-13
-12
-10
-8
-11
-13
-15
-17
-15
-15
-14
-15
-17
-17
-17
-19
-21
-25
-25
-23
-23
-21
-22
-25
-26
-26
-25
-25
-24
-22
-23
-22
-21
-20
-19
-18
-20
-19
-18
-17
-16
-16
-16
-17
-20
-21
-22
-21
-18
-18
-20
-21
-24
-25
-25
-25
-23
-22
-21
-23
-22
-21
-24
-28
-28
-27
-26
-25
-23
-26
-27
-29
-30
-27
-29
-29
-30
-29
-29
-28
-30
-27
-25
-24
-21
-20
-16
-15
-17
-21
-22
-22
-18
-11
-10
-11
-16
-17
-16
-13
-14
-16
-18
-16
-15
-15
-16
-17
-18
-15
-14
-17
-18
-20
-22
-19
-20
-22
-21
-22
-22
-20
-23
-24
-24
-24
-25
-24
-23
-22
-24
-24
-23
-24
-22
-20
-17
-17
-16
-17
-19
-18
-18
-17
-14
-14
-12
-12
-14
-14
-12
-12
-11
-11
-9
-9
-11
-14
-18
-18
-16
-15
-16
-17
-19
-21
-20
-20
-20
-22
-23
-23
-20
-20
-19
-20
-19
-20
-20
-19
-18
-18
-18
-18
-18
-16
-17
-17
-19
-19
-20
-19
-20
-20
-19
-22
-21
-21
-22
-19
-17
-17
-15
-16
-16
-18
-20
-20
-19
-16
-16
-17
-19
-21
-20
-20
-20
-20
-19
-19
-20
-24
-24
-25
-24
-22
-25
-25
-23
-22
-21
-20
-23
-22
-21
-21
-21
-20
-20
-23
-26
-27
-25
-23
-22
-21
-20
-20
-24
-27
-28
-27
-26
-24
-25
-25
-23
-23
-24
-24
-24
-25
-26
-28
-29
-30
-29
-30
-30
-30
-33
-34
-35
-36
-35
-34
-33
-32
-30
-31
-34
-36
-36
-34
-34
-34
-34
-33
-34
-31
-30
-31
-32
-34
-35
-35
-33
-33
-32
-30
-28
-27
-28
-29
-28
-28
-28
-30
-31
-30
-30
-31
-32
-33
-31
-32
-32
-31
-32
-31
-34
-35
-36
-37
-37
-37
-34
-35
-36
-36
-37
-37
-36
-36
-35
-34
-35
-36
-38
-36
-36
-37
-37
-36
-35
-35
-35
-34
-34
-34
-34
-33
-33
-35
-36
-36
-36
-36
-36
-36
-36
-35
-34
-34
-34
-33
-33
-32
-31
-32
-34
-35
-36
-36
-37
-36
-37
-38
-36
-35
-34
-34
-33
-35
-36
-36
-36
-35
-32
-31
-29
-28
-29
-30
-31
-31
-31
-32
-33
-31
-29
-26
-26
-29
-30
-30
-29
-28
-27
-28
-29
-29
-28
-28
-29
-29
-28
-28
-28
-28
-28
-31
-31
-33
-32
-29
-28
-28
-28
-28
-27
-28
-27
-25
-25
-24
-25
-28
-27
-27
-26
-25
-25
-26
-27
-25
-25
-23
-24
-24
-24
-23
-22
-20
-22
-22
-22
-22
-19
-19
-19
-20
-21
-20
-20
-21
-20
-23
-23
-23
-25
-27
-26
-25
-23
-23
-26
-26
-25
-23
-21
-23
-24
-25
-24
-22
-22
-21
-22
-21
-20
-19
-19
-21
-19
-17
-16
-14
-14
-15
-14
-15
-15
-18
-17
-14
-15
-15
-17
-17
-17
-19
-20
-21
-21
-20
-22
-21
-20
-20
-22
-25
-27
-24
-24
-23
-24
-25
-26
-26
-26
-24
-24
-24
-24
-23
-24
-22
-21
-21
-23
-23
-23
-22
-20
-19
-17
-18
-16
-15
-16
-20
-21
-18
-18
-19
-19
-20
-23
-25
-26
-24
-23
-21
-22
-23
-25
-26
-25
-24
-26
-26
-27
-26
-25
-24
-26
-28
-27
-26
-27
-28
-29
-29
-28
-27
-24
-23
-23
-23
-24
-25
-24
-25
-25
-23
-25
-26
-27
-28
-27
-26
-25
-22
-20
-20
-23
-26
-25
-24
-22
-22
-26
-30
-30
-27
-24
-25
-26
-29
-30
-29
-29
-29
-29
-30
-30
-31
-32
-34
-33
-33
-33
-33
-32
-31
-28
-29
-30
-33
-31
-33
-34
-34
-32
-28
-28
-31
-32
-31
-28
-26
-26
-27
-28
-29
-29
-30
-31
-30
-29
-27
-27
-29
-30
-32
-33
-34
-33
-34
-32
-34
-33
-33
-34
-36
-36
-38
-35
-34
-37
-37
-39
-39
-38
-38
-38
-37
-35
-36
-37
-38
-39
-39
-37
-36
-34
-32
-32
-33
-34
-33
-34
-33
-34
-36
-36
-34
-33
-34
-35
-36
-36
-36
-36
-36
-35
-34
-38
-40
-40
-40
-41
-43
-43
-43
-42
-41
-43
-44
-46
-46
-46
-46
-44
-44
-47
-48
-51
-48
-44
-43
-45
-48
-49
-48
-45
-44
-45
-44
-43
-43
-42
-43
-44
-41
-38
-40
-41
-43
-41
-38
-39
-39
-39
-40
-42
-43
-42
-40
-40
-41
-42
-42
-40
-41
-41
-42
-41
-42
-40
-41
-44
-44
-45
-42
-39
-38
-40
-40
-41
-41
-41
-42
-41
-41
-40
-40
-39
-38
-38
-38
-37
-37
-37
-38
-38
-38
-36
-33
-34
-32
-32
-33
-34
-34
-33
-29
-31
-33
-35
-35
-36
-37
-38
-37
-37
-37
-38
-40
-43
-45
-44
-42
-41
-43
-43
-44
-44
-45
-46
-47
-48
-48
-47
-42
-41
-40
-41
-43
-42
-42
-43
-42
-41
-39
-39
-39
-40
-41
-39
-39
-37
-38
-39
-37
-38
-39
-39
-39
-37
-34
-37
-41
-46
-49
-47
-45
-44
-44
-45
-44
-44
-48
-48
-49
-50
-50
-50
-50
-49
-47
-45
-45
-45
-44
-43
-41
-42
-42
-45
-44
-41
-39
-38
-35
-35
-37
-39
-40
-39
-37
-36
-35
-39
-40
-38
-36
-37
-36
-35
-36
-35
-35
-36
-38
-38
-38
-36
-37
-40
-41
-42
-43
-45
-44
-44
-43
-43
-44
-45
-46
-47
-46
-45
-43
-45
-46
-47
-48
-44
-42
-39
-41
-42
-43
-42
-42
-41
-43
-45
-44
-44
-44
-44
-44
-43
-43
-43
-44
-45
-47
-46
-47
-47
-50
-52
-53
-51
-48
-48
-49
-50
-51
-50
-52
-52
-54
-54
-53
-52
-52
-54
-54
-52
-50
-49
-51
-52
-53
-54
-53
-54
-52
-52
-51
-53
-53
-51
-48
-49
-51
-51
-51
-51
-51
-49
-49
-45
-46
-47
-47
-45
-46
-49
-49
-50
-51
-53
-53
-52
-54
-56
-55
-56
-55
-54
-56
-56
-54
-53
-53
-53
-56
-56
-56
-55
-54
-53
-53
-54
-55
-57
-56
-56
-54
-54
-55
-56
-57
-58
-57
-56
-54
-52
-53
-54
-56
-56
-55
-53
-54
-55
-54
-54
-54
-55
-56
-57
-57
-58
-56
-56
-57
-56
-55
-55
-59
-61
-63
-62
-59
-60
-60
-59
-58
-58
-59
-60
-61
-61
-60
-60
-58
-57
-57
-57
-55
-54
-54
-54
-55
-57
-54
-53
-54
-51
-51
-49
-47
-48
-50
-48
-50
-52
-52
-51
-50
-49
-49
-50
-48
-49
-48
-48
-48
-48
-51
-54
-53
-53
-51
-51
-52
-54
-54
-52
-51
-53
-53
-52
-51
-50
-50
-48
-48
-49
-47
-46
-46
-46
-46
-48
-48
-46
-45
-44
-45
-44
-41
-42
-42
-43
-44
-43
-43
-44
-44
-43
-41
-40
-41
-39
-40
-42
-41
-39
-40
-40
-42
-42
-40
-38
-38
-39
-40
-40
-40
-38
-34
-32
-33
-32
-33
-32
-31
-33
-36
-34
-31
-32
-33
-33
-32
-29
-27
-27
-28
-30
-30
-30
-31
-33
-34
-33
-34
-34
-33
-31
-33
-36
-39
-39
-39
-37
-38
-38
-37
-37
-38
-39
-40
-38
-37
-34
-34
-33
-34
-33
-33
-32
-32
-32
-32
-32
-34
-36
-35
-34
-34
-34
-35
-36
-32
-31
-32
-32
-32
-32
-32
-32
-32
-34
-34
-33
-33
-32
-34
-37
-37
-36
-35
-36
-37
-39
-40
-39
-40
-39
-37
-37
-38
-35
-33
-33
-33
-35
-35
-35
-34
-34
-36
-38
-38
-37
-35
-34
-34
-33
-35
-35
-35
-35
-35
-38
-38
-38
-38
-37
-38
-37
-37
-37
-40
-43
-43
-39
-34
-31
-32
-35
-37
-39
-40
-42
-43
-44
-43
-41
-39
-39
-41
-42
-41
-42
-43
-44
-45
-45
-43
-45
-47
-48
-46
-44
-42
-42
-42
-44
-41
-39
-40
-42
-45
-46
-45
-43
-43
-43
-44
-42
-41
-40
-43
-45
-45
-44
-41
-42
-43
-46
-48
-49
-49
-50
-51
-51
-50
-49
-48
-47
-46
-50
-51
-51
-51
-51
-49
-48
-48
-46
-47
-46
-47
-49
-48
-47
-46
-47
-49
-50
-47
-46
-46
-43
-42
-40
-40
-41
-42
-43
-43
