-32
-30
-33
-35
-35
-37
-35
-36
-39
-40
-40
-38
-37
-38
-40
-44
-45
-44
-40
-40
-40
-42
-44
-42
-42
-41
-42
-45
-47
-47
-45
-45
-44
-43
-42
-40
-41
-43
-46
-47
-48
-47
-47
-47
-47
-47
-46
-48
-49
-52
-51
-52
-52
-52
-52
-52
-51
-50
-49
-49
-49
-50
-48
-48
-48
-49
-48
-46
-46
-46
-45
-47
-48
-48
-48
-46
-46
-46
-46
-46
-46
-45
-44
-45
-46
-48
-50
-50
-48
-48
-49
-49
-48
-47
-48
-46
-46
-48
-49
-51
-50
-51
-49
-52
-51
-51
-51
-48
-47
-47
-49
-49
-50
-50
-49
-50
-51
-51
-47
-45
-46
-47
-47
-45
-43
-43
-44
-44
-44
-42
-41
-42
-43
-48
-48
-49
-50
-48
-50
-52
-52
-49
-48
-48
-50
-51
-50
-50
-50
-50
-51
-49
-49
-49
-50
-48
-48
-48
-51
-53
-53
-53
-51
-51
-52
-51
-48
-46
-45
-45
-47
-47
-46
-47
-47
-47
-46
-46
-48
-47
-51
-53
-54
-53
-51
-49
-50
-47
-45
-45
-47
-49
-50
-48
-46
-46
-47
-48
-47
-45
-44
-43
-45
-46
-48
-47
-47
-45
-44
-42
-41
-41
-42
-43
-42
-42
-42
-44
-43
-40
-36
-36
-38
-40
-41
-40
-39
-40
-41
-40
-42
-40
-38
-36
-36
-37
-37
-39
-39
-39
-39
-39
-39
-39
-39
-39
-38
-39
-37
-37
-40
-40
-39
-40
-39
-38
-37
-36
-35
-36
-35
-35
-34
-34
-34
-36
-35
-36
-36
-35
-35
-35
-35
-34
-35
-33
-35
-36
-36
-35
-34
-34
-36
-36
-36
-34
-33
-35
-36
-35
-33
-31
-32
-33
-34
-34
-32
-30
-28
-29
-28
-28
-29
-29
-29
-31
-31
-30
-27
-28
-27
-27
-26
-23
-23
-25
-28
-30
-29
-25
-25
-26
-28
-28
-30
-31
-32
-32
-30
-31
-31
-31
-31
-31
-33
-33
-33
-32
-33
-34
-35
-34
-33
-32
-31
-31
-31
-33
-32
-33
-34
-32
-33
-34
-34
-33
-34
-34
-35
-36
-37
-37
-38
-41
-42
-41
-39
-39
-38
-39
-38
-38
-38
-38
-38
-38
-37
-36
-37
-37
-37
-36
-36
-37
-37
-35
-36
-36
-37
-36
-36
-36
-37
-36
-33
-31
-33
-37
-34
-34
-36
-33
-34
-34
-34
-35
-38
-37
-35
-34
-32
-34
-36
-35
-35
-38
-38
-39
-38
-36
-35
-36
-38
-37
-34
-32
-31
-32
-34
-32
-30
-32
-33
-33
-31
-28
-28
-32
-33
-33
-32
-29
-28
-26
-25
-25
-27
-29
-28
-28
-29
-28
-26
-25
-26
-27
-26
-24
-20
-19
-20
-22
-22
-21
-20
-22
-23
-23
-22
-22
-23
-23
-23
-21
-22
-21
-23
-22
-21
-22
-21
-18
-17
-19
-20
-18
-15
-14
-15
-19
-21
-19
-19
-20
-19
-20
-20
-20
-18
-21
-21
-20
-21
-21
-20
-20
-21
-23
-23
-22
-22
-22
-24
-23
-22
-20
-21
-22
-22
-19
-17
-16
-18
-17
-20
-23
-25
-24
-22
-20
-20
-21
-23
-22
-21
-20
-20
-24
-25
-23
-22
-22
-21
-20
-21
-22
-23
-23
-24
-26
-26
-28
-28
-27
-30
-32
-34
-34
-33
-32
-31
-31
-30
-30
-29
-28
-26
-23
-24
-25
-28
-27
-27
-27
-27
-27
-28
-26
-23
-25
-26
-26
-25
-27
-28
-32
-32
-29
-27
-28
-29
-31
-33
-34
-34
-34
-36
-34
-34
-34
-34
-36
-37
-38
-39
-39
-39
-40
-39
-38
-36
-36
-35
-36
-37
-35
-36
-37
-36
-35
-32
-31
-31
-33
-32
-31
-29
-28
-28
-27
-28
-30
-33
-31
-28
-27
-26
-28
-28
-28
-28
-28
-28
-28
-29
-31
-31
-30
-30
-31
-33
-31
-30
-29
-30
-31
-33
-31
-29
-30
-30
-31
-29
-30
-33
-35
-34
-31
-29
-28
-29
-30
-31
-31
-31
-30
-28
-28
-27
-29
-30
-30
-29
-27
-27
-27
-25
-27
-27
-27
-28
-29
-31
-31
-30
-28
-26
-24
-27
-27
-26
-26
-27
-28
-27
-26
-23
-25
-26
-26
-26
-27
-28
-26
-25
-25
-26
-27
-29
-27
-26
-24
-24
-24
-25
-24
-23
-24
-24
-26
-26
-24
-20
-18
-20
-20
-22
-22
-20
-21
-22
-22
-21
-20
-20
-22
-23
-21
-21
-21
-19
-19
-17
-17
-18
-18
-18
-15
-14
-15
-13
-14
-17
-19
-18
-17
-14
-13
-14
-14
-14
-13
-13
-15
-15
-12
-11
-10
-10
-11
-10
-10
-10
-11
-10
-9
-10
-12
-14
-14
-14
-13
-15
-16
-17
-16
-16
-15
-14
-14
-15
-16
-17
-17
-19
-17
-18
-18
-16
-15
-16
-16
-20
-18
-16
-16
-19
-19
-20
-19
-20
-19
-18
-18
-16
-18
-19
-19
-18
-18
-19
-19
-22
-23
-25
-25
-24
-24
-24
-25
-25
-24
-25
-26
-26
-27
-28
-30
-30
-29
-30
-29
-31
-32
-33
-33
-33
-33
-36
-35
-36
-36
-37
-37
-38
-38
-39
-39
-37
-38
-37
-38
-38
-38
-36
-37
-38
-40
-40
-41
-43
-44
-45
-43
-41
-41
-41
-40
-41
-41
-40
-41
-42
-42
-40
-42
-42
-44
-44
-43
-42
-43
-43
-41
-42
-43
-46
-47
-45
-45
-45
-46
-47
-47
-48
-49
-50
-50
-46
-43
-44
-44
-46
-49
-48
-47
-48
-48
-47
-46
-45
-44
-45
-49
-49
-48
-48
-49
-50
-48
-47
-46
-48
-49
-48
-48
-48
-51
-51
-48
-47
-48
-48
-50
-48
-48
-49
-50
-51
-50
-46
-45
-47
-49
-50
-49
-48
-49
-50
-48
-48
-49
-52
-53
-51
-51
-51
-51
-51
-51
-49
-48
-50
-51
-50
-49
-47
-48
-49
-50
-50
-51
-50
-49
-49
-47
-47
-47
-48
-50
-51
-49
-48
-48
-44
-43
-43
-43
-44
-44
-42
-41
-43
-44
-43
-42
-40
-41
-44
-43
-44
-43
-43
-42
-42
-42
-42
-41
-38
-37
-38
-41
-40
-40
-40
-41
-40
-41
-40
-39
-40
-39
-40
-40
-38
-40
-40
-39
-40
-38
-36
-36
-35
-37
-39
-38
-37
-37
-37
-37
-36
-36
-38
-38
-38
-37
-35
-34
-33
-33
-34
-36
-37
-36
-34
-32
-33
-34
-33
-32
-32
-32
-34
-34
-32
-30
-29
-30
-31
-31
-28
-28
-27
-28
-28
-29
-28
-27
-27
-27
-28
-29
-29
-29
-30
-31
-30
-28
-26
-25
-27
-29
-30
-31
-29
-29
-28
-28
-28
-29
-30
-31
-30
-30
-28
-28
-30
-30
-29
-27
-24
-24
-25
-25
-26
-26
-25
-24
-22
-22
-25
-24
-23
-22
-23
-22
-24
-24
-25
-25
-25
-25
-25
-25
-26
-23
-25
-27
-29
-28
-28
-25
-24
-25
-27
-28
-30
-30
-30
-32
-33
-32
-34
-35
-34
-33
-33
-32
-31
-32
-32
-34
-34
-33
-32
-35
-37
-37
-35
-34
-32
-33
-34
-34
-32
-31
-32
-33
-35
-34
-31
-31
-33
-35
-35
-32
-31
-33
-35
-36
-36
-34
-35
-34
-32
-33
-33
-34
-36
-35
-34
-35
-34
-33
-37
-38
-37
-38
-38
-36
-38
-37
-35
-37
-37
-36
-37
-38
-39
-39
-38
-38
-38
-38
-38
-38
-37
-40
-38
-36
-36
-35
-37
-40
-41
-42
-41
-39
-41
-41
-42
-43
-39
-38
-40
-43
-44
-41
-40
-39
-41
-45
-44
-43
-42
-43
-44
-43
-43
-41
-40
-41
-44
-45
-46
-46
-48
-48
-49
-46
-43
-43
-46
-48
-46
-43
-43
-44
-46
-48
-46
-44
-45
-48
-48
-47
-44
-43
-44
-45
-45
-46
-46
-44
-45
-45
-45
-45
-45
-45
-45
-45
-46
-47
-47
-44
-43
-43
-43
-46
-46
-44
-41
-42
-44
-45
-49
-47
-46
-44
-45
-46
-47
-48
-50
-51
-48
-46
-44
-45
-47
-48
-47
-47
-49
-50
-47
-47
-45
-46
-45
-44
-44
-45
-47
-48
-49
-49
-49
-49
-48
-47
-50
-50
-50
-49
-50
-52
-51
-50
-50
-48
-49
-51
-51
-50
-47
-46
-46
-47
-48
-45
-46
-47
-45
-45
-45
-43
-42
-41
-39
-42
-42
-42
-40
-37
-35
-36
-36
-35
-35
-36
-36
-34
-32
-31
-31
-32
-33
-33
-32
-32
-32
-31
-30
-30
-29
-30
-29
-29
-30
-31
-31
-33
-32
-31
-30
-30
-31
-33
-35
-34
-33
-31
-31
-31
-29
-28
-26
-27
-26
-24
-23
-24
-24
-26
-26
-24
-22
-22
-18
-18
-21
-22
-25
-23
-22
-21
-21
-25
-23
-20
-19
-19
-20
-21
-22
-20
-21
-19
-19
-20
-21
-21
-20
-19
-19
-19
-21
-22
-23
-26
-24
-24
-21
-21
-22
-24
-26
-28
-28
-28
-29
-27
-26
-27
-26
-26
-26
-25
-26
-25
-25
-25
-26
-28
-30
-30
-30
-29
-30
-30
-29
-30
-30
-32
-34
-33
-32
-32
-31
-30
-30
-30
-30
-31
-32
-34
-33
-30
-30
-31
-32
-32
-32
-29
-28
-28
-30
-29
-29
-30
-30
-28
-29
-30
-31
-30
-28
-27
-30
-34
-36
-34
-31
-30
-32
-34
-32
-31
-33
-35
-35
-33
-30
-29
-29
-32
-32
-31
-32
-31
-32
-31
-30
-31
-30
-31
-30
-30
-32
-33
-31
-28
-28
-31
-31
-29
-30
-29
-30
-33
-30
-29
-29
-31
-31
-31
-31
-31
-31
-31
-30
-30
-31
-35
-36
-37
-37
-36
-35
-34
-32
-33
-35
-37
-39
-37
-36
-35
-34
-34
-34
-33
-33
-32
-32
-31
-33
-33
-32
-30
-31
-32
-30
-30
-30
-32
-33
-32
-32
-30
-29
-31
-30
-31
-31
-29
-28
-30
-31
-32
-35
-35
-35
-34
-34
-31
-31
-31
-32
-33
-34
-36
-36
-35
-35
-34
-35
-36
-36
-34
-32
-32
-35
-38
-36
-34
-34
-34
-33
-32
-33
-37
-40
-37
-33
-30
-30
-31
-34
-35
-37
-38
-37
-36
-35
-34
-34
-35
-35
-35
-34
-36
-35
-34
-35
-35
-34
-34
-35
-36
-36
-36
-38
-38
-36
-36
-36
-37
-36
-37
-37
-37
-39
-40
-39
-37
-37
-40
-41
-41
-41
-41
-43
-44
-44
-43
-43
-43
-44
-45
-43
-42
-43
-45
-46
-44
-44
-44
-45
-44
-42
-41
-39
-39
-40
-42
-42
-45
-45
-43
-41
-41
-41
-42
-43
-43
-41
-40
-40
-41
-42
-43
-41
-39
-39
-39
-40
-39
-36
-39
-40
-41
-41
-39
-37
-39
-40
-41
-42
-42
-42
-39
-40
-41
-40
-39
-37
-36
-36
-36
-38
-36
-36
-37
-37
-37
-35
-33
-33
-34
-35
-36
-36
-37
-39
-40
-39
-37
-33
-32
-35
-36
-38
-38
-38
-39
-42
-42
-40
-40
-38
-38
-41
-42
-40
-38
-37
-39
-41
-45
-46
-44
-44
-42
-40
-40
-39
-42
-44
-45
-44
-43
-41
-41
-40
-39
-36
-35
-36
-36
-38
-39
-39
-39
-38
-38
-37
-36
-36
-37
-37
-37
-37
-39
-41
-42
-39
-37
-36
-39
-41
-41
-39
-39
-39
-41
-39
-37
-37
-37
-38
-38
-35
-34
-36
-38
-38
-36
-34
-34
-36
-38
-36
-33
-31
-33
-35
-33
-31
-29
-29
-31
-30
-32
-32
-32
-29
-31
-33
-34
-34
-32
-30
-28
-30
-30
-30
-29
-29
-28
-29
-29
-31
-33
-33
-33
-32
-30
-32
-31
-30
-30
-30
-32
-32
-31
-28
-29
-28
-28
-27
-27
-25
-23
-23
-23
-25
-22
-22
-21
-21
-22
-20
-20
-20
-20
-19
-19
-20
-21
-18
-15
-14
-16
-20
-20
-19
-18
-17
-19
-19
-18
-18
-17
-17
-20
-22
-23
-22
-21
-22
-22
-20
-20
-20
-23
-24
-21
-19
-17
-17
-17
-18
-18
-19
-22
-21
-19
-18
-16
-16
-17
-18
-19
-19
-18
-17
-15
-17
-18
-16
-15
-14
-16
-18
-17
-15
-13
-15
-15
-16
-16
-13
-11
-12
-14
-17
-18
-16
-16
-18
-18
-17
-15
-13
-15
-17
-17
-17
-16
-15
-16
-17
-18
-18
-19
-18
-18
-17
-17
-14
-13
-15
-16
-17
-16
-14
-11
-14
-17
-18
-17
-15
-14
-15
-16
-17
-18
-16
-14
-15
-12
-12
-12
-14
-16
-16
-16
-15
-15
-16
-16
-16
-13
-12
-13
-16
-17
-17
-17
-19
-19
-18
-17
-14
-15
-18
-18
-16
-16
-16
-18
-19
-18
-18
-17
-18
-19
-19
-18
-18
-18
-18
-20
-20
-18
-18
-18
-18
-21
-20
-19
-20
-22
-24
-23
-21
-20
-21
-23
-23
-23
-23
-23
-26
-27
-29
-30
-28
-25
-25
-23
-23
-25
-26
-29
-29
-29
-28
-27
-27
-27
-29
-29
-30
-29
-30
-29
-29
-31
-30
-30
-29
-30
-30
-30
-30
-28
-28
-30
-29
-30
-29
-29
-30
-30
-31
-29
-27
-29
-32
-35
-36
-35
-34
-32
-30
-30
-30
-31
-32
-34
-34
-34
-34
-34
-32
-31
-30
-33
-34
-33
-31
-30
-31
-32
-32
-32
-30
-31
-33
-33
-31
-32
-35
-37
-39
-39
-38
-36
-35
-34
-35
-35
-37
-38
-35
-35
-35
-36
-37
-38
-39
-41
-42
-42
-41
-41
-41
-40
-42
-44
-43
-40
-41
-43
-42
-42
-40
-39
-37
-37
-38
-37
-39
-37
-36
-35
-35
-34
-34
-36
-36
-36
-36
-35
-36
-37
-37
-35
-34
-34
-35
-34
-33
-35
-36
-37
-38
-38
-38
-40
-38
-37
-37
-38
-38
-39
-37
-33
-33
-34
-35
-37
-37
-36
-37
-36
-34
-36
-37
-37
-35
-34
-35
-37
-37
-38
-36
-35
-34
-32
-32
-32
-32
-30
-29
-30
-30
-30
-30
-28
-29
-30
-29
-26
-26
-27
-28
-29
-27
-28
-29
-30
-30
-28
-26
-25
-26
-25
-25
-25
-28
-29
-29
-28
-28
-26
-25
-24
-22
-22
-23
-24
-24
-24
-23
-23
-23
-25
-24
-19
-19
-19
-19
-19
-19
-20
-22
-25
-22
-20
-16
-15
-15
-14
-16
-17
-17
-18
-19
-18
-20
-20
-18
-17
-18
-18
-20
-23
-22
-22
-23
-24
-25
-23
-22
-23
-24
-25
-24
-22
-23
-24
-24
-21
-20
-21
-24
-23
-22
-18
-17
-19
-21
-21
-21
-20
-20
-20
-19
-19
-19
-18
-18
-19
-19
-19
-18
-19
-20
-19
-19
-19
-18
-18
-17
-18
-19
-21
-23
-22
-21
-22
-22
-22
-24
-24
-24
-25
-25
-25
-25
-27
-28
-28
-29
-30
-31
-29
-28
-28
-28
-32
-33
-35
-34
-36
-35
-32
-33
-35
-37
-35
-33
-32
-35
-36
-37
-36
-34
-37
-38
-40
-40
-38
-39
-40
-40
-40
-41
-40
-40
-42
-42
-44
-44
-43
-44
-44
-44
-45
-45
-42
-43
-43
-43
-44
-46
-47
-48
-49
-47
-45
-47
-49
-49
-47
-44
-43
-45
-49
-49
-49
-50
-49
-48
-49
-48
-48
-51
-51
-50
-48
-49
-50
-51
-51
-50
-48
-49
-50
-51
-53
-54
-54
-54
-54
-55
-56
-58
-58
-59
-58
-59
-57
-56
-56
-56
-55
-55
-57
-58
-60
-60
-57
-53
-53
-52
-55
-54
-53
-51
-52
-52
-53
-53
-50
-49
-49
-49
-49
-50
-49
-49
-48
-46
-47
-48
-49
-51
-49
-49
-47
-48
-50
-50
-50
-51
-51
-49
-48
-47
-49
-50
-51
-49
-47
-49
-50
-52
-52
-53
-53
-53
-51
-51
-52
-49
-48
-49
-51
-51
-50
-47
-46
-48
-47
-45
-43
-41
-41
-43
-44
-42
-40
-43
-44
-43
-43
-42
-40
-42
-42
-42
-44
-45
-42
-41
-41
-41
-42
-41
-39
-40
-40
-42
-40
-39
-39
-38
-37
-37
-37
-39
-39
-40
-40
-38
-37
-35
-36
-37
-39
-38
-35
-35
-35
-35
-34
-31
-29
-29
-30
-32
-33
-33
-33
-33
-33
-34
-33
-32
-31
-32
-34
-33
-34
-35
-37
-39
-38
-38
-38
-38
-34
-34
-34
-36
-37
-35
-33
-34
-36
-38
-37
-35
-34
-34
-35
-34
-35
-35
-35
-38
-36
-35
-35
-33
-34
-34
-32
-30
-30
-29
-30
-31
-30
-28
-29
-29
-30
-30
-28
-25
-23
-24
-26
-28
-27
-25
-26
-28
-30
-31
-30
-30
-28
-29
-30
-28
-27
-25
-29
-32
-33
-31
-29
-28
-31
-31
-29
-27
-25
-25
-27
-27
-25
-26
-28
-26
-24
-23
-21
-24
-27
-27
-26
-24
-22
-25
-25
-27
-28
-27
-26
-24
-23
-26
-28
-26
-25
-25
-27
-29
-29
-27
-27
-29
-30
-30
-29
-28
-31
-31
-30
-29
-31
-31
-31
-31
-30
-30
-28
-25
-25
-27
-31
-33
-33
-32
-32
-30
-31
-32
-30
-31
-31
-32
-33
-33
-31
-32
-33
-34
-37
-37
-36
-37
-37
-36
-39
-38
-40
-40
-41
-40
-40
-42
-41
-40
-36
-38
-43
-43
-42
-40
-41
-41
-42
-41
-41
-42
-43
-43
-43
-42
-40
-39
-39
-37
-38
-37
-36
-36
-39
-40
-41
-39
-35
-36
-38
-38
-35
-35
-34
-35
-34
-34
-33
-32
-31
-34
-33
-35
-32
-33
-30
-31
-31
-35
-32
-32
-34
-37
-33
-30
-30
-32
-33
-30
-28
-30
-34
-32
-33
-32
-32
-29
-32
-32
-34
-33
-34
-34
-33
-34
-33
-32
-31
-31
-30
-33
-32
-34
-34
-35
-35
-37
-35
-37
-34
-31
-31
-33
-38
-38
-41
-39
-40
-35
-34
-31
-33
-33
-35
-35
-36
-37
-36
-35
-33
-35
-33
-33
-33
-33
-32
-34
-33
-35
-34
-35
-32
-30
-28
-32
-32
-31
-31
-31
-30
-29
-27
-26
-24
-22
-22
-20
-18
-17
-16
-16
-18
-17
-16
-13
-11
-11
-10
-9
-6
-7
-10
-9
-9
-8
-6
-4
-5
-5
-5
-5
-4
-5
-4
-6
-6
-5
-5
-5
-4
-7
-6
-4
-3
-4
-3
-7
-5
-6
-5
-7
-7
-7
-9
-9
-8
-10
-10
-9
-11
-10
-14
-16
-17
-18
-21
-19
-20
-17
-21
-20
-23
-23
-26
-24
-25
-26
-30
-31
-32
-33
-35
-37
-34
-36
-38
-39
-40
-41
-38
-40
-38
-38
-38
-38
-40
-44
-42
-40
-39
-39
-38
-38
-36
-35
-36
-37
-34
-33
-30
-29
-28
-26
-27
-24
-24
-23
-18
-14
-14
-11
-13
-9
-6
-5
-1
-2
-1
4
5
9
10
12
18
19
24
24
28
30
35
37
40
42
45
51
51
54
55
57
59
63
64
63
66
70
68
69
66
67
65
68
64
62
61
60
59
55
49
46
41
39
34
24
25
13
12
8
1
-8
-12
-27
-28
-38
-46
-49
-65
-71
-78
-93
-97
-107
-123
-125
-142
-148
-154
-164
-169
-177
-191
-195
-204
-209
-213
-224
-228
-236
-244
-248
-249
-251
-249
-250
-253
-249
-249
-237
-229
-213
-198
-177
-156
-138
-116
-95
-76
-53
-37
-16
7
28
54
73
94
111
128
144
160
169
184
194
204
219
230
239
245
248
250
252
251
251
246
244
241
238
238
230
220
212
203
193
183
173
166
162
156
148
139
128
116
106
96
83
72
61
49
37
24
6
-14
-37
-58
-77
-97
-119
-141
-162
-183
-207
-231
-252
-274
-299
-325
-351
-376
-400
-421
-440
-468
-483
-504
-518
-525
-538
-549
-557
-558
-542
-497
-439
-383
-348
-323
-300
-261
-212
-160
-117
-71
-33
8
61
100
130
144
152
165
190
207
220
229
232
240
250
249
244
229
210
199
184
178
161
138
120
102
81
65
36
12
-8
-19
-26
-29
-30
-30
-28
-23
-19
-20
-25
-33
-27
-13
3
21
41
65
91
111
124
129
134
146
162
179
194
204
212
216
218
216
203
188
174
161
157
151
145
140
129
120
104
88
68
50
32
19
8
-4
-24
-45
-75
-101
-125
-144
-170
-194
-221
-248
-267
-291
-313
-337
-358
-390
-412
-441
-464
-481
-497
-522
-527
-541
-530
-515
-479
-429
-377
-348
-323
-297
-264
-212
-163
-118
-77
-36
-6
45
74
95
108
109
115
143
152
165
173
161
177
175
177
176
162
140
134
109
115
100
77
61
34
19
10
-19
-40
-61
-82
-72
-75
-65
-63
-62
-57
-42
-32
-14
-16
2
26
50
81
105
129
156
179
201
230
239
255
267
284
303
317
321
327
326
325
320
314
301
283
273
261
248
237
222
200
182
157
135
105
71
39
5
-30
-63
-90
-113
-142
-176
-215
-257
-296
-329
-366
-399
-429
-467
-500
-531
-572
-600
-623
-655
-671
-689
-702
-676
-625
-562
-490
-464
-442
-409
-362
-288
-221
-175
-126
-81
-32
50
89
116
127
116
137
174
189
212
211
206
229
239
252
253
233
210
200
185
189
171
143
119
96
84
68
31
-5
-29
-49
-47
-54
-58
-62
-62
-59
-49
-44
-43
-48
-42
-27
1
35
69
98
119
142
167
190
212
229
244
270
293
318
338
345
347
347
337
330
315
304
295
287
277
268
253
236
214
192
171
145
116
87
61
28
1
-28
-63
-95
-125
-157
-190
-232
-269
-306
-338
-368
-397
-427
-465
-496
-545
-580
-616
-649
-676
-693
-719
-721
-704
-663
-582
-517
-480
-461
-439
-389
-310
-240
-171
-123
-75
-25
48
106
137
147
131
138
166
199
219
231
223
240
258
272
271
249
223
201
183
193
186
154
129
87
69
59
24
-10
-44
-75
-76
-73
-78
-65
-86
-77
-69
-57
-40
-50
-46
-28
13
64
105
127
146
168
196
232
255
267
280
305
339
368
394
398
395
390
388
384
371
351
333
327
322
315
292
260
226
200
173
142
102
57
14
-14
-37
-57
-94
-130
-175
-211
-248
-286
-317
-359
-386
-420
-452
-481
-522
-568
-611
-654
-698
-717
-743
-762
-768
-759
-714
-627
-556
-510
-485
-466
-417
-335
-248
-181
-121
-73
-21
53
119
148
161
148
141
179
210
235
247
237
248
270
279
291
265
237
217
195
208
204
174
149
109
87
85
50
14
-24
-59
-63
-59
-53
-44
-49
-44
-29
-12
0
-7
-10
2
33
76
113
140
162
184
223
255
272
285
283
302
338
368
395
395
389
394
391
384
363
331
312
302
300
297
274
244
216
190
170
131
82
34
-11
-41
-55
-71
-98
-135
-176
-219
-261
-292
-335
-374
-415
-449
-480
-507
-552
-602
-645
-690
-722
-750
-777
-794
-798
-763
-676
-590
-518
-498
-476
-437
-358
-270
-189
-136
-86
-27
42
133
180
204
193
177
196
236
255
277
257
265
293
310
326
314
281
255
232
223
234
206
178
140
117
110
90
50
12
-25
-38
-36
-35
-27
-25
-10
14
39
45
36
20
30
54
94
132
153
179
204
239
278
290
295
296
303
339
373
391
402
400
403
410
393
374
342
311
295
285
276
258
224
193
163
140
110
70
13
-40
-72
-89
-95
-126
-163
-209
-249
-292
-331
-374
-417
-465
-501
-528
-570
-606
-656
-707
-749
-775
-802
-819
-825
-811
-748
-640
-566
-520
-485
-466
-388
-288
-200
-127
-59
-20
61
154
213
262
261
242
257
288
323
344
327
325
328
353
375
369
343
307
267
252
256
231
196
148
106
88
78
42
2
-42
-75
-78
-72
-67
-58
-51
-36
-17
-9
-6
-12
-5
14
51
82
116
139
169
212
240
261
283
292
313
350
378
407
420
423
433
445
438
425
391
357
338
317
304
285
252
223
192
152
112
69
12
-32
-68
-94
-112
-146
-196
-239
-296
-340
-392
-443
-490
-540
-584
-621
-666
-719
-754
-806
-841
-871
-884
-897
-881
-825
-748
-644
-580
-550
-503
-446
-364
-247
-184
-99
-31
24
132
211
258
309
284
281
333
337
387
385
355
381
395
407
431
386
349
311
259
263
241
197
161
103
79
72
25
-10
-69
-116
-126
-132
-120
-109
-103
-81
-67
-51
-37
-42
-34
-27
-1
38
71
108
145
188
235
259
281
296
302
341
373
407
441
447
464
482
481
486
461
419
388
351
331
313
278
244
203
162
123
70
9
-50
-98
-127
-165
-204
-251
-316
-369
-420
-483
-532
-591
-658
-706
-761
-807
-850
-898
-948
-987
-993
-993
-974
-919
-835
-745
-673
-628
-586
-508
-409
-305
-213
-123
-42
32
140
221
279
337
331
336
387
402
437
456
436
461
486
489
512
488
445
407
345
328
293
246
208
145
117
106
61
26
-27
-89
-115
-137
-142
-133
-123
-110
-92
-74
-59
-54
-43
-37
-21
10
33
66
113
153
202
244
271
303
321
346
379
403
431
452
468
495
508
512
512
490
462
436
399
365
326
279
236
192
144
97
38
-12
-60
-103
-150
-206
-273
-342
-403
-462
-517
-579
-647
-710
-773
-839
-897
-956
-1018
-1060
-1068
-1074
-1045
-981
-895
-798
-726
-681
-623
-532
-429
-311
-218
-119
-31
66
190
282
342
389
382
408
454
473
515
525
520
559
593
611
630
602
566
521
469
437
391
333
271
207
177
160
118
74
14
-41
-78
-101
-125
-137
-144
-144
-125
-99
-87
-69
-52
-37
-13
15
39
65
98
132
179
225
263
298
335
373
419
457
486
502
518
534
544
544
535
517
507
495
478
450
404
350
294
242
180
115
45
-8
-46
-86
-137
-200
-279
-353
-427
-498
-565
-645
-726
-799
-876
-939
-1002
-1058
-1103
-1129
-1128
-1109
-1045
-945
-866
-807
-756
-714
-615
-495
-389
-276
-162
-79
52
168
257
349
380
386
416
437
472
505
493
511
534
577
625
639
634
622
566
524
482
418
359
287
221
192
170
132
97
45
3
-33
-70
-106
-133
-156
-161
-159
-142
-127
-111
-76
-47
-10
28
49
71
101
130
166
195
222
253
299
353
410
462
499
522
543
561
572
567
545
517
494
479
462
439
412
372
331
284
223
159
83
19
-36
-100
-166
-242
-326
-391
-462
-531
-603
-695
-786
-871
-961
-1034
-1104
-1175
-1219
-1233
-1222
-1161
-1064
-965
-894
-845
-793
-731
-601
-484
-398
-269
-180
-72
103
210
319
417
411
454
510
504
562
551
517
561
563
601
643
618
633
608
563
557
495
427
354
242
176
137
84
32
-6
-47
-48
-53
-60
-65
-83
-107
-115
-133
-127
-129
-70
-51
1
99
165
232
326
403
430
473
496
480
485
468
470
507
519
593
662
719
701
659
633
517
442
394
269
202
141
62
16
-63
-125
-158
-238
-306
-337
-443
-474
-572
-684
-749
-873
-952
-1076
-1179
-1281
-1380
-1446
-1507
-1499
-1388
-1310
-973
-806
-530
-225
-150
126
303
166
339
450
481
685
755
885
1074
1073
1132
1114
920
867
516
255
130
-133
-209
-268
-439
-290
-299
-288
-168
-253
-277
-317
-474
-423
-414
-410
-266
-237
-21
222
313
471
549
522
609
538
519
486
376
350
336
348
466
446
475
510
475
481
398
343
324
258
294
319
347
445
475
544
616
627
639
620
585
596
560
580
549
553
573
542
522
472
333
235
56
-83
-201
-361
-434
-537
-615
-599
-716
-760
-863
-1086
-1161
-1344
-1518
-1597
-1761
-1814
-1761
-1759
-1525
-1323
-1114
-631
-213
113
496
594
811
1075
990
986
1015
982
1125
1115
1104
1211
1086
973
734
446
290
-82
-491
-679
-901
-875
-871
-915
-753
-572
-463
-293
-216
-93
-28
-49
33
184
341
511
573
711
914
976
1002
936
791
675
480
270
140
-31
-172
-269
-300
-268
-242
-263
-225
-141
-34
24
105
222
388
541
698
853
1020
1150
1240
1283
1348
1329
1253
1165
1072
986
911
756
639
552
441
327
189
26
-115
-299
-462
-598
-695
-749
-835
-852
-839
-845
-844
-888
-1009
-1043
-1170
-1287
-1378
-1483
-1608
-1567
-1587
-1473
-1279
-1118
-817
-262
92
472
735
851
1122
1235
1051
963
874
836
882
791
829
859
826
701
502
348
196
-244
-580
-836
-960
-951
-971
-1000
-720
-466
-221
0
167
336
406
348
391
462
537
547
516
654
833
917
921
841
738
644
385
129
-113
-356
-554
-668
-705
-590
-498
-366
-180
64
279
429
517
646
753
848
903
999
1140
1267
1344
1429
1499
1513
1435
1281
1119
973
756
498
296
163
58
-58
-182
-287
-351
-461
-594
-700
-772
-848
-930
-968
-975
-954
-960
-1015
-1045
-1026
-1145
-1221
-1334
-1443
-1477
-1529
-1556
-1333
-1160
-776
-235
158
630
973
1133
1425
1444
1203
1076
829
759
713
565
526
598
607
655
495
420
273
-76
-421
-703
-935
-965
-1125
-1172
-919
-601
-252
58
277
580
759
763
766
700
646
531
372
386
510
575
629
599
638
673
529
279
8
-294
-538
-798
-948
-943
-849
-686
-401
-6
437
760
981
1162
1345
1430
1368
1238
1180
1185
1196
1180
1216
1293
1364
1347
1260
1160
996
708
407
117
-86
-273
-496
-639
-677
-650
-635
-650
-625
-618
-590
-667
-751
-801
-940
-1051
-1178
-1286
-1306
-1354
-1464
-1430
-1474
-1389
-1262
-1144
-920
-451
-123
362
682
918
1224
1427
1352
1319
1148
1064
1004
823
678
603
591
566
442
324
284
60
-128
-411
-620
-708
-830
-1019
-943
-820
-542
-289
-64
227
551
715
849
853
890
828
662
517
458
401
389
279
272
332
338
261
122
-61
-205
-439
-681
-840
-895
-853
-741
-528
-159
289
708
1079
1418
1721
1903
1942
1850
1742
1614
1461
1291
1169
1099
1067
1026
1007
975
910
758
544
331
111
-149
-418
-671
-849
-926
-985
-966
-899
-798
-668
-604
-571
-565
-644
-792
-960
-1199
-1352
-1549
-1684
-1763
-1753
-1710
-1449
-1236
-785
-240
213
658
1020
1194
1505
1547
1347
1211
986
919
919
757
645
688
712
807
681
561
418
166
-150
-446
-764
-855
-1052
-1202
-1121
-882
-553
-197
5
326
655
867
966
933
842
775
593
457
351
271
243
192
174
263
261
203
72
-135
-287
-470
-710
-895
-1019
-999
-819
-576
-216
191
650
1162
1617
1950
2181
2242
2245
2164
1961
1702
1451
1211
1073
945
863
825
793
741
669
543
401
181
-88
-363
-615
-829
-1008
-1139
-1157
-1065
-948
-800
-684
-590
-475
-514
-615
-780
-1006
-1219
-1479
-1735
-1853
-1927
-1877
-1695
-1437
-894
-266
272
762
1150
1481
1828
1786
1572
1314
1074
969
815
527
450
471
580
658
611
611
571
341
44
-276
-545
-731
-1079
-1311
-1266
-1041
-717
-439
-185
273
715
1012
1159
1161
1132
1038
776
548
347
196
70
-62
-72
60
125
144
53
-22
-59
-195
-447
-671
-842
-851
-782
-614
-327
78
564
1101
1595
2041
2344
2485
2501
2400
2184
1869
1490
1130
880
688
563
476
461
493
539
518
457
322
149
-110
-369
-658
-892
-1073
-1147
-1164
-1051
-928
-747
-599
-457
-400
-403
-558
-735
-1011
-1305
-1594
-1823
-2004
-1996
-1875
-1593
-1013
-352
298
894
1349
1788
2176
2135
1905
1520
1209
1011
717
317
158
121
294
381
394
480
549
403
190
-146
-369
-614
-1015
-1329
-1365
-1206
-874
-662
-370
151
694
1110
1343
1381
1441
1359
1102
799
478
231
10
-231
-290
-220
-141
-71
-102
-66
22
-34
-190
-382
-528
-524
-505
-435
-233
75
496
974
1415
1866
2202
2404
2500
2466
2303
2041
1640
1258
927
658
442
288
194
223
266
313
311
268
173
30
-192
-444
-711
-905
-1053
-1117
-1116
-1045
-917
-747
-596
-518
-472
-557
-661
-859
-1100
-1397
-1587
-1838
-1836
-1788
-1546
-1046
-398
180
864
1340
1874
2287
2319
2127
1838
1507
1282
839
348
72
-66
-2
11
-36
93
209
176
107
-104
-240
-423
-801
-1084
-1160
-1104
-902
-806
-559
-61
460
892
1201
1337
1564
1580
1419
1148
811
502
216
-160
-331
-430
-459
-448
-450
-359
-174
-139
-149
-209
-220
-155
-125
-104
27
233
575
944
1301
1674
2007
2262
2453
2492
2397
2178
1853
1502
1147
782
457
200
29
-32
-50
-29
31
61
74
22
-93
-260
-461
-653
-823
-949
-1010
-1054
-1002
-928
-807
-740
-697
-701
-741
-858
-1042
-1273
-1463
-1626
-1680
-1677
-1505
-994
-481
108
651
1177
1779
2264
2293
2215
1965
1834
1557
1079
541
242
31
11
-200
-255
-137
-36
-75
-106
-208
-173
-344
-651
-870
-905
-831
-764
-809
-579
-150
277
645
876
1116
1414
1497
1410
1235
977
764
404
36
-202
-382
-526
-630
-745
-632
-511
-436
-391
-333
-202
0
87
218
367
589
871
1150
1393
1675
1895
2107
2249
2301
2249
2107
1868
1621
1308
987
675
389
154
15
-114
-166
-183
-183
-167
-171
-237
-296
-424
-512
-607
-720
-803
-831
-865
-827
-807
-808
-827
-826
-895
-984
-1130
-1311
-1463
-1576
-1610
-1576
-1443
-1046
-521
-17
552
1016
1555
2067
2277
2217
2108
1938
1791
1384
910
514
287
141
-38
-278
-246
-206
-233
-320
-395
-420
-436
-660
-841
-911
-834
-752
-749
-645
-286
86
429
682
896
1203
1404
1407
1312
1152
992
756
388
98
-155
-365
-544
-726
-798
-729
-709
-647
-575
-418
-190
0
162
387
616
906
1152
1373
1608
1840
2013
2159
2211
2231
2161
2016
1801
1555
1257
977
661
381
148
-37
-181
-266
-332
-351
-363
-372
-432
-487
-561
-600
-702
-751
-832
-822
-848
-788
-842
-799
-822
-827
-899
-992
-1150
-1271
-1451
-1473
-1449
-1390
-1073
-678
-203
379
844
1289
1825
2090
2222
2134
2000
1834
1551
1123
741
370
246
39
-196
-268
-250
-275
-269
-404
-412
-431
-531
-692
-812
-828
-721
-744
-652
-442
-148
195
462
679
989
1202
1316
1311
1192
1119
930
639
373
84
-138
-307
-550
-668
-714
-721
-681
-646
-527
-288
-100
140
351
594
917
1183
1366
1580
1736
1926
2048
2079
2061
2010
1919
1805
1590
1368
1129
887
641
393
159
-18
-166
-282
-381
-421
-447
-469
-526
-568
-578
-593
-637
-676
-750
-723
-742
-762
-818
-831
-888
-895
-1022
-1085
-1235
-1285
-1392
-1391
-1354
-1177
-846
-383
49
534
1004
1480
1954
2134
2150
2065
1986
1797
1482
994
648
357
197
-68
-268
-350
-318
-387
-425
-502
-479
-506
-629
-792
-807
-759
-704
-717
-624
-379
-51
216
441
679
984
1211
1290
1279
1225
1156
970
695
426
197
-41
-267
-525
-638
-670
-681
-693
-639
-480
-211
5
219
437
711
1023
1264
1431
1605
1744
1894
1970
1976
1942
1881
1787
1676
1486
1289
1052
811
574
346
141
-45
-216
-341
-414
-448
-472
-519
-559
-573
-555
-560
-595
-635
-660
-643
-642
-683
-726
-745
-789
-814
-903
-977
-1085
-1190
-1293
-1296
-1251
-1103
-848
-461
-5
483
919
1331
1753
2041
2110
2041
1924
1782
1545
1148
725
429
258
50
-213
-370
-383
-373
-426
-530
-565
-529
-559
-705
-798
-765
-689
-665
-649
-507
-209
77
301
507
792
1088
1258
1286
1275
1254
1161
940
664
406
176
-64
-334
-536
-619
-644
-654
-616
-498
-280
-43
183
406
655
918
1160
1347
1499
1615
1722
1799
1833
1820
1773
1714
1655
1543
1368
1164
937
734
505
264
36
-149
-303
-407
-497
-534
-570
-599
-614
-624
-600
-606
-638
-669
-652
-642
-651
-676
-736
-735
-735
-786
-891
-969
-1087
-1125
-1181
-1178
-1111
-902
-520
-119
294
710
1124
1535
1917
1962
1952
1872
1787
1563
1234
804
532
312
116
-169
-335
-352
-372
-469
-552
-560
-509
-531
-702
-802
-774
-675
-690
-711
-610
-332
-67
153
345
641
957
1180
1258
1312
1347
1311
1109
868
638
405
145
-152
-416
-526
-581
-627
-639
-570
-398
-184
21
222
435
672
898
1088
1265
1399
1510
1611
1689
1763
1811
1800
1780
1704
1596
1440
1228
968
707
420
171
-69
-278
-439
-543
-588
-588
-607
-597
-588
-567
-544
-551
-579
-581
-576
-586
-580
-590
-598
-577
-591
-615
-675
-724
-826
-912
-1013
-1002
-995
-876
-629
-316
80
485
825
1162
1546
1722
1795
1719
1644
1503
1329
981
654
401
262
30
-173
-307
-335
-366
-429
-518
-539
-524
-584
-700
-765
-707
-675
-656
-627
-474
-226
31
218
465
745
1048
1229
1299
1359
1396
1303
1142
878
637
426
163
-111
-310
-436
-476
-526
-526
-416
-268
-76
95
247
478
700
860
1039
1161
1321
1458
1544
1641
1732
1771
1805
1732
1658
1560
1363
1125
844
562
328
69
-177
-364
-507
-555
-588
-624
-599
-594
-568
-558
-540
-556
-522
-551
-536
-544
-480
-491
-472
-499
-488
-478
-513
-594
-722
-794
-889
-847
-918
-744
-551
-207
84
486
756
1178
1446
1579
1584
1604
1549
1412
1148
815
580
396
221
-61
-212
-289
-289
-397
-450
-524
-488
-532
-621
-739
-699
-679
-669
-678
-584
-375
-127
58
277
549
861
1125
1249
1342
1432
1427
1325
1138
908
716
475
206
-51
-238
-348
-419
-505
-488
-413
-265
-108
15
161
366
556
737
881
1020
1198
1334
1466
1571
1640
1709
1734
1675
1612
1473
1299
1074
797
531
274
12
-215
-422
-559
-611
-663
-669
-653
-622
-561
-523
-504
-443
-409
-365
-357
-342
-291
-260
-254
-267
-290
-291
-344
-442
-568
-701
-823
-892
-960
-922
-757
-534
-248
57
389
711
1060
1247
1332
1357
1381
1299
1162
895
670
501
369
151
-44
-166
-203
-279
-381
-469
-500
-507
-589
-696
-735
-683
-655
-647
-613
-443
-217
9
198
430
712
1008
1184
1279
1367
1428
1397
1267
1070
881
694
450
176
-50
-198
-310
-429
-514
-507
-420
-299
-201
-101
75
282
481
634
793
960
1152
1295
1415
1488
1569
1613
1598
1529
1433
1290
1114
872
616
383
152
-75
-294
-455
-541
-576
-610
-599
-558
-471
-401
-359
-330
-273
-229
-200
-199
-196
-150
-150
-134
-188
-198
-244
-299
-441
-570
-741
-884
-998
-1119
-1138
-1045
-814
-583
-260
13
407
763
1081
1167
1298
1346
1404
1288
1103
849
699
532
312
80
-65
-142
-257
-367
-472
-461
-495
-549
-673
-660
-613
-550
-586
-540
-412
-188
-9
153
355
625
893
1078
1206
1324
1430
1402
1313
1178
1048
868
627
327
111
-76
-245
-442
-568
-611
-563
-501
-395
-272
-96
111
297
500
688
874
1025
1172
1282
1393
1432
1466
1442
1412
1341
1239
1068
905
691
494
281
91
-88
-237
-342
-393
-415
-378
-342
-276
-205
-130
-98
-56
-44
-23
-32
-45
-54
-78
-74
-121
-170
-211
-272
-367
-511
-641
-822
-970
-1162
-1265
-1345
-1281
-1123
-910
-606
-268
95
474
868
1108
1299
1409
1479
1465
1381
1155
952
767
577
346
127
-28
-145
-258
-371
-432
-464
-455
-529
-560
-533
-447
-414
-378
-338
-177
-11
147
290
454
663
874
1007
1112
1230
1270
1279
1197
1088
956
791
552
307
71
-97
-276
-451
-553
-605
-575
-488
-395
-246
-66
126
340
549
733
915
1036
1158
1259
1294
1326
1304
1256
1188
1090
970
862
713
575
422
314
214
113
3
-50
-99
-98
-115
-118
-90
-41
-17
2
-1
18
16
7
-19
-34
-55
-63
-119
-171
-247
-323
-415
-545
-689
-848
-1000
-1182
-1303
-1431
-1449
-1422
-1219
-995
-664
-333
46
439
838
1121
1301
1462
1532
1571
1455
1302
1057
911
682
466
218
89
-66
-153
-277
-320
-326
-322
-350
-373
-331
-274
-243
-276
-231
-182
-61
1
89
204
388
539
698
811
967
1080
1101
1104
1053
984
859
661
413
230
17
-167
-382
-514
-571
-569
-541
-437
-301
-98
94
263
469
658
810
909
962
1030
1079
1065
1043
991
968
956
889
826
780
729
666
587
493
430
324
238
138
66
20
-28
-81
-77
-77
-56
-67
-78
-91
-77
-95
-128
-155
-171
-167
-221
-250
-337
-371
-471
-571
-744
-867
-1025
-1183
-1337
-1437
-1455
-1414
-1226
-1025
-680
-333
90
450
876
1156
1387
1536
1635
1635
1562
1401
1184
1026
816
615
399
277
143
73
-54
-88
-143
-152
-232
-298
-328
-324
-367
-424
-440
-409
-305
-259
-142
-9
207
395
589
724
925
1031
1084
1085
1050
991
872
674
466
282
86
-89
-302
-413
-488
-513
-502
-427
-320
-148
-12
150
335
518
679
794
878
991
1064
1086
1096
1057
1054
1027
975
896
850
771
721
614
549
459
381
270
171
80
39
-35
-95
-134
-136
-127
-122
-145
-132
-104
-67
-59
-66
-31
-42
-28
-121
-151
-289
-331
-531
-651
-856
-973
-1154
-1288
-1409
-1447
-1427
-1325
-1114
-855
-488
-159
238
599
1012
1272
1495
1626
1755
1780
1723
1566
1384
1256
1054
811
558
396
215
70
-153
-253
-349
-389
-510
-574
-576
-506
-512
-511
-460
-357
-221
-160
-68
71
255
377
496
589
770
867
903
912
913
911
841
680
509
378
208
31
-190
-322
-398
-446
-461
-420
-295
-107
62
228
440
647
831
943
990
1067
1101
1091
1032
956
897
859
777
698
630
576
532
471
415
366
307
243
170
113
90
50
15
-6
-2
25
51
40
43
56
75
75
41
17
-22
-50
-115
-213
-310
-411
-529
-660
-779
-919
-1020
-1137
-1190
-1234
-1206
-1171
-1029
-795
-488
-173
143
523
864
1232
1419
1593
1709
1807
1742
1627
1426
1263
1067
793
520
302
154
-28
-203
-358
-371
-409
-430
-517
-505
-437
-380
-403
-388
-342
-254
-193
-180
-84
41
165
237
339
464
643
686
716
733
785
790
716
588
500
407
267
118
-27
-68
-137
-188
-209
-132
-20
101
173
300
478
614
717
746
802
859
870
818
767
713
674
617
534
505
469
445
393
362
358
357
310
263
235
226
232
185
158
150
167
155
139
103
103
73
42
-26
-59
-96
-134
-208
-254
-311
-346
-381
-475
-498
-577
-571
-695
-700
-809
-776
-840
-793
-790
-592
-414
-181
39
317
624
908
1123
1210
1391
1443
1497
1335
1220
1034
942
698
479
249
122
-22
-190
-311
-374
-359
-421
-444
-485
-358
-333
-285
-318
-235
-178
-107
-138
-91
-14
64
113
141
254
371
476
488
563
622
703
665
621
576
538
444
302
181
105
48
-74
-126
-147
-57
-11
48
111
270
394
503
566
651
750
792
779
754
746
705
639
520
460
394
341
241
196
190
225
209
216
231
290
322
316
306
321
319
274
217
160
142
81
25
-44
-36
-65
-58
-128
-104
-130
-123
-196
-235
-291
-322
-418
-503
-590
-631
-679
-737
-778
-779
-692
-586
-432
-278
-63
175
409
636
783
940
1058
1139
1129
1088
985
889
750
572
389
243
102
-45
-178
-256
-275
-306
-327
-343
-299
-220
-185
-170
-131
-80
-56
-59
-75
-36
-2
7
-3
38
117
214
239
282
359
450
503
509
498
509
479
399
313
243
198
112
28
-4
26
71
99
131
228
360
452
517
567
639
695
689
655
633
588
524
432
355
313
259
192
143
146
179
202
211
246
314
384
430
452
492
523
519
489
443
403
333
244
136
78
-2
-57
-140
-177
-200
-208
-245
-272
-282
-296
-333
-412
-470
-565
-618
-737
-807
-868
-859
-846
-723
-593
-372
-160
91
334
595
797
949
1074
1140
1174
1096
1010
872
775
602
424
244
126
11
-95
-178
-225
-207
-210
-200
-189
-109
-80
-58
-84
-69
-73
-95
-161
-197
-197
-190
-192
-184
-112
-16
84
156
269
387
504
559
595
619
629
587
497
410
330
253
147
85
48
73
80
115
167
270
357
420
479
532
584
579
558
514
490
431
371
293
260
223
213
200
225
266
313
358
404
469
509
550
549
557
535
507
438
382
290
222
113
53
-28
-61
-112
-132
-140
-125
-123
-103
-104
-84
-96
-120
-166
-238
-320
-432
-541
-654
-739
-827
-883
-910
-817
-741
-549
-417
-165
45
315
494
660
829
933
1015
971
958
854
806
653
527
381
305
182
88
10
-25
-27
-74
-89
-126
-80
-106
-118
-175
-170
-204
-236
-288
-293
-286
-269
-265
-231
-143
-49
41
103
219
326
428
475
528
563
594
566
512
470
423
358
258
211
178
191
160
173
194
286
343
396
444
521
583
596
595
571
564
506
439
355
321
273
225
178
179
207
236
252
275
335
388
424
415
431
438
437
392
346
300
259
195
124
82
62
48
5
-7
-8
11
-15
-52
-93
-129
-178
-278
-366
-480
-535
-684
-769
-885
-911
-959
-971
-923
-820
-618
-468
-249
-36
245
472
633
789
919
1036
1033
1003
909
876
761
614
440
336
227
118
-9
-74
-89
-120
-150
-188
-155
-121
-127
-157
-162
-157
-173
-223
-262
-264
-250
-253
-243
-181
-79
19
87
187
303
422
489
538
571
615
597
559
501
465
413
351
292
266
268
251
261
270
340
379
423
437
492
521
531
497
473
454
407
342
264
223
191
158
123
128
155
192
216
253
319
383
425
450
481
526
538
526
489
475
440
384
314
258
220
161
120
57
50
12
-29
-88
-128
-149
-235
-284
-399
-424
-546
-588
-731
-753
-820
-842
-890
-877
-817
-732
-585
-471
-261
-76
158
310
506
632
770
846
880
889
852
811
714
646
534
465
347
271
174
127
66
27
-27
-52
-77
-86
-97
-118
-120
-142
-152
-182
-178
-194
-170
-173
-134
-99
-27
32
112
189
265
347
411
488
528
574
578
590
582
574
543
506
474
440
427
385
377
346
354
339
355
350
360
356
352
351
338
328
296
279
253
248
233
230
224
237
255
276
306
339
384
418
457
483
517
537
542
530
507
481
441
388
323
259
200
136
78
9
-33
-101
-141
-215
-247
-314
-351
-420
-479
-524
-573
-597
-647
-657
-675
-668
-652
-653
-592
-564
-428
-370
-201
-106
83
205
364
469
575
674
723
767
746
747
689
652
562
503
425
360
282
207
169
128
107
62
48
27
32
0
-15
-43
-54
-87
-113
-143
-139
-150
-146
-142
-104
-44
14
74
132
224
287
367
404
475
509
556
558
574
575
563
533
482
470
429
413
356
346
320
323
295
283
281
279
278
253
263
254
275
248
263
248
275
263
272
276
301
322
339
366
388
425
436
456
453
455
433
400
344
292
227
158
88
27
-30
-69
-119
-154
-189
-212
-232
-262
-281
-316
-334
-377
-398
-444
-465
-506
-527
-551
-551
-543
-533
-502
-474
-397
-323
-227
-138
-29
83
182
276
345
425
481
521
536
544
546
536
513
479
447
407
367
319
284
248
218
174
138
103
77
44
4
-32
-68
-96
-128
-155
-175
-174
-169
-149
-125
-71
-13
51
111
181
243
314
365
406
430
452
456
446
436
413
394
370
348
328
319
307
297
291
290
288
278
273
262
258
246
242
227
227
219
218
222
232
247
265
278
296
310
330
335
337
330
323
312
281
243
198
166
124
97
54
44
14
6
-28
-35
-58
-74
-101
-135
-154
-177
-211
-256
-288
-327
-348
-394
-418
-440
-435
-444
-444
-438
-423
-384
-364
-308
-260
-168
-109
-29
29
116
183
240
283
323
366
390
402
403
423
423
421
399
387
372
348
305
265
228
196
151
102
71
47
27
-4
-14
-26
-15
-21
-12
-7
18
30
41
68
93
127
139
163
177
216
226
242
249
274
290
302
307
319
334
334
337
329
348
342
339
318
320
314
309
285
266
254
242
230
213
217
220
229
229
244
261
284
292
300
301
303
291
269
243
215
185
147
123
99
95
77
83
72
90
80
83
62
54
36
-1
-28
-71
-98
-140
-165
-202
-215
-234
-242
-257
-250
-247
-242
-241
-237
-234
-224
-220
-223
-213
-201
-179
-167
-134
-111
-69
-36
6
43
88
126
160
195
226
261
276
294
303
319
326
327
314
302
284
266
241
214
196
169
149
128
115
100
92
78
75
74
74
71
72
73
72
69
66
68
70
79
90
108
136
161
188
215
244
270
294
314
326
339
342
341
328
322
308
292
270
254
237
229
217
210
211
215
216
216
223
233
243
243
243
242
238
226
210
194
175
155
132
112
97
90
73
69
53
59
49
54
38
37
30
26
9
-11
-33
-57
-81
-107
-135
-151
-173
-183
-204
-202
-214
-213
-222
-220
-230
-230
-237
-244
-239
-240
-226
-223
-198
-182
-145
-112
-64
-18
26
77
116
170
200
239
255
284
294
301
295
288
277
267
253
233
217
202
187
172
156
140
126
112
99
79
76
63
62
51
56
51
58
58
63
69
77
92
98
114
119
141
150
174
180
204
213
236
247
259
273
282
287
282
282
277
275
260
249
234
228
217
207
201
197
203
204
211
214
221
219
218
209
205
189
170
147
131
114
101
82
72
67
64
66
59
64
58
71
62
66
47
42
23
16
-2
-15
-35
-57
-73
-89
-100
-119
-131
-151
-154
-168
-169
-181
-180
-185
-185
-183
-179
-174
-171
-168
-159
-146
-130
-119
-99
-70
-42
-7
21
62
96
138
165
199
224
245
258
258
266
259
253
226
209
184
171
145
133
114
109
104
104
106
107
110
104
103
95
90
78
64
52
46
42
47
53
66
87
112
140
171
205
233
262
285
308
321
326
322
311
303
291
274
255
239
226
213
204
194
193
194
193
192
192
198
199
199
196
191
183
172
163
154
142
134
116
110
96
94
81
85
84
92
93
99
102
108
105
101
93
83
69
48
30
12
-3
-24
-40
-54
-61
-70
-78
-88
-89
-94
-98
-110
-119
-129
-144
-159
-176
-182
-189
-181
-184
-163
-152
-118
-95
-52
-18
26
65
101
132
157
181
197
215
221
226
224
222
211
202
187
176
164
149
135
119
113
106
101
96
96
96
98
93
93
86
87
80
80
77
80
85
87
99
111
131
144
165
180
205
221
237
244
255
260
262
258
257
253
247
242
231
230
228
224
219
214
212
208
200
188
182
173
168
161
159
156
153
151
141
141
129
124
111
107
102
103
100
101
113
126
140
148
157
160
165
161
155
142
126
100
72
41
17
-10
-35
-61
-77
-96
-109
-126
-134
-139
-146
-149
-158
-154
-157
-147
-148
-132
-123
-101
-82
-54
-25
9
37
68
94
120
138
148
157
162
169
167
166
157
153
142
140
131
124
112
101
88
80
76
66
67
57
59
49
48
37
39
33
35
26
24
21
20
19
20
29
44
57
68
85
106
130
147
165
182
203
216
227
234
246
246
247
243
244
246
240
231
220
218
211
201
188
185
176
169
156
146
137
133
127
124
126
132
139
138
149
154
164
161
164
162
169
168
169
165
163
159
151
142
133
127
110
92
73
55
36
14
-7
-25
-43
-62
-81
-92
-96
-96
-98
-96
-89
-83
-79
-76
-69
-59
-52
-51
-48
-45
-32
-23
-12
-1
18
34
52
68
84
99
108
117
126
131
131
129
121
112
102
85
68
57
47
40
30
21
12
8
0
-5
-13
-25
-32
-44
-45
-51
-48
-52
-51
-47
-34
-19
-3
15
35
60
84
112
135
165
183
202
211
222
225
227
224
215
209
199
194
183
177
167
164
158
156
156
157
154
153
149
151
153
154
153
149
147
145
142
140
141
146
152
160
167
171
172
172
168
163
155
143
129
113
98
80
64
49
40
29
21
17
12
10
5
0
-4
-9
-12
-15
-20
-18
-20
-20
-26
-31
-34
-41
-44
-50
-58
-58
-58
-51
-43
-33
-22
-3
16
33
48
62
74
82
90
91
91
91
88
82
75
62
47
32
19
2
-13
-31
-48
-57
-69
-80
-92
-101
-110
-115
-115
-117
-111
-106
-94
-77
-57
-31
-10
13
35
59
78
92
100
110
112
116
115
116
114
117
112
113
110
110
110
105
105
103
102
99
100
99
103
103
106
106
107
110
109
111
115
118
121
123
124
129
134
139
141
145
148
151
148
149
146
139
133
128
125
120
111
100
95
95
87
78
63
58
48
41
25
11
3
-6
-15
-28
-37
-39
-41
-42
-44
-40
-33
-27
-23
-19
-11
-2
9
17
27
39
53
59
66
67
70
64
61
56
51
47
43
39
35
27
17
4
-6
-16
-33
-50
-66
-76
-87
-96
-106
-104
-101
-91
-83
-70
-57
-46
-37
-29
-18
-11
-5
-3
-1
3
6
5
7
10
15
21
25
30
37
42
50
56
65
73
76
79
80
85
84
85
83
85
83
84
82
80
81
86
89
90
95
99
103
109
113
114
113
112
114
114
114
112
112
111
115
113
111
110
110
104
98
92
88
85
80
71
60
50
40
29
15
6
-2
-10
-14
-13
-12
-6
0
5
9
14
17
19
20
22
22
24
27
33
41
46
50
55
61
66
70
68
65
61
53
47
38
28
17
3
-7
-15
-24
-35
-47
-53
-59
-61
-68
-76
-83
-85
-84
-84
-83
-81
-76
-68
-62
-58
-53
-45
-37
-31
-27
-23
-16
-10
-4
0
8
12
13
12
11
16
19
22
26
27
33
40
48
53
58
61
61
62
61
60
56
53
48
46
47
49
50
54
57
66
74
80
84
87
89
91
96
97
100
97
96
93
92
92
90
89
87
84
77
68
60
55
46
35
23
14
8
4
-2
-3
-4
2
7
14
20
27
30
37
44
51
55
54
56
59
63
65
69
70
72
70
68
64
61
58
52
42
35
25
17
7
-4
-13
-19
-22
-25
-25
-28
-31
-34
-34
-33
-33
-35
-36
-39
-42
-48
-51
-54
-50
-50
-49
-53
-49
-42
-34
-29
-24
-17
-9
-4
-2
0
3
7
11
16
21
25
28
32
35
36
37
39
39
43
39
35
30
27
22
18
16
16
18
19
24
28
36
46
58
70
82
93
100
102
105
108
107
106
100
92
88
82
76
68
60
55
53
50
45
42
40
36
33
28
26
28
28
28
29
31
38
43
47
50
56
61
68
72
75
77
77
77
75
74
72
68
61
56
49
45
44
42
42
41
45
48
51
48
48
44
44
44
40
34
26
16
8
3
-7
-16
-27
-31
-35
-36
-39
-40
-38
-34
-29
-27
-24
-23
-18
-13
-8
-4
0
2
8
15
20
22
19
17
15
15
14
11
11
11
14
14
13
14
18
19
21
22
23
26
31
36
40
46
45
51
56
62
66
69
71
72
71
71
66
62
58
56
55
57
57
58
60
65
68
68
65
66
66
64
63
58
55
51
47
43
41
42
45
44
44
43
45
47
46
44
43
41
38
36
35
32
30
29
29
33
40
44
47
51
54
56
56
57
56
54
50
47
43
42
39
29
20
14
11
7
1
-8
-14
-18
-22
-26
-31
-35
-35
-39
-40
-38
-34
-33
-32
-31
-31
-32
-32
-36
-40
-44
-47
-48
-49
-46
-45
-42
-39
-32
-25
-20
-15
-11
-8
-5
-2
0
2
7
10
8
9
10
14
14
18
20
21
20
18
17
15
13
11
10
7
6
5
6
7
11
16
22
27
30
32
32
36
40
43
42
42
36
32
29
27
21
13
6
1
-2
-5
-6
-10
-8
-3
2
6
9
13
20
26
31
33
36
38
35
33
30
29
27
25
22
21
22
20
23
24
29
30
32
33
33
29
24
18
14
10
5
-1
-6
-12
-15
-14
-12
-13
-14
-15
-17
-20
-23
-29
-36
-39
-44
-48
-54
-56
-59
-59
-56
-55
-54
-49
-45
-43
-36
-32
-31
-28
-28
-27
-25
-21
-22
-22
-19
-13
-8
-6
-4
-2
1
3
8
9
10
9
9
13
15
17
16
15
15
14
11
9
8
9
9
10
11
11
16
20
23
27
28
28
28
27
24
23
19
13
10
9
13
15
15
16
16
21
25
29
31
31
32
33
34
33
30
24
22
24
23
19
17
15
18
20
18
20
19
21
22
23
24
26
28
30
33
37
38
39
40
38
32
26
18
11
6
-2
-10
-16
-19
-19
-19
-20
-18
-15
-15
-16
-22
-26
-28
-33
-36
-38
-39
-39
-41
-42
-43
-38
-34
-33
-30
-30
-28
-27
-28
-31
-31
-29
-24
-19
-16
-11
-8
-2
6
10
14
17
18
16
16
14
11
9
5
2
0
-1
-1
1
4
8
10
11
11
9
11
11
13
14
16
17
19
23
27
30
31
31
30
28
24
19
16
12
10
10
12
14
16
18
21
23
25
27
27
26
25
26
25
19
16
13
10
11
13
16
21
24
23
21
22
24
22
20
16
12
10
8
8
7
8
8
9
12
13
12
9
6
5
2
-1
-8
-13
-14
-15
-17
-21
-25
-28
-30
-31
-32
-37
-42
-47
-52
-53
-57
-60
-60
-58
-53
-49
-43
-40
-34
-30
-25
-24
-23
-22
-22
-21
-19
-18
-18
-20
-17
-15
-13
-10
-9
-8
-8
-8
-11
-14
-18
-22
-23
-23
-21
-17
-13
-8
-3
0
3
5
7
2
-1
-2
-6
-7
-9
-13
-11
-10
-7
-2
-1
1
1
1
2
3
3
0
-2
-6
-6
-5
-5
-5
-3
-1
4
6
7
7
5
1
1
-3
-3
-3
-6
-4
-2
-1
1
2
3
5
6
6
6
6
6
4
1
-1
-1
-1
-1
0
-2
-4
-5
-8
-13
-16
-20
-26
-31
-35
-39
-42
-42
-42
-40
-40
-42
-42
-40
-40
-40
-42
-44
-45
-47
-49
-49
-50
-49
-47
-44
-40
-38
-38
-36
-34
-34
-30
-29
-26
-23
-20
-20
-21
-17
-12
-9
-5
-2
-2
-3
-5
-8
-7
-7
-9
-13
-15
-16
-15
-13
-15
-15
-14
-12
-10
-11
-13
-16
-15
-14
-15
-16
-18
-17
-14
-11
-9
-5
-2
1
4
6
7
8
7
6
5
4
6
6
6
8
10
14
14
11
9
4
4
5
5
5
4
5
7
7
7
9
10
11
10
9
7
8
7
8
10
10
9
9
7
8
9
8
6
3
0
-1
-4
-6
-10
-14
-16
-19
-19
-21
-20
-18
-15
-14
-13
-15
-17
-18
-21
-25
-26
-26
-27
-26
-25
-22
-18
-15
-13
-15
-13
-10
-9
-10
-11
-9
-5
-1
-1
-3
-4
-2
2
5
5
6
7
8
11
11
11
10
8
8
8
7
7
9
7
5
3
1
-1
-3
-4
-5
-6
-6
-6
-2
1
7
11
14
18
21
28
32
33
31
30
26
23
20
17
16
15
14
13
12
11
10
8
6
5
6
5
4
2
0
-1
1
4
9
12
16
17
19
20
24
27
28
27
23
20
19
18
15
12
11
9
4
2
-1
-4
-6
-8
-11
-12
-12
-14
-16
-16
-14
-13
-11
-13
-15
-16
-16
-16
-18
-19
-19
-17
-17
-18
-22
-25
-26
-27
-26
-26
-24
-23
-22
-20
-17
-13
-12
-10
-8
-7
-5
-4
-8
-10
-10
-7
-5
-5
-8
-11
-13
-14
-15
-20
-22
-25
-24
-26
-28
-27
-25
-21
-18
-17
-13
-11
-9
-6
-3
-2
-2
-3
-4
-2
1
1
1
0
-2
0
0
-4
-6
-10
-14
-16
-22
-26
-28
-28
-26
-22
-19
-17
-13
-9
-6
-3
-1
1
2
1
-1
-2
-1
1
1
1
1
4
7
8
5
3
-1
-4
-6
-7
-12
-17
-17
-15
-12
-11
-12
-13
-12
-9
-8
-9
-14
-19
-23
-26
-28
-31
-35
-37
-37
-36
-36
-35
-36
-36
-35
-36
-37
-38
-39
-38
-36
-33
-29
-24
-23
-20
-14
-13
-9
-9
-9
-9
-13
-18
-18
-18
-20
-20
-22
-24
-23
-21
-21
-21
-20
-21
-21
-23
-23
-24
-22
-22
-20
-15
-13
-9
-6
-5
0
2
2
2
2
1
1
-3
-5
-4
-3
-6
-7
-8
-7
-8
-9
-7
-7
-9
-10
-11
-12
-10
-8
-8
-9
-4
-1
1
3
8
10
12
12
9
7
6
6
6
5
2
0
1
3
6
6
8
7
9
12
11
9
6
4
4
2
1
-3
-3
-3
-2
-3
-8
-11
-14
-15
-15
-19
-24
-27
-27
-28
-27
-24
-22
-20
-20
-18
-15
-15
-13
-14
-13
-10
-9
-12
-13
-13
-10
-6
-4
-4
-3
-2
-1
-2
-6
-10
-13
-13
-15
-20
-25
-28
-28
-24
-24
-26
-25
-21
-16
-13
-13
-13
-14
-15
-16
-17
-15
-14
-12
-11
-10
-8
-6
-3
-5
-8
-11
-13
-14
-15
-16
-19
-19
-18
-18
-17
-16
-15
-12
-9
-10
-9
-7
-7
-9
-10
-13
-12
-9
-6
-7
-7
-6
-4
1
2
0
-2
-1
-1
-1
-3
-4
-5
-6
-3
0
1
3
5
8
6
6
3
0
-1
-6
-10
-15
-19
-22
-21
-25
-26
-25
-22
-20
-21
-22
-24
-24
-24
-25
-27
-28
-28
-25
-25
-24
-23
-22
-21
-17
-15
-15
-17
-19
-21
-24
-26
-27
-29
-28
-28
-28
-29
-29
-30
-30
-30
-29
-28
-30
-32
-33
-33
-34
-33
-31
-29
-26
-25
-22
-19
-18
-17
-20
-19
-20
-21
-21
-22
-25
-24
-23
-23
-22
-19
-19
-19
-21
-21
-22
-22
-25
-27
-27
-26
-25
-25
-25
-25
-23
-24
-22
-22
-20
-18
-17
-16
-15
-15
-17
-17
-18
-17
-14
-12
-13
-13
-15
-13
-11
-9
-8
-9
-9
-9
-8
-7
-6
-7
-7
-7
-7
-6
-6
-9
-11
-13
-15
-17
-19
-22
-23
-23
-21
-22
-23
-26
-25
-23
-23
-21
-23
-25
-24
-26
-27
-27
-29
-30
-30
-29
-26
-25
-26
-26
-24
-20
-17
-19
-23
-26
-24
-19
-19
-19
-22
-24
-24
-24
-24
-26
-29
-31
-31
-31
-31
-32
-33
-32
-31
-28
-24
-23
-21
-21
-21
-22
-21
-22
-23
-23
-24
-26
-26
-27
-27
-25
-26
-26
-27
-25
-23
-22
-23
-26
-26
-24
-21
-20
-22
-23
-23
-22
-20
-19
-17
-13
-9
-10
-11
-12
-13
-12
-11
-14
-16
-15
-14
-15
-14
-13
-13
-12
-12
-10
-8
-8
-7
-6
-3
0
4
3
0
0
-3
-2
-4
-7
-11
-15
-19
-21
-23
-24
-24
-22
-22
-21
-23
-25
-26
-25
-25
-26
-24
-22
-21
-23
-26
-27
-26
-27
-26
-25
-23
-20
-16
-13
-11
-10
-12
-14
-18
-20
-21
-23
-23
-24
-26
-28
-28
-25
-22
-22
-23
-24
-22
-21
-20
-20
-20
-21
-20
-21
-23
-26
-27
-29
-30
-30
-31
-30
-30
-32
-26
-31
-29
-30
-30
-24
-23
-24
-13
-25
-12
-18
-25
-14
-29
-16
-22
-21
-17
-23
-19
-22
-19
-20
-19
-18
-21
-16
-19
-21
-18
-24
-23
-23
-24
-19
-17
-14
-14
-13
-12
-10
-7
-9
-5
-8
-8
-9
-16
-16
-18
-16
-15
-16
-16
-17
-17
-19
-20
-18
-16
-15
-15
-14
-16
-16
-17
-17
-15
-15
-14
-16
-17
-17
-17
-19
-22
-25
-25
-22
-20
-22
-24
-25
-22
-19
-15
-14
-15
-17
-16
-16
-13
-15
-16
-16
-16
-16
-17
-16
-16
-19
-19
-20
-19
-19
-22
-25
-27
-28
-28
-27
-29
-32
-34
-31
-29
-26
-26
-25
-21
-20
-17
-19
-22
-24
-20
-18
-19
-23
-28
-29
-28
-28
-29
-30
-29
-28
-26
-28
-28
-28
-26
-23
-22
-23
-22
-22
-26
-24
-23
-23
-22
-24
-25
-26
-26
-26
-25
-25
-26
-28
-27
-24
-23
-22
-19
-18
-17
-15
-15
-15
-12
-14
-15
-18
-18
-16
-17
-16
-15
-14
-14
-13
-14
-16
-17
-18
-24
-28
-30
-33
-33
-34
-35
-34
-32
-31
-31
-31
-31
-32
-30
-28
-28
-27
-25
-23
-22
-23
-23
-25
-26
-28
-28
-28
-26
-25
-26
-29
-30
-31
-31
-30
-29
-30
-30
-28
-28
-29
-31
-32
-32
-35
-36
-36
-38
-37
-39
-39
-39
-38
-38
-39
-38
-39
-38
-36
-37
-38
-40
-42
-41
-39
-39
-40
-38
-36
-35
-34
-37
-36
-35
-34
-34
-36
-36
-38
-36
-37
-40
-43
-45
-44
-43
-40
-40
-39
-37
-38
-37
-37
-38
-39
-39
-39
-38
-36
-35
-36
-35
-34
-33
-32
-32
-34
-37
-40
-41
-39
-39
-39
-41
-43
-42
-41
-41
-40
-41
-43
-42
-45
-44
-46
-47
-49
-50
-51
-51
-52
-52
-50
-48
-47
-48
-47
-45
-44
-46
-47
-48
-47
-48
-48
-48
-48
-48
-46
-44
-44
-43
-44
-47
-48
-49
-50
-49
-50
-51
-53
-53
-53
-54
-55
-57
-58
-58
-57
-58
-60
-61
-60
-58
-57
-57
-59
-59
-60
-57
-55
-55
-55
-55
-54
-55
-55
-57
-57
-57
-59
-59
-59
-56
-55
-56
-54
-53
-52
-52
-54
-55
-56
-56
-56
-57
-59
-60
-60
-58
-57
-58
-57
-56
-53
-50
-49
-48
-48
-48
-46
-45
-46
-49
-49
-50
-47
-45
-46
-44
-41
-42
-43
-46
-48
-47
-49
-46
-47
-48
-51
-52
-52
-51
-51
-52
-54
-54
-54
-54
-55
-57
-57
-57
-56
-56
-55
-58
-59
-57
-56
-58
-58
-58
-54
-53
-54
-55
-56
-57
-56
-55
-54
-53
-53
-52
-54
-55
-53
-53
-53
-53
-56
-57
-57
-58
-60
-61
-63
-64
-63
-62
-62
-61
-62
-62
-62
-61
-61
-61
-61
-58
-58
-57
-58
-57
-55
-54
-52
-52
-51
-49
-50
-51
-51
-52
-51
-52
-54
-56
-57
-57
-57
-58
-58
-56
-56
-57
-58
-58
-56
-56
-55
-56
-57
-54
-51
-49
-50
-49
-50
-49
-48
-50
-53
-54
-53
-53
-55
-59
-60
-60
-59
-58
-57
-57
-58
-59
-57
-54
-51
-51
-52
-52
-50
-50
-53
-54
-52
-48
-49
-51
-55
-53
-52
-51
-55
-55
-55
-54
-56
-57
-59
-59
-56
-52
-50
-49
-46
-44
-42
-41
-45
-45
-43
-45
-46
-44
-43
-43
-45
-46
-47
-49
-47
-47
-49
-52
-55
-55
-55
-56
-56
-56
-54
-53
-53
-52
-51
-51
-49
-46
-45
-46
-48
-50
-50
-50
-50
-53
-56
-56
-54
-51
-49
-46
-46
-48
-49
-50
-50
-47
-49
-49
-48
-47
-45
-43
-42
-42
-40
-37
-37
-37
-37
-38
-41
-40
-42
-45
-47
-49
-49
-47
-48
-49
-48
-46
-45
-43
-42
-41
-40
-40
-39
-37
-36
-36
-37
-38
-38
-36
-35
-35
-37
-40
-44
-45
-48
-49
-50
-51
-55
-58
-57
-57
-56
-55
-56
-58
-58
-56
-54
-54
-53
-54
-52
-51
-49
-51
-51
-51
-50
-50
-50
-49
-50
-52
-55
-56
-56
-55
-58
-58
-59
-59
-58
-55
-54
-53
-53
-51
-50
-50
-51
-53
-54
-54
-54
-55
-57
-60
-60
-61
-62
-62
-63
-61
-59
-59
-62
-63
-64
-61
-59
-60
-58
-58
-58
-57
-57
-55
-52
-53
-53
-53
-54
-54
-54
-57
-60
-62
-61
-58
-58
-60
-61
-60
-59
-59
-60
-59
-57
-55
-54
-55
-54
-53
-52
-51
-50
-50
-51
-51
-51
-50
-50
-51
-51
-51
-53
-55
-58
-61
-61
-59
-60
-60
-59
-58
-58
-57
-55
-56
-56
-59
-61
-62
-59
-58
-57
-58
-59
-59
-60
-58
-59
-60
-60
-62
-63
-61
-59
-59
-59
-58
-55
-55
-55
-56
-57
-56
-54
-52
-53
-54
-54
-56
-56
-56
-56
-55
-52
-52
-51
-54
-54
-55
-58
-59
-60
-65
-64
-63
-63
-62
-61
-60
-59
-59
-60
-60
-60
-58
-55
-55
-54
-52
-51
-49
-48
-49
-53
-52
-50
-49
-47
-49
-52
-52
-50
-48
-48
-48
-50
-50
-50
-50
-49
-49
-48
-46
-45
-42
-39
-40
-42
-44
-45
-45
-45
-47
-47
-45
-43
-41
-41
-43
-43
-41
-40
-39
-42
-44
-43
-44
-42
-41
-42
-40
-39
-37
-38
-41
-41
-38
-37
-37
-41
-42
-40
-39
-40
-44
-46
-46
-44
-42
-43
-43
-42
-40
-42
-43
-43
-42
-40
-40
-42
-42
-43
-42
-43
-41
-38
-35
-35
-38
-38
-38
-38
-37
-39
-39
-36
-35
-37
-40
-41
-41
-40
-41
-42
-44
-45
-47
-48
-47
-45
-44
-42
-43
-43
-41
-40
-39
-40
-39
-38
-38
-39
-41
-43
-43
-41
-40
-41
-41
-41
-39
-39
-40
-41
-44
-45
-46
-46
-45
-44
-44
-44
-43
-43
-43
-42
-40
-38
-37
-37
-36
-35
-35
-37
-37
-40
-41
-41
-39
-38
-39
-38
-40
-40
-39
-40
-38
-38
-40
-43
-43
-43
-41
-40
-40
-37
-36
-35
-36
-37
-38
-38
-38
-38
-37
-41
-43
-45
-45
-45
-46
-48
-48
-47
-45
-44
-44
-44
-43
-45
-44
-43
-43
-44
-44
-44
-43
-41
-40
-40
-38
-36
-35
-37
-41
-44
-47
-47
-47
-48
-48
-48
-49
-49
-52
-54
-55
-53
-53
-50
-48
-48
-50
-51
-51
-51
-47
-46
-46
-46
-46
-45
-43
-43
-49
-53
-55
-55
-54
-54
-57
-58
-58
-56
-54
-54
-53
-52
-49
-49
-48
-50
-49
-48
-47
-46
-45
-46
-46
-46
-47
-44
-44
-45
-49
-50
-50
-52
-52
-53
-53
-56
-57
-56
-56
-56
-55
-53
-52
-51
-50
-50
-51
-50
-51
-49
-49
-49
-49
-51
-53
-53
-54
-54
-57
-59
-60
-61
-63
-65
-65
-64
-65
-64
-63
-63
-59
-59
-58
-57
-56
-55
-53
-55
-56
-57
-58
-60
-60
-60
-60
-60
-60
-62
-59
-59
-59
-60
-61
-59
-59
-62
-63
-62
-64
-65
-65
-63
-61
-60
-61
-61
-57
-57
-59
-61
-62
-60
-59
-60
-62
-63
-64
-61
-60
-59
-59
-60
-62
-65
-65
-63
-62
-62
-61
-60
-61
-61
-61
-61
-60
-59
-59
-57
-56
-58
-58
-59
-59
-58
-56
-55
-56
-57
-59
-61
-62
-59
-56
-57
-56
-57
-56
-56
-58
-59
-57
-56
-56
-57
-57
-56
-55
-54
-54
-52
-52
-53
-53
-55
-58
-56
-55
-55
-55
-57
-57
-55
-54
-55
-56
-58
-55
-54
-54
-54
-55
-54
-54
-53
-52
-52
-49
-47
-49
-49
-50
-49
-49
-50
-52
-52
-53
-53
-54
-53
-52
-52
-51
-55
-57
-57
-57
-57
-54
-53
-54
-53
-53
-54
-54
-51
-50
-49
-50
-50
-48
-48
-48
-51
-52
-52
-51
-50
-51
-52
-52
-55
-56
-54
-53
-53
-52
-53
-52
-52
-52
-53
-54
-55
-54
-51
-52
-53
-53
-51
-51
-51
-49
-48
-49
-48
-47
-48
-50
-51
-51
-50
-48
-48
-47
-46
-46
-45
-44
-45
-46
-48
-46
-45
-45
-45
-48
-48
-48
-44
-43
-45
-48
-48
-46
-47
-48
-52
-54
-54
-53
-51
-51
-51
-51
-52
-51
-50
-48
-47
-48
-49
-50
-49
-46
-47
-47
-48
-48
-45
-45
-44
-46
-48
-46
-45
-46
-46
-47
-45
-45
-43
-45
-48
-48
-46
-45
-44
-46
-45
-43
-39
-38
-42
-44
-45
-47
-45
-44
-44
-45
-46
-45
-46
-48
-49
-50
-50
-51
-53
-55
-57
-57
-56
-53
-51
-49
-49
-47
-47
-47
-50
-52
-50
-49
-49
-51
-52
-53
-54
-55
-53
-53
-52
-50
-51
-51
-51
-50
-51
-52
-53
-52
-52
-51
-52
-53
-52
-52
-52
-52
-52
-53
-53
-52
-54
-56
-59
-58
-58
-56
-55
-54
-53
-55
-56
-57
-55
-55
-56
-57
-56
-54
-50
-48
-51
-54
-55
-56
-54
-52
-53
-55
-54
-52
-52
-52
-55
-55
-55
-54
-55
-55
-57
-58
-58
-58
-56
-55
-55
-55
-56
-56
-57
-56
-57
-56
-55
-54
-55
-54
-56
-56
-55
-55
-57
-60
-63
-65
-64
-64
-66
-69
-67
-65
-63
-64
-64
-64
-65
-64
-61
-61
-63
-64
-65
-68
-66
-67
-67
-66
-67
-67
-65
-63
-63
-65
-65
-65
-66
-68
-69
-67
-65
-63
-64
-66
-67
-65
-64
-61
-61
-62
-63
-62
-61
-62
-61
-63
-63
-63
-62
-63
-63
-66
-67
-66
-64
-62
-63
-63
-64
-64
-63
-61
-60
-60
-60
-61
-60
-60
-58
-58
-59
-59
-60
-61
-60
-63
-62
-63
-64
-64
-63
-63
-62
-62
-63
-62
-63
-63
-63
-62
-61
-62
-63
-64
-64
-62
-60
-60
-60
-60
-61
-59
-60
-61
-62
-62
-62
-63
-64
-65
-65
-65
-63
-62
-62
-59
-57
-57
-56
-56
-57
-58
-59
-58
-57
-59
-59
-58
-58
-57
-58
-61
-60
-59
-57
-58
-61
-62
-61
-60
-59
-59
-59
-60
-59
-60
-59
-58
-58
-57
-57
-58
-58
-58
-57
-57
-56
-57
-58
-59
-58
-58
-58
-58
-59
-58
-55
-55
-57
-60
-60
-58
-56
-56
-57
-56
-55
-55
-54
-55
-56
-53
-52
-52
-56
-55
-53
-50
-49
-49
-50
-50
-51
-55
-53
-51
-51
-50
-48
-47
-47
-47
-47
-48
-50
-52
-49
-48
-49
-52
-53
-50
-49
-45
-46
-48
-47
-45
-45
-47
-49
-49
-49
-48
-48
-48
-46
-46
-46
-49
-52
-53
-50
-51
-53
-54
-53
-52
-53
-54
-54
-51
-51
-51
-52
-54
-51
-52
-52
-53
-55
-55
-55
-53
-52
-52
-53
-55
-54
-55
-53
-53
-52
-53
-54
-57
-58
-59
-60
-58
-58
-60
-61
-62
-60
-58
-59
-61
-62
-63
-62
-62
-61
-61
-61
-59
-59
-60
-61
-62
-64
-63
-65
-67
-67
-68
-67
-65
-66
-66
-68
-69
-67
-66
-64
-65
-67
-67
-65
-61
-61
-61
-64
-65
-65
-64
-64
-65
-68
-68
-66
-66
-68
-71
-73
-70
-69
-68
-69
-71
-70
-68
-67
-67
-68
-68
-67
-67
-66
-67
-70
-69
-69
-69
-67
-67
-66
-65
-65
-68
-69
-69
-70
-69
-67
-68
-69
-68
-68
-66
-67
-69
-71
-70
-68
-67
-66
-65
-67
-66
-62
-60
-61
-63
-66
-68
-65
-64
-66
-66
-66
-67
-68
-69
-69
-69
-70
-69
-69
-68
-68
-68
-68
-68
-68
-69
-69
-69
-68
-68
-66
-67
-70
-70
-69
-67
-67
-69
-72
-74
-73
-74
-73
-72
-71
-70
-70
-72
-70
-71
-71
-72
-71
-71
-71
-70
-71
-70
-69
-67
-69
-70
-72
-72
-72
-74
-75
-78
-78
-75
-72
-71
-70
-69
-68
-70
-74
-74
-73
-72
-71
-71
-71
-72
-71
-72
-73
-74
-72
-69
-67
-69
-72
-76
-77
-72
-72
-75
-75
-78
-78
-76
-75
-75
-75
-76
-78
-76
-75
-78
-79
-80
-80
-78
-76
-78
-79
-77
-76
-76
-76
-77
-80
-80
-80
-80
-80
-77
-77
-78
-80
-82
-82
-81
-80
-79
-76
-75
-78
-80
-81
-82
-82
-83
-85
-85
-83
-83
-84
-83
-84
-82
-82
-83
-83
-83
-83
-83
-85
-86
-87
-86
-85
-85
-85
-85
-86
-86
-88
-88
-86
-86
-87
-86
-86
-84
-83
-87
-90
-91
-88
-85
-83
-86
-87
-88
-87
-86
-87
-86
-88
-87
-86
-85
-88
-90
-90
-89
-89
-87
-88
-87
-88
-87
-87
-86
-84
-82
-83
-83
-84
-85
-84
-83
-81
-81
-81
-80
-80
-79
-80
-81
-83
-83
-83
-83
-82
-81
-81
-81
-80
-80
-81
-82
-80
-79
-77
-78
-81
-79
-77
-77
-77
-76
-78
-78
-78
-77
-75
-76
-78
-79
-78
-78
-79
-79
-80
-80
-81
-81
-80
-79
-77
-79
-79
-80
-79
-78
-80
-80
-79
-78
-79
-79
-79
-78
-78
-79
-79
-82
-82
-81
-82
-84
-88
-88
-85
-85
-84
-83
-85
-86
-85
-85
-84
-83
-82
-82
-82
-82
-83
-82
-86
-87
-86
-85
-83
-83
-83
-83
-82
-82
-83
-83
-83
-82
-82
-83
-83
-84
-83
-83
-83
-82
-80
-78
-78
-79
-80
-81
-81
-79
-79
-79
-80
-81
-81
-80
-80
-78
-78
-78
-79
-81
-82
-81
-78
-78
-78
-77
-75
-76
-76
-77
-79
-81
-79
-77
-75
-76
-77
-75
-76
-76
-77
-78
-78
-76
-76
-75
-75
-76
-75
-74
-73
-74
-76
-78
-75
-74
-75
-75
-76
-76
-76
-75
-74
-74
-75
-76
-75
-74
-74
-73
-73
-75
-74
-74
-73
-72
-73
-76
-76
-74
-74
-75
-73
-74
-74
-76
-76
-76
-75
-74
-75
-79
-79
-77
-74
-74
-76
-76
-75
-76
-76
-78
-80
-80
-78
-80
-82
-79
-79
-79
-80
-82
-83
-82
-82
-81
-83
-82
-82
-84
-83
-82
-81
-83
-83
-83
-83
-85
-84
-84
-84
-85
-85
-85
-84
-83
-83
-84
-83
-84
-83
-85
-83
-81
-79
-78
-78
-78
-77
-78
-78
-78
-77
-77
-78
-79
-79
-77
-75
-75
-78
-79
-79
-80
-79
-76
-75
-74
-75
-79
-81
-80
-79
-77
-79
-80
-83
-83
-84
-82
-83
-82
-80
-81
-82
-83
-85
-85
-86
-86
-86
-87
-86
-84
-84
-83
-83
-84
-84
-81
-80
-81
-81
-82
-81
-80
-80
-83
-84
-85
-83
-82
-81
-82
-82
-82
-84
-83
-84
-84
-84
-82
-84
-85
-87
-89
-89
-88
-87
-86
-86
-88
-88
-89
-89
-90
-89
-86
-86
-86
-85
-85
-85
-84
-84
-85
-86
-87
-88
-88
-87
-88
-88
-85
-84
-85
-85
-85
-84
-84
-84
-83
-83
-83
-84
-84
-84
-83
-82
-82
-84
-85
-84
-84
-84
-85
-86
-85
-82
-81
-81
-83
-84
-83
-84
-86
-86
-86
-84
-81
-83
-83
-83
-81
-79
-79
-81
-82
-82
-82
-80
-80
-81
-82
-82
-82
-79
-80
-82
-82
-82
-81
-82
-79
-81
-80
-80
-81
-81
-80
-78
-76
-77
-77
-77
-77
-79
-79
-78
-77
-75
-74
-76
-77
-75
-73
-74
-73
-74
-75
-76
-75
-78
-79
-78
-77
-74
-73
-74
-76
-76
-74
-74
-76
-77
-77
-76
-73
-72
-75
-77
-78
-77
-75
-77
-78
-78
-78
-77
-76
-77
-77
-79
-77
-77
-77
-77
-78
-79
-79
-80
-80
-79
-80
-79
-81
-80
-81
-82
-81
-80
-80
-79
-78
-80
-81
-79
-78
-78
-77
-79
-79
-78
-76
-76
-77
-76
-76
-76
-76
-75
-76
-75
-74
-74
-74
-73
-75
-75
-75
-74
-73
-72
-72
-72
-74
-78
-78
-78
-78
-75
-72
-73
-73
-75
-77
-77
-77
-77
-78
-79
-80
-80
-79
-79
-78
-77
-77
-77
-77
-78
-76
-77
-78
-76
-78
-77
-75
-75
-73
-74
-76
-77
-76
-75
-76
-77
-77
-76
-74
-76
-79
-80
-80
-77
-76
-74
-73
-74
-77
-77
-76
-76
-75
-78
-81
-81
-82
-80
-81
-81
-80
-79
-78
-79
-79
-81
-82
-81
-83
-84
-84
-84
-83
-84
-85
-84
-83
-81
-80
-82
-83
-83
-83
-83
-83
-82
-80
-79
-78
-78
-78
-78
-78
-80
-82
-83
-84
-85
-85
-84
-81
-80
-79
-79
-78
-79
-80
-81
-82
-83
-83
-84
-84
-85
-86
-86
-86
-87
-87
-88
-88
-87
-87
-87
-86
-87
-86
-86
-84
-83
-83
-85
-86
-85
-85
-85
-86
-85
-85
-82
-82
-85
-86
-87
-86
-85
-85
-85
-86
-87
-87
-89
-86
-86
-87
-88
-91
-91
-90
-89
-90
-89
-89
-90
-90
-92
-93
-91
-89
-88
-87
-90
-90
-90
-91
-91
-90
-92
-92
-90
-93
-93
-93
-93
-94
-94
-95
-94
-94
-91
-93
-92
-91
-90
-90
-90
-93
-92
-90
-90
-90
-91
-92
-91
-92
-92
-93
-93
-92
-93
-93
-94
-95
-92
-92
-91
-91
-92
-93
-94
-94
-91
-88
-88
-90
-91
-91
-91
-89
-91
-90
-90
-89
-88
-91
-92
-92
-92
-92
-91
-90
-89
-88
-87
-90
-91
-89
-90
-90
-93
-93
-93
-90
-90
-90
-88
-87
-86
-86
-88
-90
-88
-87
-87
-91
-93
-93
-92
-91
-90
-89
-88
-87
-90
-93
-95
-94
-90
-89
-91
-93
-92
-91
-90
-90
-91
-91
-91
-91
-91
-89
-87
-86
-86
-86
-88
-88
-86
-85
-85
-85
-87
-86
-88
-90
-89
-87
-85
-85
-87
-90
-92
-90
-87
-86
-86
-88
-89
-87
-86
-85
-85
-85
-86
-86
-87
-86
-85
-83
-82
-83
-84
-86
-87
-86
-85
-84
-85
-88
-88
-85
-84
-84
-83
-84
-83
-81
-80
-81
-81
-82
-81
-81
-81
-81
-81
-81
-82
-82
-83
-82
-82
-84
-84
-86
-85
-85
-84
-83
-82
-81
-81
-81
-82
-82
-80
-79
-78
-82
-86
-85
-83
-81
-81
-81
-80
-79
-78
-77
-76
-76
-78
-79
-80
-80
-81
-81
-81
-81
-83
-81
-80
-77
-74
-73
-73
-76
-77
-76
-75
-74
-73
-75
-79
-80
-79
-77
-77
-77
-75
-74
-74
-73
-76
-80
-80
-78
-75
-74
-77
-77
-76
-75
-74
-73
-73
-73
-72
-72
-74
-75
-78
-80
-80
-80
-77
-77
-76
-77
-76
-74
-74
-74
-73
-74
-74
-75
-77
-78
-78
-75
-73
-72
-72
-72
-72
-70
-71
-73
-74
-76
-76
-74
-72
-73
-74
-76
-78
-75
-73
-71
-72
-73
-73
-73
-72
-73
-75
-74
-75
-76
-76
-75
-75
-75
-76
-78
-77
-79
-80
-80
-76
-74
-77
-81
-83
-81
-79
-80
-82
-83
-82
-78
-77
-80
-82
-83
-81
-81
-82
-83
-84
-83
-83
-80
-81
-81
-80
-79
-79
-79
-80
-82
-84
-85
-85
-83
-81
-82
-83
-85
-83
-84
-83
-80
-81
-83
-85
-85
-86
-84
-83
-80
-79
-81
-83
-83
-82
-83
-83
-82
-82
-82
-82
-82
-84
-85
-84
-84
-84
-84
-85
-87
-88
-87
-88
-89
-90
-91
-91
-89
-88
-88
-89
-87
-86
-84
-86
-86
-86
-85
-83
-83
-86
-87
-86
-87
-87
-86
-86
-85
-83
-83
-82
-82
-83
-83
-84
-86
-85
-87
-86
-86
-87
-86
-85
-86
-86
-87
-87
-86
-87
-88
-89
-88
-89
-88
-87
-86
-86
-86
-87
-89
-89
-89
-88
-88
-87
-88
-87
-87
-85
-84
-84
-84
-84
-86
-86
-85
-86
-84
-84
-83
-84
-85
-87
-88
-91
-90
-87
-86
-86
-87
-88
-86
-86
-86
-85
-86
-87
-87
-86
-85
-85
-86
-85
-86
-86
-87
-87
-87
-86
-87
-89
-89
-89
-88
-86
-86
-86
-89
-89
-88
-88
-87
-88
-88
-87
-86
-86
-85
-85
-86
-85
-86
-85
-83
-81
-82
-81
-82
-82
-82
-82
-82
-83
-83
-83
-84
-84
-84
-86
-87
-88
-88
-88
-87
-86
-87
-86
-87
-86
-86
-86
-86
-86
-86
-85
-87
-88
-88
-89
-89
-88
-88
-89
-86
-85
-85
-86
-88
-87
-89
-88
-88
-86
-86
-85
-85
-87
-87
-85
-86
-85
-85
-86
-84
-84
-85
-88
-91
-92
-87
-85
-85
-87
-89
-88
-87
-84
-83
-85
-85
-84
-80
-80
-81
-85
-85
-83
-80
-80
-81
-83
-84
-81
-81
-81
-82
-83
-84
-80
-81
-83
-83
-85
-85
-84
-83
-84
-85
-83
-82
-82
-83
-82
-80
-81
-81
-82
-82
-84
-85
-84
-84
-83
-82
-84
-85
-85
-83
-81
-80
-82
-83
-83
-81
-80
-82
-82
-82
-79
-80
-80
-80
-82
-81
-80
-77
-76
-76
-79
-80
-81
-78
-78
-79
-82
-81
-80
-78
-79
-81
-82
-81
-81
-82
-83
-84
-82
-80
-80
-80
-81
-79
-80
-80
-81
-80
-79
-78
-78
-78
-80
-80
-79
-79
-77
-79
-80
-81
-79
-78
-78
-80
-80
-80
-79
-79
-82
-82
-80
-80
-79
-78
-78
-77
-76
-77
-80
-81
-80
-78
-77
-77
-77
-76
-76
-76
-78
-77
-77
-78
-78
-80
-79
-79
-80
-80
-81
-80
-77
-73
-73
-74
-75
-75
-75
-76
-77
-79
-82
-80
-78
-78
-76
-76
-78
-78
-79
-79
-79
-80
-78
-78
-78
-77
-80
-82
-83
-83
-80
-78
-78
-80
-80
-82
-83
-83
-82
-82
-82
-81
-81
-82
-83
-82
-82
-81
-82
-82
-82
-82
-84
-86
-87
-88
-87
-86
-84
-83
-84
-86
-87
-86
-86
-87
-88
-89
-87
-87
-89
-91
-91
-90
-89
-89
-90
-90
-89
-88
-89
-89
-91
-91
-91
-90
-88
-86
-87
-90
-91
-90
-88
-86
-86
-86
-89
-90
-93
-93
-94
-92
-93
-93
-92
-92
-91
-92
-92
-92
-92
-92
-93
-96
-97
-93
-92
-92
-93
-95
-98
-99
-99
-99
-98
-95
-95
-95
-96
-96
-96
-96
-98
-97
-97
-96
-95
-94
-94
-92
-92
-94
-94
-95
-93
-93
-94
-97
-99
-99
-96
-95
-93
-93
-93
-95
-97
-98
-98
-96
-96
-94
-93
-94
-94
-95
-97
-97
-98
-99
-99
-96
-96
-96
-96
-95
-94
-95
-97
-98
-98
-97
-95
-95
-97
-101
-101
-101
-101
-100
-99
-98
-97
-97
-99
-99
-100
-102
-101
-102
-104
-104
-102
-101
-102
-102
-103
-104
-104
-103
-105
-106
-103
-101
-98
-97
-99
-101
-101
-100
-101
-102
-104
-102
-101
-101
-101
-100
-99
-99
-98
-97
-95
-96
-95
-96
-96
-95
-94
-91
-91
-91
-93
-93
-93
-96
-97
-96
-96
-95
-93
-94
-94
-94
-93
-92
-94
-93
-92
-90
-88
-90
-91
-91
-90
-90
-91
-92
-92
-90
-90
-91
-90
-87
-87
-86
-88
-88
-88
-88
-89
-88
-84
-85
-85
-87
-87
-86
-84
-85
-86
-88
-89
-87
-85
-83
-82
-84
-86
-85
-84
-84
-87
-86
-85
-80
-78
-79
-82
-83
-83
-82
-80
-81
-84
-86
-86
-84
-81
-84
-84
-87
-87
-86
-86
-87
-87
-86
-86
-85
-86
-86
-85
-86
-85
-86
-87
-88
-87
-88
-88
-87
-85
-85
-85
-85
-86
-85
-85
-85
-84
-84
-84
-83
-83
-83
-84
-83
-82
-82
-82
-81
-81
-81
-81
-83
-85
-84
-82
-82
-82
-83
-85
-85
-83
-82
-83
-85
-88
-88
-88
-85
-83
-82
-82
-85
-86
-85
-84
-85
-85
-84
-82
-81
-81
-82
-82
-79
-77
-76
-78
-79
-78
-79
-78
-76
-77
-76
-78
-77
-74
-72
-74
-76
-75
-75
-75
-77
-78
-79
-79
-78
-77
-78
-78
-78
-77
-76
-73
-73
-75
-75
-75
-74
-73
-76
-78
-80
-79
-73
-71
-72
-73
-76
-77
-77
-77
-77
-77
-76
-73
-72
-72
-73
-74
-74
-74
-73
-75
-74
-74
-75
-76
-76
-76
-76
-74
-73
-71
-72
-74
-74
-77
-76
-76
-76
-75
-76
-77
-79
-82
-81
-80
-77
-75
-75
-75
-76
-78
-79
-80
-80
-78
-79
-79
-80
-80
-78
-78
-79
-80
-80
-82
-83
-82
-83
-83
-82
-83
-83
-83
-82
-81
-80
-80
-80
-80
-80
-80
-80
-81
-79
-79
-78
-77
-80
-81
-80
-81
-81
-83
-81
-80
-78
-77
-78
-81
-80
-79
-78
-77
-76
-78
-78
-79
-82
-81
-82
-78
-74
-75
-77
-80
-78
-76
-76
-79
-82
-83
-85
-83
-83
-85
-84
-81
-82
-80
-82
-83
-83
-84
-86
-86
-86
-83
-81
-82
-82
-83
-83
-85
-85
-83
-81
-79
-82
-83
-84
-87
-87
-86
-88
-89
-88
-86
-82
-82
-84
-88
-88
-87
-84
-85
-85
-86
-86
-85
-88
-89
-88
-87
-89
-90
-92
-92
-91
-91
-90
-88
-88
-89
-92
-91
-89
-89
-90
-90
-89
-87
-88
-91
-92
-92
-88
-86
-88
-90
-92
-92
-88
-87
-88
-88
-89
-87
-87
-88
-90
-88
-87
-87
-84
-84
-85
-88
-89
-87
-84
-83
-83
-85
-84
-84
-84
-85
-86
-88
-87
-83
-83
-83
-82
-82
-83
-84
-85
-84
-84
-82
-81
-82
-84
-83
-81
-80
-77
-77
-77
-79
-79
-79
-81
-81
-80
-77
-78
-78
-78
-79
-78
-79
-81
-81
-82
-81
-79
-81
-82
-82
-83
-81
-79
-79
-81
-79
-79
-79
-77
-79
-80
-81
-79
-80
-81
-82
-82
-82
-82
-81
-81
-82
-82
-82
-84
-85
-83
-83
-81
-82
-83
-83
-82
-82
-82
-83
-83
-82
-82
-84
-85
-86
-84
-83
-82
-83
-84
-84
-83
-82
-80
-79
-82
-84
-82
-81
-80
-81
-82
-84
-83
-83
-82
-83
-83
-81
-81
-81
-84
-84
-83
-80
-78
-76
-77
-79
-79
-80
-83
-85
-85
-84
-82
-81
-79
-80
-79
-80
-81
-81
-78
-77
-78
-80
-82
-81
-81
-81
-83
-83
-80
-77
-78
-79
-82
-80
-78
-77
-76
-79
-80
-80
-79
-79
-80
-81
-81
-79
-77
-75
-77
-80
-82
-84
-81
-79
-78
-75
-77
-78
-78
-78
-78
-80
-79
-79
-79
-80
-82
-83
-81
-78
-77
-80
-80
-80
-78
-78
-80
-79
-78
-75
-75
-77
-78
-79
-80
-78
-80
-81
-79
-78
-80
-80
-78
-77
-76
-75
-77
-79
-81
-80
-82
-83
-83
-84
-84
-85
-86
-85
-84
-83
-82
-83
-85
-85
-86
-86
-83
-83
-83
-83
-82
-80
-80
-80
-79
-78
-79
-81
-84
-83
-83
-83
-84
-85
-85
-85
-86
-86
-88
-89
-89
-90
-89
-88
-88
-87
-88
-88
-87
-87
-88
-89
-88
-87
-85
-86
-85
-85
-86
-86
-87
-89
-91
-96
-96
-94
-92
-91
-90
-90
-90
-90
-92
-92
-91
-89
-90
-90
-91
-92
-92
-90
-87
-87
-87
-87
-88
-90
-92
-93
-90
-90
-92
-94
-94
-95
-93
-94
-96
-96
-96
-95
-94
-94
-96
-96
-96
-96
-97
-97
-95
-95
-97
-99
-98
-97
-97
-98
-99
-99
-99
-98
-98
-100
-100
-99
-98
-97
-99
-100
-101
-98
-96
-97
-98
-99
-97
-94
-94
-95
-97
-97
-93
-90
-91
-94
-95
-94
-95
-94
-96
-98
-95
-93
-91
-93
-97
-98
-97
-96
-94
-94
-96
-95
-96
-96
-95
-95
-94
-95
-94
-94
-92
-92
-92
-93
-92
-91
-92
-90
-91
-89
-90
-92
-92
-92
-90
-89
-89
-88
-87
-84
-84
-86
-85
-86
-86
-87
-89
-88
-90
-87
-87
-87
-86
-85
-83
-84
-84
-87
-87
-86
-85
-84
-85
-87
-87
-87
-85
-85
-85
-85
-86
-84
-84
-85
-86
-86
-83
-85
-84
-84
-85
-82
-83
-82
-81
-81
-80
-82
