-26
-26
-24
-21
-20
-22
-22
-22
-22
-22
-24
-22
-20
-20
-20
-20
-19
-21
-18
-17
-18
-19
-21
-21
-21
-22
-21
-21
-22
-20
-20
-19
-19
-21
-21
-19
-21
-20
-21
-21
-20
-20
-22
-22
-21
-21
-20
-21
-21
-19
-20
-22
-24
-25
-24
-24
-25
-24
-22
-19
-21
-23
-23
-24
-22
-23
-23
-22
-20
-20
-19
-19
-20
-20
-21
-23
-23
-22
-22
-22
-22
-23
-23
-22
-19
-20
-21
-22
-22
-20
-20
-20
-21
-25
-26
-25
-23
-21
-21
-24
-26
-27
-25
-23
-23
-23
-22
-22
-21
-19
-19
-20
-23
-23
-25
-24
-23
-21
-24
-24
-22
-20
-19
-22
-21
-21
-20
-17
-19
-19
-18
-19
-20
-22
-21
-20
-20
-22
-24
-23
-21
-20
-20
-20
-22
-23
-24
-25
-25
-25
-26
-27
-27
-26
-24
-22
-23
-24
-26
-25
-24
-25
-24
-24
-24
-23
-22
-22
-22
-23
-23
-24
-25
-25
-25
-23
-21
-19
-19
-20
-21
-24
-22
-23
-23
-23
-23
-25
-23
-22
-23
-23
-22
-24
-24
-25
-26
-27
-26
-27
-27
-28
-28
-29
-30
-29
-27
-26
-26
-27
-29
-30
-31
-31
-33
-33
-33
-30
-29
-29
-30
-31
-33
-33
-31
-30
-30
-31
-31
-30
-29
-30
-31
-32
-33
-32
-32
-31
-30
-32
-33
-32
-32
-30
-30
-31
-32
-31
-30
-30
-30
-29
-29
-28
-29
-30
-30
-31
-31
-31
-31
-30
-30
-29
-28
-29
-28
-26
-27
-29
-29
-29
-27
-28
-30
-32
-32
-28
-27
-26
-27
-27
-28
-29
-26
-27
-26
-26
-26
-25
-24
-25
-27
-29
-29
-30
-30
-30
-30
-27
-27
-26
-27
-28
-30
-32
-30
-29
-29
-29
-27
-27
-27
-29
-31
-30
-29
-31
-32
-31
-28
-27
-27
-29
-28
-30
-31
-30
-30
-28
-27
-29
-31
-31
-28
-27
-27
-30
-32
-31
-28
-26
-27
-32
-31
-30
-29
-29
-30
-30
-30
-30
-32
-32
-31
-31
-31
-31
-30
-29
-27
-29
-30
-32
-33
-32
-29
-29
-32
-33
-35
-33
-31
-30
-29
-30
-29
-29
-28
-29
-30
-29
-29
-31
-32
-32
-32
-31
-31
-30
-30
-31
-32
-32
-31
-32
-30
-29
-29
-30
-31
-30
-30
-28
-29
-33
-34
-36
-37
-35
-34
-32
-31
-32
-34
-32
-28
-29
-29
-31
-31
-29
-30
-32
-31
-32
-31
-32
-31
-29
-29
-29
-30
-31
-31
-29
-31
-31
-31
-30
-31
-34
-35
-32
-29
-28
-29
-30
-29
-31
-31
-32
-33
-30
-27
-26
-27
-29
-32
-33
-31
-31
-30
-31
-30
-28
-29
-28
-30
-32
-33
-33
-29
-28
-29
-31
-29
-29
-28
-29
-29
-28
-26
-25
-27
-28
-26
-26
-26
-27
-28
-27
-28
-30
-31
-29
-28
-27
-27
-28
-28
-28
-28
-28
-28
-29
-29
-30
-30
-29
-30
-29
-28
-28
-29
-30
-30
-28
-28
-28
-26
-26
-27
-29
-29
-29
-28
-26
-27
-26
-28
-27
-27
-27
-27
-29
-27
-24
-24
-24
-26
-28
-26
-23
-24
-26
-26
-27
-25
-23
-24
-25
-25
-23
-22
-22
-24
-25
-24
-23
-23
-24
-24
-23
-24
-24
-24
-25
-23
-22
-23
-22
-21
-22
-23
-22
-22
-19
-20
-23
-23
-21
-19
-17
-20
-24
-24
-21
-18
-16
-17
-17
-19
-21
-20
-19
-17
-15
-16
-17
-16
-17
-17
-17
-19
-17
-17
-16
-17
-19
-21
-22
-21
-20
-20
-21
-20
-20
-20
-21
-23
-23
-23
-24
-24
-23
-21
-23
-23
-22
-23
-24
-24
-23
-21
-22
-22
-23
-23
-22
-20
-20
-18
-18
-18
-19
-19
-19
-19
-18
-16
-17
-17
-17
-19
-18
-19
-20
-21
-22
-20
-18
-17
-17
-19
-19
-18
-17
-17
-16
-15
-15
-17
-17
-16
-16
-17
-19
-20
-20
-20
-20
-19
-17
-16
-17
-19
-19
-18
-15
-12
-11
-11
-12
-12
-13
-14
-14
-15
-15
-16
-17
-17
-15
-15
-15
-14
-12
-11
-11
-13
-13
-13
-12
-10
-11
-12
-12
-11
-11
-11
-13
-13
-13
-11
-10
-12
-12
-12
-12
-11
-10
-10
-8
-10
-13
-13
-11
-10
-9
-11
-13
-13
-13
-13
-13
-13
-15
-14
-13
-12
-12
-13
-11
-11
-12
-12
-13
-16
-15
-17
-17
-15
-16
-15
-15
-13
-13
-15
-16
-16
-16
-13
-10
-11
-12
-11
-15
-16
-16
-19
-18
-18
-16
-15
-15
-15
-13
-13
-13
-13
-16
-14
-14
-16
-15
-16
-14
-14
-14
-13
-14
-15
-15
-16
-16
-15
-15
-15
-15
-16
-17
-17
-17
-19
-19
-20
-19
-17
-15
-13
-14
-14
-14
-15
-16
-16
-17
-18
-19
-18
-17
-18
-21
-21
-19
-15
-13
-13
-15
-14
-14
-14
-17
-17
-15
-13
-14
-16
-17
-16
-15
-12
-14
-15
-15
-15
-14
-13
-12
-14
-15
-17
-19
-19
-19
-17
-16
-15
-14
-14
-15
-16
-16
-17
-14
-14
-15
-18
-19
-19
-18
-20
-20
-19
-17
-15
-14
-17
-19
-18
-19
-19
-18
-18
-17
-17
-16
-16
-18
-18
-17
-16
-16
-17
-20
-20
-17
-17
-18
-20
-21
-21
-21
-22
-22
-20
-19
-18
-19
-20
-20
-20
-20
-20
-17
-16
-16
-17
-17
-17
-18
-18
-17
-18
-17
-16
-16
-16
-16
-16
-15
-14
-13
-14
-16
-15
-15
-16
-15
-16
-18
-19
-20
-19
-18
-18
-19
-20
-19
-18
-18
-20
-20
-20
-19
-20
-21
-19
-18
-17
-16
-15
-16
-17
-19
-18
-20
-21
-21
-21
-20
-20
-19
-19
-18
-21
-21
-22
-21
-22
-21
-22
-23
-23
-22
-19
-20
-20
-22
-23
-25
-25
-26
-28
-28
-28
-26
-25
-26
-27
-28
-28
-31
-30
-29
-27
-27
-29
-29
-30
-28
-27
-30
-34
-34
-32
-29
-30
-33
-34
-32
-29
-29
-30
-31
-32
-32
-33
-30
-29
-30
-31
-33
-31
-32
-31
-32
-34
-32
-33
-34
-34
-35
-36
-33
-33
-33
-32
-33
-33
-34
-35
-36
-37
-37
-37
-36
-35
-35
-34
-34
-33
-32
-32
-34
-37
-37
-34
-34
-34
-34
-34
-34
-34
-35
-35
-37
-38
-36
-35
-33
-32
-32
-32
-32
-33
-32
-34
-36
-36
-35
-37
-38
-38
-38
-36
-36
-38
-37
-37
-36
-37
-38
-40
-37
-37
-37
-37
-37
-36
-35
-36
-37
-37
-39
-41
-39
-38
-37
-38
-38
-39
-40
-40
-37
-37
-39
-40
-42
-42
-39
-37
-37
-38
-42
-42
-40
-38
-37
-38
-39
-40
-38
-38
-39
-40
-41
-41
-42
-42
-42
-41
-42
-44
-44
-42
-41
-39
-40
-41
-43
-41
-39
-39
-40
-41
-41
-42
-40
-41
-42
-42
-43
-44
-44
-42
-40
-40
-38
-37
-38
-40
-42
-41
-41
-39
-40
-44
-44
-42
-39
-38
-37
-39
-39
-39
-40
-39
-38
-38
-38
-39
-41
-40
-37
-36
-35
-37
-35
-35
-36
-38
-39
-38
-37
-37
-36
-37
-38
-37
-37
-38
-39
-39
-38
-39
-38
-38
-39
-38
-37
-37
-39
-41
-42
-43
-39
-38
-39
-40
-39
-38
-35
-34
-36
-37
-38
-40
-38
-37
-36
-38
-38
-38
-38
-39
-39
-40
-39
-38
-38
-41
-42
-42
-42
-40
-39
-39
-38
-39
-38
-37
-39
-39
-40
-38
-39
-39
-40
-40
-40
-40
-40
-38
-37
-38
-37
-38
-36
-37
-39
-38
-36
-35
-36
-37
-38
-36
-37
-38
-37
-37
-35
-34
-35
-36
-35
-33
-32
-32
-33
-34
-33
-33
-34
-34
-31
-29
-29
-31
-33
-33
-31
-29
-29
-31
-31
-28
-28
-28
-28
-29
-30
-29
-27
-28
-29
-30
-31
-29
-28
-28
-29
-29
-28
-29
-28
-30
-29
-26
-26
-27
-30
-31
-29
-28
-28
-29
-30
-30
-29
-29
-30
-32
-32
-33
-32
-31
-31
-32
-31
-29
-28
-25
-25
-27
-28
-30
-32
-31
-30
-29
-25
-26
-28
-28
-28
-29
-30
-29
-28
-27
-26
-25
-28
-28
-29
-31
-30
-27
-27
-27
-28
-30
-30
-30
-32
-33
-32
-31
-31
-30
-28
-26
-27
-26
-27
-28
-28
-28
-27
-27
-29
-30
-30
-30
-29
-28
-28
-29
-28
-27
-25
-24
-24
-25
-27
-26
-26
-24
-24
-26
-27
-28
-28
-27
-27
-29
-27
-26
-27
-27
-28
-27
-27
-27
-27
-29
-29
-26
-27
-29
-27
-27
-28
-27
-25
-25
-26
-27
-26
-24
-22
-23
-26
-26
-28
-26
-26
-25
-26
-26
-24
-23
-24
-24
-24
-26
-24
-24
-23
-23
-22
-25
-25
-24
-25
-25
-25
-25
-24
-24
-25
-25
-25
-24
-24
-23
-24
-23
-22
-23
-23
-24
-23
-21
-22
-21
-21
-22
-22
-23
-24
-23
-23
-22
-19
-19
-21
-20
-21
-19
-20
-21
-22
-22
-20
-18
-18
-20
-21
-21
-22
-23
-23
-24
-23
-22
-19
-17
-18
-21
-20
-21
-21
-20
-23
-24
-24
-22
-19
-18
-18
-19
-17
-17
-19
-19
-20
-20
-19
-18
-18
-20
-20
-18
-17
-17
-18
-18
-18
-17
-16
-18
-20
-21
-21
-20
-17
-16
-16
-18
-19
-19
-17
-16
-16
-16
-15
-16
-18
-16
-17
-16
-16
-17
-17
-15
-15
-16
-18
-18
-18
-16
-15
-16
-15
-14
-13
-14
-17
-18
-17
-18
-18
-17
-16
-15
-17
-17
-14
-14
-15
-16
-16
-13
-12
-14
-19
-21
-19
-18
-16
-18
-18
-17
-19
-20
-19
-17
-16
-17
-17
-20
-21
-21
-21
-22
-22
-20
-17
-16
-18
-20
-18
-16
-19
-21
-23
-22
-20
-19
-21
-22
-22
-22
-20
-20
-20
-21
-20
-21
-20
-20
-22
-21
-19
-18
-17
-17
-19
-17
-17
-18
-18
-17
-17
-19
-21
-23
-21
-17
-18
-18
-18
-20
-21
-20
-20
-19
-19
-17
-18
-18
-19
-20
-20
-19
-18
-20
-18
-19
-18
-17
-18
-19
-20
-22
-22
-20
-19
-18
-18
-19
-19
-20
-20
-20
-19
-19
-18
-17
-17
-16
-17
-16
-16
-17
-20
-17
-16
-16
-17
-19
-20
-20
-20
-21
-21
-21
-20
-20
-19
-19
-18
-17
-17
-18
-18
-18
-19
-19
-19
-18
-18
-20
-21
-21
-20
-18
-19
-18
-17
-19
-19
-19
-21
-21
-21
-20
-21
-20
-20
-20
-22
-22
-22
-22
-21
-22
-19
-20
-22
-23
-22
-21
-20
-19
-22
-21
-23
-23
-23
-24
-24
-23
-22
-22
-22
-25
-26
-27
-26
-25
-26
-26
-27
-28
-28
-29
-27
-27
-26
-26
-26
-25
-25
-26
-26
-26
-26
-26
-27
-29
-26
-26
-28
-30
-30
-29
-25
-24
-26
-27
-27
-26
-25
-26
-28
-30
-29
-28
-27
-27
-27
-27
-26
-27
-29
-28
-27
-28
-29
-32
-34
-33
-32
-31
-30
-28
-28
-28
-29
-32
-33
-31
-31
-30
-31
-32
-31
-31
-31
-30
-29
-31
-31
-34
-34
-33
-31
-31
-32
-33
-33
-31
-31
-31
-30
-32
-34
-33
-33
-33
-33
-34
-34
-32
-31
-32
-34
-37
-35
-32
-29
-29
-31
-33
-33
-35
-36
-37
-38
-37
-36
-34
-34
-35
-37
-37
-37
-35
-35
-37
-37
-38
-39
-38
-38
-38
-37
-37
-39
-41
-41
-38
-36
-36
-37
-37
-35
-35
-35
-37
-37
-38
-37
-36
-34
-35
-37
-36
-38
-37
-37
-38
-35
-35
-34
-35
-35
-36
-36
-37
-37
-39
-39
-40
-37
-36
-38
-39
-38
-39
-40
-40
-40
-37
-37
-37
-39
-39
-37
-35
-35
-35
-36
-39
-39
-38
-38
-36
-34
-35
-38
-40
-41
-39
-37
-38
-40
-40
-39
-36
-35
-34
-35
-37
-38
-40
-40
-41
-40
-39
-40
-40
-39
-37
-38
-39
-40
-39
-38
-39
-40
-42
-40
-40
-43
-44
-42
-39
-39
-38
-39
-40
-41
-41
-42
-42
-42
-42
-43
-43
-41
-40
-41
-43
-44
-44
-43
-42
-43
-42
-42
-40
-41
-42
-42
-41
-41
-42
-42
-43
-44
-46
-46
-45
-42
-40
-43
-43
-44
-44
-41
-42
-43
-43
-42
-42
-42
-44
-46
-46
-45
-44
-44
-44
-44
-42
-41
-44
-45
-45
-44
-44
-43
-45
-45
-46
-46
-43
-40
-41
-44
-45
-45
-41
-42
-43
-45
-45
-43
-40
-39
-40
-41
-43
-44
-46
-45
-44
-45
-44
-45
-44
-43
-44
-42
-42
-44
-47
-49
-47
-44
-42
-39
-39
-43
-45
-44
-46
-49
-51
-52
-50
-49
-46
-45
-47
-46
-45
-45
-45
-45
-45
-45
-42
-43
-45
-46
-47
-48
-48
-46
-45
-44
-43
-44
-44
-44
-44
-46
-44
-44
-44
-45
-46
-47
-45
-44
-43
-44
-45
-46
-45
-44
-45
-46
-46
-45
-45
-44
-44
-43
-42
-42
-42
-40
-41
-40
-40
-41
-42
-44
-43
-42
-40
-37
-38
-36
-36
-37
-36
-37
-38
-39
-39
-41
-42
-40
-38
-36
-36
-39
-43
-42
-42
-41
-41
-42
-44
-42
-40
-39
-40
-41
-38
-36
-37
-39
-41
-38
-37
-39
-40
-41
-40
-40
-39
-39
-38
-38
-38
-37
-36
-37
-39
-39
-39
-36
-34
-36
-38
-40
-43
-43
-41
-40
-38
-35
-36
-36
-38
-38
-37
-37
-39
-40
-40
-39
-38
-38
-38
-38
-39
-37
-39
-41
-41
-41
-42
-39
-38
-39
-38
-38
-37
-37
-37
-36
-35
-37
-37
-38
-35
-34
-35
-37
-40
-41
-39
-38
-35
-34
-35
-35
-37
-37
-37
-37
-37
-36
-38
-37
-37
-37
-37
-36
-36
-37
-37
-36
-34
-37
-39
-40
-40
-38
-37
-38
-38
-41
-40
-39
-37
-39
-40
-39
-40
-39
-37
-38
-39
-41
-40
-38
-38
-40
-40
-38
-38
-38
-36
-38
-39
-40
-41
-40
-41
-40
-40
-42
-42
-40
-40
-40
-43
-42
-39
-40
-40
-40
-39
-37
-37
-38
-39
-40
-39
-36
-36
-38
-38
-38
-37
-37
-39
-38
-36
-36
-36
-34
-32
-32
-33
-34
-35
-33
-34
-34
-34
-37
-36
-35
-37
-37
-37
-36
-32
-32
-33
-34
-35
-37
-36
-36
-38
-37
-35
-35
-35
-35
-37
-38
-38
-38
-36
-35
-32
-31
-31
-32
-33
-35
-34
-35
-34
-34
-34
-35
-34
-33
-33
-34
-34
-34
-33
-34
-33
-34
-33
-33
-31
-32
-35
-36
-36
-34
-35
-37
-39
-38
-38
-37
-37
-35
-34
-34
-33
-33
-35
-35
-37
-38
-38
-36
-35
-35
-35
-36
-34
-32
-33
-33
-32
-34
-35
-35
-36
-34
-33
-33
-34
-34
-34
-33
-35
-35
-34
-34
-32
-31
-31
-33
-32
-32
-33
-34
-32
-35
-34
-34
-34
-33
-32
-31
-32
-31
-32
-33
-32
-31
-32
-33
-32
-32
-33
-32
-32
-32
-31
-31
-29
-29
-31
-31
-32
-33
-34
-33
-32
-30
-30
-31
-29
-27
-27
-28
-28
-29
-28
-27
-27
-29
-29
-30
-29
-30
-31
-32
-32
-31
-29
-29
-28
-26
-28
-30
-32
-33
-32
-32
-31
-31
-30
-30
-32
-34
-31
-30
-30
-33
-34
-36
-35
-33
-32
-31
-33
-33
-34
-35
-36
-34
-32
-28
-29
-29
-28
-28
-28
-31
-32
-33
-34
-33
-34
-36
-35
-36
-34
-32
-32
-34
-34
-33
-34
-31
-33
-34
-32
-34
-35
-36
-35
-34
-33
-34
-33
-33
-33
-34
-36
-36
-36
-34
-33
-33
-35
-35
-35
-35
-36
-37
-36
-36
-35
-34
-33
-35
-35
-37
-37
-37
-37
-39
-41
-38
-38
-39
-41
-41
-40
-39
-42
-43
-44
-41
-40
-41
-42
-43
-40
-38
-38
-40
-41
-42
-42
-40
-39
-39
-40
-41
-44
-43
-42
-42
-43
-42
-44
-44
-42
-44
-45
-46
-45
-43
-42
-41
-43
-42
-42
-40
-40
-40
-44
-43
-43
-42
-41
-43
-45
-46
-48
-46
-46
-46
-48
-47
-45
-42
-44
-43
-45
-46
-46
-46
-47
-48
-48
-48
-48
-49
-46
-45
-45
-48
-48
-49
-49
-47
-46
-47
-48
-48
-49
-48
-47
-46
-46
-46
-45
-44
-44
-44
-44
-45
-44
-45
-45
-45
-46
-45
-45
-45
-44
-44
-44
-44
-42
-42
-44
-46
-48
-46
-47
-45
-45
-46
-46
-48
-47
-46
-43
-43
-45
-45
-43
-43
-44
-46
-47
-46
-47
-44
-44
-45
-44
-45
-47
-47
-47
-45
-42
-42
-44
-45
-46
-46
-45
-45
-45
-45
-47
-47
-48
-45
-47
-47
-48
-46
-44
-42
-42
-43
-43
-45
-46
-48
-47
-46
-47
-45
-45
-47
-45
-45
-45
-43
-45
-46
-48
-49
-51
-49
-47
-45
-43
-44
-47
-48
-50
-50
-48
-47
-47
-47
-49
-49
-50
-51
-49
-49
-49
-48
-48
-48
-49
-51
-50
-48
-47
-44
-44
-46
-46
-45
-45
-44
-46
-48
-47
-45
-46
-49
-48
-48
-45
-45
-46
-48
-47
-46
-47
-48
-49
-48
-46
-43
-45
-46
-48
-49
-48
-49
-48
-49
-49
-48
-49
-50
-48
-48
-46
-48
-49
-49
-49
-48
-50
-50
-48
-45
-44
-45
-48
-49
-47
-45
-47
-51
-50
-50
-47
-46
-47
-47
-47
-47
-48
-47
-46
-44
-46
-47
-48
-49
-47
-45
-45
-47
-47
-48
-46
-46
-46
-44
-46
-44
-46
-47
-47
-45
-44
-43
-45
-45
-44
-44
-45
-46
-46
-46
-45
-44
-45
-46
-46
-47
-45
-43
-45
-45
-46
-48
-49
-49
-49
-49
-47
-47
-46
-45
-45
-48
-50
-50
-48
-47
-46
-47
-46
-45
-44
-45
-46
-44
-45
-43
-43
-43
-42
-43
-45
-45
-45
-44
-43
-44
-45
-44
-43
-42
-43
-44
-42
-39
-38
-40
-42
-43
-45
-42
-41
-41
-41
-43
-42
-42
-41
-42
-42
-40
-39
-40
-43
-43
-42
-42
-45
-48
-47
-46
-44
-44
-44
-43
-41
-41
-44
-46
-47
-45
-44
-42
-42
-43
-40
-40
-40
-42
-43
-41
-39
-39
-39
-39
-39
-41
-42
-43
-43
-43
-43
-42
-42
-42
-41
-40
-40
-39
-37
-37
-40
-40
-39
-37
-38
-39
-41
-41
-40
-40
-40
-40
-38
-38
-39
-40
-41
-39
-39
-40
-39
-39
-36
-35
-34
-35
-37
-38
-38
-36
-35
-35
-37
-38
-36
-34
-33
-36
-39
-39
-39
-37
-36
-35
-34
-33
-33
-33
-33
-33
-33
-34
-34
-34
-32
-31
-31
-31
-31
-31
-31
-31
-31
-30
-31
-32
-31
-31
-30
-30
-33
-35
-35
-35
-34
-33
-34
-35
-34
-34
-33
-33
-32
-34
-36
-34
-32
-32
-32
-32
-32
-33
-34
-33
-31
-29
-28
-27
-27
-28
-30
-30
-29
-29
-28
-27
-28
-28
-29
-28
-27
-24
-25
-26
-28
-28
-26
-26
-26
-27
-27
-27
-28
-30
-27
-25
-26
-29
-31
-30
-28
-28
-27
-26
-25
-22
-24
-27
-29
-29
-31
-29
-28
-27
-26
-28
-29
-30
-30
-29
-29
-28
-25
-26
-29
-29
-27
-24
-24
-28
-30
-29
-26
-27
-28
-29
-30
-30
-29
-29
-27
-27
-28
-30
-30
-30
-30
-30
-29
-27
-27
-25
-26
-26
-28
-30
-31
-30
-28
-25
-27
-30
-31
-29
-27
-27
-28
-26
-26
-25
-24
-26
-26
-25
-25
-27
-28
-28
-27
-29
-29
-31
-31
-30
-26
-25
-25
-27
-26
-26
-27
-28
-26
-27
-27
-27
-27
-28
-29
-30
-27
-26
-27
-26
-26
-26
-25
-25
-24
-26
-28
-28
-26
-26
-26
-26
-26
-27
-26
-26
-27
-28
-28
-27
-27
-26
-25
-27
-28
-29
-28
-29
-29
-28
-27
-27
-25
-26
-26
-28
-31
-31
-27
-28
-27
-28
-31
-31
-30
-30
-29
-30
-30
-27
-26
-25
-25
-27
-28
-28
-29
-28
-29
-28
-29
-30
-31
-31
-29
-29
-29
-30
-31
-30
-30
-30
-27
-29
-29
-29
-31
-33
-33
-34
-35
-33
-29
-27
-29
-30
-32
-31
-29
-29
-29
-30
-29
-29
-29
-30
-31
-29
-31
-30
-32
-30
-28
-30
-29
-31
-35
-34
-33
-30
-30
-27
-27
-27
-28
-28
-28
-29
-29
-29
-30
-31
-32
-31
-32
-34
-33
-31
-31
-33
-35
-35
-34
-33
-32
-31
-31
-30
-30
-31
-31
-30
-28
-28
-28
-29
-28
-29
-29
-28
-27
-26
-28
-29
-28
-28
-30
-29
-29
-28
-30
-31
-32
-31
-30
-30
-32
-34
-34
-34
-32
-34
-32
-30
-29
-30
-33
-35
-34
-32
-31
-29
-30
-32
-34
-35
-34
-33
-32
-32
-32
-30
-30
-31
-33
-34
-33
-33
-35
-33
-32
-33
-33
-32
-31
-30
-32
-32
-33
-34
-34
-35
-34
-32
-31
-30
-32
-33
-32
-31
-31
-31
-30
-30
-28
-31
-31
-32
-31
-30
-30
-30
-31
-30
-29
-29
-29
-30
-31
-32
-32
-32
-34
-34
-33
-32
-30
-30
-34
-34
-33
-32
-32
-34
-35
-33
-33
-33
-34
-34
-33
-32
-32
-30
-30
-29
-31
-33
-34
-35
-36
-35
-33
-32
-33
-34
-32
-32
-33
-34
-36
-38
-37
-39
-38
-35
-35
-35
-35
-36
-37
-39
-41
-40
-42
-39
-39
-41
-42
-42
-42
-40
-39
-41
-42
-43
-41
-39
-41
-43
-43
-42
-41
-41
-42
-42
-41
-42
-43
-45
-45
-45
-45
-43
-43
-43
-44
-45
-47
-48
-47
-46
-46
-46
-45
-45
-45
-46
-46
-46
-43
-44
-44
-46
-50
-50
-48
-45
-44
-45
-44
-44
-45
-44
-45
-45
-44
-44
-45
-45
-44
-44
-43
-41
-40
-40
-41
-40
-39
-39
-41
-42
-43
-44
-42
-44
-45
-44
-41
-40
-41
-43
-44
-45
-44
-44
-45
-45
-44
-44
-43
-44
-43
-44
-44
-44
-45
-43
-43
-42
-44
-45
-48
-49
-47
-46
-47
-51
-52
-50
-46
-45
-45
-46
-46
-45
-47
-49
-50
-49
-50
-49
-48
-49
-49
-51
-52
-50
-49
-47
-48
-49
-49
-49
-49
-49
-51
-54
-55
-53
-52
-52
-50
-49
-47
-48
-49
-51
-51
-49
-48
-47
-48
-48
-48
-50
-52
-54
-53
-51
-52
-52
-51
-50
-51
-49
-49
-48
-47
-48
-48
-47
-46
-48
-47
-47
-47
-45
-45
-47
-48
-49
-49
-47
-44
-43
-43
-43
-45
-46
-48
-49
-46
-45
-44
-43
-43
-44
-47
-50
-47
-44
-44
-45
-47
-47
-46
-46
-47
-44
-43
-42
-40
-43
-42
-41
-42
-46
-46
-45
-45
-43
-42
-44
-44
-42
-41
-41
-40
-40
-40
-39
-40
-39
-40
-41
-42
-40
-38
-36
-35
-38
-39
-40
-37
-37
-36
-35
-34
-36
-36
-38
-39
-39
-39
-39
-37
-37
-37
-37
-36
-36
-38
-38
-40
-38
-37
-36
-35
-35
-33
-32
-32
-34
-34
-32
-32
-31
-32
-34
-33
-31
-31
-32
-32
-31
-30
-30
-31
-33
-30
-29
-27
-26
-27
-27
-26
-23
-24
-25
-26
-27
-28
-26
-22
-22
-21
-24
-25
-26
-25
-25
-26
-28
-27
-25
-24
-25
-26
-25
-26
-25
-26
-26
-24
-24
-26
-29
-30
-28
-25
-23
-24
-25
-24
-25
-25
-27
-28
-28
-25
-24
-27
-27
-27
-27
-26
-27
-27
-26
-25
-22
-21
-22
-24
-24
-25
-26
-25
-23
-23
-25
-25
-25
-24
-24
-25
-25
-25
-26
-26
-26
-27
-26
-25
-23
-24
-25
-27
-26
-25
-24
-24
-24
-24
-24
-24
-23
-25
-26
-25
-26
-24
-23
-20
-21
-23
-25
-26
-27
-25
-23
-24
-24
-25
-26
-26
-28
-28
-28
-28
-26
-26
-26
-26
-27
-27
-26
-27
-28
-29
-29
-27
-25
-26
-25
-25
-27
-29
-29
-30
-30
-28
-27
-28
-30
-28
-29
-29
-26
-27
-27
-27
-27
-27
-26
-26
-24
-25
-24
-24
-24
-23
-24
-23
-24
-25
-23
-22
-22
-23
-24
-27
-26
-25
-23
-21
-24
-26
-26
-26
-26
-24
-23
-22
-21
-22
-23
-26
-24
-25
-24
-24
-24
-23
-25
-23
-23
-25
-26
-25
-25
-23
-21
-23
-24
-25
-26
-24
-24
-24
-24
-23
-24
-23
-25
-23
-22
-22
-23
-23
-24
-25
-24
-25
-25
-26
-26
-26
-26
-26
-27
-28
-28
-28
-26
-25
-27
-26
-27
-28
-29
-28
-28
-27
-25
-25
-26
-26
-25
-25
-26
-25
-25
-26
-27
-27
-25
-25
-24
-27
-30
-31
-31
-30
-30
-29
-30
-30
-29
-29
-28
-28
-28
-28
-29
-29
-28
-28
-29
-29
-30
-30
-29
-29
-31
-32
-34
-32
-32
-31
-33
-32
-34
-34
-34
-34
-35
-36
-34
-29
-28
-29
-30
-30
-31
-32
-32
-32
-31
-32
-32
-32
-33
-30
-29
-31
-30
-28
-27
-27
-29
-30
-30
-31
-32
-32
-32
-29
-27
-27
-29
-30
-31
-32
-32
-35
-35
-33
-34
-34
-35
-36
-37
-34
-33
-31
-32
-33
-32
-33
-34
-34
-33
-33
-32
-31
-33
-33
-34
-34
-34
-33
-32
-32
-31
-32
-35
-36
-36
-36
-35
-36
-35
-35
-34
-34
-35
-35
-34
-34
-35
-35
-35
-36
-35
-32
-34
-35
-34
-33
-33
-33
-33
-32
-32
-30
-31
-33
-34
-36
-37
-36
-35
-33
-31
-32
-34
-33
-31
-30
-30
-32
-33
-35
-34
-33
-32
-32
-32
-34
-36
-34
-35
-33
-31
-31
-32
-33
-35
-34
-34
-34
-33
-34
-34
-34
-35
-35
-36
-36
-38
-37
-34
-33
-31
-31
-33
-37
-37
-36
-34
-34
-34
-34
-36
-36
-36
-35
-35
-35
-33
-32
-34
-36
-37
-36
-38
-36
-37
-38
-37
-36
-37
-37
-38
-36
-36
-36
-35
-36
-35
-34
-35
-40
-40
-37
-37
-37
-39
-37
-34
-35
-37
-40
-39
-40
-41
-42
-43
-39
-36
-35
-37
-39
-41
-40
-38
-39
-39
-40
-43
-42
-42
-41
-41
-42
-43
-45
-43
-41
-41
-40
-39
-41
-40
-38
-39
-44
-46
-47
-45
-44
-43
-43
-43
-41
-41
-41
-41
-39
-37
-40
-42
-42
-42
-41
-39
-38
-39
-41
-40
-39
-41
-43
-44
-44
-45
-44
-44
-42
-40
-40
-43
-43
-42
-39
-38
-40
-40
-40
-38
-39
-38
-38
-38
-39
-39
-40
-42
-40
-41
-42
-42
-41
-38
-37
-40
-41
-41
-41
-41
-40
-42
-43
-41
-40
-40
-43
-45
-45
-45
-44
-44
-45
-44
-42
-42
-42
-42
-42
-42
-45
-45
-45
-44
-41
-40
-40
-41
-42
-44
-45
-44
-43
-41
-41
-40
-42
-42
-42
-43
-43
-41
-40
-40
-41
-42
-42
-43
-44
-43
-42
-41
-42
-42
-43
-44
-43
-43
-43
-43
-42
-40
-40
-42
-43
-44
-43
-43
-40
-41
-41
-43
-44
-44
-42
-41
-41
-40
-41
-41
-41
-42
-43
-42
-43
-40
-40
-41
-43
-44
-42
-43
-42
-42
-42
-42
-42
-43
-42
-41
-43
-44
-44
-43
-42
-41
-43
-43
-42
-42
-43
-44
-44
-41
-39
-39
-39
-41
-40
-37
-35
-37
-39
-41
-41
-39
-38
-37
-36
-37
-39
-39
-39
-38
-39
-38
-39
-40
-40
-37
-36
-37
-37
-36
-35
-34
-37
-37
-38
-38
-35
-36
-36
-37
-36
-37
-38
-36
-36
-34
-34
-35
-36
-36
-35
-34
-35
-34
-33
-34
-34
-30
-29
-30
-32
-33
-33
-30
-31
-31
-30
-29
-31
-31
-33
-34
-33
-32
-33
-33
-35
-33
-31
-31
-32
-32
-33
-32
-31
-31
-31
-32
-33
-35
-34
-35
-34
-32
-31
-30
-29
-29
-28
-30
-32
-34
-35
-34
-32
-31
-31
-31
-30
-30
-29
-29
-28
-30
-29
-28
-27
-26
-29
-31
-33
-33
-32
-31
-31
-32
-30
-28
-27
-29
-31
-30
-27
-28
-28
-27
-27
-27
-26
-25
-25
-24
-25
-26
-27
-26
-24
-25
-26
-26
-25
-25
-26
-26
-27
-25
-25
-26
-28
-30
-28
-30
-30
-30
-29
-26
-27
-26
-27
-26
-25
-25
-26
-24
-26
-27
-27
-29
-27
-26
-24
-26
-29
-29
-27
-24
-25
-29
-32
-31
-29
-27
-26
-28
-29
-30
-29
-29
-29
-28
-28
-27
-27
-29
-29
-29
-30
-29
-28
-28
-29
-29
-30
-29
-29
-29
-28
-29
-31
-30
-29
-27
-27
-28
-28
-26
-25
-24
-24
-25
-27
-25
-25
-24
-24
-24
-22
-23
-24
-24
-24
-25
-25
-23
-25
-26
-28
-29
-27
-28
-26
-26
-25
-25
-25
-26
-26
-26
-26
-27
-28
-27
-25
-24
-23
-24
-25
-26
-25
-22
-19
-18
-20
-22
-24
-23
-22
-21
-22
-21
-21
-18
-17
-16
-16
-18
-19
-17
-16
-16
-17
-17
-18
-21
-22
-20
-18
-17
-18
-19
-21
-20
-19
-20
-23
-22
-19
-17
-17
-19
-20
-21
-16
-15
-13
-15
-17
-19
-17
-15
-13
-14
-16
-17
-16
-17
-16
-15
-13
-11
-12
-13
-14
-16
-16
-14
-13
-14
-15
-15
-15
-15
-17
-18
-18
-18
-17
-15
-16
-16
-15
-15
-15
-18
-19
-19
-19
-17
-14
-13
-13
-14
-16
-14
-12
-12
-13
-14
-13
-13
-11
-13
-14
-15
-15
-13
-12
-11
-10
-9
-10
-11
-12
-11
-12
-14
-14
-13
-12
-13
-12
-11
-11
-9
-10
-12
-12
-11
-10
-10
-12
-13
-12
-13
-13
-13
-13
-12
-12
-15
-17
-16
-15
-16
-14
-13
-13
-12
-14
-14
-14
-14
-12
-13
-14
-15
-15
-15
-15
-14
-12
-14
-12
-12
-12
-11
-13
-13
-15
-13
-10
-9
-9
-11
-15
-12
-14
-13
-12
-10
-11
-13
-15
-14
-13
-15
-15
-16
-15
-15
-13
-15
-17
-19
-21
-18
-17
-15
-16
-16
-14
-14
-15
-17
-18
-18
-17
-18
-20
-22
-20
-18
-17
-17
-17
-16
-16
-18
-20
-20
-20
-18
-16
-14
-14
-16
-17
-18
-18
-18
-21
-20
-19
-17
-17
-17
-18
-20
-22
-23
-24
-25
-24
-23
-22
-21
-21
-22
-24
-25
-24
-22
-20
-19
-22
-23
-22
-22
-22
-24
-22
-21
-21
-21
-21
-21
-20
-18
-18
-19
-19
-20
-21
-20
-19
-18
-17
-18
-19
-19
-17
-15
-15
-16
-16
-17
-17
-18
-18
-17
-16
-15
-16
-18
-19
-20
-18
-16
-18
-19
-19
-19
-18
-19
-19
-20
-21
-18
-16
-17
-19
-21
-21
-21
-18
-17
-17
-15
-17
-16
-17
-17
-17
-20
-20
-20
-17
-18
-18
-19
-19
-22
-18
-20
-22
-24
-26
-24
-25
-25
-25
-25
-21
-21
-22
-24
-27
-26
-29
-26
-26
-25
-26
-28
-25
-26
-26
-27
-27
-26
-24
-25
-26
-29
-28
-25
-26
-25
-25
-25
-24
-24
-25
-26
-27
-28
-29
-29
-30
-30
-26
-27
-26
-27
-28
-26
-24
-25
-24
-23
-22
-22
-27
-28
-29
-27
-27
-25
-24
-22
-23
-22
-24
-24
-23
-24
-19
-21
-20
-18
-18
-21
-20
-19
-19
-18
-18
-18
-17
-14
-15
-15
-15
-12
-11
-11
-13
-16
-17
-16
-14
-13
-12
-13
-13
-13
-12
-11
-14
-17
-17
-16
-15
-14
-13
-15
-17
-19
-18
-17
-18
-20
-21
-24
-24
-22
-23
-21
-20
-21
-23
-25
-27
-27
-28
-28
-29
-31
-33
-30
-31
-31
-32
-31
-31
-30
-29
-30
-30
-33
-34
-34
-32
-32
-30
-32
-33
-32
-33
-33
-34
-34
-33
-32
-31
-32
-34
-35
-37
-33
-30
-27
-28
-29
-30
-30
-30
-29
-28
-28
-28
-26
-24
-25
-24
-22
-24
-23
-22
-22
-19
-19
-15
-16
-16
-14
-15
-10
-10
-8
-7
-6
-6
-5
-6
-4
-2
-1
0
2
5
7
6
3
3
3
6
7
5
3
1
3
3
0
2
-1
4
6
7
6
3
2
-1
-1
0
-1
-1
-4
-4
-5
-6
-9
-12
-13
-15
-15
-16
-16
-18
-19
-19
-23
-22
-25
-26
-26
-32
-32
-35
-37
-36
-39
-40
-43
-47
-49
-52
-54
-56
-58
-56
-59
-60
-62
-67
-65
-67
-69
-68
-67
-65
-69
-71
-71
-72
-70
-66
-66
-64
-64
-61
-60
-58
-58
-58
-59
-57
-54
-52
-48
-49
-47
-47
-45
-43
-42
-41
-36
-33
-27
-22
-17
-13
-10
-6
-1
4
11
18
25
33
38
44
47
54
58
62
66
69
73
78
83
86
89
90
92
95
98
99
100
99
101
103
102
101
98
93
87
83
81
77
72
66
60
54
46
41
32
27
19
11
4
-6
-13
-24
-36
-50
-61
-70
-80
-85
-93
-100
-109
-118
-127
-140
-147
-159
-169
-173
-183
-183
-193
-200
-207
-214
-218
-221
-224
-226
-226
-236
-236
-240
-235
-221
-209
-186
-165
-148
-132
-123
-103
-84
-64
-41
-25
-3
13
33
47
66
73
87
92
100
108
112
121
124
127
129
130
130
130
122
118
112
111
108
104
99
96
90
85
81
78
81
86
95
100
107
109
108
112
112
115
114
115
118
123
132
135
134
131
130
130
133
136
134
135
132
131
129
123
117
109
102
93
82
73
62
52
44
31
18
3
-17
-33
-48
-60
-71
-83
-93
-106
-117
-132
-146
-162
-177
-193
-206
-217
-223
-233
-243
-252
-266
-266
-281
-277
-292
-285
-291
-282
-264
-249
-211
-189
-163
-152
-130
-112
-83
-57
-33
-8
12
30
59
75
92
102
98
112
119
134
134
139
138
147
145
147
139
130
125
112
108
103
95
84
71
57
48
33
23
11
7
5
5
6
7
8
11
16
21
30
34
42
53
65
83
95
104
117
125
140
147
154
158
167
173
182
189
192
194
191
191
187
185
180
174
167
162
158
150
138
128
116
102
90
74
63
51
36
22
4
-13
-28
-41
-55
-69
-86
-104
-123
-141
-156
-172
-185
-207
-221
-236
-256
-266
-289
-303
-311
-324
-334
-338
-349
-339
-336
-307
-284
-247
-228
-224
-198
-186
-142
-120
-90
-73
-42
-27
6
24
34
49
42
58
75
93
98
107
107
124
122
130
122
117
108
100
98
96
91
75
63
45
44
22
17
-1
-5
-7
-7
-6
-1
2
8
16
18
28
29
41
53
68
82
99
111
128
139
149
158
163
175
187
203
218
223
227
230
227
230
222
216
207
196
192
185
177
169
156
141
126
109
96
80
62
45
25
11
-5
-22
-41
-59
-75
-94
-115
-136
-156
-174
-186
-206
-217
-238
-253
-278
-290
-319
-328
-350
-365
-369
-388
-384
-402
-391
-387
-358
-331
-293
-276
-256
-240
-212
-170
-140
-105
-84
-47
-32
6
19
37
50
56
70
88
106
114
121
121
137
137
153
147
145
136
128
118
118
107
96
83
62
55
35
21
4
-6
-15
-11
-14
-7
-8
-4
0
4
10
16
25
35
48
64
84
98
117
127
139
150
160
175
190
201
213
224
233
241
241
242
240
235
231
223
216
210
200
193
179
165
149
131
116
100
82
67
49
33
16
-5
-22
-38
-54
-72
-92
-113
-133
-150
-171
-192
-206
-226
-245
-264
-289
-309
-333
-348
-365
-385
-395
-412
-420
-422
-413
-400
-362
-332
-305
-285
-273
-243
-203
-170
-132
-108
-82
-46
-27
18
28
48
53
60
76
100
111
123
127
132
150
147
158
154
146
138
130
124
129
112
97
77
60
46
25
9
-5
-17
-24
-20
-21
-6
-16
-12
-9
-6
8
17
27
42
56
75
93
99
122
127
147
158
169
184
191
203
215
223
232
237
237
242
232
233
220
212
207
199
190
180
164
150
133
115
101
83
68
49
33
13
0
-18
-35
-54
-70
-86
-105
-126
-143
-169
-183
-210
-226
-247
-274
-282
-323
-325
-377
-384
-415
-426
-435
-452
-455
-467
-441
-422
-358
-348
-318
-323
-295
-261
-216
-174
-146
-113
-85
-50
-17
19
18
35
23
53
76
102
109
122
125
145
157
159
171
151
154
137
144
142
139
114
99
74
62
40
16
-2
-21
-27
-28
-22
-19
-8
-16
-2
-7
6
9
16
30
46
66
81
94
104
116
125
136
143
161
166
184
191
206
212
222
228
233
229
225
217
206
203
196
193
179
166
148
136
121
109
87
72
51
38
22
10
-5
-23
-37
-60
-75
-103
-119
-144
-160
-183
-204
-227
-251
-271
-295
-318
-347
-371
-394
-417
-431
-451
-465
-469
-469
-445
-416
-360
-336
-319
-304
-299
-246
-208
-169
-125
-99
-60
-29
13
40
63
54
59
73
102
129
135
146
154
172
185
192
190
182
164
155
152
154
147
128
105
87
65
46
15
-7
-18
-32
-29
-26
-15
-8
-4
-5
2
3
10
16
29
49
65
80
94
106
125
139
149
158
161
178
185
204
219
230
241
249
250
250
244
231
224
211
207
199
188
174
152
140
121
105
85
61
46
25
14
0
-9
-25
-44
-66
-93
-115
-138
-159
-183
-191
-221
-238
-261
-290
-310
-334
-362
-380
-409
-425
-443
-456
-464
-462
-450
-407
-356
-323
-295
-301
-270
-243
-198
-144
-132
-70
-53
-13
33
60
81
83
72
87
112
128
139
149
149
179
176
193
193
180
166
148
137
151
135
119
100
73
70
40
19
-3
-19
-30
-26
-26
0
-2
9
2
12
23
22
37
42
66
80
102
112
136
146
164
171
177
183
191
204
224
236
245
254
256
267
261
256
242
224
213
204
193
188
168
148
129
106
90
60
34
5
-12
-27
-30
-46
-59
-86
-110
-134
-159
-182
-210
-226
-250
-263
-282
-303
-327
-351
-383
-392
-429
-434
-474
-470
-486
-470
-443
-418
-340
-322
-285
-291
-255
-231
-165
-143
-95
-55
-24
20
60
97
115
124
98
126
130
163
164
170
178
200
205
212
206
190
172
141
144
139
143
114
100
76
74
41
19
-15
-30
-36
-43
-17
-6
6
3
10
12
30
21
33
36
59
78
100
117
135
152
165
179
180
194
191
211
218
241
247
259
260
266
266
261
251
228
214
197
195
183
172
143
122
97
79
54
24
-7
-26
-47
-53
-67
-82
-110
-136
-160
-180
-198
-226
-240
-279
-282
-318
-318
-350
-373
-403
-422
-436
-451
-461
-481
-474
-470
-426
-381
-291
-293
-247
-254
-215
-137
-111
-59
-33
7
35
101
117
172
168
160
160
177
199
214
203
202
221
220
250
228
231
199
173
148
145
136
123
91
74
62
43
31
-8
-12
-31
-32
-27
-10
-10
7
2
15
30
27
40
40
65
86
106
122
144
156
183
195
211
217
227
234
253
267
279
285
284
290
287
284
269
257
233
222
209
200
181
155
125
106
86
59
31
-7
-32
-58
-72
-92
-109
-140
-170
-194
-216
-233
-263
-292
-316
-337
-360
-370
-411
-415
-451
-472
-482
-508
-496
-515
-487
-467
-399
-326
-291
-261
-247
-210
-152
-99
-53
-13
34
66
120
169
197
221
197
191
208
220
244
242
239
252
257
269
268
256
230
196
169
156
148
122
98
67
56
39
11
-11
-38
-40
-43
-34
-24
-24
-19
-15
0
15
24
24
31
49
67
96
107
129
147
167
200
214
228
230
239
256
280
298
305
302
300
302
298
288
264
241
218
207
199
183
157
124
98
77
52
24
-15
-49
-75
-98
-116
-142
-169
-211
-240
-268
-289
-311
-345
-366
-402
-412
-439
-462
-484
-512
-532
-556
-571
-571
-563
-534
-482
-411
-339
-320
-293
-270
-214
-147
-89
-49
12
61
106
183
205
247
244
228
244
263
274
281
265
280
304
317
326
306
282
245
209
182
182
153
128
87
71
64
36
6
-32
-52
-63
-68
-60
-46
-51
-39
-38
-17
2
9
9
24
30
57
76
86
124
140
174
195
211
225
239
253
275
286
301
305
311
325
331
331
317
290
262
242
220
206
178
155
129
109
85
48
10
-26
-53
-73
-97
-133
-171
-216
-247
-271
-296
-333
-369
-412
-442
-468
-488
-520
-540
-574
-608
-616
-629
-615
-607
-579
-509
-438
-387
-351
-341
-286
-229
-168
-106
-61
11
57
132
194
241
268
261
254
277
298
315
322
316
337
356
373
372
366
328
292
247
232
215
175
143
101
90
76
49
13
-14
-44
-61
-73
-69
-64
-69
-71
-62
-39
-13
-4
0
15
25
52
60
83
106
128
162
190
218
242
258
278
304
316
330
333
340
349
353
354
344
328
309
287
272
246
212
184
154
129
103
66
35
8
-20
-43
-78
-109
-153
-203
-245
-278
-318
-346
-393
-421
-458
-496
-520
-559
-575
-618
-644
-668
-669
-650
-631
-566
-506
-441
-411
-389
-340
-287
-224
-180
-129
-56
9
82
154
201
256
255
260
272
296
311
321
327
354
388
397
413
405
400
369
323
294
267
229
199
156
142
122
87
60
24
7
-20
-47
-59
-52
-60
-60
-73
-64
-43
-31
-8
7
26
44
59
77
106
119
144
162
189
222
251
280
311
335
354
364
371
377
373
368
359
350
344
328
316
298
271
245
209
176
143
98
59
21
-11
-32
-62
-92
-130
-173
-213
-256
-297
-347
-393
-442
-476
-517
-543
-578
-605
-632
-670
-676
-692
-681
-662
-622
-541
-483
-451
-422
-398
-325
-264
-206
-151
-84
-1
55
145
189
242
250
250
266
293
315
318
323
346
389
416
435
430
420
387
359
323
311
264
221
174
150
144
114
87
46
29
4
-22
-51
-63
-79
-80
-89
-84
-76
-66
-52
-24
5
27
51
58
89
108
135
155
176
199
231
267
312
346
373
396
415
430
431
422
403
388
372
364
348
336
312
293
269
243
208
163
108
61
16
-12
-47
-81
-115
-155
-194
-233
-276
-327
-374
-432
-468
-522
-557
-615
-644
-700
-721
-774
-791
-771
-748
-660
-579
-519
-512
-386
-418
-326
-221
-187
-107
-21
94
179
306
384
470
478
516
467
489
447
427
368
355
357
370
392
382
374
343
288
224
187
76
35
-53
-109
-145
-134
-143
-137
-110
-97
-60
-72
-53
-43
-43
-54
-25
-20
55
87
160
233
315
352
417
451
473
456
433
405
388
361
356
369
370
395
408
439
438
418
381
358
284
249
211
193
190
201
208
218
172
140
59
12
-81
-160
-216
-277
-301
-351
-386
-420
-464
-545
-611
-680
-786
-830
-910
-932
-959
-957
-916
-831
-745
-609
-365
-256
-55
20
167
273
308
300
392
422
483
550
585
703
683
653
594
517
370
247
31
-32
-131
-173
-179
-177
-159
-100
-107
-107
-124
-176
-185
-236
-229
-179
-100
-59
26
84
213
227
241
217
209
173
133
111
141
150
155
196
222
270
240
234
200
192
164
209
217
284
307
382
427
465
449
443
409
388
374
366
370
371
383
402
426
399
382
330
308
269
212
184
153
108
108
34
15
-60
-105
-186
-235
-302
-397
-402
-497
-513
-607
-619
-752
-757
-902
-886
-978
-994
-1069
-1018
-997
-885
-813
-689
-455
-166
77
243
408
513
692
652
665
631
664
634
689
671
767
669
585
431
313
125
-65
-342
-463
-531
-572
-542
-516
-396
-307
-232
-205
-131
-141
-104
-143
-76
22
147
211
305
389
498
504
452
388
305
210
97
20
-15
-21
-52
-55
-31
13
-7
-12
-32
6
48
122
198
329
422
550
641
716
748
751
716
695
659
628
588
554
518
495
454
401
326
230
142
64
-22
-75
-150
-175
-240
-270
-303
-316
-336
-382
-377
-437
-397
-482
-458
-551
-544
-660
-651
-763
-765
-824
-846
-895
-890
-906
-843
-753
-707
-521
-266
35
228
401
484
726
721
699
599
601
569
596
512
595
569
522
385
270
151
-1
-302
-491
-591
-616
-595
-610
-509
-335
-174
-83
6
51
132
92
69
105
211
265
300
329
473
552
536
443
359
286
157
-30
-147
-191
-216
-242
-243
-148
-65
-20
2
71
167
250
282
386
505
635
728
792
870
927
915
865
802
733
649
537
432
363
286
202
130
76
35
-19
-95
-150
-189
-245
-308
-363
-390
-375
-394
-389
-344
-316
-302
-302
-330
-355
-420
-552
-609
-716
-733
-813
-868
-882
-849
-876
-774
-728
-605
-455
-174
46
336
401
603
714
814
742
697
604
654
595
556
545
497
444
328
178
80
-92
-351
-523
-646
-638
-655
-658
-568
-359
-192
-27
35
162
241
258
226
260
302
341
306
344
451
530
517
443
385
345
212
22
-139
-246
-325
-386
-382
-299
-202
-120
-23
126
276
367
431
503
636
732
813
855
921
974
998
959
917
820
710
573
439
322
171
35
-59
-106
-134
-178
-224
-219
-218
-220
-267
-318
-361
-380
-381
-397
-328
-327
-258
-245
-195
-224
-246
-354
-427
-563
-664
-782
-842
-917
-928
-974
-840
-763
-625
-512
-189
79
341
415
528
724
810
768
633
627
650
665
530
557
525
518
327
158
41
-63
-386
-613
-763
-711
-729
-776
-740
-462
-242
-64
-24
140
302
349
273
288
350
403
332
309
432
565
553
464
423
455
364
141
-72
-170
-258
-381
-477
-410
-268
-176
-101
45
283
426
487
521
653
767
812
790
849
920
959
912
870
836
755
579
415
278
158
-44
-201
-295
-290
-316
-351
-339
-254
-194
-195
-237
-239
-242
-271
-304
-289
-246
-197
-183
-117
-76
-64
-137
-245
-324
-456
-596
-769
-899
-976
-1001
-1034
-933
-833
-651
-463
-139
142
386
485
636
745
838
736
637
581
609
594
544
505
504
453
324
163
16
-174
-449
-687
-807
-827
-849
-857
-762
-508
-248
-50
76
246
390
457
426
426
431
437
372
377
452
553
554
526
510
527
425
237
23
-118
-261
-400
-508
-474
-377
-254
-129
75
307
485
571
641
737
803
785
736
740
790
811
779
758
759
722
611
454
305
156
-37
-215
-342
-395
-427
-443
-402
-287
-191
-132
-118
-82
-70
-94
-161
-192
-196
-165
-171
-123
-97
-37
-72
-101
-217
-282
-485
-645
-861
-956
-1082
-1119
-1140
-1008
-854
-638
-329
8
305
496
632
786
896
829
683
558
549
553
478
404
403
430
404
262
144
6
-193
-459
-656
-761
-778
-856
-837
-672
-352
-92
84
239
483
645
684
601
560
533
462
337
314
367
433
412
407
466
502
385
174
-16
-151
-309
-511
-631
-607
-490
-363
-193
58
343
550
687
809
925
966
892
808
789
781
716
636
605
644
625
518
394
292
184
21
-176
-311
-386
-440
-454
-425
-316
-199
-124
-34
39
101
85
27
-17
-28
-71
-113
-159
-138
-116
-161
-194
-273
-346
-470
-631
-799
-927
-1050
-1151
-1172
-1105
-960
-766
-415
-110
253
485
727
906
1027
925
825
678
628
501
371
269
279
297
287
211
184
110
-47
-263
-424
-542
-642
-764
-778
-634
-400
-204
-23
224
512
718
766
765
753
709
562
399
298
286
236
193
192
271
307
237
117
47
-60
-205
-422
-562
-589
-548
-504
-370
-161
132
385
612
816
996
1086
1084
1025
972
868
731
595
506
467
415
331
272
235
211
123
3
-99
-176
-234
-295
-342
-321
-261
-186
-97
-15
66
133
142
167
145
124
42
-22
-100
-140
-237
-307
-434
-492
-588
-675
-795
-915
-1004
-1075
-1107
-1124
-1052
-954
-634
-367
-13
237
552
808
1046
1042
1018
915
855
725
557
376
304
239
197
130
115
94
21
-122
-207
-298
-388
-533
-635
-604
-468
-357
-235
-63
198
459
606
701
781
818
779
647
528
453
340
212
116
98
119
65
-19
-48
-65
-100
-239
-364
-420
-426
-431
-399
-327
-120
73
290
499
712
891
1003
1034
1070
1030
932
784
636
529
422
284
175
112
102
84
36
13
6
-3
-35
-79
-95
-93
-97
-76
-42
11
61
101
158
203
215
199
149
105
48
-55
-172
-286
-415
-522
-674
-778
-917
-992
-1122
-1154
-1204
-1140
-1096
-972
-738
-407
-89
188
450
718
1001
1083
1064
987
949
881
744
538
442
395
359
257
185
156
121
-20
-145
-246
-298
-424
-552
-604
-488
-385
-302
-221
1
267
463
541
638
740
806
729
603
517
451
314
171
62
56
14
-82
-165
-164
-168
-221
-360
-408
-387
-358
-361
-338
-227
-34
129
297
476
683
854
945
1006
1056
1045
963
825
696
588
447
303
180
120
98
68
33
26
42
55
32
2
-9
-9
-8
-13
2
33
60
98
126
162
181
172
147
119
80
-16
-124
-269
-369
-529
-656
-851
-959
-1092
-1140
-1231
-1214
-1190
-1071
-931
-716
-402
-100
201
446
729
946
1111
1082
1054
1003
967
857
699
550
497
444
367
270
185
128
25
-115
-222
-325
-416
-523
-592
-551
-457
-387
-293
-158
75
289
419
514
607
693
715
622
530
444
346
227
84
-12
-53
-126
-191
-238
-244
-242
-299
-339
-338
-305
-270
-248
-199
-52
91
244
372
522
690
832
910
969
982
973
900
798
687
563
420
293
188
136
74
18
-15
-10
11
14
-16
-23
-7
19
31
42
66
104
136
160
184
203
201
180
153
113
62
-38
-163
-272
-400
-508
-657
-788
-901
-970
-1048
-1085
-1092
-1052
-963
-870
-717
-480
-178
92
359
600
876
1089
1188
1175
1135
1096
1017
870
679
532
423
335
198
94
1
-65
-166
-266
-343
-390
-471
-541
-583
-523
-451
-394
-328
-178
25
225
337
452
570
678
691
628
543
476
364
232
92
4
-64
-153
-231
-252
-235
-224
-259
-267
-215
-156
-113
-98
-47
70
182
277
365
482
617
726
777
825
852
854
794
712
630
549
438
311
211
148
96
20
-41
-47
-22
-18
-33
-33
16
68
92
114
154
220
256
252
249
247
223
167
84
39
-6
-80
-162
-249
-307
-380
-476
-581
-638
-727
-780
-860
-891
-884
-858
-796
-689
-495
-232
49
302
579
821
1052
1174
1192
1133
1070
954
823
612
426
280
195
92
8
-83
-108
-162
-219
-290
-334
-391
-443
-515
-499
-444
-380
-327
-239
-68
134
274
380
480
592
666
640
576
516
433
320
179
63
-7
-90
-176
-226
-225
-202
-212
-233
-198
-140
-83
-67
-26
53
164
239
307
368
471
536
594
627
671
701
708
681
671
631
552
449
345
273
188
80
-15
-70
-86
-84
-86
-57
9
89
173
232
286
330
357
354
328
274
227
173
131
71
41
-5
-25
-63
-106
-159
-225
-304
-407
-484
-591
-658
-758
-789
-832
-794
-764
-654
-527
-285
-55
203
413
631
820
963
1007
965
914
835
741
578
414
271
191
90
1
-93
-135
-180
-233
-291
-314
-340
-361
-408
-397
-335
-272
-240
-190
-98
57
157
231
300
401
491
526
498
488
450
385
282
182
101
13
-102
-176
-209
-200
-207
-225
-202
-131
-70
-27
-13
44
120
185
230
270
328
397
455
507
563
599
640
646
655
634
581
497
410
309
223
126
47
-8
-30
-21
4
33
83
142
214
269
311
337
364
369
369
338
311
271
239
187
149
101
75
21
-6
-75
-113
-195
-248
-326
-372
-470
-515
-585
-612
-648
-660
-661
-617
-556
-431
-241
-65
160
329
553
716
858
856
866
794
765
622
463
287
182
72
-19
-134
-174
-193
-208
-226
-226
-205
-185
-213
-218
-189
-154
-153
-169
-146
-55
19
71
124
212
321
378
384
388
392
369
308
223
174
112
36
-45
-95
-109
-112
-148
-158
-140
-91
-66
-51
-18
58
127
189
229
291
357
414
453
487
522
547
549
539
532
510
467
396
339
287
236
172
122
92
100
105
118
136
183
238
288
313
347
373
401
399
387
351
328
276
223
161
123
64
36
-19
-29
-55
-81
-127
-161
-196
-257
-324
-436
-476
-560
-594
-660
-683
-692
-624
-543
-369
-213
-12
172
383
538
681
687
716
680
650
537
404
259
199
101
41
-43
-70
-75
-85
-104
-93
-84
-90
-121
-148
-118
-120
-153
-195
-191
-142
-89
-87
-38
28
130
188
224
262
322
331
328
278
264
223
157
75
37
1
-24
-84
-106
-90
-59
-54
-47
-23
36
81
118
156
209
273
320
364
401
425
447
463
463
459
439
415
389
353
326
296
264
231
209
210
220
214
207
213
240
274
282
286
301
328
338
330
315
315
303
280
240
214
177
135
80
34
1
-47
-103
-177
-211
-263
-312
-397
-452
-498
-541
-588
-633
-639
-645
-622
-590
-456
-335
-161
-41
150
306
480
516
580
590
630
572
470
359
309
234
141
36
-17
-24
-67
-113
-144
-129
-129
-160
-213
-188
-175
-174
-214
-213
-169
-119
-121
-87
-34
68
121
149
198
283
328
335
306
313
307
260
184
126
85
45
-32
-83
-99
-96
-103
-111
-92
-44
2
39
73
125
196
245
285
321
352
389
403
412
410
408
407
400
383
367
345
321
292
262
251
237
226
211
217
235
267
281
297
322
358
383
386
381
379
376
348
306
250
211
147
89
15
-38
-95
-160
-218
-298
-313
-399
-423
-518
-520
-579
-576
-645
-638
-650
-623
-615
-555
-445
-312
-166
-38
140
290
446
484
557
582
621
564
485
393
353
277
187
91
37
4
-51
-112
-136
-141
-153
-187
-202
-169
-133
-141
-148
-133
-76
-49
-54
-42
9
66
95
108
151
215
243
247
249
276
284
251
202
175
145
97
24
-23
-41
-64
-90
-112
-104
-65
-33
4
51
114
177
233
275
325
358
383
396
397
407
400
390
373
366
356
356
334
324
308
318
321
321
313
319
333
357
362
371
381
398
399
392
373
362
331
291
230
186
128
71
-13
-61
-123
-166
-233
-282
-332
-366
-398
-438
-452
-475
-482
-508
-514
-530
-511
-530
-514
-519
-445
-369
-265
-170
-33
112
265
385
452
528
566
596
559
493
419
369
286
207
115
58
10
-47
-91
-111
-112
-123
-143
-146
-103
-79
-84
-101
-96
-60
-50
-69
-69
-41
0
22
27
70
125
167
188
210
248
273
259
232
219
205
168
92
35
8
-17
-57
-98
-117
-93
-68
-39
-6
43
108
164
222
278
336
367
396
404
436
428
415
388
391
402
407
383
372
378
398
402
387
380
378
375
364
348
334
320
295
268
248
230
201
159
120
99
67
30
-32
-64
-99
-117
-164
-195
-218
-237
-262
-297
-313
-342
-359
-401
-425
-439
-458
-471
-498
-490
-499
-477
-442
-362
-268
-151
-43
92
220
332
401
475
522
561
538
487
434
389
325
236
147
86
35
-20
-62
-92
-93
-110
-119
-122
-85
-74
-79
-104
-99
-93
-93
-116
-117
-104
-73
-58
-23
25
77
123
160
210
254
275
261
243
223
194
131
61
3
-38
-76
-115
-143
-142
-117
-84
-43
21
94
175
244
311
374
425
459
470
481
476
470
441
411
386
372
364
355
346
348
355
357
349
336
320
298
270
237
208
189
165
144
127
131
133
133
110
96
80
59
20
-22
-58
-91
-130
-177
-210
-244
-268
-307
-335
-365
-386
-419
-448
-467
-483
-486
-507
-506
-510
-469
-394
-312
-194
-87
68
198
350
425
519
567
622
620
578
512
454
393
304
214
126
81
6
-37
-96
-103
-126
-138
-157
-134
-107
-92
-106
-112
-100
-94
-109
-131
-125
-105
-86
-78
-41
19
84
126
169
221
262
272
257
244
231
182
111
41
-2
-33
-73
-102
-103
-70
-29
21
81
167
239
305
356
414
461
478
482
475
479
461
441
396
378
357
348
320
306
296
300
295
293
290
289
286
276
268
252
239
217
197
182
172
161
144
123
109
95
69
33
-5
-29
-55
-96
-131
-178
-195
-245
-265
-318
-328
-366
-387
-421
-442
-453
-471
-473
-478
-445
-433
-370
-300
-186
-76
47
174
299
420
477
551
570
611
576
526
453
395
323
236
153
89
41
-24
-61
-101
-99
-131
-146
-161
-139
-129
-134
-153
-153
-143
-149
-158
-159
-137
-115
-97
-70
-20
44
90
127
166
217
243
247
229
221
203
157
93
42
11
-12
-35
-46
-22
21
77
129
198
271
330
377
413
449
470
464
443
425
406
381
341
304
284
268
255
238
232
235
241
242
247
252
257
257
250
244
234
220
203
186
175
161
134
107
76
58
35
5
-19
-44
-56
-89
-122
-172
-205
-246
-291
-335
-379
-409
-451
-473
-496
-494
-487
-482
-459
-430
-381
-316
-230
-146
-25
80
211
303
407
457
522
539
558
517
470
407
346
282
200
129
58
-2
-61
-96
-135
-155
-192
-202
-209
-196
-200
-199
-203
-185
-179
-171
-162
-141
-111
-86
-62
-27
7
47
78
108
143
163
172
177
184
191
184
158
140
120
116
93
82
75
94
108
139
163
202
241
277
307
337
357
367
357
351
343
329
307
273
253
242
232
225
221
226
236
240
247
252
266
269
267
262
261
251
237
209
187
157
126
87
53
22
-8
-40
-76
-107
-135
-165
-193
-228
-246
-277
-296
-323
-351
-373
-402
-409
-434
-420
-433
-407
-407
-371
-331
-255
-180
-94
2
99
211
286
366
391
446
450
465
430
395
344
300
244
186
126
69
14
-37
-77
-105
-130
-157
-175
-178
-171
-170
-171
-166
-154
-140
-137
-135
-122
-109
-90
-80
-60
-38
-7
22
60
98
131
157
173
194
211
217
210
195
183
170
156
136
127
112
119
122
145
160
190
219
245
271
291
307
322
328
328
323
309
298
278
264
252
239
231
225
226
233
238
243
249
262
269
267
249
230
196
161
113
71
34
-3
-31
-60
-74
-97
-105
-134
-129
-156
-163
-195
-211
-232
-255
-285
-313
-332
-347
-358
-371
-364
-370
-341
-344
-290
-275
-192
-163
-66
-2
95
155
222
277
324
358
358
357
327
311
259
224
165
131
79
44
5
-20
-43
-68
-82
-94
-94
-98
-110
-110
-111
-105
-106
-108
-105
-98
-93
-87
-84
-79
-61
-52
-23
-5
34
60
93
126
165
185
203
213
223
227
214
196
182
167
158
143
138
140
147
158
173
193
219
229
244
255
269
275
270
261
260
257
256
244
239
242
244
245
242
248
256
252
247
243
242
230
204
176
156
138
112
78
55
34
13
-19
-49
-77
-101
-123
-154
-172
-197
-206
-226
-227
-239
-235
-253
-249
-264
-247
-261
-255
-267
-260
-248
-237
-221
-197
-158
-107
-49
7
66
113
166
198
234
240
249
230
220
197
177
143
110
76
51
21
2
-28
-44
-55
-58
-58
-57
-60
-63
-72
-74
-78
-81
-90
-99
-103
-102
-94
-92
-77
-61
-22
4
39
68
107
142
172
199
217
228
229
223
215
206
189
166
150
148
144
140
129
136
147
157
170
181
200
222
239
256
272
283
291
288
296
297
292
278
269
268
274
269
268
264
262
256
242
230
212
187
163
134
113
87
51
21
-10
-31
-64
-89
-119
-132
-148
-155
-165
-175
-176
-185
-180
-185
-182
-191
-184
-198
-185
-203
-197
-213
-208
-211
-200
-193
-170
-142
-99
-50
-2
56
94
141
168
197
207
208
200
195
182
171
144
128
99
81
52
35
9
1
-19
-26
-44
-47
-59
-60
-70
-67
-65
-61
-54
-53
-46
-38
-27
-18
-1
16
34
54
83
107
137
161
185
200
221
224
229
221
215
195
181
162
152
140
134
133
139
152
166
187
206
231
252
270
290
306
321
328
326
328
321
315
302
290
278
271
261
258
246
244
227
214
197
184
171
155
136
121
105
95
77
58
37
17
4
-16
-34
-57
-70
-85
-97
-104
-107
-109
-117
-125
-132
-134
-139
-151
-157
-162
-162
-165
-168
-163
-157
-146
-135
-115
-88
-57
-21
6
42
69
104
127
148
157
158
152
135
121
99
78
50
19
-11
-32
-50
-66
-71
-79
-73
-68
-58
-49
-38
-30
-24
-12
-6
-1
-3
7
7
16
18
34
48
70
85
105
118
138
147
161
171
184
186
187
180
172
164
153
145
140
143
144
158
165
191
207
237
261
285
306
322
328
329
321
312
296
278
258
236
218
204
194
193
193
195
193
190
186
178
166
153
143
129
120
99
88
64
54
28
22
-5
-18
-37
-49
-63
-74
-85
-93
-102
-105
-112
-121
-128
-134
-138
-139
-143
-144
-143
-137
-128
-124
-114
-109
-96
-85
-68
-58
-37
-31
-9
-4
18
22
37
40
46
47
42
38
20
8
-17
-32
-49
-60
-76
-80
-84
-77
-74
-66
-56
-39
-24
-15
-10
-1
-4
-3
-15
-15
-17
-14
-20
-8
2
27
41
62
84
106
129
141
154
161
168
168
169
170
165
160
155
153
158
157
165
174
192
208
224
236
250
258
271
270
275
269
264
252
243
235
227
218
208
201
201
202
201
197
194
186
178
162
153
143
136
125
111
96
82
64
38
21
-1
-17
-37
-49
-62
-68
-75
-80
-89
-87
-92
-90
-95
-96
-95
-96
-95
-95
-92
-86
-86
-78
-73
-67
-65
-64
-63
-64
-55
-56
-52
-52
-44
-42
-31
-37
-33
-38
-35
-43
-45
-53
-63
-71
-84
-87
-93
-90
-94
-89
-88
-84
-74
-75
-62
-56
-46
-46
-42
-47
-43
-42
-32
-25
-19
-3
9
33
44
67
82
99
118
131
148
156
168
175
182
178
177
170
162
160
158
158
160
168
174
188
200
214
223
236
248
256
260
254
252
247
242
233
227
220
217
210
203
197
191
185
175
167
155
142
126
112
99
88
78
73
62
53
44
32
22
11
-1
-12
-23
-30
-36
-37
-38
-41
-47
-48
-48
-48
-50
-57
-63
-64
-66
-68
-70
-75
-77
-80
-80
-84
-78
-78
-70
-67
-57
-54
-48
-49
-44
-46
-46
-57
-65
-78
-89
-104
-119
-128
-141
-147
-156
-158
-159
-155
-153
-145
-139
-129
-123
-115
-108
-96
-88
-78
-69
-61
-52
-41
-29
-14
0
20
39
56
70
84
96
103
114
116
121
122
127
128
132
132
133
137
143
147
155
161
170
180
191
201
205
215
219
226
229
230
227
220
210
203
192
182
170
157
145
134
125
118
113
108
101
100
98
100
99
102
101
98
92
82
70
56
43
29
18
7
-1
-12
-13
-17
-21
-25
-28
-31
-39
-45
-55
-58
-66
-68
-76
-75
-74
-75
-76
-77
-72
-71
-64
-63
-53
-47
-43
-40
-43
-45
-53
-60
-72
-84
-96
-107
-122
-134
-149
-164
-174
-184
-182
-185
-183
-183
-176
-166
-154
-143
-138
-124
-114
-100
-96
-89
-83
-74
-66
-62
-50
-44
-31
-22
-6
7
23
32
43
58
72
84
88
93
98
106
111
115
121
126
136
143
152
160
172
181
191
197
201
203
196
193
184
179
172
164
159
155
153
150
148
148
150
148
147
147
149
147
144
141
135
128
119
110
99
96
87
84
73
74
64
63
51
44
35
25
17
8
1
-8
-14
-22
-26
-31
-31
-33
-28
-28
-26
-26
-24
-26
-29
-37
-41
-54
-57
-65
-64
-67
-62
-61
-55
-50
-49
-54
-57
-63
-74
-91
-106
-123
-135
-151
-165
-173
-175
-173
-169
-166
-161
-156
-147
-141
-135
-131
-126
-128
-128
-131
-129
-128
-124
-115
-106
-87
-75
-58
-47
-28
-11
6
19
34
49
60
70
74
77
81
83
81
84
84
85
89
90
97
105
117
122
132
138
146
150
154
152
154
154
157
156
157
158
160
162
160
160
161
160
163
160
156
146
138
131
124
116
108
99
92
87
80
76
72
71
69
69
68
70
65
65
59
54
48
41
33
29
25
17
13
11
11
8
7
4
0
-1
-7
-8
-10
-15
-20
-26
-25
-23
-24
-25
-27
-33
-36
-47
-58
-72
-87
-103
-117
-132
-143
-157
-164
-168
-165
-163
-158
-156
-148
-146
-139
-139
-134
-136
-134
-132
-125
-117
-109
-98
-86
-74
-59
-48
-39
-34
-25
-18
-9
-9
-10
-9
-1
2
2
1
2
9
14
20
21
31
37
48
56
69
75
85
90
98
102
112
115
120
124
130
133
140
139
141
132
133
127
130
128
125
120
122
121
120
117
114
112
111
112
113
112
113
112
114
111
108
99
96
89
85
82
75
71
72
72
71
69
70
71
74
69
67
60
58
55
51
45
39
35
32
30
23
22
19
13
5
-3
-12
-16
-27
-34
-45
-52
-61
-72
-85
-91
-100
-107
-118
-124
-134
-141
-143
-140
-136
-132
-130
-125
-117
-108
-100
-96
-91
-91
-88
-84
-79
-75
-70
-69
-65
-59
-54
-48
-44
-39
-32
-27
-23
-19
-15
-10
-8
-8
-10
-7
-7
-2
1
11
17
24
28
38
51
59
67
71
78
85
91
94
95
96
98
90
93
92
91
92
89
88
90
94
94
99
104
107
108
113
114
115
115
111
108
106
103
99
96
91
88
86
91
95
99
103
101
101
99
98
95
93
89
81
74
71
66
62
54
47
43
44
43
42
39
37
36
32
27
22
12
2
-10
-23
-37
-48
-61
-68
-78
-87
-94
-96
-97
-99
-102
-105
-109
-104
-105
-103
-103
-99
-97
-94
-92
-86
-78
-72
-72
-73
-74
-70
-69
-68
-68
-66
-59
-56
-51
-43
-37
-30
-25
-19
-17
-17
-18
-22
-26
-25
-24
-21
-18
-11
-9
1
10
17
24
25
28
30
38
42
45
47
49
59
59
62
61
61
57
57
56
60
60
59
59
57
56
55
52
53
53
59
63
65
72
76
79
79
81
80
80
76
77
74
75
79
79
86
91
94
96
95
96
91
89
80
75
72
65
57
51
45
41
32
24
20
20
19
14
13
8
1
-7
-18
-22
-29
-35
-44
-54
-59
-65
-69
-74
-72
-73
-76
-79
-80
-84
-88
-90
-95
-90
-89
-89
-86
-83
-78
-75
-73
-72
-71
-69
-72
-74
-75
-73
-68
-65
-60
-56
-49
-43
-42
-36
-35
-32
-35
-35
-36
-40
-38
-38
-37
-33
-31
-23
-15
-4
6
11
17
19
21
22
22
19
17
18
18
17
14
11
16
17
20
22
21
23
22
23
22
27
29
30
30
34
35
38
41
45
48
54
56
59
60
64
61
62
61
63
63
66
65
65
67
67
68
65
63
58
52
43
34
28
22
16
13
11
11
10
9
4
2
0
-5
-9
-16
-22
-24
-30
-37
-44
-54
-59
-66
-72
-73
-75
-76
-76
-77
-73
-71
-69
-71
-72
-73
-77
-74
-71
-71
-67
-65
-61
-59
-58
-57
-55
-50
-50
-47
-44
-38
-35
-33
-33
-35
-34
-32
-33
-34
-35
-35
-36
-35
-33
-31
-28
-28
-28
-26
-22
-17
-11
0
7
14
22
24
22
22
20
18
14
12
8
11
11
11
11
13
20
27
32
34
33
33
33
34
32
29
28
29
28
28
31
34
38
44
47
53
57
60
59
58
57
59
58
58
55
54
52
47
44
39
35
30
29
25
21
16
14
10
13
13
11
12
8
4
2
-4
-6
-14
-23
-30
-35
-42
-47
-51
-53
-57
-60
-63
-64
-61
-60
-58
-55
-54
-53
-53
-56
-56
-56
-56
-56
-52
-50
-49
-47
-46
-44
-40
-40
-41
-42
-43
-42
-44
-42
-42
-39
-37
-36
-36
-34
-35
-35
-38
-40
-39
-33
-28
-22
-22
-19
-15
-8
-5
0
4
5
7
7
6
7
8
4
5
7
9
7
6
3
3
3
3
1
1
5
9
14
16
20
21
24
28
32
35
35
36
38
39
41
41
43
47
50
50
48
46
42
41
43
39
40
40
38
33
30
27
26
26
23
22
21
19
16
16
12
10
7
3
1
-3
-6
-8
-12
-15
-21
-26
-33
-36
-40
-44
-46
-47
-46
-43
-43
-43
-40
-37
-34
-31
-30
-30
-29
-30
-30
-31
-33
-34
-35
-33
-32
-30
-27
-27
-27
-25
-20
-20
-21
-22
-25
-26
-25
-23
-20
-19
-20
-15
-9
-6
-6
-8
-6
-2
-3
-4
-5
-3
1
5
6
10
10
11
10
7
5
2
1
-1
-1
1
5
5
9
14
18
19
21
21
27
33
36
37
35
37
39
40
40
41
42
44
42
45
47
51
54
56
56
59
58
59
60
60
58
56
55
52
47
42
39
36
33
30
26
23
20
18
15
12
9
10
7
3
1
-1
-1
-3
-2
-3
-4
-3
-4
-4
-5
-5
-8
-11
-14
-15
-14
-16
-18
-19
-17
-14
-13
-15
-19
-18
-16
-16
-16
-19
-20
-16
-13
-9
-5
-4
-2
-2
-1
1
1
3
4
3
5
3
2
-1
-3
-6
-6
-7
-10
-11
-12
-10
-7
-4
-4
-2
-2
1
3
6
6
9
11
13
15
19
21
24
26
29
31
32
33
34
35
36
37
38
37
36
34
37
39
39
38
40
41
43
44
46
48
52
53
57
57
60
64
62
61
61
59
56
49
42
38
31
29
24
21
20
17
15
14
17
18
18
19
20
21
22
18
14
11
10
9
8
6
6
5
5
3
2
-1
-3
-7
-9
-13
-14
-16
-16
-16
-17
-17
-17
-16
-13
-11
-13
-14
-16
-14
-10
-9
-8
-6
-3
-1
4
6
6
8
6
6
2
0
-4
-5
-12
-17
-20
-21
-18
-19
-17
-17
-12
-6
-1
4
5
7
7
6
9
9
9
10
11
14
17
19
21
21
22
22
22
21
21
20
21
22
23
26
27
31
34
37
42
41
43
46
51
52
49
48
50
51
46
45
43
42
42
42
41
40
38
38
34
32
29
25
20
18
18
18
15
15
14
16
18
18
19
19
21
23
20
17
13
9
4
0
-4
-7
-10
-14
-15
-17
-16
-14
-14
-12
-10
-11
-9
-10
-10
-11
-11
-12
-11
-10
-8
-5
-3
-2
-1
-1
0
3
0
-5
-9
-11
-7
-5
-4
-4
-5
-9
-10
-8
-8
-7
-6
-5
-5
-7
-9
-12
-13
-13
-8
-5
-3
-3
-4
-5
-3
-1
1
4
6
5
6
8
9
10
9
12
14
19
23
25
23
25
24
25
26
27
27
29
31
32
32
32
35
38
39
41
43
44
43
41
38
37
38
38
37
35
33
32
30
28
27
24
23
19
18
18
18
15
15
15
16
17
17
15
14
15
15
15
14
13
10
8
6
6
6
4
3
1
-1
0
-1
-2
-2
-2
-4
-5
-7
-9
-10
-12
-13
-10
-8
-6
-3
-5
-4
-4
-4
-4
-5
-7
-8
-7
-7
-6
-7
-9
-9
-9
-9
-10
-11
-12
-13
-13
-14
-16
-17
-15
-11
-8
-7
-7
-7
-8
-6
-6
-3
-1
2
5
5
5
4
4
4
3
3
3
2
4
4
4
4
4
8
10
10
11
14
17
18
17
18
21
23
27
28
27
26
28
25
23
21
18
19
19
18
16
14
13
12
12
10
9
8
4
3
2
-1
-3
-4
-7
-6
-5
-3
-1
1
3
5
6
5
3
2
2
-1
-4
-9
-10
-11
-12
-13
-14
-14
-14
-12
-11
-12
-14
-16
-17
-16
-15
-16
-16
-15
-15
-16
-20
-18
-18
-16
-20
-21
-23
-22
-22
-20
-19
-16
-14
-15
-16
-19
-20
-21
-20
-21
-23
-23
-22
-20
-18
-19
-19
-17
-15
-14
-16
-17
-17
-18
-16
-15
-16
-14
-13
-14
-16
-17
-14
-12
-10
-10
-9
-9
-7
-4
-2
-1
0
0
-1
1
2
4
4
5
7
10
10
11
11
12
14
15
16
16
13
11
11
11
9
8
4
4
3
2
-2
-5
-8
-8
-9
-12
-12
-13
-13
-13
-11
-9
-8
-8
-6
-4
-4
-4
-5
-8
-11
-13
-12
-12
-15
-18
-19
-16
-16
-17
-16
-18
-14
-14
-15
-17
-19
-19
-20
-21
-23
-26
-26
-26
-26
-27
-27
-27
-24
-19
-16
-16
-15
-13
-13
-16
-20
-23
-22
-24
-25
-27
-27
-27
-24
-27
-30
-30
-28
-25
-23
-21
-21
-21
-22
-18
-18
-18
-17
-18
-19
-18
-17
-18
-17
-15
-13
-12
-11
-12
-14
-10
-9
-7
-7
-4
-3
-1
0
1
2
4
5
7
7
7
8
7
9
10
10
11
10
8
5
5
7
6
4
0
-3
-5
-5
-6
-8
-11
-14
-16
-17
-18
-16
-15
-12
-12
-13
-12
-12
-11
-10
-9
-8
-6
-6
-5
-5
-5
-6
-8
-8
-8
-8
-9
-8
-10
-11
-14
-16
-17
-19
-18
-18
-18
-16
-15
-16
-15
-15
-14
-16
-18
-20
-20
-19
-16
-17
-17
-16
-14
-13
-14
-14
-13
-12
-14
-17
-21
-21
-21
-20
-21
-19
-19
-19
-20
-19
-16
-15
-15
-14
-14
-14
-13
-16
-17
-17
-17
-16
-14
-12
-9
-6
-7
-7
-7
-5
-4
-2
-2
-2
-1
2
3
6
8
9
13
13
12
14
14
12
11
10
8
9
9
8
5
2
1
1
2
2
1
0
0
-1
-1
-2
-1
-3
-4
-5
-6
-4
-3
-7
-6
-7
-7
-4
-4
-5
0
-6
0
-3
-5
-1
-5
-1
-4
-7
-7
-9
-4
-6
-4
-7
-9
-9
-10
-9
-14
-12
-15
-17
-17
-21
-19
-18
-21
-24
-25
-21
-20
-19
-18
-18
-17
-17
-17
-19
-19
-16
-18
-16
-15
-14
-13
-15
-15
-18
-20
-21
-21
-21
-20
-20
-21
-21
-20
-19
-16
-16
-16
-16
-15
-15
-16
-15
-14
-10
-9
-9
-7
-7
-7
-7
-7
-5
-3
-2
-2
-2
0
0
-1
-3
-3
-2
-2
0
1
1
2
2
4
5
5
3
3
4
5
5
3
0
-2
-4
-8
-10
-12
-14
-14
-15
-15
-16
-15
-16
-17
-16
-14
-14
-12
-12
-11
-11
-8
-5
-5
-6
-6
-5
-3
-2
-3
-5
-6
-5
-5
-8
-12
-16
-17
-19
-18
-17
-17
-17
-17
-17
-17
-20
-19
-19
-18
-16
-17
-16
-17
-17
-18
-18
-16
-14
-14
-11
-11
-10
-11
-14
-15
-16
-14
-13
-14
-16
-17
-18
-17
-16
-15
-14
-14
-15
-14
-13
-11
-10
-10
-9
-6
-4
-4
-6
-7
-8
-6
-6
-8
-10
-11
-10
-9
-10
-9
-10
-9
-5
-1
-2
-2
-2
-2
2
3
4
5
7
8
7
7
6
7
9
8
7
3
1
-2
-6
-9
-11
-15
-17
-17
-19
-20
-19
-18
-19
-17
-15
-14
-10
-9
-9
-8
-7
-4
-4
-4
-4
-6
-5
-4
-4
-5
-7
-7
-9
-12
-15
-14
-15
-13
-12
-13
-15
-16
-17
-17
-14
-15
-18
-17
-17
-16
-13
-13
-15
-14
-16
-16
-16
-16
-17
-17
-19
-19
-17
-20
-23
-23
-23
-22
-22
-21
-23
-25
-25
-25
-24
-23
-21
-19
-17
-13
-10
-10
-9
-9
-10
-10
-10
-13
-14
-14
-16
-18
-20
-22
-21
-22
-21
-20
-19
-17
-18
-18
-16
-14
-9
-7
-7
-9
-10
-9
-7
-6
-7
-8
-8
-8
-10
-10
-11
-11
-12
-13
-12
-13
-14
-15
-17
-17
-18
-18
-20
-20
-22
-22
-23
-25
-22
-23
-23
-22
-24
-20
-16
-14
-16
-18
-19
-20
-17
-16
-17
-17
-18
-19
-21
-23
-22
-22
-23
-24
-23
-23
-21
-21
-22
-23
-24
-23
-21
-22
-24
-25
-26
-27
-28
-32
-30
-29
-28
-27
-26
-25
-26
-27
-28
-27
-27
-27
-26
-26
-28
-28
-28
-27
-27
-25
-25
-27
-30
-31
-30
-30
-29
-29
-28
-26
-24
-23
-22
-21
-21
-19
-17
-19
-21
-24
-23
-22
-20
-20
-20
-21
-20
-18
-18
-17
-16
-14
-13
-13
-15
-18
-19
-17
-14
-13
-11
-12
-11
-10
-10
-9
-9
-12
-11
-10
-12
-13
-15
-16
-16
-15
-13
-15
-14
-15
-16
-17
-18
-18
-19
-19
-18
-16
-16
-18
-19
-17
-16
-14
-11
-13
-12
-12
-9
-9
-9
-10
-11
-10
-8
-8
-10
-13
-17
-18
-19
-21
-23
-25
-25
-24
-21
-20
-22
-23
-23
-20
-20
-19
-22
-21
-19
-19
-21
-22
-20
-18
-19
-21
-23
-23
-21
-20
-20
-20
-22
-23
-22
-23
-23
-27
-28
-28
-25
-22
-20
-20
-19
-18
-18
-18
-20
-20
-18
-18
-18
-19
-19
-17
-15
-16
-14
-14
-16
-15
-16
-18
-18
-18
-18
-17
-15
-15
-15
-14
-12
-11
-11
-8
-7
-5
-5
-6
-7
-10
-13
-11
-10
-10
-10
-10
-11
-12
-12
-11
-15
-16
-16
-16
-17
-18
-21
-20
-19
-18
-19
-18
-15
-13
-11
-10
-10
-9
-8
-9
-12
-12
-11
-9
-7
-9
-9
-11
-13
-17
-17
-18
-18
-18
-20
-23
-24
-25
-25
-24
-24
-23
-24
-23
-21
-19
-19
-21
-24
-26
-27
-24
-23
-22
-23
-23
-22
-22
-22
-22
-23
-23
-24
-24
-25
-27
-26
-27
-27
-28
-28
-27
-26
-23
-21
-21
-22
-20
-18
-18
-19
-20
-19
-19
-17
-17
-19
-21
-22
-23
-22
-21
-21
-24
-26
-24
-22
-23
-23
-22
-21
-18
-14
-11
-10
-11
-10
-9
-7
-7
-9
-8
-6
-5
-8
-11
-15
-17
-16
-16
-13
-13
-15
-18
-19
-20
-21
-22
-24
-21
-20
-16
-14
-14
-13
-12
-10
-10
-10
-9
-10
-10
-9
-8
-10
-10
-10
-10
-11
-11
-11
-11
-13
-15
-17
-15
-15
-15
-18
-19
-18
-17
-15
-14
-15
-17
-19
-19
-19
-18
-18
-18
-16
-15
-15
-16
-17
-17
-19
-20
-20
-20
-19
-21
-21
-21
-23
-24
-25
-25
-24
-22
-20
-20
-18
-17
-15
-16
-15
-16
-15
-15
-14
-14
-14
-14
-15
-16
-18
-16
-15
-15
-15
-17
-16
-14
-14
-14
-15
-18
-17
-16
-13
-11
-9
-10
-10
-8
-6
-5
-8
-9
-8
-6
-5
-4
-3
-1
-1
-4
-6
-6
-5
-6
-7
-8
-8
-10
-9
-9
-9
-9
-8
-7
-7
-7
-6
-6
-3
-1
0
2
1
1
-2
-3
-3
-4
-5
-5
-3
-1
0
-4
-10
-10
-8
-6
-6
-7
-7
-7
-6
-6
-7
-5
-6
-6
-8
-11
-13
-12
-10
-9
-11
-12
-14
-13
-12
-14
-16
-18
-18
-18
-16
-16
-16
-17
-18
-18
-16
-14
-16
-16
-16
-16
-15
-14
-15
-15
-15
-15
-13
-14
-12
-11
-10
-9
-12
-10
-8
-9
-9
-9
-15
-16
-15
-15
-13
-12
-12
-13
-13
-14
-13
-10
-11
-12
-11
-9
-6
-7
-9
-7
-9
-8
-8
-8
-7
-6
-5
-6
-9
-11
-11
-9
-7
-7
-6
-7
-8
-6
-4
-5
-6
-8
-10
-9
-10
-8
-8
-10
-11
-10
-8
-7
-5
-5
-5
-4
-4
-4
-5
-8
-9
-9
-9
-6
-5
-5
-5
-6
-8
-8
-9
-9
-8
-9
-11
-11
-12
-12
-13
-15
-15
-15
-15
-14
-16
-18
-18
-18
-18
-18
-17
-18
-17
-18
-16
-15
-15
-16
-17
-17
-17
-17
-19
-21
-21
-20
-21
-21
-21
-19
-16
-16
-16
-18
-20
-19
-17
-15
-15
-18
-22
-22
-22
-21
-19
-18
-17
-16
-16
-15
-17
-17
-18
-18
-17
-18
-17
-17
-14
-15
-18
-17
-15
-12
-13
-16
-18
-18
-16
-13
-12
-12
-13
-12
-11
-10
-8
-8
-9
-11
-14
-14
-15
-15
-16
-17
-16
-15
-16
-15
-13
-14
-12
-10
-8
-7
-7
-7
-8
-10
-10
-10
-10
-8
-10
-10
-11
-11
-11
-11
-12
-13
-13
-13
-13
-15
-15
-16
-16
-14
-15
-16
-17
-18
-18
-18
-19
-18
-18
-18
-16
-17
-16
-15
-15
-16
-15
-16
-18
-21
-22
-20
-20
-20
-22
-22
-22
-21
-21
-21
-21
-20
-18
-18
-18
-19
-19
-17
-15
-13
-14
-17
-18
-18
-19
-19
-21
-21
-22
-20
-21
-23
-23
-20
-19
-20
-21
-21
-20
-18
-16
-17
-17
-17
-13
-10
-10
-8
-9
-11
-11
-10
-11
-16
-18
-16
-13
-11
-11
-12
-13
-12
-12
-13
-15
-16
-17
-16
-15
-15
-16
-16
-14
-11
-9
-6
-4
-5
-5
-4
-3
-5
-6
-6
-7
-6
-6
-9
-10
-12
-12
-11
-10
-10
-11
-11
-9
-8
-8
-7
-7
-8
-7
-8
-9
-9
-11
-12
-12
-11
-11
-14
-15
-16
-15
-12
-11
-11
-12
-13
-13
-14
-14
-16
-16
-16
-17
-16
-16
-18
-16
-16
-16
-15
-15
-15
-16
-18
-18
-16
-15
-13
-14
-16
-16
-15
-16
-16
-16
-17
-19
-17
-17
-17
-19
-19
-17
-17
-15
-15
-16
-14
-13
-11
-11
-12
-13
-13
-14
-14
-15
-16
-17
-16
-16
-16
-15
-16
-14
-15
-16
-16
-16
-16
-16
-15
-15
-14
-14
-14
-14
-13
-13
-14
-14
-13
-12
-11
-12
-12
-14
-12
-13
-12
-11
-11
-11
-10
-7
-7
-8
-9
-10
-10
-12
-12
-14
-14
-11
-8
-7
-9
-11
-11
-9
-9
-12
-13
-13
-13
-12
-13
-13
-13
-13
-14
-15
-15
-15
-16
-16
-17
-15
-14
-15
-15
-16
-15
-15
-16
-17
-17
-16
-16
-16
-17
-18
-18
-17
-15
-15
-16
-17
-18
-16
-17
-17
-18
-18
-17
-17
-16
-15
-16
-17
-17
-18
-17
-20
-21
-21
-21
-19
-18
-20
-21
-21
-20
-19
-19
-20
-17
-17
-16
-18
-21
-20
-19
-17
-15
-14
-13
-15
-16
-16
-15
-13
-12
-14
-15
-17
-18
-16
-15
-11
-11
-12
-13
-14
-15
-15
-14
-14
-13
-11
-11
-10
-9
-8
-9
-12
-12
-13
-14
-14
-14
-12
-11
-12
-14
-12
-12
-12
-10
-12
-10
-8
-8
-10
-11
-13
-14
-14
-14
-14
-13
-14
-13
-13
-14
-12
-12
-14
-17
-18
-16
-14
-15
-17
-17
-17
-14
-14
-15
-16
-16
-17
-17
-19
-18
-18
-18
-18
-19
-18
-19
-18
-16
-16
-15
-16
-18
-20
-21
-20
-18
-19
-18
-20
-20
-19
-17
-18
-19
-22
-21
-19
-16
-17
-20
-20
-20
-19
-18
-21
-22
-22
-17
-16
-16
-17
-16
-16
-16
-18
-17
-16
-16
-18
-16
-17
-18
-17
-16
-16
-14
-16
-18
-15
-17
-19
-19
-18
-18
-16
-16
-18
-18
-18
-17
-14
-14
-13
-12
-14
-14
-15
-14
-12
-12
-12
-12
-15
-16
-15
-14
-13
-11
-12
-13
-12
-12
-12
-13
-14
-14
-12
-10
-10
-12
-13
-17
-17
-16
-15
-14
-15
-16
-16
-16
-17
-17
-17
-19
-21
-22
-24
-22
-20
-19
-17
-19
-19
-20
-21
-19
-19
-18
-15
-16
-20
-21
-22
-22
-21
-23
-22
-22
-22
-21
-22
-23
-23
-25
-24
-23
-24
-25
-27
-25
-23
-22
-24
-25
-26
-28
-27
-26
-25
-26
-26
-24
-23
-23
-26
-29
-31
-31
-30
-30
-29
-27
-27
-25
-25
-27
-26
-27
-25
-24
-24
-24
-25
-25
-26
-25
-25
-27
-27
-27
-27
-27
-28
-29
-29
-28
-26
-24
-24
-25
-26
-27
-27
-25
-26
-24
-25
-25
-25
-24
-25
-26
-25
-25
-24
-24
-26
-25
-24
-24
-25
-27
-27
-23
-23
-25
-27
-27
-27
-27
-28
-31
-30
-30
-30
-30
-30
-31
-29
-28
-29
-30
-29
-29
-28
-29
-31
-32
-31
-30
-29
-28
-30
-30
-31
-31
-28
-28
-27
-30
-33
-33
-34
-32
-32
-32
-33
-32
-32
-30
-29
-29
-30
-30
-29
-28
-28
-27
-30
-32
-30
-29
-29
-30
-31
-33
-31
-31
-31
-30
-30
-32
-32
-32
-31
-33
-33
-33
-34
-32
-30
-30
-30
-31
-33
-33
-33
-33
-31
-30
-28
-29
-29
-28
-30
-30
-30
-30
-30
-31
-31
-30
-28
-28
-30
-31
-33
-32
-29
-29
-28
-29
-28
-28
-29
-29
-30
-30
-32
-32
-31
-28
-28
-30
-33
-33
-31
-29
-28
-30
-31
-30
-29
-31
-30
-31
-33
-32
-33
-33
-33
-33
-33
-33
-35
-33
-33
-32
-31
-31
-31
-32
-30
-31
-32
-32
-31
-31
-32
-32
-29
-28
-29
-30
-32
-31
-30
-29
-29
-29
-28
-29
-32
-35
-35
-33
-30
-28
-30
-32
-34
-33
-32
-33
-34
-34
-33
-33
-32
-32
-31
-32
-36
-37
-35
-33
-33
-36
-38
-38
-37
-37
-37
-37
-38
-40
-39
-38
-37
-36
-38
-39
-37
-34
-33
-36
-38
-38
-37
-38
-36
-34
-37
-38
-38
-37
-36
-36
-37
-36
-35
-33
-33
-36
-38
-39
-39
-39
-38
-36
-33
-32
-33
-34
-36
-37
-37
-37
-38
-35
-35
-35
-36
-36
-36
-36
-35
-36
-35
-39
-41
-41
-40
-38
-37
-38
-38
-38
-39
-37
-38
-38
-36
-35
-36
-35
-37
-38
-38
-36
-35
-34
-35
-36
-37
-37
-35
-34
-35
-35
-35
-34
-35
-35
-35
-36
-37
-36
-37
-36
-39
-40
-37
-37
-36
-35
-37
-37
-34
-36
-37
-37
-37
-36
-35
-37
-39
-40
-37
-35
-36
-37
-39
-38
-37
-36
-35
-36
-35
-36
-35
-37
-38
-37
-36
-34
-35
-37
-38
-36
-36
-36
-38
-39
-36
-35
-33
-33
-35
-36
-36
-36
-36
-36
-34
-34
-34
-34
-34
-33
-33
-33
-31
-31
-32
-33
-34
-34
-33
-31
-30
-28
-27
-28
-28
-27
-26
-27
-28
-28
-28
-29
-29
-29
-30
-30
-31
-32
-27
-27
-27
-29
-31
-32
-30
-28
-28
-26
-26
-26
-27
-27
-26
-27
-29
-28
-27
-28
-27
-27
-27
-26
-27
-27
-26
-26
-27
-28
-27
-27
-28
-26
-27
-25
-25
-26
-25
-24
-22
-24
-24
-25
-25
-24
-24
-24
-24
-23
-24
-24
-24
-24
-26
-24
-24
-24
-24
-25
-27
-28
-25
-24
-20
-21
-22
-25
-25
-24
-22
-23
-23
-23
-22
-21
-24
-25
-25
-23
-21
-21
-23
-25
-25
-23
-21
-20
-21
-23
-22
-23
-21
-21
-21
-22
-24
-24
-23
-22
-22
-22
-21
-21
-20
-22
-22
-20
-18
-19
-20
-23
-24
-23
-21
-18
-19
-18
-19
-21
-22
-23
-20
-19
-18
-18
-19
-20
-20
-18
-16
-18
-16
-16
-14
-14
-18
-18
-16
-13
-12
-14
-16
-15
-14
-13
-15
-16
-14
-12
-11
-12
-14
-13
-12
-13
-13
-14
-13
-11
-12
-11
-11
-11
-11
-13
-15
-13
-10
-10
-11
-12
-14
-13
-12
-14
-13
-14
-14
-12
-13
-14
-14
-13
-12
-11
-13
-16
-17
-16
-13
-13
-14
-14
-14
-12
-12
-12
-13
-11
-12
-12
-12
-11
-11
-11
-12
-12
-11
-9
-10
-10
-13
-12
-12
-12
-12
-12
-12
-10
-11
-9
-7
-9
-10
-13
-13
-10
-10
-11
-11
-9
-9
-9
-11
-13
-10
-11
-10
-11
-10
-10
-11
-13
-15
-15
-13
-12
-10
-10
-13
-13
-12
-11
-12
-13
-15
-17
-16
-12
-11
-11
-12
-15
-15
-15
-15
-15
-15
-16
-15
-15
-16
-17
-17
-18
-20
-20
-21
-19
-19
-18
-19
-19
-19
-18
-16
-13
-11
-11
-14
-17
-17
-18
-15
-16
-18
-20
-20
-20
-20
-20
-20
-22
-19
-20
-19
-19
-19
-20
-19
-19
-21
-21
-21
-20
-19
-17
-17
-18
-19
-21
-20
-18
-18
-18
-19
-18
-20
-21
-21
-22
-23
-23
-23
-22
-22
-21
-21
-22
-21
-22
-22
-24
-23
-21
-22
-21
-21
-22
-22
-22
-20
-20
-21
-21
-21
-20
-20
-22
-23
-24
-23
-23
-23
-23
-23
-21
-21
-21
-21
-20
-18
-19
-21
-22
-20
-18
-18
-19
-21
-24
-21
-20
-22
-23
-23
-22
-20
-20
-21
-21
-21
-22
-22
-22
-20
-19
-19
-19
-20
-21
-20
-19
-20
-23
-22
-22
-19
-19
-18
-20
-20
-19
-18
-17
-18
-19
-20
-19
-20
-22
-22
-24
-25
-22
-19
-19
-18
-19
-20
-18
-17
-15
-16
-18
-19
-16
-17
-16
-16
-14
-15
-14
-17
-19
-19
-19
-19
-17
-16
-14
-14
-16
-16
-19
-22
-19
-15
-14
-13
-15
-17
-19
-19
-19
-17
-16
-16
-16
-17
-18
-20
-19
-19
-20
-21
-22
-21
-19
-17
-17
-18
-19
-20
-18
-18
-16
-17
-17
-19
-18
-17
-19
-19
-19
-19
-17
-14
-15
-16
-16
-17
-19
-20
-21
-22
-22
-21
-20
-20
-18
-17
-15
-18
-19
-20
-20
-17
-18
-20
-21
-21
-21
-19
-19
-20
-22
-22
-22
-19
-20
-21
-24
-24
-23
-23
-21
-22
-22
-23
-22
-22
-20
-19
-22
-23
-23
-20
-20
-20
-19
-21
-22
-21
-21
-19
-18
-18
-20
-20
-21
-21
-22
-22
-24
-23
-21
-21
-21
-22
-21
-22
-22
-23
-22
-23
-23
-22
-22
-22
-24
-24
-22
-22
-22
-22
-22
-22
-23
-23
-23
-23
-24
-25
-27
-24
-23
-23
-24
-25
-25
-25
-24
-24
-25
-25
-23
-26
-27
-24
-24
-22
-26
-29
-29
-28
-25
-25
-27
-30
-30
-30
-29
-28
-28
-29
-30
-30
-29
-28
-28
-27
-29
-28
-29
-29
-31
-34
-33
-33
-32
-32
-32
-32
-31
-31
-33
-35
-35
-33
-32
-33
-33
-35
-35
-34
-33
-33
-34
-34
-34
-34
-32
-32
