-28
-27
-27
-26
-27
-27
-28
-28
-29
-27
-24
-23
-25
-26
-25
-24
-24
-26
-26
-25
-23
-20
-23
-23
-22
-23
-24
-23
-22
-22
-23
-23
-22
-24
-24
-25
-27
-25
-25
-24
-25
-26
-24
-21
-21
-21
-22
-23
-23
-23
-23
-23
-24
-24
-25
-26
-24
-24
-24
-25
-27
-27
-25
-24
-22
-24
-25
-27
-26
-26
-24
-24
-25
-26
-27
-26
-25
-25
-27
-28
-28
-30
-29
-28
-29
-30
-28
-27
-27
-25
-25
-27
-28
-26
-25
-25
-27
-28
-31
-26
-31
-27
-28
-32
-29
-31
-31
-31
-28
-28
-29
-29
-29
-28
-27
-25
-25
-26
-28
-30
-29
-30
-30
-28
-28
-27
-31
-31
-34
-32
-30
-29
-30
-30
-30
-30
-30
-31
-30
-29
-26
-27
-28
-31
-31
-29
-28
-28
-32
-32
-30
-29
-29
-28
-29
-30
-29
-30
-31
-32
-32
-31
-30
-29
-25
-25
-25
-26
-27
-28
-25
-24
-28
-29
-29
-28
-26
-26
-27
-28
-28
-26
-25
-25
-24
-23
-21
-20
-22
-23
-24
-24
-22
-21
-24
-25
-24
-23
-22
-23
-25
-26
-23
-22
-20
-20
-23
-24
-24
-22
-22
-21
-24
-26
-27
-25
-25
-24
-24
-23
-23
-23
-23
-22
-24
-26
-27
-26
-22
-20
-22
-24
-25
-25
-25
-23
-23
-22
-23
-26
-26
-24
-20
-18
-18
-19
-20
-21
-21
-23
-22
-21
-23
-25
-24
-24
-25
-26
-26
-24
-23
-24
-22
-22
-23
-24
-25
-25
-24
-26
-28
-28
-27
-28
-27
-29
-26
-23
-21
-21
-21
-22
-23
-25
-26
-24
-24
-25
-24
-25
-23
-22
-23
-24
-24
-24
-24
-28
-28
-29
-27
-22
-21
-21
-24
-25
-23
-22
-24
-26
-29
-27
-25
-22
-20
-22
-21
-21
-22
-23
-25
-25
-21
-20
-20
-23
-24
-24
-24
-25
-26
-25
-22
-20
-20
-21
-23
-23
-23
-25
-26
-24
-24
-23
-23
-24
-26
-27
-26
-25
-24
-24
-22
-24
-22
-20
-20
-21
-20
-20
-20
-19
-20
-20
-21
-20
-17
-18
-19
-21
-24
-24
-23
-23
-24
-25
-24
-21
-18
-18
-22
-25
-24
-23
-21
-21
-23
-25
-25
-22
-19
-19
-20
-23
-26
-24
-22
-21
-20
-20
-22
-21
-21
-21
-20
-21
-21
-19
-19
-18
-19
-19
-19
-18
-18
-17
-17
-15
-13
-13
-15
-15
-15
-16
-16
-16
-16
-17
-19
-19
-17
-17
-17
-15
-15
-14
-12
-12
-14
-16
-18
-17
-16
-16
-15
-14
-13
-14
-14
-17
-16
-15
-17
-17
-16
-15
-13
-13
-12
-12
-16
-17
-18
-18
-16
-15
-15
-15
-17
-17
-16
-18
-19
-20
-18
-17
-16
-18
-18
-19
-17
-17
-17
-15
-14
-16
-19
-20
-21
-22
-21
-20
-20
-20
-21
-22
-19
-19
-18
-19
-20
-21
-21
-21
-23
-23
-22
-22
-21
-19
-20
-21
-22
-21
-20
-20
-20
-20
-20
-21
-19
-20
-18
-16
-15
-17
-19
-19
-19
-18
-16
-18
-17
-17
-18
-15
-14
-14
-13
-14
-14
-17
-19
-19
-19
-20
-20
-21
-20
-17
-17
-16
-17
-16
-15
-15
-16
-17
-18
-19
-22
-20
-18
-17
-18
-19
-19
-19
-17
-15
-17
-20
-19
-19
-17
-16
-16
-16
-17
-18
-17
-18
-19
-17
-15
-14
-16
-19
-21
-21
-18
-16
-16
-18
-20
-19
-19
-16
-17
-19
-19
-19
-19
-20
-19
-19
-18
-15
-14
-13
-13
-16
-18
-20
-21
-18
-15
-15
-16
-17
-15
-12
-14
-16
-17
-20
-19
-15
-15
-14
-16
-18
-18
-19
-19
-18
-17
-15
-16
-17
-17
-16
-18
-18
-19
-19
-15
-14
-16
-17
-16
-16
-17
-17
-16
-17
-18
-21
-21
-20
-19
-17
-17
-19
-19
-19
-19
-19
-20
-20
-18
-18
-18
-18
-19
-18
-18
-19
-18
-16
-16
-16
-17
-20
-20
-18
-16
-17
-17
-17
-16
-16
-16
-17
-18
-19
-16
-18
-19
-20
-19
-17
-14
-13
-14
-14
-15
-16
-16
-16
-16
-13
-13
-13
-14
-15
-15
-15
-14
-14
-15
-15
-14
-14
-14
-13
-17
-17
-16
-13
-10
-10
-9
-11
-12
-13
-13
-12
-11
-10
-10
-13
-13
-16
-15
-15
-15
-15
-15
-16
-16
-16
-14
-15
-14
-14
-13
-12
-12
-10
-10
-9
-11
-12
-14
-15
-14
-14
-15
-15
-13
-13
-12
-11
-13
-16
-15
-17
-15
-13
-14
-15
-14
-13
-14
-16
-15
-16
-14
-13
-15
-13
-13
-11
-14
-17
-18
-21
-21
-20
-18
-17
-17
-18
-18
-17
-18
-19
-21
-19
-16
-16
-16
-19
-19
-19
-20
-19
-17
-18
-19
-18
-17
-16
-15
-17
-21
-22
-22
-21
-20
-21
-21
-22
-22
-20
-19
-19
-20
-19
-16
-16
-18
-16
-13
-12
-13
-15
-17
-16
-18
-20
-20
-19
-18
-18
-18
-17
-15
-16
-17
-19
-17
-17
-15
-16
-19
-18
-17
-15
-17
-18
-18
-19
-21
-20
-20
-20
-21
-22
-20
-17
-14
-13
-15
-19
-19
-17
-18
-20
-19
-17
-15
-15
-15
-16
-17
-21
-21
-19
-19
-19
-17
-19
-21
-20
-17
-17
-16
-18
-18
-16
-14
-16
-18
-18
-18
-17
-15
-14
-17
-19
-20
-20
-17
-17
-18
-18
-16
-15
-15
-15
-16
-17
-20
-21
-21
-18
-14
-15
-17
-16
-14
-13
-16
-18
-19
-17
-15
-16
-16
-20
-21
-21
-20
-19
-18
-19
-22
-22
-20
-18
-16
-16
-19
-20
-19
-19
-20
-20
-18
-18
-19
-20
-22
-20
-17
-18
-19
-19
-20
-21
-20
-21
-21
-19
-19
-20
-20
-19
-17
-16
-15
-16
-16
-17
-18
-18
-19
-20
-21
-22
-23
-23
-21
-20
-21
-24
-26
-25
-27
-24
-24
-23
-22
-23
-24
-23
-21
-22
-22
-22
-22
-21
-22
-23
-22
-22
-23
-24
-25
-24
-25
-23
-23
-23
-23
-23
-23
-22
-23
-23
-24
-26
-28
-26
-25
-24
-24
-25
-26
-29
-29
-29
-28
-28
-29
-29
-29
-28
-27
-27
-28
-29
-28
-27
-27
-28
-30
-30
-29
-29
-29
-30
-29
-27
-28
-29
-28
-28
-27
-26
-28
-27
-26
-27
-27
-27
-27
-27
-27
-27
-26
-28
-29
-29
-28
-27
-28
-28
-28
-27
-27
-27
-28
-28
-28
-29
-29
-28
-26
-26
-25
-26
-26
-26
-26
-26
-24
-25
-22
-22
-21
-20
-20
-22
-23
-22
-21
-21
-22
-22
-23
-22
-21
-21
-20
-23
-23
-23
-23
-21
-18
-18
-21
-23
-23
-22
-24
-25
-24
-24
-23
-24
-22
-22
-22
-24
-24
-23
-22
-22
-21
-19
-19
-19
-21
-22
-22
-24
-24
-25
-23
-20
-20
-21
-22
-22
-25
-23
-23
-25
-24
-22
-21
-21
-22
-24
-25
-25
-25
-24
-24
-22
-22
-22
-24
-25
-24
-24
-25
-26
-27
-26
-25
-26
-26
-26
-26
-26
-25
-23
-25
-24
-23
-23
-23
-24
-26
-25
-24
-24
-25
-23
-21
-21
-21
-24
-25
-23
-22
-22
-23
-22
-23
-23
-22
-24
-24
-24
-23
-23
-26
-24
-24
-22
-20
-23
-24
-24
-21
-19
-18
-18
-20
-21
-21
-21
-21
-20
-20
-21
-21
-22
-22
-21
-20
-18
-18
-19
-22
-23
-23
-22
-20
-18
-14
-15
-19
-21
-24
-24
-24
-23
-21
-19
-20
-21
-21
-22
-22
-21
-21
-21
-20
-19
-19
-19
-19
-18
-17
-19
-20
-22
-22
-21
-22
-23
-22
-23
-21
-23
-26
-27
-26
-23
-22
-22
-24
-25
-24
-26
-28
-29
-29
-28
-27
-28
-31
-29
-26
-27
-29
-32
-32
-30
-29
-30
-29
-29
-29
-28
-29
-26
-25
-25
-25
-23
-25
-25
-25
-25
-27
-28
-27
-25
-23
-24
-26
-28
-27
-26
-27
-28
-26
-22
-22
-23
-23
-24
-24
-23
-22
-23
-26
-29
-29
-27
-26
-25
-27
-27
-26
-27
-28
-28
-27
-27
-24
-23
-24
-26
-25
-23
-22
-22
-23
-23
-24
-24
-24
-24
-25
-26
-24
-24
-23
-21
-23
-22
-25
-25
-27
-29
-25
-27
-25
-23
-23
-20
-21
-24
-23
-22
-22
-22
-22
-21
-22
-23
-22
-23
-22
-21
-22
-23
-25
-26
-25
-23
-21
-20
-24
-24
-24
-23
-25
-26
-25
-23
-24
-23
-26
-28
-29
-29
-27
-28
-26
-28
-29
-31
-31
-30
-28
-29
-29
-29
-29
-29
-29
-28
-28
-29
-29
-30
-27
-27
-27
-29
-30
-29
-29
-29
-29
-27
-26
-24
-24
-27
-28
-27
-27
-27
-27
-27
-26
-26
-27
-26
-24
-29
-31
-33
-32
-26
-23
-22
-24
-27
-28
-26
-24
-24
-22
-24
-25
-22
-23
-23
-21
-21
-19
-21
-24
-25
-24
-22
-21
-21
-24
-23
-22
-20
-22
-22
-22
-23
-22
-19
-18
-19
-19
-21
-22
-21
-21
-20
-21
-20
-21
-20
-18
-20
-21
-23
-22
-21
-20
-20
-22
-23
-21
-21
-22
-24
-24
-24
-22
-21
-22
-25
-25
-24
-25
-25
-26
-24
-22
-21
-21
-22
-21
-20
-21
-24
-25
-25
-23
-24
-26
-27
-24
-22
-23
-24
-25
-25
-22
-21
-20
-20
-22
-20
-19
-19
-20
-19
-20
-20
-17
-17
-19
-19
-19
-20
-20
-17
-15
-13
-13
-16
-14
-14
-14
-17
-20
-20
-20
-18
-18
-17
-17
-17
-16
-18
-18
-19
-17
-17
-15
-12
-10
-11
-14
-15
-16
-15
-15
-16
-17
-16
-16
-15
-13
-15
-13
-15
-14
-14
-15
-16
-16
-16
-13
-13
-14
-16
-16
-16
-14
-13
-12
-13
-14
-14
-14
-14
-15
-15
-17
-18
-17
-17
-15
-14
-16
-17
-19
-19
-19
-19
-19
-18
-20
-20
-21
-21
-19
-19
-20
-19
-21
-21
-20
-19
-21
-22
-24
-22
-21
-19
-19
-19
-19
-20
-19
-21
-20
-21
-20
-19
-19
-21
-21
-22
-22
-22
-25
-25
-23
-22
-21
-20
-20
-18
-18
-20
-21
-19
-19
-20
-20
-22
-20
-17
-17
-18
-18
-17
-18
-16
-16
-15
-18
-19
-20
-20
-18
-18
-19
-20
-21
-21
-19
-17
-16
-16
-19
-19
-20
-20
-22
-23
-23
-23
-24
-23
-25
-26
-26
-24
-23
-24
-26
-26
-28
-28
-30
-28
-26
-25
-26
-27
-26
-25
-23
-23
-25
-26
-25
-24
-22
-22
-22
-23
-24
-25
-25
-25
-24
-24
-25
-28
-28
-30
-28
-26
-23
-23
-24
-25
-25
-27
-27
-26
-28
-29
-30
-27
-25
-26
-28
-30
-30
-30
-29
-30
-29
-29
-29
-29
-28
-27
-29
-29
-28
-28
-29
-28
-27
-28
-29
-30
-31
-32
-31
-29
-26
-25
-25
-25
-27
-28
-26
-25
-25
-24
-25
-26
-25
-25
-25
-21
-20
-22
-22
-23
-25
-25
-25
-24
-22
-22
-24
-24
-26
-26
-24
-23
-23
-22
-21
-21
-23
-25
-23
-21
-20
-20
-21
-22
-21
-21
-22
-22
-21
-19
-21
-20
-19
-18
-16
-15
-15
-18
-19
-19
-17
-15
-14
-14
-16
-19
-19
-15
-13
-11
-12
-14
-15
-16
-17
-15
-17
-19
-19
-19
-19
-17
-17
-19
-18
-17
-16
-15
-16
-15
-14
-14
-14
-15
-16
-16
-16
-18
-18
-18
-16
-17
-18
-19
-18
-16
-14
-14
-17
-14
-14
-15
-15
-15
-16
-13
-11
-10
-11
-11
-12
-11
-10
-11
-12
-13
-15
-15
-13
-14
-13
-13
-15
-17
-15
-14
-13
-15
-15
-15
-15
-15
-15
-17
-16
-15
-16
-18
-18
-18
-17
-16
-17
-15
-15
-15
-16
-16
-19
-20
-18
-17
-14
-12
-13
-13
-14
-15
-14
-13
-13
-14
-14
-13
-15
-15
-16
-17
-18
-18
-17
-18
-16
-16
-16
-17
-20
-19
-17
-17
-17
-17
-17
-19
-21
-22
-22
-22
-22
-22
-18
-17
-17
-18
-19
-19
-18
-17
-17
-18
-19
-19
-19
-18
-17
-17
-20
-19
-22
-23
-25
-24
-24
-21
-19
-20
-20
-21
-21
-20
-19
-20
-20
-21
-23
-21
-19
-18
-20
-19
-20
-19
-20
-22
-24
-23
-21
-22
-21
-20
-19
-22
-24
-24
-22
-20
-18
-17
-16
-18
-19
-19
-20
-20
-20
-18
-15
-16
-17
-18
-20
-18
-18
-20
-21
-22
-19
-15
-14
-15
-18
-18
-18
-17
-14
-12
-13
-15
-15
-16
-16
-15
-15
-14
-14
-16
-17
-17
-17
-19
-21
-23
-23
-24
-24
-22
-21
-21
-21
-22
-20
-18
-19
-23
-23
-23
-18
-15
-17
-21
-21
-21
-21
-22
-24
-23
-20
-20
-20
-22
-22
-19
-17
-17
-18
-18
-17
-15
-14
-17
-19
-21
-18
-17
-17
-16
-17
-17
-17
-18
-20
-18
-18
-18
-18
-21
-22
-20
-22
-23
-23
-21
-18
-16
-17
-17
-17
-15
-17
-20
-20
-18
-17
-16
-16
-16
-13
-11
-12
-16
-17
-17
-16
-15
-15
-14
-13
-12
-13
-12
-12
-12
-13
-14
-13
-14
-15
-15
-16
-17
-17
-15
-12
-10
-10
-11
-12
-12
-12
-15
-15
-16
-15
-14
-13
-14
-15
-14
-13
-12
-11
-12
-13
-13
-12
-12
-12
-13
-14
-14
-13
-11
-13
-14
-14
-14
-13
-12
-11
-9
-9
-9
-9
-11
-12
-14
-13
-15
-13
-13
-14
-16
-17
-16
-15
-15
-15
-15
-14
-14
-15
-16
-15
-11
-9
-8
-7
-5
-4
-4
-4
-6
-7
-7
-7
-7
-9
-10
-8
-7
-7
-9
-7
-6
-5
-5
-7
-8
-7
-4
-5
-8
-9
-9
-9
-7
-7
-8
-7
-7
-7
-8
-9
-9
-9
-11
-11
-7
-7
-6
-6
-8
-9
-10
-10
-10
-9
-9
-8
-9
-7
-7
-5
-6
-8
-10
-10
-8
-6
-6
-7
-8
-8
-6
-7
-9
-11
-11
-10
-10
-12
-14
-14
-14
-12
-11
-12
-13
-14
-13
-13
-12
-13
-14
-12
-13
-12
-14
-15
-13
-11
-9
-11
-11
-14
-14
-12
-12
-10
-10
-10
-10
-10
-8
-8
-10
-9
-9
-10
-9
-11
-13
-13
-12
-13
-13
-14
-15
-12
-10
-12
-12
-14
-15
-14
-11
-9
-10
-10
-12
-11
-11
-12
-12
-12
-12
-10
-8
-7
-9
-11
-13
-12
-10
-8
-9
-10
-7
-8
-8
-9
-12
-11
-10
-10
-9
-10
-11
-13
-13
-14
-14
-12
-11
-12
-11
-9
-9
-11
-12
-11
-9
-9
-9
-11
-14
-12
-12
-11
-10
-10
-11
-12
-10
-8
-7
-8
-10
-11
-11
-11
-12
-10
-9
-9
-9
-10
-12
-12
-10
-9
-6
-5
-6
-6
-6
-8
-9
-9
-10
-10
-8
-4
-4
-7
-9
-10
-10
-10
-10
-9
-9
-9
-9
-8
-8
-9
-10
-11
-11
-9
-8
-7
-6
-6
-7
-8
-7
-6
-7
-9
-9
-7
-5
-6
-6
-6
-6
-8
-6
-3
-4
-2
-4
-6
-7
-5
-3
-3
-2
-1
-3
-4
-3
-4
-3
-3
-3
-4
-4
-3
-2
0
-3
-5
-6
-4
-3
-1
-3
-5
-6
-6
-6
-6
-6
-7
-7
-6
-4
-4
-5
-6
-6
-8
-11
-9
-6
-6
-7
-7
-6
-5
-5
-6
-5
-6
-7
-5
-6
-7
-7
-5
-7
-5
-4
-4
-3
-3
-2
-2
-3
-2
-4
-6
-7
-7
-8
-7
-7
-9
-10
-9
-7
-6
-8
-9
-9
-9
-9
-12
-12
-13
-14
-14
-12
-12
-11
-11
-12
-10
-11
-13
-14
-15
-14
-15
-14
-14
-13
-13
-11
-11
-13
-15
-15
-15
-14
-12
-12
-11
-10
-11
-12
-13
-16
-17
-18
-21
-18
-16
-15
-13
-17
-19
-18
-18
-16
-16
-16
-18
-19
-18
-18
-18
-18
-17
-16
-17
-19
-21
-21
-19
-18
-19
-18
-19
-20
-18
-18
-17
-16
-16
-17
-17
-17
-16
-17
-17
-19
-21
-19
-20
-19
-19
-21
-21
-22
-21
-20
-21
-21
-19
-21
-24
-23
-23
-21
-22
-24
-25
-26
-23
-22
-22
-23
-24
-24
-24
-22
-22
-24
-25
-25
-25
-24
-24
-25
-27
-26
-24
-23
-23
-26
-28
-27
-25
-22
-25
-27
-26
-23
-22
-22
-24
-25
-25
-25
-25
-25
-24
-25
-26
-26
-28
-28
-27
-26
-24
-25
-26
-28
-27
-27
-25
-26
-28
-28
-29
-27
-27
-27
-29
-29
-26
-22
-21
-23
-26
-29
-28
-26
-27
-29
-28
-26
-24
-22
-22
-25
-24
-25
-24
-23
-24
-23
-24
-24
-22
-23
-23
-24
-23
-24
-26
-26
-25
-25
-26
-24
-22
-22
-23
-25
-27
-28
-27
-25
-23
-23
-24
-23
-24
-24
-26
-28
-27
-24
-22
-20
-24
-24
-24
-24
-24
-24
-24
-23
-21
-22
-23
-24
-24
-24
-26
-25
-22
-22
-24
-25
-24
-24
-21
-20
-23
-22
-23
-23
-23
-23
-24
-24
-23
-23
-24
-23
-23
-24
-25
-24
-25
-22
-21
-24
-24
-23
-22
-24
-24
-23
-22
-22
-23
-23
-24
-23
-23
-21
-21
-18
-18
-19
-20
-19
-19
-18
-19
-19
-18
-16
-17
-20
-22
-20
-17
-17
-18
-20
-20
-18
-15
-14
-16
-16
-15
-16
-16
-16
-17
-16
-14
-13
-13
-14
-15
-15
-17
-16
-15
-15
-11
-10
-10
-11
-12
-13
-12
-11
-11
-11
-10
-10
-10
-11
-11
-12
-13
-12
-10
-10
-8
-8
-7
-4
-6
-11
-11
-12
-10
-6
-6
-7
-8
-8
-7
-9
-9
-10
-11
-10
-9
-7
-7
-8
-8
-8
-7
-7
-9
-11
-13
-13
-12
-12
-12
-12
-10
-8
-10
-11
-12
-11
-11
-12
-14
-16
-17
-15
-14
-14
-15
-15
-15
-16
-17
-16
-15
-14
-14
-14
-14
-16
-15
-14
-15
-18
-21
-17
-15
-14
-15
-17
-18
-16
-15
-15
-16
-14
-15
-14
-13
-13
-14
-16
-17
-18
-19
-18
-16
-18
-16
-18
-16
-17
-17
-18
-18
-17
-16
-16
-16
-15
-15
-16
-16
-18
-19
-17
-15
-14
-15
-14
-14
-11
-12
-15
-14
-14
-12
-14
-15
-15
-12
-11
-11
-12
-14
-16
-15
-15
-17
-17
-17
-15
-14
-15
-17
-18
-17
-17
-20
-23
-25
-25
-26
-26
-25
-25
-25
-25
-25
-27
-27
-26
-28
-28
-27
-25
-24
-27
-29
-27
-27
-27
-29
-32
-31
-28
-27
-28
-28
-30
-29
-28
-28
-30
-30
-29
-28
-27
-26
-27
-29
-29
-30
-29
-27
-26
-25
-26
-26
-23
-23
-24
-25
-25
-24
-20
-16
-19
-17
-19
-19
-17
-15
-16
-14
-12
-12
-11
-9
-9
-5
-6
-6
-6
-5
-3
-3
-3
-4
0
-1
2
0
0
1
1
0
1
1
0
0
-1
-3
-4
-4
-6
-6
-8
-9
-7
-9
-12
-13
-16
-15
-14
-14
-16
-20
-21
-26
-27
-28
-29
-31
-33
-35
-35
-36
-38
-40
-43
-45
-47
-48
-47
-47
-48
-49
-51
-51
-51
-52
-53
-55
-54
-55
-53
-55
-54
-54
-55
-54
-52
-52
-52
-50
-49
-46
-41
-37
-36
-31
-26
-19
-16
-11
-7
0
4
7
9
15
22
29
34
39
45
50
55
56
61
66
71
76
77
79
81
82
83
84
84
83
83
80
79
77
76
76
74
70
64
57
50
45
41
32
24
16
10
2
-6
-17
-27
-37
-44
-54
-63
-74
-87
-98
-108
-115
-127
-135
-147
-156
-168
-175
-186
-196
-207
-219
-221
-229
-229
-238
-235
-235
-216
-196
-175
-155
-142
-130
-112
-96
-77
-59
-41
-20
-4
17
30
46
53
61
62
69
68
77
81
86
95
101
108
109
108
104
96
84
77
66
62
53
50
41
36
24
16
5
-1
-7
-13
-15
-13
-8
0
10
19
27
37
46
52
55
53
55
58
67
78
89
95
99
101
99
98
90
90
85
83
82
81
81
76
68
58
46
32
20
3
-11
-27
-42
-55
-71
-86
-98
-112
-126
-144
-163
-178
-192
-205
-217
-230
-240
-251
-256
-270
-276
-285
-288
-292
-289
-283
-258
-228
-195
-173
-158
-143
-126
-102
-76
-49
-28
-3
17
46
57
72
74
81
86
92
93
99
101
107
114
115
116
108
103
94
83
66
55
37
31
18
16
3
-10
-27
-39
-54
-66
-79
-83
-85
-86
-81
-77
-70
-61
-55
-47
-35
-28
-18
-8
6
20
40
55
67
77
85
96
109
116
119
125
126
125
130
129
131
128
127
125
121
117
110
101
93
84
76
70
63
53
44
35
21
4
-19
-43
-63
-81
-100
-119
-137
-163
-178
-202
-217
-239
-257
-280
-297
-307
-320
-319
-321
-313
-292
-262
-230
-212
-200
-192
-182
-159
-135
-105
-82
-54
-33
4
24
38
45
44
51
57
62
70
74
84
96
106
117
114
109
100
86
67
57
38
28
17
12
7
-6
-25
-43
-65
-77
-95
-104
-110
-115
-113
-102
-89
-79
-73
-68
-53
-44
-29
-18
-2
14
36
58
81
95
109
119
138
155
161
167
169
171
175
179
182
183
177
179
178
174
165
150
137
128
119
111
100
87
75
62
51
34
10
-18
-44
-65
-86
-106
-133
-153
-179
-196
-221
-237
-264
-286
-310
-328
-347
-365
-370
-376
-356
-325
-281
-254
-234
-227
-216
-199
-176
-147
-119
-87
-53
-19
22
45
59
66
65
75
75
80
82
84
97
116
132
144
143
140
134
117
97
76
54
42
29
26
21
4
-15
-31
-52
-69
-91
-108
-120
-127
-129
-120
-111
-99
-89
-76
-61
-48
-34
-24
-7
10
33
57
79
94
115
134
160
172
178
181
185
190
191
192
195
195
197
198
196
191
182
171
159
145
133
122
109
95
76
62
41
15
-16
-40
-63
-83
-111
-137
-163
-190
-215
-246
-270
-302
-323
-357
-371
-397
-407
-418
-410
-393
-348
-316
-278
-263
-246
-236
-219
-185
-152
-110
-78
-34
2
53
67
93
86
99
96
106
98
108
105
125
140
161
172
170
171
158
137
107
85
54
40
14
11
-4
-14
-37
-49
-71
-86
-117
-133
-149
-161
-169
-166
-157
-141
-127
-105
-85
-69
-58
-42
-22
-1
20
41
63
81
104
128
160
181
200
211
221
224
224
218
215
205
206
204
209
204
198
190
187
179
166
147
129
113
96
79
56
33
4
-23
-47
-66
-95
-121
-153
-178
-211
-242
-279
-303
-331
-355
-385
-405
-425
-431
-427
-414
-388
-341
-296
-258
-235
-217
-206
-190
-160
-126
-85
-48
-3
48
101
123
150
152
157
145
139
126
120
114
132
149
173
181
186
186
172
145
116
81
43
11
-13
-16
-31
-45
-63
-64
-77
-92
-117
-126
-144
-164
-180
-174
-163
-141
-123
-88
-51
-21
6
39
67
83
96
116
129
142
158
249
329
315
323
324
339
307
286
290
249
225
210
201
163
135
159
158
132
108
122
110
80
64
42
-16
-80
-105
-134
-177
-197
-194
-221
-248
-273
-307
-354
-420
-472
-529
-581
-618
-619
-598
-552
-477
-350
-195
-81
-22
31
90
117
93
85
110
158
204
259
325
379
392
381
340
274
195
104
19
-44
-78
-94
-79
-70
-59
-49
-35
-54
-108
-161
-191
-214
-220
-211
-159
-102
-56
-21
24
56
60
27
0
-12
-15
-26
-29
3
46
88
114
148
172
171
151
146
145
144
139
136
148
180
200
228
237
243
235
213
191
162
134
123
113
122
130
142
159
164
162
156
145
134
110
99
90
83
68
30
-15
-71
-124
-180
-233
-271
-331
-357
-402
-436
-476
-530
-578
-616
-664
-689
-728
-699
-663
-583
-479
-299
-88
91
197
275
357
414
391
346
318
327
353
370
397
411
407
369
296
193
83
-48
-160
-267
-327
-339
-321
-294
-252
-200
-140
-109
-104
-124
-125
-106
-82
-69
-18
55
120
161
191
222
223
174
115
64
25
-20
-63
-76
-57
-41
-17
3
36
61
75
82
86
91
98
109
137
169
227
278
320
351
361
364
348
315
283
244
211
191
171
172
167
168
165
145
128
109
68
39
-17
-58
-114
-174
-230
-254
-296
-297
-336
-354
-375
-419
-459
-510
-583
-619
-685
-715
-729
-723
-655
-573
-455
-297
-78
122
290
356
422
475
487
427
355
293
314
316
327
319
318
296
245
138
48
-87
-209
-335
-433
-451
-436
-391
-338
-264
-154
-48
1
23
12
32
49
50
51
92
147
208
229
262
283
263
196
109
25
-44
-140
-220
-252
-244
-203
-157
-95
-5
68
115
139
153
190
209
216
223
262
330
405
450
494
503
504
471
419
336
257
184
134
84
70
57
61
59
57
65
54
16
-33
-109
-169
-245
-305
-337
-372
-362
-356
-362
-331
-366
-402
-471
-555
-617
-706
-786
-792
-776
-678
-554
-397
-123
127
324
448
496
559
564
451
340
226
213
232
235
258
283
289
303
208
101
-48
-215
-353
-490
-570
-550
-509
-419
-312
-173
-1
104
142
157
142
148
116
64
62
95
151
202
232
280
301
262
193
81
-25
-142
-269
-348
-376
-348
-279
-200
-87
39
166
247
292
313
330
335
334
320
344
389
466
522
554
566
560
529
457
346
233
128
38
-24
-56
-57
-61
-41
-13
30
32
6
-47
-117
-193
-280
-341
-392
-415
-421
-409
-386
-378
-400
-428
-497
-566
-656
-756
-803
-802
-745
-626
-447
-162
138
374
531
634
720
723
595
420
260
186
155
120
111
155
226
277
245
164
49
-97
-268
-449
-581
-632
-633
-584
-463
-280
-57
115
220
287
330
340
269
149
69
41
40
41
58
125
204
238
221
155
72
-50
-204
-340
-433
-471
-458
-392
-234
-32
172
331
436
544
605
590
520
416
371
366
362
369
387
445
519
535
508
428
337
231
100
-26
-128
-199
-221
-215
-167
-91
-31
9
29
16
-26
-128
-221
-322
-376
-434
-473
-490
-482
-467
-439
-464
-482
-558
-637
-700
-738
-736
-689
-585
-328
-38
257
463
615
771
855
794
651
443
316
217
120
50
22
60
130
150
146
102
18
-95
-268
-427
-534
-616
-641
-611
-493
-288
-85
87
226
340
441
447
359
246
147
87
16
-55
-68
-23
45
85
86
81
48
-34
-148
-263
-349
-406
-434
-394
-266
-75
133
324
495
659
775
806
761
668
583
510
432
354
306
312
353
379
379
353
318
258
167
58
-52
-147
-221
-255
-240
-202
-154
-105
-61
-26
-39
-83
-159
-223
-290
-348
-417
-471
-522
-540
-569
-589
-636
-678
-728
-719
-701
-629
-496
-284
-33
227
413
602
743
814
781
667
537
438
319
218
118
88
106
117
101
73
18
-32
-128
-255
-387
-496
-568
-594
-570
-477
-342
-171
0
162
306
411
448
424
353
284
204
111
23
-25
-25
6
22
35
34
15
-30
-103
-197
-292
-368
-398
-388
-312
-163
31
226
400
558
712
801
795
726
653
601
528
423
333
294
320
337
322
298
285
275
228
129
27
-67
-132
-189
-225
-234
-204
-154
-98
-81
-75
-105
-130
-173
-229
-313
-383
-448
-463
-468
-479
-516
-560
-599
-617
-664
-712
-767
-738
-557
-296
-34
166
336
603
821
897
812
642
546
466
322
162
5
-22
24
42
47
24
6
-7
-86
-188
-317
-442
-533
-592
-588
-507
-385
-232
-77
97
289
432
479
454
401
368
291
144
2
-80
-83
-61
-74
-77
-63
-26
-2
-36
-115
-189
-242
-265
-294
-285
-216
-67
111
282
452
617
745
815
809
787
734
628
490
359
296
267
218
175
157
187
218
191
133
60
12
-35
-108
-183
-232
-243
-202
-183
-172
-186
-175
-167
-169
-213
-270
-336
-379
-436
-474
-538
-598
-655
-700
-726
-737
-772
-734
-582
-326
-46
170
345
579
788
890
836
677
559
471
341
188
26
-32
9
39
44
17
3
7
-39
-145
-287
-411
-501
-569
-598
-558
-439
-280
-128
41
232
404
496
494
456
428
367
230
70
-47
-74
-62
-85
-109
-107
-65
-11
-26
-100
-164
-202
-214
-258
-299
-256
-122
48
194
332
507
686
804
831
822
806
755
639
492
382
323
266
205
155
150
178
183
151
106
67
31
-26
-100
-169
-192
-191
-181
-184
-190
-186
-181
-190
-215
-257
-315
-366
-416
-446
-480
-540
-602
-643
-670
-684
-735
-771
-731
-577
-334
-83
135
343
585
817
928
888
751
628
537
394
205
20
-72
-51
-27
-37
-51
-48
-21
-33
-121
-243
-359
-455
-532
-582
-571
-489
-365
-215
-45
154
340
462
503
507
504
455
321
155
11
-57
-95
-151
-199
-199
-146
-72
-54
-77
-93
-84
-71
-94
-139
-130
-68
38
144
250
385
529
659
754
811
839
802
725
626
519
409
284
173
99
56
36
7
-16
-18
-14
-11
-33
-64
-89
-101
-97
-107
-120
-139
-153
-164
-177
-213
-236
-270
-300
-325
-365
-393
-431
-489
-528
-584
-640
-688
-750
-759
-748
-643
-425
-172
86
292
512
773
926
944
826
692
621
483
271
40
-107
-100
-85
-132
-155
-135
-51
-16
-97
-202
-288
-354
-425
-541
-587
-535
-428
-296
-176
-8
213
391
498
537
569
582
489
325
150
41
-24
-130
-240
-281
-238
-156
-129
-130
-106
-48
2
-6
-48
-43
22
103
161
214
316
471
608
690
747
805
841
811
708
594
492
384
243
104
12
-18
-40
-73
-100
-92
-58
-36
-49
-62
-69
-66
-83
-118
-155
-176
-209
-223
-245
-239
-237
-255
-265
-281
-299
-312
-382
-443
-506
-587
-636
-716
-773
-782
-723
-527
-268
-30
199
421
702
919
967
883
762
669
554
341
95
-90
-140
-129
-161
-192
-169
-102
-39
-66
-145
-211
-280
-360
-461
-534
-515
-464
-390
-286
-131
97
295
416
505
586
653
615
470
302
175
87
-35
-190
-286
-298
-236
-196
-184
-154
-73
25
71
48
35
51
86
101
127
189
303
411
505
612
731
814
828
783
743
683
569
381
190
69
-7
-98
-192
-251
-221
-148
-92
-68
-43
10
60
72
47
4
-34
-71
-134
-185
-220
-238
-245
-255
-243
-223
-222
-251
-313
-365
-406
-489
-606
-727
-809
-828
-822
-737
-541
-265
27
278
529
799
974
1007
914
780
670
503
254
5
-149
-184
-200
-253
-263
-209
-104
-49
-89
-151
-194
-235
-312
-432
-508
-495
-426
-344
-255
-101
120
317
459
554
646
710
669
537
394
274
155
-11
-171
-256
-272
-262
-262
-249
-169
-57
27
54
59
88
144
169
170
174
228
307
377
432
512
603
680
704
695
678
630
524
378
236
118
8
-115
-212
-247
-228
-185
-140
-91
-16
71
140
162
152
134
119
80
9
-78
-133
-165
-184
-207
-210
-203
-182
-188
-223
-268
-330
-425
-522
-652
-737
-818
-865
-847
-754
-556
-291
-51
221
471
713
896
932
892
797
673
525
308
87
-73
-179
-220
-278
-306
-274
-228
-178
-168
-196
-199
-226
-261
-302
-343
-324
-289
-247
-155
-57
87
229
338
457
544
606
622
562
491
400
286
155
-11
-133
-210
-261
-286
-311
-287
-211
-121
-36
24
87
165
222
246
247
258
287
309
333
364
416
472
509
532
545
536
492
397
289
184
72
-46
-154
-219
-230
-217
-190
-142
-68
23
106
157
191
209
214
203
157
109
54
-1
-62
-116
-163
-181
-216
-240
-268
-279
-294
-317
-369
-409
-457
-504
-571
-635
-688
-706
-685
-565
-398
-194
11
217
444
655
757
773
717
666
583
412
190
-7
-137
-209
-301
-369
-361
-299
-205
-148
-107
-52
-7
9
-10
-58
-72
-87
-102
-121
-112
-40
60
136
223
315
441
519
514
474
429
377
278
119
-18
-121
-186
-245
-300
-302
-238
-150
-59
6
79
163
239
285
297
299
311
315
297
279
283
298
302
289
285
305
306
279
231
193
172
130
61
1
-35
-46
-52
-59
-49
-16
35
97
152
204
247
273
277
251
205
141
50
-35
-124
-186
-233
-274
-300
-295
-293
-277
-310
-341
-398
-455
-544
-622
-708
-735
-763
-709
-590
-392
-179
29
219
449
623
710
698
643
609
527
380
207
77
13
-25
-106
-140
-134
-74
-28
-31
-40
-19
-11
-11
-63
-95
-102
-92
-92
-96
-71
14
87
152
204
284
372
404
384
361
350
332
246
133
53
-5
-70
-154
-227
-235
-208
-167
-139
-97
-19
74
135
177
204
248
279
275
248
241
256
261
236
217
227
260
269
243
208
202
202
171
120
79
59
57
50
43
47
66
94
121
155
187
209
225
229
235
237
211
168
99
44
-9
-74
-158
-236
-306
-346
-414
-473
-532
-564
-586
-604
-629
-612
-604
-574
-561
-514
-410
-277
-150
-17
116
297
461
558
621
659
714
730
661
553
450
354
267
113
-25
-113
-164
-198
-241
-270
-232
-187
-134
-109
-75
-14
36
53
50
41
72
86
76
72
86
132
160
154
166
194
228
217
157
118
92
52
-14
-103
-156
-180
-194
-207
-211
-188
-122
-52
29
108
191
270
322
352
370
371
345
288
226
198
183
156
121
116
149
192
194
180
173
186
174
130
77
51
47
53
52
72
111
164
211
251
279
304
285
238
150
64
-43
-150
-274
-355
-411
-426
-444
-445
-434
-399
-364
-356
-358
-379
-390
-423
-442
-486
-483
-459
-351
-227
-56
90
270
440
621
714
759
747
740
685
583
426
273
147
31
-93
-189
-236
-249
-232
-221
-172
-110
-44
-15
13
30
62
47
14
-48
-76
-86
-87
-115
-103
-53
28
80
112
141
191
217
197
147
112
79
25
-46
-100
-120
-124
-129
-130
-98
-46
-3
26
68
126
181
205
211
223
254
272
258
232
227
236
235
204
173
160
171
159
136
117
120
126
117
100
108
123
135
121
113
127
143
133
113
99
114
126
116
89
67
51
20
-42
-104
-153
-177
-207
-229
-248
-231
-218
-209
-222
-221
-218
-221
-250
-285
-299
-312
-313
-337
-294
-217
-81
17
134
230
379
469
529
521
528
515
481
382
278
194
129
50
-43
-100
-125
-134
-156
-167
-165
-122
-105
-93
-94
-61
-35
-25
-59
-78
-88
-70
-84
-99
-98
-51
-6
30
53
102
159
194
192
180
173
154
106
41
-8
-44
-66
-91
-95
-76
-39
-14
14
48
108
155
179
191
217
253
273
260
242
232
230
216
181
150
126
102
69
40
27
27
24
17
33
66
100
107
108
122
154
175
174
163
169
192
207
205
199
201
203
201
167
131
96
54
4
-41
-78
-96
-125
-162
-191
-205
-212
-239
-272
-303
-310
-317
-322
-343
-344
-322
-257
-172
-72
18
116
222
319
378
407
407
406
387
335
267
191
128
76
16
-33
-68
-94
-107
-120
-124
-116
-107
-98
-83
-64
-39
-28
-33
-49
-63
-72
-87
-111
-121
-108
-75
-43
-15
30
90
148
182
197
203
204
182
144
90
39
-5
-37
-60
-62
-53
-27
14
65
124
168
190
201
208
204
188
141
99
61
41
23
9
4
25
48
78
100
123
151
174
199
219
240
258
267
268
277
278
282
277
273
270
267
260
258
248
241
218
189
154
107
53
-3
-54
-98
-132
-167
-185
-213
-213
-233
-234
-260
-273
-307
-316
-350
-360
-393
-394
-401
-360
-298
-212
-119
-16
99
218
310
352
386
397
420
380
322
246
209
161
122
38
3
-26
-33
-66
-99
-122
-120
-129
-140
-155
-152
-130
-127
-124
-126
-105
-94
-88
-96
-65
-30
10
17
43
87
144
168
169
167
187
187
155
97
48
18
-14
-61
-104
-119
-107
-90
-73
-38
15
66
102
127
158
187
207
205
196
197
205
203
193
189
199
211
217
217
228
246
258
259
253
256
259
251
234
223
219
222
211
205
208
220
227
222
210
206
195
178
138
94
48
1
-58
-110
-161
-189
-216
-232
-252
-255
-263
-267
-284
-292
-308
-316
-342
-359
-374
-375
-377
-359
-304
-216
-110
-25
82
176
287
336
381
372
390
345
309
217
160
85
39
-34
-73
-100
-105
-112
-121
-115
-102
-75
-79
-71
-79
-58
-70
-81
-118
-118
-132
-126
-150
-135
-109
-64
-39
-4
35
89
126
141
146
144
138
113
79
34
3
-27
-34
-43
-28
-12
24
60
108
157
204
230
249
262
274
273
248
213
181
162
142
125
106
103
113
133
157
188
214
239
262
281
292
286
270
250
228
201
174
153
138
128
124
126
137
143
145
134
121
98
66
12
-38
-94
-142
-194
-239
-275
-289
-287
-286
-281
-283
-268
-270
-269
-297
-310
-328
-330
-352
-358
-351
-297
-224
-139
-57
32
137
228
296
332
359
368
361
317
264
206
156
91
22
-34
-66
-94
-116
-141
-145
-131
-114
-113
-120
-119
-107
-107
-122
-139
-145
-135
-127
-117
-101
-61
-22
17
47
93
133
168
176
177
177
170
146
110
75
52
38
15
4
2
21
41
63
87
124
158
184
199
214
233
238
229
212
202
199
190
174
163
170
178
184
186
203
221
236
237
232
227
221
204
183
161
143
127
114
104
103
108
110
109
105
106
96
77
45
9
-32
-75
-127
-170
-208
-236
-261
-271
-276
-267
-268
-258
-259
-249
-257
-265
-281
-286
-296
-302
-310
-295
-250
-176
-100
-28
60
153
245
299
334
346
358
334
287
213
153
93
41
-24
-71
-97
-99
-102
-104
-90
-63
-34
-25
-25
-23
-16
-27
-56
-94
-111
-121
-125
-136
-122
-88
-39
1
39
77
121
154
171
171
163
150
123
92
62
47
35
28
24
41
67
99
118
145
176
213
233
239
236
237
236
226
205
188
182
179
174
164
160
164
174
176
177
172
166
154
141
129
114
101
88
81
80
86
90
98
104
121
128
129
116
100
74
44
1
-46
-91
-127
-161
-186
-209
-223
-231
-235
-237
-244
-252
-261
-274
-282
-292
-297
-305
-303
-299
-276
-246
-194
-125
-49
36
115
200
268
331
367
391
381
369
317
271
197
139
67
15
-37
-67
-87
-91
-85
-78
-63
-56
-41
-42
-38
-55
-66
-94
-107
-137
-149
-168
-161
-149
-117
-87
-47
-1
49
93
123
148
166
181
180
169
147
132
114
99
84
81
87
102
119
141
169
196
215
226
233
237
236
225
206
188
174
167
156
138
124
123
128
126
120
114
119
127
128
123
123
123
126
123
123
125
129
128
129
123
115
104
88
63
37
1
-32
-75
-109
-149
-169
-200
-211
-232
-237
-247
-247
-253
-251
-247
-252
-245
-255
-235
-236
-212
-209
-168
-143
-74
-28
49
103
171
222
266
293
301
297
270
244
194
157
95
54
-3
-31
-62
-68
-86
-80
-82
-63
-58
-53
-54
-62
-61
-72
-84
-105
-120
-128
-123
-123
-111
-97
-69
-34
0
33
66
93
114
130
135
145
139
130
114
97
80
72
65
62
64
75
96
117
138
154
172
179
187
184
180
165
155
138
131
124
119
115
118
123
128
131
131
135
137
138
129
122
110
104
94
88
82
80
80
83
81
83
79
70
56
37
19
-6
-33
-63
-83
-104
-115
-134
-147
-160
-159
-164
-169
-180
-187
-195
-199
-202
-207
-208
-204
-195
-182
-161
-133
-95
-54
-4
45
89
127
156
180
193
196
186
166
142
116
84
50
18
-6
-27
-41
-52
-60
-61
-61
-62
-61
-60
-58
-59
-64
-67
-68
-69
-70
-69
-68
-60
-45
-32
-23
-7
11
32
50
64
77
86
98
106
106
107
105
108
107
105
101
101
102
106
108
113
118
125
130
136
141
146
147
143
143
142
141
135
132
131
132
131
131
131
135
140
142
139
140
144
151
152
151
148
148
144
134
121
103
86
67
40
14
-12
-32
-55
-76
-98
-110
-128
-139
-158
-167
-175
-177
-187
-191
-200
-196
-195
-191
-185
-175
-162
-144
-127
-102
-70
-36
0
32
66
92
122
138
156
149
151
133
121
92
71
41
23
-2
-20
-39
-49
-53
-55
-52
-55
-50
-50
-42
-46
-43
-49
-43
-49
-46
-50
-48
-44
-42
-35
-23
-6
11
30
40
60
72
90
93
104
103
108
105
104
97
93
89
85
84
80
86
89
92
91
96
99
103
105
112
116
124
129
136
140
141
143
144
151
154
157
155
159
163
169
170
170
167
163
159
145
131
108
87
59
37
14
-4
-23
-40
-56
-66
-75
-89
-101
-114
-116
-128
-131
-147
-144
-148
-140
-148
-142
-149
-140
-138
-130
-124
-111
-99
-83
-70
-58
-44
-27
-10
0
16
24
40
40
46
48
55
49
47
33
28
13
5
-13
-23
-37
-43
-54
-56
-59
-59
-55
-54
-48
-52
-49
-52
-47
-45
-41
-43
-41
-40
-30
-22
-8
2
16
29
45
58
69
77
86
88
95
97
100
99
96
91
88
85
84
83
83
86
89
98
107
117
121
127
133
140
145
150
149
152
151
152
153
156
158
158
155
149
144
137
130
123
117
108
95
76
58
44
35
22
13
-1
-1
-8
-10
-23
-29
-38
-40
-53
-61
-74
-78
-85
-96
-99
-103
-97
-101
-97
-104
-98
-99
-90
-91
-84
-80
-73
-66
-64
-53
-46
-35
-28
-20
-14
-2
6
15
18
17
18
15
14
5
-3
-10
-17
-25
-35
-45
-50
-55
-63
-70
-70
-66
-60
-59
-54
-47
-36
-27
-20
-14
-5
2
8
10
13
19
22
24
27
32
38
46
52
62
72
84
93
100
110
116
119
114
108
103
99
90
82
74
74
76
79
84
91
100
112
123
133
143
150
151
148
145
138
128
116
105
99
93
84
73
67
62
61
58
55
52
48
44
34
19
7
-4
-15
-27
-34
-36
-48
-54
-64
-69
-66
-68
-75
-79
-80
-81
-83
-88
-88
-88
-88
-93
-95
-90
-89
-84
-86
-81
-79
-69
-68
-56
-51
-40
-34
-24
-17
-6
1
4
3
1
-2
-8
-16
-24
-30
-41
-48
-60
-66
-71
-69
-69
-67
-61
-50
-40
-33
-25
-14
-1
6
11
14
20
19
17
12
14
14
20
24
31
39
49
55
65
72
78
81
82
84
82
79
71
67
63
65
64
68
73
83
91
103
111
123
134
143
147
147
148
146
143
135
128
120
110
100
90
82
76
70
64
57
56
54
51
42
36
29
23
14
11
4
2
-1
-4
-7
-13
-15
-18
-19
-23
-23
-28
-29
-39
-45
-54
-61
-70
-76
-86
-90
-93
-92
-88
-84
-78
-73
-64
-59
-50
-43
-31
-22
-10
-6
1
4
8
9
6
1
-5
-12
-23
-30
-43
-50
-56
-55
-63
-61
-62
-57
-48
-39
-31
-24
-13
-5
5
9
14
11
15
13
15
11
10
6
4
4
6
9
11
13
19
30
41
50
56
64
75
85
90
88
91
97
101
103
104
106
111
117
121
126
131
135
132
133
128
127
120
113
103
94
87
80
70
62
57
51
46
39
35
36
35
34
35
34
42
40
38
31
26
21
11
3
-6
-12
-21
-28
-39
-43
-49
-51
-56
-55
-59
-58
-58
-58
-58
-57
-54
-53
-47
-45
-38
-38
-34
-31
-23
-23
-19
-20
-17
-18
-17
-15
-15
-16
-17
-19
-21
-23
-29
-34
-42
-46
-54
-60
-65
-66
-64
-61
-60
-57
-52
-47
-39
-37
-31
-28
-23
-21
-18
-21
-16
-16
-12
-13
-12
-10
-7
-2
5
14
23
32
39
49
57
66
74
81
88
94
95
99
98
97
94
92
86
83
78
80
78
77
75
73
74
74
73
72
74
74
80
81
86
87
86
80
76
72
70
62
58
52
46
46
42
43
38
37
35
35
26
22
16
14
5
-5
-14
-19
-25
-29
-34
-35
-33
-30
-27
-23
-20
-18
-19
-20
-18
-16
-17
-19
-21
-22
-22
-18
-16
-12
-10
-11
-12
-12
-11
-6
-7
-8
-12
-17
-24
-33
-42
-53
-55
-58
-57
-58
-57
-58
-56
-55
-54
-54
-51
-49
-47
-44
-40
-36
-32
-29
-26
-21
-18
-12
-8
0
7
13
18
23
26
34
42
45
51
54
59
62
66
65
68
67
69
67
65
62
61
61
62
62
64
68
73
79
83
88
90
96
97
100
103
104
101
97
90
88
83
80
71
62
57
53
51
46
44
42
41
39
36
33
31
25
20
12
10
9
10
3
0
-1
0
1
2
4
4
8
8
8
3
-2
-7
-10
-13
-18
-21
-22
-22
-20
-17
-16
-17
-15
-15
-13
-12
-15
-18
-20
-18
-17
-19
-23
-28
-35
-38
-41
-44
-48
-52
-54
-54
-54
-55
-56
-54
-51
-52
-51
-52
-48
-44
-40
-38
-34
-33
-28
-25
-20
-16
-13
-8
-3
0
4
5
6
10
15
22
28
32
34
35
36
41
42
45
45
44
47
49
52
53
54
58
63
69
72
72
75
77
79
82
83
83
82
81
82
79
77
70
64
60
55
49
39
32
26
25
24
22
19
19
19
21
22
25
31
35
32
27
24
23
23
21
15
10
6
4
6
5
3
1
-1
-3
-5
-4
-3
-3
-3
-7
-7
-9
-10
-10
-11
-9
-8
-7
-8
-5
-7
-7
-10
-13
-17
-21
-27
-30
-37
-42
-47
-48
-49
-51
-56
-60
-66
-69
-73
-72
-71
-71
-69
-64
-56
-47
-38
-31
-23
-18
-9
-3
3
5
6
6
5
3
3
2
5
8
15
22
29
33
36
39
38
39
41
44
44
45
43
43
45
48
54
58
60
63
68
72
74
75
72
71
68
66
63
56
50
46
43
39
37
38
41
42
40
39
38
37
37
36
35
35
35
35
34
33
30
27
23
22
22
22
20
14
10
9
8
6
5
5
7
8
7
6
9
12
15
14
12
13
14
12
7
2
-3
-7
-9
-12
-16
-17
-17
-20
-25
-30
-32
-35
-39
-43
-48
-51
-55
-54
-57
-57
-58
-59
-55
-51
-47
-47
-45
-39
-32
-24
-23
-21
-19
-14
-12
-14
-16
-14
-13
-12
-11
-8
-5
0
5
12
16
23
29
34
37
41
43
41
37
33
27
23
21
16
14
12
13
16
21
28
36
42
46
50
53
53
53
49
45
43
43
41
38
38
40
41
45
47
52
55
55
52
47
41
32
27
21
18
15
14
15
17
19
23
28
30
30
27
25
22
19
16
13
13
14
16
16
17
17
17
15
14
14
12
7
-2
-8
-14
-18
-20
-23
-24
-25
-25
-25
-23
-22
-18
-16
-20
-24
-26
-29
-35
-45
-53
-58
-60
-61
-63
-63
-62
-58
-54
-51
-45
-38
-33
-28
-29
-28
-29
-26
-26
-21
-17
-14
-9
-2
4
9
15
17
19
17
15
14
14
10
7
2
0
-3
-2
-2
0
4
9
12
16
22
27
31
34
38
41
47
51
55
55
55
52
49
48
48
46
42
39
36
36
35
34
30
24
25
25
20
18
18
17
20
21
22
24
28
30
31
33
33
34
32
31
29
27
23
20
16
16
13
11
12
8
7
7
8
10
15
15
13
11
11
10
8
5
1
-2
-7
-12
-16
-18
-20
-19
-23
-26
-29
-32
-38
-43
-48
-51
-55
-58
-64
-67
-63
-57
-53
-47
-40
-33
-27
-21
-16
-14
-14
-13
-12
-9
-10
-14
-16
-15
-12
-11
-10
-8
-5
-2
-1
1
3
5
5
4
2
1
1
5
8
12
18
22
26
31
34
35
35
34
34
33
31
31
29
30
30
30
29
27
25
25
24
24
24
23
23
24
25
22
21
22
24
24
23
23
23
25
23
23
22
22
23
23
22
20
21
22
24
24
23
25
26
24
24
21
21
20
15
13
14
13
11
9
5
4
5
3
-2
-4
-7
-10
-15
-23
-28
-30
-32
-32
-33
-34
-33
-32
-33
-32
-32
-33
-34
-37
-40
-41
-43
-45
-42
-41
-37
-34
-30
-27
-25
-24
-21
-17
-13
-11
-11
-12
-11
-8
-4
-3
-3
-2
0
1
5
6
7
9
10
10
13
14
13
11
11
12
15
14
13
16
20
23
23
23
26
30
34
36
33
29
27
26
27
27
26
26
26
28
29
29
32
32
33
31
31
33
34
33
31
30
28
29
31
31
34
38
39
38
36
36
39
41
40
36
32
33
33
29
27
26
24
22
19
17
15
16
14
10
8
6
5
1
-3
-4
-6
-7
-8
-8
-6
-4
-3
-7
-11
-14
-14
-14
-13
-13
-15
-17
-16
-17
-17
-18
-21
-26
-27
-27
-26
-23
-21
-22
-18
-15
-13
-10
-9
-4
-1
2
3
1
1
3
3
1
1
-1
-1
1
5
8
11
11
13
14
13
13
10
10
10
11
12
12
11
13
16
19
22
23
22
22
24
24
22
21
16
15
17
19
20
19
17
19
21
22
20
18
17
22
26
24
22
21
23
26
27
28
28
29
29
29
28
28
28
27
24
24
22
20
18
17
14
13
10
8
7
5
6
6
4
2
2
3
4
1
-2
-2
-2
-4
-4
-5
-6
-9
-12
-12
-10
-9
-10
-13
-13
-14
-16
-18
-21
-24
-26
-25
-25
-25
-25
-26
-27
-27
-26
-25
-25
-21
-19
-17
-13
-13
-13
-9
-7
-3
1
2
2
3
2
4
4
3
3
3
6
8
10
11
10
10
11
10
10
12
14
13
13
11
13
13
12
14
18
19
19
18
18
18
18
18
16
15
15
16
16
17
17
18
19
19
19
19
23
26
28
24
23
23
25
26
24
22
23
25
28
28
29
28
26
24
23
24
22
19
15
13
11
8
8
7
9
11
11
8
3
2
2
2
1
-2
-3
-3
-3
-5
-5
-5
-5
-3
-4
-6
-8
-9
-8
-9
-12
-14
-17
-19
-20
-20
-21
-21
-23
-25
-26
-26
-23
-20
-16
-15
-15
-14
-14
-12
-9
-10
-11
-10
-10
-10
-11
-10
-6
-2
-1
-2
-2
-1
-1
-3
-2
-2
-1
-1
-1
-1
-3
-1
-1
1
5
8
10
9
8
7
9
7
7
6
6
8
7
5
6
6
7
7
8
9
9
9
9
11
11
13
16
17
19
21
22
22
23
23
25
26
24
22
20
20
22
20
17
17
15
14
10
7
5
5
4
3
0
-2
1
0
-1
-6
-8
-10
-10
-11
-13
-12
-12
-12
-11
-12
-13
-15
-16
-17
-17
-18
-20
-20
-18
-16
-16
-20
-24
-26
-27
-26
-29
-30
-29
-27
-27
-27
-27
-26
-22
-22
-22
-21
-20
-19
-21
-22
-20
-16
-14
-16
-18
-18
-17
-15
-14
-12
-14
-17
-17
-15
-13
-13
-14
-16
-12
-8
-6
-8
-7
-4
-2
-1
-2
-5
-7
-9
-11
-11
-9
-6
-4
-3
-3
-3
-1
0
-1
1
1
1
1
1
-2
0
3
3
5
4
6
8
7
7
9
9
10
12
10
8
8
7
7
8
11
12
11
10
7
6
4
3
4
5
4
3
4
3
4
2
-1
-4
-5
-7
-9
-10
-8
-8
-10
-12
-12
-13
-10
-11
-12
-14
-13
-14
-14
-13
-10
-9
-8
-9
-11
-12
-12
-13
-11
-14
-15
-16
-18
-18
-19
-19
-17
-15
-14
-15
-16
-16
-15
-16
-17
-15
-14
-10
-10
-9
-5
-4
-1
0
0
0
1
0
0
0
0
0
-1
2
3
2
2
2
4
4
3
2
5
5
5
2
2
2
6
8
9
12
13
14
12
11
12
16
17
16
17
14
13
14
14
15
15
13
13
16
17
19
23
23
24
23
22
22
23
23
23
22
20
20
16
12
11
9
8
6
4
1
-1
-3
-5
-8
-8
-8
-8
-9
-9
-10
-10
-9
-8
-6
-4
-1
-1
-2
-1
0
4
5
2
1
-2
-5
-10
-12
-15
-15
-16
-16
-15
-14
-15
-15
-16
-14
-11
-6
-4
-3
-4
-4
-4
-5
-4
-3
-2
-1
0
0
1
0
0
2
2
2
4
3
0
-3
-4
-3
-2
-1
-1
-1
0
1
3
4
4
6
8
8
7
6
5
5
8
9
7
5
6
9
11
11
11
10
12
13
13
12
11
13
13
14
13
14
15
18
21
23
26
27
25
26
27
28
27
23
19
18
14
12
11
9
9
7
6
4
3
3
3
2
0
-1
-3
-1
-1
1
1
3
3
0
-4
-4
-2
-3
-3
-4
-3
-3
-3
-3
-4
-4
-4
-5
-3
-5
-6
-6
-6
-6
-6
-6
-8
-7
-7
-8
-6
-4
-3
-2
1
1
-1
-4
-5
-4
-2
-4
-6
-7
-6
-5
-6
-5
-4
-4
-2
-1
1
3
2
1
-1
0
0
3
3
3
2
3
5
5
4
3
4
5
3
3
1
2
4
7
8
7
6
9
11
12
13
14
16
17
16
15
14
13
14
14
12
10
11
12
13
12
11
12
12
13
13
14
15
16
15
14
10
8
4
1
2
1
1
0
-3
-4
-4
-3
-3
-3
0
1
-2
-7
-8
-8
-8
-9
-9
-8
-6
-5
-5
-4
-2
0
4
5
7
5
4
0
-1
-1
-1
-3
-5
-10
-13
-13
-12
-11
-9
-9
-7
-5
-4
-7
-8
-8
-7
-9
-11
-10
-10
-10
-9
-9
-9
-7
-7
-7
-3
-3
-4
-5
-5
-4
-6
-8
-9
-9
-8
-6
-7
-7
-5
-2
-2
-1
-2
-2
-1
1
-1
-2
1
2
3
3
0
-1
4
4
6
4
2
2
0
-1
-2
-4
-3
-1
3
6
8
9
8
9
11
11
12
13
11
10
8
5
3
3
5
7
5
0
-4
-3
-3
-3
-7
-10
-9
-6
-6
-7
-9
-9
-10
-8
-7
-8
-7
-9
-9
-10
-11
-9
-8
-9
-11
-10
-9
-8
-8
-9
-8
-8
-8
-7
-9
-12
-13
-13
-13
-12
-10
-11
-11
-11
-10
-8
-7
-7
-5
-4
-5
-6
-9
-11
-11
-10
-10
-11
-10
-10
-10
-10
-7
-6
-4
-3
-3
-2
-4
-5
-5
-5
-3
-3
-5
-6
-5
-4
-1
-3
-5
-3
-1
0
-2
-4
-3
-2
-3
-4
-5
-2
0
-3
-3
-3
-1
2
4
4
6
6
9
9
8
8
5
4
6
8
9
6
9
9
9
8
7
6
5
4
2
2
0
-3
-3
-4
-6
-7
-8
-8
-7
-7
-8
-6
-6
-4
-7
-9
-7
-7
-6
-6
-9
-10
-9
-9
-6
-5
-5
-6
-5
-3
-1
-1
0
-1
-2
-1
-4
-5
-6
-7
-8
-7
-8
-9
-11
-12
-11
-11
-12
-13
-12
-13
-13
-14
-14
-13
-14
-14
-13
-13
-13
-11
-7
-6
-7
-6
-6
-3
-4
-5
-6
-6
-7
-8
-9
-9
-9
-9
-8
-5
-5
-3
-2
-5
-3
-2
-2
-3
-3
-3
-4
-6
-6
-6
-3
-2
-2
-2
-1
1
2
-1
-1
2
2
3
3
3
5
4
5
1
3
5
6
6
6
6
5
4
3
2
4
4
0
-2
-4
-5
-3
-4
-7
-7
-8
-8
-10
-9
-8
-7
-8
-9
-7
-3
-4
-4
-4
-3
0
1
-1
-1
-1
-1
-1
-2
-3
-3
-5
-5
-7
-6
-6
-7
-8
-8
-8
-9
-8
-9
-10
-8
-10
-12
-13
-11
-9
-8
-9
-11
-10
-10
-7
-6
-5
-7
-7
-9
-8
-7
-4
-6
-6
-7
-10
-11
-12
-10
-8
-8
-7
-8
-6
-3
-4
-6
-7
-5
-2
-2
-7
-8
-9
-6
-4
-6
-7
-6
-6
-6
-6
-6
-3
1
2
1
0
1
1
-1
-2
0
1
3
3
4
1
0
1
2
5
6
4
4
5
4
2
1
-2
-3
-4
-4
-7
-9
-7
-6
-7
-9
-11
-10
-9
-9
-10
-10
-11
-11
-10
-9
-7
-7
-8
-9
-9
-7
-7
-6
-6
-7
-6
-7
-8
-9
-9
-9
-8
-6
-6
-7
-7
-8
-10
-11
-10
-13
-16
-15
-14
-12
-13
-12
-12
-12
-11
-9
-7
-5
-7
-9
-10
-10
-10
-12
-13
-14
-12
-10
-10
-10
-7
-7
-11
-11
-11
-10
-7
-8
-12
-15
-14
-12
-12
-14
-15
-11
-8
-6
-7
-6
-5
-5
-5
-7
-5
-3
-3
-4
-4
-3
-3
0
0
-1
-2
-4
-6
-5
-3
-1
-1
-1
-1
-1
-2
-1
-1
-1
-1
1
-1
-4
-5
-2
-1
0
-4
-7
-8
-8
-7
-9
-11
-11
-12
-8
-7
-8
-9
-10
-12
-13
-13
-12
-10
-8
-8
-7
-6
-5
-5
-6
-5
-4
-3
-5
-7
-6
-5
-5
-6
-8
-11
-10
-9
-8
-9
-8
-8
-7
-10
-10
-12
-10
-9
-11
-11
-10
-7
-4
-4
-6
-7
-9
-9
-8
-8
-8
-7
-8
-9
-10
-12
-9
-7
-7
-9
-13
-12
-10
-9
-9
-10
-9
-6
-3
-1
-1
-2
-1
1
4
4
3
1
1
0
1
3
5
3
1
0
0
2
4
2
1
2
3
4
2
4
5
6
7
7
7
7
6
5
4
4
5
9
11
9
5
5
2
3
1
-2
-2
-1
0
-3
-6
-5
-5
-3
-3
-3
-3
0
1
-1
-3
-2
0
4
3
3
6
7
7
7
4
3
4
4
4
3
1
0
-1
0
1
2
4
2
1
-1
-1
-2
-1
-1
0
2
3
3
0
0
-1
0
3
4
4
3
4
4
4
5
4
5
6
4
3
3
4
6
7
5
4
4
4
3
4
3
3
5
6
4
3
4
4
3
5
4
5
6
8
7
6
7
6
5
3
4
4
6
8
7
5
7
9
12
14
14
11
10
12
13
14
15
14
14
13
12
12
13
10
7
5
4
4
6
5
3
1
2
5
4
2
1
2
2
3
3
3
4
4
7
7
7
7
5
5
8
9
8
5
3
4
6
6
5
2
-1
0
2
2
1
1
2
4
4
4
2
2
1
2
0
0
0
-1
1
0
-1
-3
-3
-1
3
3
1
0
1
1
2
2
0
1
2
4
4
4
5
6
6
6
5
5
5
4
5
6
7
8
8
5
5
3
5
7
6
7
6
5
5
7
7
5
3
1
1
5
6
7
6
6
5
6
6
5
5
4
5
5
6
6
6
5
4
5
5
6
9
9
5
0
-4
-3
-1
-1
-3
-3
-4
-4
-7
-6
-5
-4
-4
-6
-8
-7
-6
-6
-5
-4
-3
-1
-1
-2
-2
-3
-5
-7
-6
-6
-6
-7
-6
-6
-6
-7
-7
-9
-8
-8
-10
-10
-10
-10
-9
-9
-10
-12
-11
-8
-7
-9
-14
-14
-13
-10
-9
-11
-12
-9
-8
-8
-9
-11
-11
-11
-11
-12
-14
-15
-16
-16
-15
-14
-11
-9
-9
-7
-6
-5
-6
-5
-2
-3
-5
-10
-11
-10
-7
-6
-5
-6
-6
-4
-5
-7
-7
-7
-6
-6
-7
-9
-9
-9
-9
-8
-9
-5
0
1
3
3
1
3
2
2
0
1
-2
-5
-5
-5
-6
-8
-8
-10
-9
-9
-10
-10
-7
-5
-6
-6
-5
-6
-4
-6
-6
-6
-5
-2
-2
-3
-4
-4
-4
-4
-3
-5
-5
-6
-9
-10
-10
-8
-10
-10
-11
-9
-8
-7
-7
-8
-7
-8
-8
-9
-8
-9
-9
-11
-9
-8
-6
-3
-5
-5
-7
-6
-5
-7
-7
-8
-7
-7
-8
-9
-8
-8
-6
-7
-7
-6
-4
-1
-3
-2
-2
0
2
0
-1
0
0
2
1
-2
-3
-3
-2
-4
-4
-2
0
2
1
-1
-1
-2
0
2
1
2
4
4
4
5
7
7
7
7
4
3
3
4
4
4
3
4
2
1
1
3
2
0
-1
0
2
1
-2
-3
-4
-3
-1
-2
-2
-1
0
0
0
1
1
2
3
0
-4
-6
-6
-3
0
-1
-3
-3
-2
-3
-3
-4
-6
-6
-6
-8
-6
-7
-7
-6
-4
-3
-3
-5
-4
-5
-7
-8
-8
-9
-6
-5
-7
-7
-8
-9
-9
-6
-5
-5
-4
-5
-5
-3
0
-1
-3
-4
-4
-4
-5
-4
-4
-5
-5
-8
-6
-6
-5
-4
-3
-2
0
-1
-2
-1
-3
0
-2
-2
-3
-6
-7
-5
-4
-2
0
0
0
-1
-2
-2
-1
0
1
2
2
2
2
2
2
3
3
3
3
2
0
1
1
1
-1
0
0
-1
-3
-4
-5
-5
-4
-4
-4
-4
-6
-7
-7
-6
-6
-4
-3
-5
-4
-5
-3
-2
-3
-5
-7
-8
-8
-8
-7
-5
-6
-6
-7
-6
-6
-8
-6
-7
-6
-7
-5
-7
-7
-8
-8
-8
-8
-9
-10
-12
-12
-11
-11
-13
-14
-15
-15
-12
-10
-10
-11
-11
-11
-9
-6
-7
-7
-6
-6
-9
-10
-11
-10
-10
-11
-11
-11
-10
-9
-9
-8
-9
-9
-7
-6
-6
-4
-4
-6
-7
-7
-6
-6
-6
-6
-6
-5
-5
-6
-4
-5
-5
-6
-6
-7
-8
-6
-5
-2
-1
2
1
-2
-4
-5
-3
-3
-2
0
1
1
0
-4
-4
-2
-3
-4
-7
-6
-2
-1
-5
-6
-7
-7
-7
-7
-8
-9
-9
-9
-8
-4
-3
-3
-4
-3
-6
-6
-6
-6
-6
-7
-7
-4
-5
-8
-7
-5
-4
-2
-3
-4
-4
-5
-7
-6
-5
-5
-5
-6
-4
-4
-4
-5
-7
-7
-6
-5
-5
-4
-4
-3
-2
-4
-4
-5
-4
-4
-5
-7
-7
-5
-5
-4
-5
-7
-6
-4
-4
-5
-4
-1
1
1
0
-2
-3
-2
0
1
1
3
2
-1
-1
-2
0
0
-2
-4
-5
-3
-5
-4
-4
-2
0
-1
-1
0
0
0
-1
0
2
2
2
2
2
1
2
1
1
2
2
2
4
4
2
-1
-2
0
1
2
1
1
1
0
-1
-2
-2
-2
0
0
-1
0
0
1
4
4
2
0
-1
1
0
-2
-2
-3
-3
-3
-5
-6
-6
-6
-6
-4
-4
-5
-5
-3
-5
-7
-9
-9
-7
-6
-5
-5
-8
-8
-9
-9
-10
-10
-10
-9
-9
-9
-8
-8
-5
-3
-4
-6
-6
-5
-5
-5
-6
-5
-2
-2
-3
-4
-5
-3
-3
-2
-2
-2
0
-1
-1
-1
1
-1
-3
-2
-1
0
2
0
-2
-3
-2
-2
-1
1
-1
-1
-1
-1
2
3
1
-1
0
2
6
7
5
3
3
4
4
3
2
3
1
0
0
0
0
2
3
2
3
3
6
5
2
2
1
0
2
1
2
4
5
5
4
2
6
6
5
4
3
4
7
9
6
3
1
2
2
2
1
0
0
3
4
3
2
3
4
3
2
1
1
2
3
1
2
0
-2
-2
-2
-3
-1
0
1
1
0
0
-1
-1
-2
-1
-2
-3
-3
-3
-3
-3
-3
-2
-3
-2
-4
-3
-2
-2
-5
-4
-3
-2
-1
-2
-4
-4
-6
-5
-4
-1
0
-1
-3
-4
-4
-4
-5
-6
-7
-7
-6
-5
-4
-5
-7
-6
-5
-4
-5
-4
-6
-3
-3
-3
-4
-4
-3
-3
-3
-3
-4
-6
-8
-8
-4
-4
-3
-2
-1
0
-2
-3
-2
-2
-2
-1
-2
-2
-3
-4
-5
-3
-1
1
0
-1
-2
-5
-6
-6
-5
-4
-5
-6
-5
-3
-2
-4
-6
-5
-5
-5
-6
-6
-8
-7
-6
-5
-6
-7
-8
-8
-7
-6
-5
-3
-3
-4
-6
-7
-4
-3
-4
-6
-8
-6
-3
-2
-3
-4
-5
-3
-3
-5
-7
-4
-1
1
0
-4
-6
-6
-7
-10
-10
-8
-5
-4
-6
-6
-8
-7
-6
-4
-4
-4
-5
-7
-8
-11
-11
-11
-12
-10
-9
-8
-7
-6
-8
-8
-5
-5
-5
-8
-9
-7
-4
-3
0
-1
-1
-3
-6
-7
-8
-9
-9
-8
-5
-3
-3
-5
-7
-6
-7
-6
-5
-6
-4
-2
-1
-1
0
0
-1
-2
-2
-3
-3
0
2
3
-1
-6
-8
-8
-6
-5
-6
-6
-6
-4
-5
-6
-9
-11
-9
-6
-6
-8
-7
-7
-7
-7
-8
-10
-9
-7
-10
-10
-11
-12
-11
-10
-11
-12
-13
-12
-11
-11
-12
-13
-15
-16
-18
-17
-17
-17
-15
-13
-12
-12
-11
-12
-15
-15
-14
-14
-13
-12
-14
-15
-14
-14
-14
-16
-18
-18
-16
-16
-15
-14
-13
-13
-15
-17
-18
-17
-16
-15
-14
-15
-17
-18
-19
-18
-17
-17
-18
-17
-17
-18
-19
-18
-15
-14
-12
-15
-16
-17
-16
-16
-14
-14
-14
-13
-15
-15
-15
-13
-13
-14
-15
-14
-14
-15
-16
-16
-15
-14
-13
-14
-14
-14
-14
-14
-16
-18
-17
-16
-14
-15
-17
-17
-18
-17
-17
-17
-14
-13
-14
-16
-17
-15
-14
-15
-16
-14
-14
-15
-15
-18
-20
-19
-18
-18
-16
-17
-18
-17
-17
-18
-17
-17
-16
-15
-16
-14
-14
-15
-18
-18
-19
-17
-17
-18
-19
-20
-20
-19
-20
-20
-20
-18
-17
-16
-17
-19
-20
-21
-18
-14
-15
-19
-22
-21
-21
-20
-21
-22
-22
-23
-23
-24
-23
-21
-21
-22
-22
-23
-24
-23
-20
-19
-19
-19
-20
-21
-21
-21
-21
-21
-22
-21
-19
-21
-22
-22
-23
-22
-23
-21
-21
-21
-22
-24
-22
-20
-19
-20
-20
-18
-16
-17
-17
-17
-18
-19
-19
-19
-18
-17
-18
-20
-20
-17
-16
-17
-16
-16
-16
-16
-17
-18
-19
-17
-17
-19
-21
-21
-18
-14
-15
-19
-22
-21
-19
-17
-17
-19
-21
-19
-17
-16
-18
-21
-21
-19
-16
-17
-19
-19
-18
-17
-16
-16
-17
-19
-17
-16
-16
-16
-16
-18
-17
-17
-16
-15
-15
-15
-17
-18
-19
-18
-18
-17
-16
-14
-15
-19
-21
-22
-20
-19
-17
-15
-15
-15
-16
-18
-18
-16
-16
-16
-15
-16
-15
-15
-16
-18
-19
-17
-16
-16
-14
-16
-17
-17
-18
-17
-18
-18
-20
-19
-18
-18
-15
-14
-13
-11
-11
-13
-13
-14
-14
-11
-10
-9
-10
-12
-11
-11
-11
-12
-14
-14
-14
-14
-15
-13
-13
-13
-12
-10
-10
-11
-13
-13
-12
-11
-9
-10
-12
-12
-12
-13
-13
-14
-15
-14
-13
-13
-13
-15
-16
-15
-15
-14
-12
-13
-13
-15
-15
-14
-13
-13
-13
-13
-13
-9
-8
-9
-11
-13
-14
-13
-13
-14
-13
-14
-17
-17
-18
-18
-17
-16
-18
-18
-16
-17
-16
-17
-18
-19
-19
-18
-20
-20
-22
-22
-20
-18
-17
-19
-21
-22
-22
-21
-23
-23
-21
-20
-19
-19
-17
-18
-20
-22
-22
-21
-17
-17
-18
-19
-20
-20
-20
-20
-21
-23
-22
-21
-21
-19
-19
-19
-18
-18
-17
-19
-20
-20
-19
-18
-18
-17
-17
-14
-14
-18
-21
-19
-17
-16
-18
-20
-20
-19
-18
-18
-19
-20
-18
-17
-15
-13
-12
-12
-12
-12
-13
-14
-15
-16
-16
-18
-17
-16
-17
-15
-15
-16
-17
-18
-19
-19
-18
-18
-19
-20
-18
-18
-18
-19
-20
-20
-17
-14
-16
-18
-19
-18
-17
-17
-16
-18
-19
-19
-19
-19
-18
-18
-16
-14
-12
-13
-16
-17
-14
-12
-12
-15
-16
-16
-14
-12
-13
-14
-15
-14
-16
-16
-15
-15
-16
-16
-16
-16
-17
-16
-16
-16
-17
-18
-18
-17
-14
-12
-11
-11
-13
-13
-12
-13
-14
-15
-13
-13
-15
-16
-15
-14
-13
-12
-13
-16
-13
-12
-11
-13
-15
-15
-13
-12
-12
-13
-13
-11
-9
-8
-11
-11
-10
-7
-5
-7
-8
-6
-5
-3
-7
-8
-7
-7
-4
-4
-6
-7
-5
-5
-6
-9
-9
-7
-5
-6
-5
-6
-6
-7
-6
-5
-6
-6
-6
-6
-6
-6
-6
-8
-8
-9
-9
-9
-9
-10
-10
-10
-9
-10
-12
-13
-15
-14
-12
-10
-10
-8
-5
-4
-5
-6
-7
-9
-8
-7
-6
-6
-6
-9
-11
-12
-12
-12
-11
-10
-11
-12
-12
-10
-6
-4
-5
-7
-9
-8
-7
-6
-10
-11
-11
-9
-8
-7
-8
-10
-10
-11
-11
-12
-13
-10
-10
-10
-11
-12
-12
-11
-10
-9
-7
-8
-9
-11
-10
-8
-7
-9
-10
-12
-11
-9
-11
-11
-11
-11
-13
-14
-13
-13
-14
-14
-12
-11
-10
-12
-13
-12
-12
-11
-10
-11
-11
-12
-14
-15
-15
-13
-11
-12
-13
-13
-14
-15
-15
-15
-15
-12
-11
-12
-13
-13
-14
-12
-12
-14
-13
-11
-11
-10
-10
-10
-9
-12
-12
-13
-12
-11
-9
-8
-8
-8
-8
-8
-9
-9
-11
-12
-9
-6
-5
-7
-8
-8
-6
-5
-9
-12
-14
-10
-6
-6
-10
-12
-12
-10
-10
-10
-12
-11
-9
-8
-8
-9
-9
-8
-7
-8
-10
-12
-14
-13
-13
-11
-10
-12
-12
-13
-14
-14
-14
-14
-13
-14
-15
-14
-13
-13
-13
-12
-12
-12
-12
-12
-13
-13
-12
-12
-12
-12
-12
-10
-10
-11
-14
-15
-17
-15
-14
-13
-12
-11
-10
-12
-13
-11
-10
-10
-11
-11
-10
-11
-11
-10
-9
-7
-8
-9
-10
-10
-10
-10
-12
-13
-12
-12
-11
-11
-11
-12
-11
-11
-11
-11
-13
-13
-9
-9
-10
-11
-15
-13
-11
-14
-13
-13
-13
-12
-12
-14
-14
-16
-12
-11
-9
-7
-7
-9
-9
-10
-10
-11
-11
-11
-11
-8
-7
-8
-11
-11
-11
-11
-9
-9
-10
-10
-9
-10
-10
-8
-9
-10
-13
-14
-13
-12
-11
-12
-11
-11
-12
-11
-12
-14
-17
-17
-16
-14
-13
-13
-13
-13
-12
-13
-12
-11
-13
-15
-13
-12
-10
-10
-11
-9
-9
-9
-9
-11
-13
-11
-10
-11
-12
-11
-10
-10
-12
-13
-13
-10
-8
-9
-10
-9
-6
-6
-7
-9
-11
-9
-7
-9
-11
-13
-11
-9
-11
-14
-14
-12
-11
-10
-11
-11
-12
-12
-13
-11
-10
-12
-12
-10
-8
-8
-9
-11
-13
-10
-9
-8
-8
-7
-7
-9
-11
-10
-8
-8
-8
-9
-8
-10
-10
-10
-12
-14
-16
-12
-9
-8
-8
-7
-6
-7
-10
-13
-14
-15
-15
-16
-18
-17
-15
-12
-14
-15
-16
-15
-14
-14
-14
-16
-16
-16
-15
-15
-15
-17
-16
-17
-17
-16
-16
-17
-17
-16
-16
-16
-17
-17
-18
-19
-18
-18
-18
-16
-17
-15
-13
-15
-18
-19
-20
-17
-17
-18
-18
-19
-18
-19
-19
-21
-20
-18
-17
-19
-21
-22
-20
-19
-15
-15
-17
-18
-18
-19
-20
-21
-21
-20
-20
-19
-20
-20
-20
-20
-20
-19
-18
-17
-17
-17
-19
-19
-19
-19
-20
-21
-21
-19
-18
-19
-20
-21
-21
-19
-17
-17
-19
-20
-21
-20
-20
-20
-21
-22
-23
-22
-22
-20
-23
-23
-23
-19
-19
-21
-21
-20
-18
-19
-18
-17
-17
-18
-18
-17
-16
-15
-14
-15
-17
-17
-16
-17
-16
-15
-15
-15
-16
-16
-16
-16
-15
-16
-16
-14
-12
-13
-14
-13
-14
-15
-17
-17
-17
-16
-16
-18
-19
-18
-15
-14
-14
-16
-19
-19
-19
-18
-19
-18
-18
-17
-18
-17
-16
-17
-16
-17
-17
-17
-16
-17
-19
-18
-18
-18
-18
-18
-18
-18
-14
-14
-15
-16
-17
-17
-17
-18
-20
-17
-18
-19
-20
-21
-21
-21
-22
-22
-18
-17
-18
-17
-18
-17
-16
-17
-15
-16
-16
-17
-16
-15
-14
-15
-16
-16
-16
-16
-14
-13
-13
-14
-12
-13
-11
-13
-16
-15
-13
-13
-14
-16
-14
-15
-16
-16
-18
-20
-20
-19
-18
-17
-18
-19
-17
-14
-17
-18
-17
-19
-17
-16
-17
-17
-17
-18
-17
-14
-15
-17
-18
-20
-19
-19
-19
-18
-17
-17
-16
-18
-17
-14
-13
-13
-15
-16
-17
-15
-16
-18
-17
-13
-10
-11
-15
-16
-13
-14
-16
-18
-16
-16
-17
-17
-15
-15
-15
-17
-18
-17
-14
-15
-15
-18
-19
-19
-17
-16
-17
-19
-17
-16
-14
-17
-21
-22
-21
-19
-18
-19
-18
-17
-17
-15
-15
-18
-17
-15
-13
-12
-12
-13
-15
-16
-15
-15
-14
-12
-12
-13
-12
-10
-11
-10
-10
-11
-13
-14
-13
-13
-12
-11
-9
-10
-11
-10
-9
-8
-8
-9
-9
-5
-2
-1
-2
-6
-9
-9
-8
-7
-6
-7
-9
-9
-7
-7
-7
-8
-8
-9
-9
-9
-8
-8
-6
-6
-7
-7
-7
-9
-9
-10
-11
-10
-9
-7
-8
-12
-13
-11
-10
-10
-10
-10
-12
-11
-11
-11
-11
-11
-13
-15
-16
-15
-15
-13
-13
-13
-14
-14
-14
-13
-13
-14
-14
-15
-14
-14
-13
-14
-15
-15
-14
-12
-13
-14
-18
-19
-19
-18
-16
-15
-17
-16
-16
-15
-13
-14
-16
-17
-16
-15
-12
-11
-11
-13
-16
-17
-15
-14
-16
-16
-17
-17
-18
-19
-16
-15
-16
-17
-17
-17
-16
-13
-13
-15
-13
-13
-14
-12
-12
-14
-16
-16
-15
-14
-14
-14
-13
-12
-11
-12
-13
-16
-18
-17
-16
-14
-13
-13
-13
-12
-10
-8
-8
-11
-12
-10
-9
-10
-13
-12
-12
-9
-9
-11
-10
-11
-14
-16
-15
-12
-11
-12
-13
-12
-11
-10
-11
-12
-11
-11
-12
-12
-11
-9
-7
-9
-11
-12
-12
-13
-15
-14
-12
-11
-10
-10
-9
-6
-7
-9
-11
-11
-9
-9
-11
-14
-13
-12
-9
-8
-8
-9
-10
-11
-11
-11
-11
-9
-9
-9
-8
-8
-7
-8
-11
-11
-10
-8
-8
-9
-9
-8
-9
-8
-7
-6
-6
-8
-11
-9
-10
-10
-9
-10
-9
-8
-8
-9
-11
-12
-10
-9
-9
-8
-8
-8
-9
-11
-11
-11
-7
-7
-8
-10
-10
-9
-9
-11
-13
-14
-12
-13
-12
-10
-9
-9
-9
-10
-11
-11
-7
-7
-7
-11
-14
-14
-11
-9
-8
-12
-16
-16
-13
-12
-11
-14
-14
-14
-13
-11
-13
-15
-14
-11
-9
-9
-10
-8
-11
-11
-11
-10
-9
-12
-14
-14
-15
-12
-11
-12
-14
-16
-15
-15
-14
-12
-12
-10
-11
-13
-13
-13
-14
-15
-17
-15
-15
-14
-16
-16
-15
-15
-16
-14
-15
-16
-17
-18
-18
-17
-17
-17
-17
-15
-13
-15
-17
-18
-14
-13
-13
-15
-15
-14
-12
-11
-10
-11
-8
-7
-8
-10
-10
-9
-9
-11
-11
-13
-11
-11
-10
-11
-13
-13
-13
-12
-11
-12
-11
-12
-12
-12
-13
-13
-11
-10
-8
-9
-12
-13
-14
-16
-16
-15
-16
-16
-16
-17
-16
-13
-12
-15
-15
-15
-14
-14
-15
-16
-16
-16
-17
-14
-12
-14
-15
-17
-18
-17
-15
-16
-16
-17
-16
-16
-17
-18
-19
-19
-15
-15
-14
-17
-16
-16
-15
-14
-15
-17
-17
-16
-15
-14
-13
-13
-10
-10
-11
-12
-15
-16
-16
-14
-14
-15
-17
-17
-18
-16
-18
-19
-19
-18
-17
-16
-16
-18
-17
-18
-16
-16
-17
-18
-18
-17
-17
-16
-16
-17
-17
-18
-17
-16
-16
-15
-13
-13
-13
-15
-16
-14
-13
-12
-14
-14
-16
-15
-14
-12
-13
-14
-15
-15
-16
-16
-16
-16
-15
-15
-16
-17
-16
-15
-16
-14
-16
-16
-14
-13
-13
-13
-13
-12
-13
-14
-14
-15
-16
-17
-16
-14
-12
-12
-13
-12
-11
-12
-11
-11
-10
-11
-12
-13
-12
-12
-12
-12
-12
-12
-10
-9
-11
-12
-10
-10
-13
-14
-15
-14
-14
-13
-13
-13
-13
-14
-14
-11
-10
-12
-14
-14
-15
-14
-14
-13
-13
-13
-12
-14
-14
-14
-14
-13
-13
-12
-12
-13
-16
-19
-20
-18
-15
-13
-15
-17
-14
-14
-16
-17
-17
-17
-17
-17
-16
-17
-18
-20
-21
-21
-19
-19
-21
-21
-21
-19
-19
-19
-21
-21
-20
-20
-19
-18
-20
-19
-19
-18
-19
-18
-17
-18
-20
-22
-22
-20
-17
-19
-18
-17
-18
-20
-21
-21
-21
-18
-20
-22
-21
-19
-18
-18
-20
-20
-19
-16
-16
-18
-22
-24
-23
-22
-21
-23
-21
-20
-21
-19
-19
-21
-21
-21
-20
-19
-19
-20
-22
-21
-20
-18
-18
-19
-18
-17
-17
-18
-20
-23
-24
-23
-23
-22
-23
-23
-24
-24
-25
-26
-26
-25
-25
-25
-26
-27
-26
-26
-26
-26
-27
-25
-26
-26
-28
-27
-26
-25
-26
-28
-28
-29
-28
-26
-25
-27
-28
-28
-29
-29
-31
-30
-31
-32
-31
-30
-29
-29
-27
-27
-26
-28
-30
-32
-32
-32
-32
-32
-32
-31
-30
-31
-33
-34
-33
-34
-33
-34
-33
-32
-32
-31
-32
-33
-32
-31
-31
-31
-31
-34
-33
-31
-31
-34
-34
-35
-33
-30
-32
-34
-35
-33
-32
-31
-31
-31
-33
-33
-34
-34
-34
-34
-34
-32
-31
-31
-31
-32
-33
-33
-32
-30
-30
-31
-34
-36
-35
-32
-33
-35
-35
-34
-32
-32
-33
-33
-32
-30
-29
-30
-30
-30
-30
-30
-31
-31
-29
-29
-29
-30
-32
-31
-30
-30
-30
-30
-30
-28
-27
-26
-27
-27
-28
-27
-24
-24
-25
-26
-28
-29
-28
-26
-27
-26
-25
-26
-25
-24
-22
-24
-24
-22
-24
-25
-24
-26
-26
-26
-27
-27
-27
-27
-25
-23
-24
-25
-27
-27
-26
-28
-28
-28
-26
-23
-23
-25
-26
-25
-26
-24
-22
-22
-22
-24
-25
-27
-26
-25
-25
-25
-25
-24
-24
-24
-25
-26
-26
-24
-22
-21
-21
-23
-23
-23
-22
-23
-26
-26
-25
-24
-23
-22
-21
-20
-21
-21
-21
-20
-21
-22
-24
-25
-23
-24
-21
-18
-14
-15
-18
-21
-22
-21
-19
-20
-21
-21
-19
-18
-19
-19
-19
-19
-16
-16
-17
-17
-19
-18
-20
-18
-15
-16
-18
-17
-17
-17
-18
-18
-20
-18
-15
-12
-12
-13
-14
-15
-14
-15
-15
-17
-19
-18
-14
-11
-11
-13
-15
-15
-15
-16
-17
-16
-16
-15
-14
-15
-17
-16
-17
-19
-18
-18
-18
-18
-15
-15
-16
-17
-17
-17
-16
-13
-16
-17
-17
-15
-15
-15
-16
-15
-14
-14
-15
-17
-18
-19
-16
-15
-17
-16
-15
-15
-13
-15
-17
-17
-16
-16
-17
-18
-17
-15
-12
-11
-11
-11
-13
-15
-16
-15
-14
-15
-16
-16
-14
-15
-15
-17
-17
-16
-15
-14
-14
-16
-15
-16
-16
-16
-15
-12
-12
-11
-11
-12
-14
-14
-13
-13
-12
-12
-10
-10
-11
-12
-14
-12
-13
-12
-14
-14
-14
-14
-14
-15
-13
-11
-10
-9
-9
-10
-11
-11
-11
-8
-7
-7
-8
-9
-10
-11
-13
-12
-12
-13
-13
-14
-14
-14
-13
-11
-10
-10
-10
-11
-11
-12
-13
-16
-15
-13
-12
-11
-12
-11
-12
-13
-13
-12
-13
-14
-16
-16
-14
-13
-14
-14
-15
-14
-15
-16
-18
-19
-18
-19
-18
-16
-13
-12
-12
-15
-18
-16
-17
-15
-15
-16
-15
-14
-15
-14
-14
-14
-15
-16
-16
-15
-14
-14
-14
-13
-12
-12
-13
-14
-16
-13
-14
-14
-15
-14
-13
-13
-16
-16
-16
-17
-17
-17
-15
-13
-13
-14
-14
-16
-14
-14
-15
-16
-16
-15
-17
-18
-19
-21
-20
-19
-15
-14
-16
-16
-16
-14
-15
-12
-12
-13
-13
-13
-14
-12
-11
-14
-16
-18
-18
-17
-16
-15
-15
-15
-14
-14
-13
-12
-13
-13
-14
-13
-13
-14
-14
-17
-17
-16
-15
-15
-15
-15
-16
-16
-17
-16
-13
-13
-13
-15
-16
-13
-11
-14
-16
-18
-18
-18
-19
-20
-19
-18
-18
-18
-21
-21
-21
-19
-17
-18
-18
-18
-16
-17
-18
-18
-16
-16
-18
-18
-18
-16
-15
-17
-18
-18
-16
-13
-14
-16
-15
-15
-13
-15
-14
-11
-8
-9
-10
-12
-14
-15
-13
-15
-12
-10
-9
-8
-9
-9
-9
-10
-11
-12
-13
-12
-12
-13
-15
-15
-15
-13
-12
-14
-14
-13
-10
-10
-11
-10
-9
-11
-12
-12
-11
-10
-12
-14
-16
-16
-13
-11
-11
-12
-14
-14
-10
-10
-12
-13
-11
-12
-12
-11
-14
-13
-12
-12
-12
-12
-12
-12
-14
-14
-14
-12
-11
-10
-12
-14
-16
-16
-15
-16
-17
-18
-18
-16
-14
-14
-15
-17
-18
-18
-16
-16
-15
-17
-18
-19
-19
-20
-18
-19
-18
-20
-19
-17
-16
-17
-17
-17
-19
-18
-17
-19
-19
-19
-18
-16
-17
-15
-16
-17
-19
-20
-20
-19
-17
-19
-20
-19
-20
-19
-20
-20
-20
-19
-20
-21
-17
-13
-12
-12
-15
-17
-19
-17
-16
-16
-15
-14
-16
-18
-18
-16
-14
-14
-15
-19
-18
-15
-14
-15
-15
-15
-16
-16
-16
-15
-15
-15
-15
-15
-13
-13
-13
-13
-14
-15
-16
-16
-17
-17
-15
-14
-15
-15
-17
-16
-15
-15
-18
-17
-15
-15
-15
-17
-16
-18
-18
-20
-20
-19
-18
-19
-18
-19
-19
-17
-16
-14
-14
-15
-14
-15
-16
-17
-16
-16
-16
-15
-16
-14
-15
-15
-17
-17
-16
-17
-17
-18
-18
-17
-16
-18
-21
-22
-20
-18
-18
-16
-15
-17
-18
-19
-17
-15
-15
-17
-16
-14
-13
-14
-13
-13
-13
-15
-15
-13
-11
-11
-11
-11
-11
-9
-9
-10
-13
-14
-14
-13
-13
-12
-12
-11
-11
-11
-13
-12
-9
-9
-8
-9
-7
-9
-9
-9
-10
-10
-11
-11
-9
-10
-13
-12
-11
-9
-11
-12
-13
-14
-13
-14
-14
-12
-11
-10
-9
-9
-9
-9
-10
-12
-13
-11
-9
-9
-8
-10
-8
-4
-5
-7
-12
-13
-12
-8
-8
-8
-9
-8
-8
-9
-8
-12
-10
-9
-8
-7
-4
-3
-6
-8
-9
-8
-7
-5
-6
-8
-7
-7
-7
-8
-9
-9
-9
-10
-13
-11
-11
-11
-10
-8
-8
-7
-7
-10
-9
-10
-9
-10
-11
-13
-15
-13
-11
-12
-11
-9
-10
-12
-13
-15
-13
-11
-13
-15
-15
-12
-11
-13
-13
-12
-12
-10
-12
-16
-15
-12
-12
-11
-10
-11
-12
-14
-14
-16
-14
-16
-16
-15
-13
-12
-11
-11
-12
-12
-11
-13
-15
-18
-16
-15
-15
-18
-19
-20
-17
-16
-15
-14
-14
-14
-14
-15
-19
-17
-17
-18
-19
-21
-19
-17
-15
-14
-15
-14
-11
-11
-15
-18
-20
-19
-19
-19
-18
-18
-17
-18
-20
-21
-21
-18
-15
-15
-15
-16
-19
-22
-23
-22
-21
-21
-21
-22
-23
-22
-21
-21
-22
-22
-21
-20
-20
-21
-22
-21
-21
-21
-21
-21
-20
-19
-20
-20
-20
-20
-22
-20
-21
-21
-19
-19
-19
-20
-21
-20
-19
-19
-21
-23
-22
-19
-20
-20
-19
-20
-20
-21
-23
-22
-21
-20
-22
-23
-23
-22
-19
-17
-19
-21
-23
-22
-21
-23
-27
-27
-25
-23
-21
-22
-22
-23
-21
-19
-21
-23
-23
-23
-21
-19
-17
-17
-19
-19
-22
-23
-20
-19
-18
-19
-20
-18
-17
-18
-20
-21
-21
-18
-15
-18
-20
-19
-20
-20
-21
-22
-23
-21
-19
-19
-19
-20
-20
-21
-22
-24
-22
-20
-18
-19
-18
-18
-18
-18
-18
-17
-17
-18
-17
-18
-19
-18
-16
-20
-20
-20
-19
-18
-16
-16
-16
-16
-17
-19
-18
-18
-19
-18
-18
-18
-19
-18
-15
-16
-18
-19
-20
-17
-18
-21
-22
-24
-22
-22
-19
-18
-20
-22
-21
-18
-16
-17
-18
-19
-18
-17
-17
-18
-18
-17
-18
-15
-14
-15
-14
-16
-17
-17
-18
-18
-17
-14
-14
-12
-14
-15
-14
-13
-12
-10
-14
-17
-17
-15
-11
-10
-12
-15
-17
-17
-14
-14
-16
-17
-16
-15
-14
-14
-15
-16
-16
-18
-17
-16
-15
-15
-16
-18
-19
-17
-17
-18
-17
-16
-17
-17
-16
-17
-16
-18
-18
-17
-16
-17
-18
-21
-22
-22
-19
-19
-19
-17
-16
-16
-16
-18
-19
-19
-20
-22
-22
-21
-18
-20
-20
-20
-18
-17
-19
-18
-18
-18
-17
-19
-20
-20
-20
-20
-22
-22
-22
-21
-20
-19
-19
-20
-20
-21
-20
-21
-22
-23
-22
-23
-23
-21
-19
-16
-16
-20
-23
-23
-22
-21
-22
-24
-24
-22
-22
-24
-26
-27
-28
-25
-24
-26
-24
-25
-23
-24
-24
-22
-22
-22
-22
-23
-23
-21
-20
-22
-23
-22
-20
-20
-21
-23
-24
-22
-22
-22
-23
-24
-24
-23
-23
-21
-22
-23
-21
-19
-21
-22
-23
-21
-16
-17
-20
-22
-23
-24
-24
-23
-21
-18
-19
-21
-24
-26
-27
-26
-24
-21
-19
-20
-23
-24
-23
-23
-24
-25
-26
-26
-27
-27
-26
-26
-26
-27
-29
-28
-28
-28
-27
-28
-27
-25
-25
-25
-26
-26
-24
-24
-28
-28
-27
-29
-29
-29
-29
-27
-27
-27
-27
-28
-27
-26
-27
-28
-30
-29
-28
-28
-26
-26
-27
-29
-29
-30
-28
-27
-27
-27
-29
-28
-28
-28
-28
-27
-25
-25
-26
-29
-29
-28
-26
-26
-27
-28
-29
-27
-27
-28
-30
-30
-29
-29
-29
-29
-28
-27
-27
-29
-29
-28
-27
-29
-29
-29
-27
-24
-24
-25
-27
-29
-28
-25
-25
-24
-25
-25
-24
-22
-23
-26
-28
-28
-26
-24
-22
-23
-24
-23
-21
-20
-22
-22
-21
-21
-21
-23
-24
-25
-25
-24
-24
-24
-23
-25
-27
-27
-26
-25
-26
-25
-26
-26
-27
-27
-26
-28
-27
-25
-22
-22
-24
-23
-21
-20
-20
-22
-24
-26
-27
-25
-24
-21
-20
-21
-21
-23
-21
-22
-21
-19
-19
-20
-22
-27
-24
-22
-22
-21
-23
-24
-23
-20
-21
-23
-22
-21
-21
-21
-22
-23
-22
-22
-22
-22
-23
-24
-24
-24
-23
-23
-25
-26
-25
-23
-21
-22
-22
-22
-21
-21
-21
-23
-24
-24
-23
-21
-20
-22
-21
-22
-22
-22
-22
-21
-21
-22
-23
-25
-24
-22
-22
-22
-22
-24
-25
-23
-24
-26
-27
-27
-24
-21
-20
-21
-24
-26
-24
-23
-22
-23
-24
-23
-22
-24
-25
-23
-22
-22
-26
-27
-24
-21
-21
-23
-25
-26
-27
-27
-29
-29
-28
-26
-26
-28
-31
-30
-27
-26
-27
-28
-28
-28
-29
-31
-32
-31
-29
-29
-29
-29
-28
-27
-28
-28
-28
-31
-30
-31
-27
-25
-24
-26
-26
-27
-26
-24
-26
-27
-28
-26
-24
-24
-25
-27
-29
-27
-24
-24
-26
-28
-29
-28
-25
-28
-30
-30
-27
-27
-27
-29
-28
-29
-28
-30
-27
-24
-25
-27
-29
-29
-28
-29
-31
-32
-30
-29
-30
-33
-32
-32
-32
-33
-34
-33
-30
-29
-28
-28
-30
-31
-30
-30
-29
-29
-29
-31
-32
-33
-31
-30
-32
-30
-29
-27
-28
-28
-29
-30
-27
-25
-27
-28
-27
-26
-28
-30
-31
-31
-27
-27
-26
-25
-25
-26
-26
-26
-29
-30
-27
-26
-26
-29
-28
-26
-24
-22
-23
-25
-25
-26
-25
-24
-25
-25
-24
-23
-24
-21
-24
-27
-27
-25
-24
-27
-28
-27
-24
-23
-25
-26
-25
-22
-23
-23
-22
-23
-25
-28
-26
-25
-23
-22
-25
-26
-23
-24
-24
-21
-23
-25
-28
-29
-25
-25
-27
-27
-25
-23
-25
-25
-22
-24
-21
-21
-22
-24
-26
-26
-25
-22
-21
-21
-21
-22
-24
-24
-24
-23
-21
-18
-19
-20
-21
-21
-22
-22
-23
-23
-23
-22
-20
-22
-24
-26
-24
-22
-21
-23
-24
-24
-21
-18
-20
-23
-25
-26
-24
-24
-26
-26
-25
-22
-21
-22
-23
-24
-23
-22
-21
-20
-19
-18
-19
-19
-18
-19
-20
-21
-23
-23
-21
-19
-19
-19
-21
-21
-20
-19
-22
-23
-21
-20
-20
-21
-21
-21
-19
-17
-15
-15
-16
-17
-17
-18
-18
-19
-19
-19
-17
-17
-17
-18
-17
-18
-19
-17
-16
-16
-16
-15
-14
-16
-17
-19
-20
-21
-22
-22
-23
-24
-24
-24
-24
-24
-24
-23
-23
-21
-20
-19
-21
-20
-20
-20
-19
-20
-20
-21
-22
-22
-23
-24
-24
-23
-24
-23
-20
-18
-22
-24
-24
-21
-19
-19
-21
-24
-23
-20
-21
-21
-23
-23
-23
-22
-24
-25
-25
-25
-25
-24
-25
-24
-22
-22
-23
-24
-27
-28
-27
-26
-27
-27
-27
-29
-29
-27
-25
-26
-27
-28
-28
-26
-24
-26
-26
-28
-27
-26
-25
-25
-25
-26
-28
-28
-26
-24
-25
-28
-30
-32
-33
-32
-33
-33
-32
-30
-30
-28
-29
-29
-28
-28
-29
-28
-29
-30
-29
-28
-30
-30
-30
-30
-29
-30
-29
-28
-28
-29
-29
-31
-29
-28
-29
-29
-28
-28
-29
-32
-33
-31
-28
-25
-26
-28
-27
-26
-27
-26
-27
-28
-28
-28
-28
-29
-29
-29
-26
-27
-28
-30
-31
