326
355
376
359
339
302
267
231
215
212
232
248
257
254
229
204
162
94
22
-56
-123
-175
-216
-249
-278
-305
-310
-319
-329
-357
-410
-466
-527
-622
-693
-783
-850
-870
-861
-756
-586
-351
-33
301
608
834
955
1061
1058
963
789
584
464
365
242
184
158
201
236
188
141
58
-51
-200
-391
-534
-621
-689
-673
-615
-476
-279
-77
107
277
406
522
565
544
482
406
339
271
187
140
126
140
154
158
155
152
102
23
-56
-140
-206
-269
-305
-284
-227
-143
-23
101
243
345
412
463
481
467
431
364
312
259
222
201
187
178
180
183
186
177
142
103
45
-17
-70
-130
-173
-221
-269
-272
-290
-297
-325
-378
-413
-476
-584
-666
-786
-852
-914
-947
-876
-764
-579
-272
47
418
685
843
1015
1089
1052
915
676
546
446
285
165
70
93
155
116
93
63
3
-64
-230
-359
-448
-543
-586
-590
-527
-372
-211
-19
173
335
508
628
672
657
585
514
438
308
174
75
32
24
-3
-25
5
27
31
-5
-68
-113
-156
-212
-248
-267
-233
-157
-59
67
185
300
411
485
533
535
504
452
369
286
215
162
123
92
94
127
157
186
188
181
165
125
65
-11
-100
-187
-258
-312
-342
-375
-409
-445
-470
-516
-577
-672
-755
-840
-898
-922
-884
-789
-615
-340
-7
338
610
811
988
1118
1096
984
767
622
477
306
124
17
-28
11
-29
-30
-34
-35
-65
-143
-242
-296
-377
-428
-460
-444
-357
-229
-73
99
265
449
616
693
719
686
636
549
395
216
82
-18
-80
-152
-183
-161
-125
-98
-72
-80
-82
-105
-140
-157
-175
-179
-140
-80
25
127
223
340
439
522
566
563
539
477
399
331
252
183
124
102
115
133
151
168
189
198
171
127
57
-17
-109
-192
-267
-337
-400
-456
-502
-524
-569
-617
-674
-723
-769
-815
-850
-839
-776
-674
-495
-231
69
381
610
793
991
1092
1079
948
746
633
485
286
94
-57
-85
-69
-118
-111
-108
-76
-57
-108
-160
-206
-279
-317
-364
-361
-296
-206
-67
79
225
415
575
670
704
677
648
567
409
231
76
-19
-100
-200
-248
-239
-207
-168
-150
-132
-98
-84
-79
-71
-72
-60
-38
20
100
166
229
323
412
491
537
550
547
527
482
426
359
292
232
187
157
144
130
131
146
150
148
116
70
3
-82
-171
-253
-349
-429
-514
-546
-586
-625
-663
-697
-715
-725
-761
-761
-753
-691
-592
-444
-200
58
326
545
720
906
1017
1000
913
735
631
493
307
120
-20
-69
-53
-109
-89
-79
-40
-11
-51
-102
-134
-203
-248
-304
-312
-253
-185
-80
43
183
363
503
573
620
617
603
534
393
246
128
31
-61
-178
-248
-271
-277
-267
-261
-241
-184
-136
-90
-50
-14
24
56
94
151
200
257
320
389
462
531
570
586
577
559
531
474
404
326
260
212
178
143
128
118
122
124
107
61
4
-71
-136
-226
-321
-398
-477
-503
-536
-567
-580
-602
-616
-636
-682
-701
-737
-735
-704
-645
-492
-276
-33
240
443
637
823
921
936
847
708
614
473
310
145
26
7
6
-27
-3
10
47
51
0
-49
-99
-176
-229
-291
-293
-264
-213
-120
-19
96
246
352
438
491
510
516
466
376
270
151
53
-67
-195
-268
-317
-342
-351
-345
-299
-223
-158
-84
-24
37
91
122
149
188
216
273
328
390
456
522
578
614
619
614
585
542
475
393
323
265
201
147
110
79
65
48
22
-1
-41
-85
-132
-183
-236
-284
-328
-342
-361
-375
-403
-429
-464
-501
-559
-635
-703
-768
-808
-808
-775
-691
-492
-271
18
257
436
624
794
856
863
732
661
603
484
345
208
138
164
102
55
40
29
57
8
-65
-95
-134
-170
-224
-292
-291
-278
-232
-171
-129
-18
133
247
347
397
455
502
458
357
241
141
58
-88
-235
-304
-341
-346
-348
-339
-264
-162
-79
-4
46
116
181
226
268
293
315
366
400
440
480
522
571
607
620
634
615
575
501
418
330
236
134
48
-10
-42
-66
-65
-52
-25
-11
3
12
14
-20
-56
-107
-144
-216
-298
-365
-425
-497
-570
-653
-696
-736
-800
-829
-830
-790
-723
-629
-448
-206
35
244
430
643
823
894
891
837
810
742
606
434
310
230
173
79
30
-7
-7
-18
-59
-123
-159
-209
-252
-320
-362
-368
-323
-262
-204
-135
7
146
247
311
370
434
451
381
289
202
127
23
-118
-219
-273
-304
-317
-325
-290
-209
-113
-13
68
143
211
274
334
358
355
363
383
414
434
452
486
523
548
553
542
524
470
404
336
268
190
111
59
37
28
39
52
97
146
179
202
195
164
115
26
-57
-153
-262
-330
-412
-473
-528
-605
-648
-693
-758
-806
-890
-921
-926
-910
-824
-691
-477
-190
82
341
574
788
964
1027
1015
959
895
803
641
447
313
215
139
30
-46
-81
-94
-117
-158
-209
-228
-255
-289
-330
-351
-346
-307
-262
-213
-151
-49
63
147
211
268
318
344
311
253
201
146
76
-16
-90
-139
-182
-204
-212
-203
-159
-108
-41
37
102
168
226
283
331
355
376
398
421
451
466
468
470
473
485
492
480
462
446
437
417
374
331
297
261
231
197
174
161
147
135
132
124
102
56
-5
-71
-146
-226
-315
-383
-457
-514
-571
-621
-665
-704
-746
-766
-797
-812
-822
-799
-723
-619
-445
-218
35
287
497
678
878
978
1016
968
901
850
733
549
386
236
153
44
-81
-133
-178
-194
-205
-240
-236
-232
-253
-252
-280
-282
-283
-284
-271
-262
-227
-133
-57
23
103
200
311
368
369
373
366
342
251
124
32
-50
-139
-220
-281
-281
-239
-196
-123
-37
68
167
241
313
380
426
462
472
485
515
542
564
569
581
618
641
634
600
555
520
467
378
286
205
146
95
51
28
20
9
12
21
34
22
-7
-50
-87
-150
-207
-270
-309
-359
-389
-421
-425
-436
-448
-468
-477
-494
-528
-574
-626
-629
-632
-597
-520
-354
-158
81
264
475
661
831
905
920
864
837
734
598
416
259
143
38
-96
-175
-226
-238
-249
-275
-272
-255
-249
-257
-278
-280
-260
-256
-239
-233
-195
-117
-28
46
122
199
291
351
363
355
336
307
241
138
52
-19
-94
-157
-215
-219
-190
-140
-76
12
109
230
329
428
498
553
602
642
651
651
633
627
597
558
520
488
452
401
337
297
250
197
139
89
61
34
0
-19
-21
-10
-5
0
28
46
62
69
70
68
47
12
-12
-47
-69
-97
-132
-167
-221
-279
-337
-406
-483
-569
-639
-688
-739
-746
-737
-679
-545
-370
-158
70
257
456
632
758
813
785
743
707
603
469
302
173
94
-3
-111
-164
-195
-186
-206
-222
-209
-183
-166
-167
-189
-180
-167
-162
-164
-173
-155
-108
-68
-28
11
83
176
223
254
290
328
359
334
281
245
207
149
70
-1
-27
-29
-11
16
69
149
253
342
429
493
548
584
598
578
548
501
446
373
304
247
195
154
113
90
93
104
106
108
102
110
113
109
103
99
111
131
150
171
190
217
239
244
231
203
168
113
42
-24
-82
-136
-188
-246
-285
-330
-383
-443
-504
-551
-601
-661
-710
-729
-718
-675
-624
-501
-329
-117
60
221
376
547
637
676
648
636
603
516
377
272
185
121
12
-76
-106
-117
-130
-167
-193
-171
-151
-158
-165
-183
-158
-133
-121
-117
-104
-50
28
75
119
174
248
315
328
325
340
355
333
279
231
223
193
136
78
61
73
81
60
64
88
136
168
195
222
260
282
302
295
301
304
305
288
267
246
244
233
218
199
197
198
193
182
179
185
191
194
196
208
221
234
244
260
270
274
272
262
251
232
204
165
106
48
-2
-62
-114
-175
-234
-274
-325
-394
-445
-500
-533
-574
-626
-667
-686
-699
-679
-660
-593
-477
-325
-161
-1
146
310
463
554
622
638
669
655
596
491
426
340
267
143
57
3
-27
-71
-115
-142
-112
-87
-68
-47
-28
17
51
65
60
59
70
90
72
68
72
102
126
131
138
184
220
235
224
222
232
215
172
125
89
61
26
-22
-39
-32
-3
27
73
133
203
252
294
315
348
367
366
339
324
305
291
252
218
199
201
190
176
160
174
187
197
194
209
230
254
262
275
293
311
316
307
292
280
253
210
147
72
6
-58
-125
-196
-255
-295
-319
-353
-390
-430
-456
-485
-522
-569
-611
-653
-686
-705
-697
-664
-588
-468
-302
-109
81
262
451
622
732
797
812
825
791
701
560
439
319
216
82
-14
-63
-78
-86
-92
-82
-30
17
40
54
52
62
51
12
-43
-90
-118
-126
-154
-153
-123
-65
-8
29
75
146
197
214
207
203
211
175
117
64
33
13
-17
-51
-36
-6
34
66
109
166
219
245
261
270
288
300
291
277
260
254
247
233
207
192
185
188
173
167
170
189
203
211
222
247
261
260
251
247
245
223
186
150
126
104
71
24
-14
-60
-99
-149
-191
-227
-248
-269
-273
-283
-284
-291
-313
-314
-326
-329
-360
-381
-422
-417
-432
-411
-400
-325
-228
-68
59
187
309
441
548
607
630
634
641
587
524
416
360
271
184
83
36
-15
-36
-88
-108
-109
-89
-83
-83
-77
-68
-58
-67
-87
-130
-135
-147
-146
-167
-158
-141
-87
-60
-15
26
100
151
179
195
224
230
211
170
135
117
88
55
21
13
14
26
42
88
134
183
218
254
287
327
341
342
318
298
270
235
184
140
103
80
53
36
37
51
62
73
89
114
134
138
142
154
179
187
185
182
191
198
200
181
167
154
150
133
108
76
56
42
29
10
-18
-33
-67
-107
-157
-196
-242
-288
-350
-390
-430
-450
-467
-471
-446
-385
-291
-164
-42
77
193
309
402
456
476
490
491
462
403
328
274
215
155
81
35
3
-18
-46
-66
-76
-68
-69
-75
-78
-84
-83
-97
-121
-148
-163
-169
-168
-181
-170
-139
-95
-61
-21
36
105
154
184
209
246
269
257
230
201
178
147
105
71
51
43
44
49
63
94
123
152
164
170
173
171
151
115
81
60
41
19
2
2
21
44
60
90
130
179
222
259
296
334
356
373
383
384
381
371
363
351
336
328
317
312
296
276
255
231
188
136
77
34
-11
-55
-103
-144
-173
-206
-244
-282
-317
-352
-385
-429
-458
-490
-510
-514
-504
-461
-383
-282
-161
-40
80
206
304
372
423
451
482
470
430
381
342
298
245
163
113
73
36
-12
-59
-85
-92
-107
-123
-132
-131
-110
-108
-107
-113
-115
-116
-118
-126
-111
-92
-66
-52
-33
10
60
92
111
135
171
202
188
163
132
111
78
30
-19
-40
-60
-65
-64
-37
4
42
73
108
145
185
209
220
230
239
244
242
228
222
217
218
216
217
228
249
269
293
315
343
369
382
395
400
405
402
384
360
337
314
290
258
224
202
177
151
115
78
49
16
-31
-73
-113
-141
-175
-217
-253
-283
-313
-342
-380
-409
-433
-456
-475
-489
-491
-478
-456
-418
-340
-242
-116
-9
95
202
309
377
423
434
457
452
417
360
311
261
207
133
72
43
9
-28
-71
-98
-104
-104
-118
-121
-129
-122
-131
-142
-161
-173
-183
-186
-197
-188
-162
-134
-100
-69
-22
38
83
108
130
149
171
157
132
109
91
72
52
38
44
58
72
95
129
173
205
232
257
281
301
312
309
304
297
283
271
255
247
239
232
232
234
242
259
273
289
309
323
332
334
337
332
320
299
276
256
239
212
187
165
148
130
107
83
59
35
-1
-35
-73
-98
-136
-165
-196
-209
-231
-249
-282
-295
-304
-317
-336
-365
-373
-390
-386
-407
-393
-395
-335
-293
-194
-111
-1
95
201
272
342
386
412
431
400
367
305
259
181
126
44
21
-30
-56
-91
-98
-108
-97
-106
-106
-110
-115
-118
-136
-141
-170
-178
-182
-169
-167
-138
-117
-70
-38
1
47
95
131
162
185
215
233
221
213
195
184
163
146
136
133
121
123
134
159
182
194
218
244
266
278
285
288
294
284
278
267
256
247
230
221
215
209
205
215
224
240
245
251
255
258
252
246
235
225
213
200
188
171
159
144
129
108
84
61
33
-6
-50
-88
-121
-148
-185
-212
-233
-244
-269
-289
-314
-325
-344
-373
-397
-413
-408
-414
-404
-403
-366
-339
-269
-210
-105
-29
76
144
240
286
335
349
368
367
332
297
236
201
134
92
25
6
-45
-57
-91
-81
-88
-76
-77
-65
-58
-58
-60
-73
-74
-94
-98
-109
-106
-111
-89
-77
-46
-30
9
43
83
105
134
161
188
195
192
199
197
188
160
152
146
151
137
143
154
189
203
222
238
271
294
315
322
330
335
327
315
291
273
249
226
194
172
148
139
124
119
122
136
150
161
171
181
189
190
183
175
162
140
111
82
48
10
-32
-67
-97
-119
-140
-153
-153
-154
-157
-170
-183
-199
-213
-247
-276
-315
-335
-362
-375
-390
-381
-374
-352
-330
-292
-234
-163
-89
-11
74
157
228
279
305
331
335
334
292
260
219
187
147
106
73
52
39
21
17
3
10
-6
-6
-23
-27
-53
-69
-98
-116
-143
-163
-176
-177
-166
-148
-118
-86
-44
-7
36
75
120
153
184
199
216
215
211
197
181
164
158
151
150
155
164
185
207
229
253
276
296
312
319
322
315
300
274
242
211
181
153
130
108
96
85
85
86
96
104
119
133
151
167
178
183
186
187
188
180
164
139
113
83
49
9
-24
-51
-75
-98
-123
-135
-152
-171
-194
-214
-231
-240
-264
-271
-292
-294
-302
-291
-278
-256
-232
-202
-162
-122
-75
-34
20
64
120
144
182
191
208
202
201
181
166
146
127
108
86
69
49
39
21
14
0
-2
-18
-23
-42
-45
-59
-67
-80
-83
-84
-81
-86
-86
-81
-67
-52
-38
-16
13
45
71
93
116
142
161
169
168
177
175
173
158
152
148
157
151
150
150
161
172
179
181
193
205
214
219
217
222
222
218
207
200
194
193
185
180
177
179
180
176
173
174
176
177
170
169
166
160
144
127
115
98
79
52
35
19
6
-18
-35
-50
-56
-73
-90
-107
-119
-131
-147
-160
-175
-180
-189
-188
-189
-184
-180
-168
-159
-143
-130
-108
-91
-75
-60
-42
-19
-2
17
29
49
65
82
88
100
101
102
92
82
62
46
25
7
-15
-37
-56
-66
-72
-76
-75
-71
-64
-58
-49
-41
-30
-26
-18
-12
-4
-2
-5
-6
0
11
25
38
50
68
85
103
119
132
140
148
153
156
151
151
149
145
140
140
143
150
159
169
180
187
195
197
199
197
195
186
183
175
171
168
165
167
173
179
183
187
194
197
197
193
191
184
175
163
154
143
130
112
92
73
57
39
21
4
-7
-18
-32
-46
-62
-75
-88
-98
-112
-120
-128
-129
-133
-125
-117
-104
-97
-88
-78
-66
-57
-47
-45
-47
-47
-54
-53
-59
-57
-55
-49
-43
-34
-26
-15
-11
-4
-2
-2
-6
-9
-16
-20
-29
-36
-43
-47
-52
-57
-62
-64
-66
-66
-63
-63
-53
-48
-32
-25
-14
-9
5
14
34
45
63
75
93
107
122
136
148
154
155
156
154
151
142
136
130
127
123
122
120
122
126
137
144
154
161
172
180
191
195
196
195
199
201
210
212
218
224
232
238
244
245
246
244
236
224
208
192
174
158
143
129
117
104
86
71
55
44
31
15
-6
-17
-37
-48
-70
-79
-93
-98
-110
-106
-108
-98
-95
-89
-83
-68
-60
-53
-49
-46
-38
-42
-42
-48
-45
-56
-61
-73
-72
-73
-70
-72
-70
-64
-62
-61
-64
-60
-67
-65
-72
-72
-78
-78
-79
-75
-78
-78
-76
-71
-63
-57
-42
-37
-26
-25
-16
-11
-2
0
9
18
29
38
50
63
76
87
94
106
112
120
119
121
119
117
110
108
107
104
100
102
111
116
123
133
147
160
176
188
204
215
227
233
243
249
256
254
255
254
253
250
244
233
224
214
201
190
174
162
150
139
125
115
103
94
86
79
71
58
47
32
22
11
5
-6
-7
-15
-9
-13
-8
-12
-10
-15
-13
-18
-17
-21
-25
-31
-36
-33
-39
-39
-48
-46
-50
-48
-52
-52
-59
-58
-67
-70
-78
-82
-89
-91
-95
-96
-100
-101
-105
-105
-105
-109
-106
-105
-97
-89
-82
-75
-65
-58
-49
-43
-36
-34
-33
-36
-36
-33
-28
-27
-18
-14
1
11
27
39
58
74
94
108
121
133
147
158
162
162
157
156
145
143
134
139
138
145
148
161
170
186
193
205
216
229
232
233
231
229
226
216
206
195
189
180
176
168
168
167
168
168
171
170
169
165
158
151
141
135
125
113
105
94
84
73
64
54
48
42
39
36
35
29
25
18
13
1
-10
-21
-28
-33
-39
-42
-44
-44
-43
-43
-39
-37
-34
-32
-33
-30
-30
-27
-30
-34
-44
-53
-61
-71
-89
-103
-114
-120
-131
-143
-150
-158
-155
-154
-145
-138
-121
-110
-91
-85
-70
-66
-59
-58
-51
-49
-44
-41
-35
-22
-16
0
4
19
24
43
46
59
60
74
72
80
82
89
89
89
86
86
90
92
97
101
113
119
132
137
150
154
166
167
178
179
187
183
188
184
187
184
183
179
175
172
166
161
157
151
147
145
143
146
145
144
141
139
133
127
119
112
101
93
89
86
80
74
66
62
58
59
57
55
50
47
41
34
21
9
-2
-8
-21
-34
-43
-45
-48
-46
-43
-38
-33
-30
-36
-36
-36
-34
-38
-44
-52
-60
-68
-77
-86
-92
-99
-103
-106
-110
-114
-112
-109
-107
-107
-101
-92
-81
-69
-62
-56
-52
-48
-47
-49
-53
-60
-72
-80
-90
-92
-95
-93
-92
-83
-72
-55
-44
-32
-22
-3
18
38
46
61
70
82
83
90
90
103
106
119
122
137
138
146
150
159
162
166
162
158
154
146
140
128
127
120
126
120
129
127
143
140
155
154
166
164
171
166
167
161
159
148
142
134
133
130
124
118
109
105
98
93
81
75
69
68
61
57
51
52
49
48
43
44
41
39
36
32
31
30
26
19
11
2
-7
-13
-17
-22
-22
-23
-24
-25
-27
-35
-44
-49
-58
-67
-77
-88
-95
-98
-101
-105
-109
-108
-107
-110
-111
-116
-120
-128
-130
-133
-129
-124
-119
-116
-109
-104
-93
-84
-73
-64
-56
-48
-44
-33
-29
-23
-17
-8
0
9
17
27
34
41
43
51
47
54
53
58
56
58
56
64
67
77
80
91
97
109
111
115
121
120
117
112
109
105
108
103
108
108
116
115
123
124
128
124
125
120
119
116
114
109
108
105
105
107
110
109
107
106
106
109
111
116
120
122
120
120
119
117
112
103
96
91
83
78
71
64
58
53
45
36
27
17
9
0
-6
-15
-24
-34
-41
-48
-51
-54
-61
-66
-71
-72
-79
-81
-87
-89
-91
-93
-96
-98
-101
-104
-104
-105
-103
-103
-102
-96
-87
-80
-73
-69
-63
-59
-56
-50
-49
-39
-34
-34
-30
-27
-22
-18
-12
-10
-9
-6
-5
-6
-3
0
3
8
14
17
20
24
27
34
41
45
53
58
67
75
85
90
96
94
92
86
88
86
87
86
83
83
83
87
88
91
92
96
100
106
108
111
115
119
119
121
121
128
135
139
141
143
143
142
136
130
122
116
113
107
102
97
92
84
79
70
63
52
52
46
46
47
48
48
46
43
39
35
29
23
15
1
-8
-17
-24
-30
-34
-40
-45
-52
-57
-57
-61
-63
-63
-61
-58
-53
-55
-54
-52
-52
-49
-50
-49
-51
-48
-45
-44
-41
-40
-42
-42
-46
-49
-51
-50
-51
-51
-49
-48
-44
-45
-41
-35
-31
-26
-22
-14
-8
-1
6
10
14
19
21
23
27
27
30
36
43
45
48
53
56
63
67
70
73
72
69
62
56
54
50
49
44
47
47
51
56
63
74
85
93
100
107
110
115
112
111
105
104
99
99
93
91
87
91
89
90
86
82
82
78
74
69
68
66
65
61
60
54
52
46
42
39
42
42
40
39
37
39
38
31
21
15
3
-5
-17
-28
-38
-45
-50
-57
-62
-66
-69
-70
-68
-68
-63
-57
-53
-47
-43
-38
-37
-31
-32
-31
-32
-38
-42
-49
-54
-56
-57
-57
-54
-47
-44
-39
-33
-25
-19
-17
-20
-16
-14
-11
-5
-2
3
6
12
14
24
29
37
40
43
38
35
32
29
27
23
21
21
27
30
37
42
44
47
50
50
52
54
54
56
58
54
56
56
58
60
61
64
66
68
70
70
70
69
70
71
70
74
71
72
72
73
76
76
77
82
84
87
86
84
85
86
84
79
73
68
62
59
52
45
38
32
26
22
13
6
2
4
4
2
-3
-10
-14
-19
-26
-33
-40
-47
-48
-54
-52
-51
-48
-46
-46
-46
-43
-37
-34
-32
-29
-28
-24
-22
-22
-23
-22
-23
-23
-24
-19
-12
-4
1
5
6
7
7
2
-3
-14
-26
-30
-34
-35
-36
-33
-29
-25
-20
-10
1
12
21
25
28
31
32
30
29
27
27
28
24
24
25
26
30
30
31
32
35
34
34
36
34
39
41
40
41
43
44
49
51
52
55
57
60
60
62
62
62
62
63
66
68
70
69
66
66
65
63
59
58
55
50
42
39
35
35
34
31
27
23
20
17
16
17
22
24
26
22
19
16
9
2
-8
-19
-26
-33
-39
-42
-43
-40
-37
-33
-31
-27
-23
-22
-22
-24
-23
-21
-21
-19
-20
-16
-12
-7
-2
5
9
13
12
9
2
-2
-9
-19
-27
-30
-32
-35
-35
-32
-28
-27
-28
-31
-31
-32
-27
-23
-19
-10
-5
3
11
15
21
23
26
25
24
25
24
24
24
21
22
24
27
28
29
29
30
32
33
31
28
27
29
30
33
39
39
42
45
46
48
46
45
42
41
41
42
43
44
44
44
45
47
46
42
42
40
40
38
37
35
39
42
43
47
44
43
41
38
36
34
31
29
26
19
12
4
-6
-12
-17
-20
-24
-26
-25
-23
-23
-22
-23
-24
-23
-22
-22
-26
-26
-27
-25
-23
-17
-10
-5
-3
-1
-3
-7
-13
-15
-15
-16
-17
-17
-17
-15
-11
-13
-12
-9
-7
-7
-6
-6
-5
-10
-12
-11
-9
-5
-4
-2
1
7
10
15
16
16
18
18
15
13
12
11
12
13
15
16
19
22
24
25
24
26
25
26
24
20
16
16
16
18
21
23
24
26
30
33
37
40
41
43
44
46
48
48
47
48
49
50
52
52
51
48
48
47
46
44
40
42
45
46
44
41
39
38
35
30
25
18
15
13
10
8
7
4
3
4
1
2
-4
-6
-11
-18
-25
-31
-35
-37
-36
-36
-35
-34
-31
-28
-23
-21
-18
-16
-16
-14
-14
-13
-14
-14
-18
-21
-24
-25
-20
-18
-16
-12
-13
-10
-7
-7
-6
-8
-9
-12
-11
-11
-10
-9
-9
-9
-7
-5
-3
-2
0
-1
-1
-4
-6
-9
-10
-9
-7
-4
-2
3
9
10
10
11
11
12
9
7
6
7
11
12
13
18
21
26
32
37
40
41
43
42
43
40
38
40
39
39
37
35
34
34
33
32
31
31
29
26
23
17
14
14
17
20
21
21
22
19
17
17
14
14
12
12
9
5
4
4
5
4
4
4
0
-5
-9
-12
-13
-20
-25
-28
-28
-25
-23
-21
-18
-13
-10
-5
-4
-3
-3
-2
-5
-6
-9
-11
-13
-17
-19
-21
-21
-19
-19
-20
-22
-20
-15
-10
-9
-10
-12
-11
-11
-11
-12
-15
-15
-15
-15
-15
-13
-11
-10
-8
-9
-10
-10
-8
-8
-7
-5
-6
-5
-2
2
6
6
8
11
16
19
22
21
24
24
28
27
29
30
29
29
29
28
28
28
27
27
28
27
27
26
28
30
31
30
28
28
27
26
23
22
19
20
21
20
16
15
13
16
16
15
14
16
19
22
20
19
20
21
19
20
19
16
11
9
6
6
6
4
0
-2
-2
-3
-8
-14
-20
-25
-26
-26
-24
-22
-20
-17
-16
-15
-11
-9
-6
-5
-5
-6
-6
-6
-7
-7
-9
-7
-5
-4
-2
1
1
0
-1
-4
-6
-9
-7
-5
-2
3
5
8
9
8
9
7
7
8
9
9
9
7
8
8
7
7
5
6
5
8
11
12
13
12
14
14
17
18
19
21
27
32
35
35
35
35
34
33
32
30
30
29
28
24
24
25
26
27
27
27
28
26
25
23
20
22
24
21
21
20
18
18
16
14
15
17
18
17
15
14
16
16
13
12
10
11
9
6
5
2
2
1
1
-1
-4
-5
-6
-7
-9
-9
-10
-10
-11
-11
-14
-15
-16
-13
-11
-12
-12
-10
-6
-4
-3
-6
-6
-1
3
4
2
-1
-3
0
-1
-2
-3
-3
-2
-1
0
-2
-1
-1
0
2
3
3
2
-1
-1
-2
0
0
1
1
3
3
4
5
3
6
9
10
10
9
9
7
8
9
13
17
18
18
18
19
21
24
25
27
27
29
29
32
31
33
32
33
32
31
30
30
31
32
29
27
24
23
23
22
21
17
14
14
14
12
10
9
8
6
6
7
9
11
10
9
9
8
10
12
12
12
12
12
11
9
5
1
1
1
2
1
-1
-1
0
1
3
3
0
-3
-4
-5
-5
-7
-8
-9
-10
-11
-10
-10
-10
-9
-10
-7
-6
-3
0
0
0
-2
-1
-3
-3
-4
-4
-1
1
3
2
1
1
-1
-3
-6
-10
-9
-8
-6
-3
-2
0
-1
-1
2
2
3
3
2
3
5
8
9
7
7
10
14
16
18
19
19
18
20
22
23
23
22
19
21
23
25
24
23
24
23
23
25
24
21
18
16
17
15
14
9
6
7
8
8
6
6
6
7
7
6
2
2
1
2
5
5
7
10
13
17
19
19
18
16
13
11
8
6
4
1
-1
-3
-4
-7
-9
-12
-11
-10
-10
-13
-14
-14
-14
-13
-12
-10
-9
-11
-12
-12
-11
-8
-8
-6
-5
-5
-5
-4
-5
-6
-7
-10
-9
-10
-10
-12
-12
-12
-13
-11
-9
-11
-10
-7
-5
-4
-2
-2
-3
-3
-5
-6
-6
-4
-3
-3
-1
-3
-4
-1
1
2
-1
-2
0
2
3
4
4
5
7
10
11
11
11
14
20
22
22
22
21
21
22
19
16
14
13
9
7
7
6
6
6
5
4
6
6
5
1
0
-1
-3
-4
-5
-3
-2
-1
-3
-4
-2
0
1
2
2
3
2
1
0
-1
-3
-4
-9
-11
-13
-14
-14
-16
-16
-17
-15
-14
-14
-15
-17
-19
-20
-20
-17
-14
-14
-11
-11
-13
-13
-14
-15
-12
-11
-12
-14
-16
-15
-15
-15
-15
-17
-18
-18
-20
-21
-21
-23
-22
-20
-19
-19
-18
-17
-18
-19
-20
-18
-16
-16
-16
-16
-16
-15
-13
-17
-18
-17
-14
-12
-14
-13
-12
-9
-7
-5
-3
-2
-1
0
0
3
6
9
10
10
11
14
13
13
13
11
10
10
4
1
2
0
-4
-5
-6
-7
-5
-4
-2
-2
-1
-1
-2
-2
-1
1
3
1
-1
-2
-4
-5
-7
-8
-5
-2
-2
-3
-5
-4
0
0
1
0
-1
1
0
-1
-5
-8
-10
-8
-11
-13
-14
-13
-12
-11
-12
-11
-9
-7
-7
-9
-11
-16
-19
-19
-17
-18
-18
-18
-17
-14
-15
-17
-17
-18
-16
-15
-14
-13
-15
-17
-19
-19
-16
-14
-15
-16
-15
-14
-15
-16
-20
-17
-14
-13
-11
-12
-13
-11
-7
-4
-1
-1
-3
-4
-3
-2
-1
-2
-3
-4
-5
-3
-1
-1
0
2
4
6
5
5
6
8
9
9
8
8
7
7
9
10
11
8
6
4
6
4
1
-1
-2
0
0
1
2
1
2
0
-3
-3
-2
-3
-4
-5
-5
-2
0
-2
-3
-2
1
5
5
9
8
5
2
-2
-6
-6
-8
-10
-10
-12
-13
-13
-11
-9
-9
-9
-10
-11
-12
-13
-17
-19
-22
-23
-24
-24
-22
-18
-16
-15
-15
-17
-18
-20
-17
-15
-15
-14
-15
-12
-11
-11
-12
-12
-11
-11
-12
-16
-16
-13
-12
-12
-11
-10
-10
-8
-7
-6
-8
-9
-12
-12
-14
-16
-18
-18
-16
-15
-14
-14
-14
-11
-7
-5
-6
-6
-5
-2
0
-2
-1
1
4
6
9
8
5
0
-1
0
1
0
-3
-3
-3
-1
-1
-2
-3
-3
-2
-2
-3
-4
-5
-2
-5
-8
-8
-8
-6
-5
-5
-5
-6
-7
-8
-7
-5
-4
-6
-7
-9
-9
-10
-12
-12
-12
-11
-10
-8
-9
-13
-14
-15
-14
-15
-17
-20
-21
-20
-20
-19
-23
-26
-27
-25
-24
-24
-25
-26
-27
-28
-28
-29
-27
-28
-28
-28
-27
-27
-22
-19
-20
-19
-18
-21
-22
-26
-28
-29
-28
-28
-26
-28
-32
-33
-33
-29
-28
-27
-28
-27
-27
-28
-27
-25
-25
-25
-26
-25
-26
-26
-23
-23
-23
-20
-18
-16
-13
-14
-16
-16
-17
-16
-13
-11
-10
-8
-7
-6
-8
-9
-9
-11
-12
-12
-12
-14
-13
-12
-14
-15
-17
-19
-18
-17
-18
-19
-18
-18
-20
-21
-20
-19
-20
-22
-23
-20
-16
-16
-14
-17
-18
-16
-15
-15
-17
-17
-16
-15
-14
-15
-17
-17
-17
-17
-17
-19
-20
-21
-22
-22
-22
-23
-23
-24
-26
-28
-29
-27
-26
-25
-28
-28
-25
-24
-23
-22
-23
-23
-22
-21
-21
-22
-23
-22
-21
-21
-23
-25
-27
-24
-24
-24
-23
-24
-23
-21
-18
-19
-19
-19
-20
-19
-19
-20
-22
-22
-18
-17
-18
-21
-21
-19
-16
-13
-14
-11
-8
-6
-10
-13
-13
-11
-9
-7
-7
-8
-7
-7
-7
-6
-4
-3
-3
-6
-8
-9
-12
-12
-11
-11
-9
-9
-10
-11
-9
-11
-16
-19
-16
-13
-12
-13
-15
-15
-15
-13
-12
-10
-9
-10
-11
-10
-9
-9
-9
-7
-7
-8
-6
-8
-8
-11
-12
-13
-14
-16
-18
-18
-20
-20
-21
-20
-19
-20
-21
-23
-21
-21
-23
-24
-24
-25
-23
-25
-27
-26
-26
-27
-26
-24
-24
-26
-27
-28
-27
-24
-25
-26
-28
-27
-27
-26
-24
-23
-24
-26
-26
-29
-29
-29
-29
-30
-30
-31
-31
-29
-28
-29
-28
-26
-24
-22
-22
-21
-22
-21
-23
-24
-23
-21
-22
-21
-22
-24
-22
-21
-21
-21
-22
-22
-19
-18
-17
-15
-16
-15
-15
-15
-15
-16
-18
-18
-17
-19
-22
-23
-26
-27
-26
-24
-21
-21
-23
-22
-18
-17
-17
-16
-18
-17
-15
-14
-15
-16
-15
-17
-17
-17
-14
-13
-14
-14
-13
-14
-15
-15
-14
-13
-14
-17
-20
-20
-19
-20
-23
-24
-24
-24
-22
-22
-24
-24
-26
-28
-26
-23
-23
-24
-25
-26
-25
-23
-23
-22
-22
-22
-22
-22
-22
-22
-21
-21
-21
-20
-20
-23
-20
-21
-22
-23
-25
-26
-27
-27
-25
-22
-20
-20
-21
-22
-23
-22
-20
-20
-19
-19
-21
-21
-18
-18
-17
-18
-19
-20
-22
-20
-20
-19
-18
-19
-19
-19
-18
-18
-16
-17
-16
-14
-9
-8
-9
-10
-11
-9
-7
-10
-14
-16
-17
-16
-18
-18
-19
-18
-17
-19
-18
-18
-19
-17
-17
-21
-21
-20
-19
-17
-15
-13
-10
-9
-10
-9
-10
-8
-8
-6
-6
-6
-9
-11
-13
-13
-14
-17
-19
-20
-19
-18
-18
-17
-17
-19
-18
-17
-17
-19
-20
-21
-20
-18
-17
-19
-21
-22
-21
-19
-17
-18
-20
-21
-21
-21
-21
-20
-21
-21
-21
-19
-19
-19
-17
-17
-18
-20
-21
-23
-20
-17
-16
-17
-18
-18
-18
-17
-18
-18
-17
-16
-18
-19
-20
-21
-20
-22
-21
-20
-17
-14
-13
-13
-13
-14
-15
-14
-14
-14
-13
-14
-14
-12
-11
-11
-10
-9
-10
-8
-7
-6
-8
-12
-14
-14
-16
-20
-22
-21
-21
-21
-22
-23
-20
-18
-16
-16
-17
-19
-21
-17
-14
-10
-11
-11
-12
-13
-10
-10
-12
-14
-14
-12
-9
-10
-12
-14
-14
-14
-13
-16
-17
-16
-14
-13
-14
-18
-19
-18
-17
-15
-14
-17
-17
-16
-18
-18
-20
-22
-25
-25
-24
-25
-27
-26
-25
-24
-23
-25
-26
-23
-22
-22
-21
-20
-20
-19
-20
-22
-23
-21
-20
-19
-19
-20
-17
-17
-18
-19
-21
-24
-23
-23
-21
-21
-20
-18
-19
-21
-19
-19
-18
-18
-18
-18
-19
-18
-19
-17
-18
-20
-21
-21
-18
-18
-18
-20
-18
-18
-17
-17
-16
-14
-14
-14
-16
-15
-15
-16
-16
-17
-15
-17
-18
-19
-21
-23
-23
-25
-22
-18
-17
-17
-15
-13
-11
-10
-9
-12
-12
-12
-13
-13
-14
-12
-13
-15
-18
-19
-18
-17
-16
-17
-19
-21
-23
-25
-26
-25
-24
-24
-24
-25
-28
-27
-27
-27
-25
-26
-27
-27
-26
-26
-25
-24
-24
-24
-25
-26
-26
-25
-23
-21
-21
-22
-24
-24
-26
-26
-27
-28
-26
-25
-24
-23
-21
-21
-22
-25
-25
-25
-25
-24
-25
-26
-24
-24
-26
-27
-27
-25
-24
-26
-27
-24
-21
-21
-21
-22
-21
-20
-21
-22
-23
-21
-21
-20
-21
-22
-21
-20
-18
-19
-20
-20
-22
-21
-19
-18
-19
-20
-22
-22
-21
-19
-20
-20
-20
-19
-20
-23
-25
-23
-20
-17
-17
-18
-18
-16
-15
-15
-15
-15
-16
-17
-16
-14
-14
-16
-17
-16
-14
-14
-14
-14
-15
-16
-16
-17
-16
-16
-16
-17
-17
-16
-19
-19
-19
-17
-15
-16
-17
-16
-18
-18
-20
-19
-17
-17
-16
-15
-15
-14
-13
-16
-18
-19
-19
-19
-19
-20
-19
-17
-14
-14
-14
-14
-12
-10
-11
-12
-14
-16
-14
-11
-10
-12
-16
-18
-17
-15
-14
-14
-15
-15
-15
-14
-14
-15
-16
-16
-15
-14
-13
-13
-16
-16
-14
-12
-10
-9
-11
-11
-11
-9
-9
-9
-11
-11
-12
-14
-12
-14
-17
-18
-18
-20
-20
-17
-15
-15
-16
-16
-17
-17
-15
-14
-14
-14
-15
-16
-14
-16
-20
-20
-20
-17
-15
-15
-15
-14
-14
-15
-15
-16
-16
-15
-16
-18
-18
-17
-17
-17
-21
-22
-22
-21
-18
-20
-19
-20
-18
-18
-18
-19
-19
-20
-22
-22
-21
-22
-22
-23
-23
-25
-25
-25
-27
-27
-26
-25
-26
-25
-27
-27
-26
-25
-23
-21
-22
-24
-26
-23
-25
-25
-26
-28
-27
-25
-27
-29
-29
-30
-29
-29
-31
-31
-29
-26
-28
-31
-33
-31
-29
-27
-26
-26
-25
-26
-28
-27
-28
-28
-29
-27
-27
-26
-27
-28
-29
-30
-29
-28
-30
-31
-31
-31
-31
-32
-33
-31
-30
-28
-27
-26
-26
-26
-24
-24
-24
-25
-25
-26
-26
-25
-25
-24
-27
-26
-28
-30
-30
-27
-27
-25
-26
-27
-27
-27
-27
-28
-26
-26
-25
-25
-25
-23
-23
-23
-26
-26
-27
-26
-25
-27
-27
-26
-26
-28
-29
-29
-31
-32
-31
-30
-31
-32
-31
-29
-28
-29
-28
-28
-27
-26
-25
-25
-24
-23
-22
-24
-26
-28
-27
-27
-28
-26
-26
-25
-23
-22
-22
-24
-24
-22
-18
-20
-24
-25
-25
-23
-22
-24
-24
-24
-23
-23
-23
-23
-20
-20
-21
-22
-23
-23
-23
-23
-25
-25
-23
-21
-19
-17
-18
-20
-19
-18
-16
-15
-17
-17
-16
-17
-19
-18
-19
-19
-18
-19
-19
-18
-17
-17
-17
-18
-19
-22
-21
-19
-17
-16
-17
-16
-15
-15
-15
-15
-16
-16
-16
-15
-15
-15
-15
-15
-14
-14
-12
-12
-12
-13
-14
-15
-15
-14
-12
-12
-12
-14
-17
-18
-19
-20
-21
-18
-19
-20
-20
-21
-19
-19
-21
-24
-22
-21
-19
-17
-17
-18
-17
-18
-19
-20
-20
-21
-20
-19
-19
-19
-19
-19
-18
-18
-19
-19
-19
-19
-19
-18
-18
-17
-18
-19
-18
-19
-19
-19
-20
-19
-18
-16
-15
-16
-17
-19
-19
-16
-15
-15
-17
-16
-17
-18
-18
-18
-17
-17
-19
-19
-18
-18
-17
-18
-16
-19
-20
-19
-18
-16
-17
-18
-19
-18
-19
-20
-21
-21
-23
-23
-24
-23
-23
-20
-18
-18
-18
-18
-19
-21
-21
-18
-17
-17
-18
-18
-17
-16
-17
-16
-18
-17
-18
-19
-19
-19
-19
-20
-22
-24
-25
-23
-22
-19
-21
-23
-24
-24
-24
-25
-23
-22
-21
-22
-22
-22
-21
-23
-24
-26
-26
-24
-25
-24
-25
-26
-26
-26
-28
-28
-24
-20
-21
-21
-22
-23
-20
-18
-20
-22
-21
-20
-19
-20
-21
-21
-22
-21
-24
-27
-28
-25
-22
-22
-22
-23
-23
-21
-20
-22
-25
-27
-25
-24
-22
-23
-24
-21
-21
-21
-21
-20
-19
-20
-19
-18
-17
-18
-19
-21
-22
-20
-18
-18
-17
-18
-19
-18
-18
-19
-20
-17
-14
-14
-16
-17
-17
-15
-14
-15
-17
-15
-15
-17
-16
-15
-15
-17
-20
-19
-18
-16
-19
-20
-19
-17
-15
-13
-11
-12
-14
-14
-14
-14
-14
-16
-17
-16
-18
-20
-20
-20
-19
-17
-17
-18
-17
-16
-17
-18
-18
-19
-17
-15
-17
-16
-17
-19
-21
-20
-20
-20
-19
-19
-19
-18
-17
-18
-21
-25
-23
-22
-22
-21
-22
-19
-20
-19
-20
-21
-21
-21
-22
-24
-22
-19
-17
-18
-18
-20
-20
-17
-15
-16
-19
-20
-21
-18
-17
-17
-17
-17
-19
-19
-20
-19
-16
-15
-15
-17
-19
-22
-22
-22
-21
-21
-18
-20
-20
-19
-20
-21
-19
-18
-17
-17
-18
-20
-18
-16
-13
-12
-15
-17
-17
-15
-16
-16
-16
-14
-13
-14
-15
-17
-16
-15
-16
-17
-17
-18
-17
-15
-17
-19
-19
-19
-17
-17
-17
-18
-19
-22
-24
-20
-17
-16
-19
-22
-22
-19
-18
-20
-20
-19
-19
-19
-20
-20
-22
-22
-22
-22
-22
-21
-23
-22
-22
-21
-19
-18
-19
-19
-20
-22
-23
-23
-21
-20
-22
-23
-24
-25
-26
-26
-27
-26
-25
-27
-26
-25
-23
-23
-23
-22
-23
-23
-24
-24
-24
-26
-27
-27
-28
-27
-27
-27
-25
-24
-25
-24
-25
-26
-24
-25
-25
-23
-22
-23
-25
-27
-25
-24
-27
-30
-31
-29
-28
-29
-29
-27
-25
-20
-20
-20
-20
-21
-22
-21
-22
-24
-24
-23
-23
-26
-29
-30
-29
-27
-26
-26
-27
-26
-25
-24
-24
-24
-26
-26
-26
-24
-23
-24
-25
-26
-23
-24
-23
-27
-27
-30
-28
-26
-25
-24
-26
-29
-30
-30
-30
-28
-29
-29
-29
-28
-28
-29
-29
-28
-28
-26
-27
-28
-31
-28
-29
-29
-31
-33
-32
-28
-29
-30
-33
-32
-32
-33
-35
-37
-36
-33
-32
-29
-29
-30
-30
-31
-34
-33
-33
-35
-37
-38
-35
-34
-32
-33
-33
-32
-32
-31
-33
-34
-35
-33
-34
-33
-31
-30
-30
-29
-31
-30
-28
-29
-30
-31
-30
-30
-29
-30
-29
-27
-27
-27
-29
-31
-30
-28
-26
-26
-29
-28
-27
-28
-28
-29
-29
-29
-29
-30
-30
-26
-26
-26
-27
-29
-31
-30
-31
-29
-27
-30
-30
-29
-28
-30
-32
-32
-31
-31
-30
-31
-33
-31
-31
-31
-30
-31
-31
-32
-33
-34
-35
-33
-33
-33
-32
-31
-32
-35
-36
-35
-33
-33
-33
-33
-32
-30
-29
-30
-32
-32
-33
-33
-35
-35
-36
-33
-33
-33
-35
-37
-38
-40
-43
-42
-41
-38
-34
-33
-31
-31
-32
-32
-33
-37
-36
-36
-35
-36
-35
-36
-36
-36
-35
-38
-36
-34
-33
-33
-34
-34
-34
-33
-30
-30
-30
-33
-36
-36
-34
-32
-33
-34
-33
-31
-32
-32
-33
-34
-32
-30
-27
-29
-33
-34
-33
-33
-31
-30
-32
-32
-32
-32
-31
-29
-29
-29
-30
-29
-27
-27
-26
-26
-25
-27
-23
-24
-25
-25
-24
-27
-28
-28
-30
-29
-27
-27
-30
-30
-29
-28
-28
-27
-27
-27
-27
-28
-28
-29
-31
-32
-32
-30
-28
-26
-28
-30
-31
-32
-32
-31
-30
-31
-30
-30
-31
-30
-30
-32
-32
-30
-29
-30
-31
-31
-30
-31
-32
-32
-31
-30
-30
-31
-31
-29
-29
-27
-26
-27
-28
-29
-28
-29
-30
-29
-26
-27
-25
-26
-29
-28
-26
-26
-27
-26
-26
-25
-24
-25
-26
-26
-26
-25
-26
-27
-27
-27
-27
-28
-27
-28
-25
-24
-23
-25
-25
-25
-23
-24
-26
-26
-26
-25
-24
-26
-25
-24
-23
-24
-23
-24
-21
-19
-18
-19
-20
-22
-21
-21
-19
-20
-23
-25
-25
-23
-22
-22
-24
-25
-25
-24
-24
-25
-26
-26
-26
-26
-26
-28
-27
-25
-27
-26
-25
-25
-23
-26
-29
-30
-30
-30
-29
-30
-29
-29
-28
-28
-27
-27
-27
-27
-27
-28
-28
-27
-26
-24
-23
-24
-24
-25
-22
-21
-23
-24
-26
-25
-27
-27
-29
-28
-28
-26
-28
-26
-25
-26
-30
-34
-32
-30
-30
-28
-31
-30
-28
-30
-31
-31
-32
-33
-30
-30
-29
-28
-27
-28
-28
-30
-28
-28
-30
-31
-31
-29
-28
-28
-28
-28
-26
-23
-24
-26
-26
-26
-23
-22
-21
-23
-24
-27
-27
-27
-27
-27
-25
-24
-25
-25
-24
-24
-24
-24
-25
-25
-22
-22
-22
-21
-21
-21
-20
-21
-23
-25
-26
-25
-24
-24
-22
-21
-20
-16
-17
-18
-19
-21
-21
-21
-21
-20
-20
-19
-19
-19
-17
-18
-20
-21
-22
-18
-18
-21
-22
-23
-20
-16
-17
-19
-20
-20
-18
-17
-18
-20
-21
-18
-17
-17
-16
-19
-23
-21
-19
-19
-20
-20
-22
-20
-19
-21
-21
-21
-21
-20
-20
-18
-18
-17
-18
-19
-20
-21
-22
-21
-19
-17
-17
-19
-19
-17
-17
-18
-19
-20
-20
-18
-18
-19
-19
-18
-16
-15
-14
-16
-17
-18
-18
-18
-19
-18
-16
-15
-15
-16
-15
-16
-17
-19
-22
-22
-23
-23
-22
-23
-21
-19
-18
-18
-19
-19
-19
-18
-20
-21
-22
-20
-21
-22
-22
-20
-21
-22
-22
-21
-19
-20
-23
-24
-22
-22
-22
-22
-22
-23
-24
-25
-26
-25
-23
-22
-21
-21
-21
-21
-22
-24
-24
-24
-25
-25
-25
-27
-26
-28
-28
-27
-28
-27
-27
-28
-26
-25
-26
-25
-25
-26
-26
-27
-26
-26
-28
-28
-27
-26
-25
-27
-28
-28
-29
-31
-32
-31
-29
-27
-27
-28
-28
-26
-25
-25
-26
-28
-29
-28
-29
-28
-30
-30
-30
-31
-31
-31
-29
-28
-29
-30
-31
-31
-28
-28
-29
-31
-31
-29
-30
-31
-30
-30
-28
-26
-27
-28
-27
-26
-26
-25
-26
-26
-26
-27
-27
-27
-26
-26
-26
-28
-30
-29
-27
-27
-29
-30
-29
-29
-23
-23
-27
-26
-26
-26
-27
-26
-25
-25
-24
-25
-26
-27
-29
-31
-28
-25
-24
-22
-23
-24
-22
-21
-22
-23
-26
-27
-25
-23
-23
-22
-23
-22
-20
-21
-22
-21
-21
-22
-22
-22
-20
-18
-18
-18
-21
-23
-23
-23
-23
-24
-22
-18
-16
-18
-21
-23
-25
-26
-25
-25
-27
-24
-24
-23
-20
-21
-24
-23
-22
-21
-20
-22
-23
-23
-21
-21
-24
-25
-28
-28
-26
-24
-23
-23
-25
-25
-26
-25
-26
-27
-26
-24
-22
-21
-22
-23
-22
-19
-20
-20
-20
-20
-21
-23
-23
-25
-23
-23
-23
-21
-22
-21
-20
-21
-21
-22
-25
-23
-23
-21
-23
-22
-22
-21
-21
-18
-18
-21
-20
-20
-21
-19
-22
-23
-23
-23
-23
-21
-22
-23
-22
-22
-22
-20
-22
-24
-25
-24
-23
-23
-23
-22
-24
-24
-25
-25
-24
-23
-22
-25
-26
-27
-26
-26
-25
-30
-31
-30
-29
-27
-27
-27
-27
-29
-30
-30
-29
-29
-29
-28
-27
-26
-28
-30
-30
-32
-30
-29
-28
-28
-27
-27
-29
-31
-32
-34
-33
-32
-31
-32
-32
-33
-34
-32
-31
-32
-32
-31
-30
-30
-32
-33
-32
-31
-32
-35
-35
-36
-34
-32
-34
-35
-34
-35
-35
-32
-32
-32
-35
-36
-36
-36
-35
-33
-34
-34
-34
-34
-35
-34
-33
-33
-31
-30
-32
-32
-32
-33
-34
-34
-34
-33
-33
-32
-32
-31
-34
-38
-37
-33
-31
-33
-35
-34
-32
-31
-33
-34
-34
-32
-32
-32
-32
-31
-30
-30
-29
-32
-34
-35
-35
-34
-33
-35
-36
-33
-30
-29
-30
-32
-34
-32
-29
-26
-27
-29
-31
-32
-31
-32
-32
-32
-34
-37
-38
-38
-36
-34
-34
-34
-35
-33
-30
-28
-30
-33
-34
-36
-36
-36
-36
-35
-34
-31
-31
-32
-33
-35
-35
-37
-36
-33
-32
-34
-34
-32
-31
-30
-31
-32
-31
-32
-31
-34
-35
-35
-33
-32
-33
-31
-32
-33
-34
-34
-33
-32
-32
-32
-33
-32
-32
-35
-34
-33
-32
-32
-31
-31
-34
-34
-33
-31
-29
-30
-30
-28
-28
-28
-29
-31
-32
-32
-30
-29
-30
-29
-29
-29
-28
-31
-32
-33
-33
-31
-29
-29
-30
-29
-30
-27
-27
-27
-30
-31
-30
-28
-26
-24
-24
-24
-27
-28
-28
-28
-28
-25
-25
-26
-25
-23
-22
-22
-26
-28
-28
-28
-27
-28
-29
-29
-28
-27
-26
-27
-25
-23
-22
-24
-26
-26
-25
-25
-26
-24
-22
-22
-24
-28
-29
-28
-27
-24
-24
-25
-28
-28
-25
-24
-25
-26
-26
-24
-24
-22
-21
-21
-21
-21
-21
-21
-21
-22
-22
-22
-25
-23
-23
-22
-21
-20
-19
-20
-22
-23
-21
-19
-17
-19
-20
-19
-16
-15
-14
-17
-19
-18
-17
-17
-17
-19
-19
-19
-20
-21
-20
-18
-17
-18
-19
-17
-18
-19
-19
-20
-20
-20
-21
-22
-22
-20
-18
-15
-15
-17
-18
-17
-16
-15
-16
-15
-14
-15
-16
-16
-17
-17
-15
-15
-17
-18
-16
-16
-14
-16
-16
-16
-17
-15
-13
-12
-11
-11
-14
-14
-15
-15
-14
-16
-18
-18
-19
-17
-17
-16
-15
-16
-16
-18
-18
-17
-16
-14
-15
-15
-15
-16
-16
-12
-12
-14
-16
-17
-14
-13
-14
-16
-15
-13
-11
-13
-17
-18
-17
-17
-15
-15
-14
-13
-13
-13
-13
-13
-13
-13
-14
-17
-18
-16
-15
-15
-15
-15
-15
-15
-17
-17
-14
-14
-15
-17
-19
-18
-16
-18
-20
-18
-18
-15
-15
-15
-15
-18
-19
-18
-18
-18
-18
-18
-19
-18
-19
-17
-15
-14
-13
-15
-17
-17
-16
-17
-19
-19
-18
-14
-16
-17
-18
-16
-14
-13
-12
-16
-18
-14
-15
-16
-17
-17
-14
-12
-13
-15
-16
-15
-11
-11
-14
-16
-15
-13
-14
-15
-16
-16
-15
-14
-15
-16
-17
-16
-14
-12
-11
-13
-14
-14
-13
-13
-12
-10
-9
-10
-12
-15
-14
-12
-12
-12
-13
-13
-14
-17
-16
-15
-14
-17
-19
-17
-15
-13
-11
-10
-12
-13
-14
-15
-15
-16
-15
-14
-11
-9
-10
-12
-15
-16
-15
-14
-15
-17
-16
-16
-15
-14
-14
-12
-11
-10
-13
-16
-17
-15
-13
-11
-11
-13
-15
-13
-11
-14
-16
-17
-16
-14
-14
-17
-19
-18
-17
-14
-15
-16
-15
-15
-15
-12
-12
-14
-13
-14
-15
-16
-16
-18
-20
-20
-19
-16
-15
-14
-13
-12
-13
-12
-13
-14
-14
-14
-13
-15
-15
-14
-13
-13
-13
-15
-16
-14
-14
-13
-13
-13
-13
-13
-13
-13
-14
-13
-12
-12
-13
-15
-18
-20
-20
-18
-16
-13
-14
-18
-19
-17
-14
-14
-13
-16
-15
-17
-18
-15
-13
-12
-16
-15
-17
-15
-15
-15
-15
-15
-12
-14
-12
-12
-15
-16
-15
-15
-16
-13
-14
-17
-18
-19
-16
-14
-10
-10
-12
-16
-19
-20
-17
-12
-13
-14
-14
-15
-16
-16
-18
-20
-18
-18
-16
-16
-14
-14
-14
-14
-15
-15
-15
-16
-15
-15
-17
-18
-17
-15
-14
-15
-15
-16
-16
-17
-20
-19
-16
-14
-15
-18
-18
-17
-15
-16
-18
-18
-18
-17
-16
-15
-15
-15
-18
-20
-19
-19
-19
-18
-18
-17
-18
-17
-17
-17
-18
-19
-21
-21
-22
-22
-22
-22
-20
-18
-15
-16
-18
-18
-18
-19
-19
-21
-21
-20
-21
-23
-22
-24
-24
-23
-24
-24
-23
-24
-23
-24
-24
-23
-20
-19
-20
-22
-24
-26
-24
-24
-25
-24
-26
-26
-27
-28
-29
-29
-29
-28
-28
-28
-26
-25
-24
-25
-28
-26
-25
-27
-30
-32
-31
-27
-26
-26
-25
-26
-28
-28
-28
-30
-30
-28
-27
-27
-30
-30
-31
-29
-24
-24
-26
-30
-29
-26
-24
-26
-28
-29
-31
-29
-27
-28
-31
-32
-34
-35
-33
-30
-27
-28
-32
-34
-32
-29
-28
-30
-32
-32
-31
-30
-31
-33
-31
-31
-30
-32
-32
-31
-30
-31
-32
-34
-35
-35
-33
-32
-28
-27
-29
-31
-32
-32
-32
-31
-30
-31
-30
-31
-31
-33
-32
-31
-31
-29
-31
-34
-32
-30
-28
-28
-30
-30
-31
-28
-29
-29
-29
-30
-28
-28
-27
-29
-28
-28
-28
-29
-30
-28
-25
-24
-25
-24
-28
-28
-26
-25
-24
-24
-25
-24
-23
-22
-23
-24
-24
-24
-24
-26
-25
-26
-25
-24
-23
-24
-25
-26
-26
-23
-21
-21
-24
-23
-24
-22
-25
-24
-24
-23
-20
-20
-23
-24
-22
-20
-20
-21
-22
-22
-21
-20
-20
-22
-24
-25
-23
-24
-24
-22
-21
-19
-20
-20
-21
-23
-22
-23
-21
-22
-22
-25
-24
-23
-23
-24
-25
-25
-25
-25
-25
-24
-24
-23
-23
-23
-23
-23
-22
-22
-20
-20
-21
-23
-22
-21
-21
-21
-22
-21
-21
-21
-20
-19
-19
-20
-22
-23
-21
-22
-21
-21
-23
-21
-21
-22
-22
-22
-23
-22
-23
-23
-23
-22
-21
-21
-23
-24
-24
-23
-23
-22
-21
-22
-21
-21
-21
-21
-22
-23
-23
-22
-22
-20
-20
-20
-20
-22
-24
-23
-23
-24
-24
-24
-24
-27
-27
-25
-22
-21
-24
-26
-26
-27
-25
-26
-28
-27
-26
-25
-25
-27
-30
-30
-29
-31
-32
-33
-32
-32
-32
-33
-33
-33
-33
-33
-34
-34
-34
-34
-33
-33
-32
-34
-37
-38
-37
-33
-32
-36
-38
-37
-34
-34
-36
-36
-35
-34
-35
-36
-39
-38
-37
-37
-39
-40
-41
-39
-39
-38
-38
-37
-38
-39
-38
-39
-39
-38
-37
-39
-39
-39
-38
-37
-36
-39
-41
-40
-37
-36
-36
-37
-38
-39
-39
-40
-39
-42
-43
-43
-44
-42
-40
-40
-41
-41
-43
-41
-40
-40
-40
-42
-41
-39
-40
-42
-43
-42
-42
-43
-44
-44
-43
-42
-41
-40
-41
-44
-45
-43
-40
-40
-41
-42
-41
-41
-38
-38
-40
-40
-40
-39
-38
-37
-36
-36
-35
-36
-39
-39
-38
-37
-37
-37
-37
-36
-36
-39
-40
-39
-38
-38
-37
-38
-36
-35
-35
-36
-38
-38
-36
-36
-37
-36
-34
-35
-35
-35
-33
-33
-35
-36
-38
-36
-35
-35
-35
-35
-35
-34
-34
-32
-31
-33
-33
-32
-31
-32
-35
-35
-35
-34
-32
-33
-34
-35
-35
-35
-34
-31
-30
-31
-32
-34
-31
-31
-32
-32
-30
-29
-28
-27
-29
-28
-29
-29
-33
-35
-33
-31
-30
-30
-30
-33
-32
-31
-28
-26
-25
-26
-28
-29
-28
-26
-26
-27
-27
-28
-28
-28
-27
-25
-26
-27
-28
-29
-29
-28
-28
-28
-27
-25
-25
-25
-26
-25
-24
-25
-26
-29
-30
-30
-31
-30
-31
-30
-31
-31
-30
-31
-30
-29
-29
-31
-31
-30
-29
-31
-29
-30
-28
-28
-27
-29
-30
-31
-30
-28
-28
-28
-29
-27
-25
-25
-26
-29
-30
-30
-29
-28
-29
-31
-30
-29
-29
-29
-31
-33
-29
-27
-27
-30
-30
-30
-29
-29
-31
-34
-32
-31
-32
-33
-35
-35
-33
-31
-30
-31
-32
-31
-31
-30
-29
-30
-30
-28
-27
-27
-29
-29
-28
-30
-32
-32
-32
-30
-29
-30
-31
-32
-32
-33
-32
-32
-30
-29
-30
-31
-30
-33
-32
-30
-30
-28
-30
-31
-33
-33
-34
-33
-33
-36
-37
-35
-33
-31
-29
-30
-33
-36
-35
-34
-34
-33
-31
-31
-30
-30
-31
-34
-35
-35
-33
-31
-31
-34
-35
-33
-34
-33
-32
-32
-33
-33
-34
-34
-33
-33
-33
-34
-34
-31
-31
-34
-36
-37
-36
-36
-34
-34
-35
-37
-39
-38
-37
-36
-36
-36
-37
-36
-33
-32
-34
-36
-37
-35
-34
-34
-35
-34
-33
-33
-35
-38
-38
-36
-36
-34
-33
-35
-34
-33
-35
-36
-36
-36
-34
-30
-29
-30
-33
-34
-33
-31
-29
-30
-30
-31
-32
-34
-34
-34
-35
-35
-36
-35
-33
-34
-35
-36
-35
-33
-32
-32
-34
-35
-35
-35
-36
-36
-33
-32
-34
-36
-36
-34
-34
-35
-37
-36
-36
-36
-35
-37
-35
-35
-34
-35
-32
-34
-36
-36
-39
-39
-38
-37
-36
-35
-35
-35
-34
-35
-36
-37
-37
-36
-37
-39
-39
-40
-38
-35
-35
-35
-37
-39
-38
-39
-38
-38
-37
-36
-35
-34
-36
-36
-37
-37
-38
-38
-38
-37
-35
-37
-39
-38
-36
-33
-36
-38
-39
-39
-38
-37
-36
-35
-36
-37
-38
-37
-38
-38
-37
-38
-40
-43
-42
-40
-39
-37
-38
-38
-38
-39
-41
-40
-40
-39
-38
-37
-35
-36
-38
-39
-38
-37
-37
-38
-37
-37
-38
-38
-37
-36
-34
-35
-35
-33
-33
-32
-33
-33
-34
-34
-35
-36
-35
-34
-34
-35
-36
-36
-34
-32
-33
-33
-33
-36
-35
-33
-31
-31
-33
-34
-33
-31
-29
-30
-32
-32
-33
-31
-32
-31
-32
-34
-34
-34
-34
-32
-33
-34
-32
-33
-31
-32
-33
-34
-34
-33
-34
-33
-33
-32
-33
-33
-36
-36
-37
-38
-37
-37
-37
-35
-35
-35
-34
-34
-34
-35
-34
-34
-34
-34
-33
-35
-36
-36
-35
-35
-34
-35
-36
-36
-36
-36
-35
-36
-37
-35
-34
-35
-36
-38
-37
-35
-33
-34
-34
-38
-35
-33
-33
-33
-34
-36
-36
-36
-36
-36
-36
-37
-37
-35
-36
-34
-36
-36
-36
-35
-36
-36
-36
-35
-35
-36
-35
-36
-38
-38
-35
-33
-34
-34
-35
-37
-36
-36
-33
-34
-36
-38
-37
-38
-39
-38
-36
-33
-33
-35
-37
-38
-36
-35
-34
-35
-34
-33
-32
-31
-34
-37
-38
-38
-37
-38
-38
-34
-35
-36
-37
-36
-34
-31
-32
-34
-35
-36
-37
-38
-41
-39
-36
-35
-39
-41
-43
-41
-38
-37
-39
-41
-40
-39
-39
-41
-40
-37
-40
-40
-42
-42
-39
-36
-38
-41
-41
-42
-41
-40
-40
-41
-41
-41
-39
-39
-39
-39
-37
-38
-40
-40
-42
-42
-41
-39
-39
-40
-38
-40
-41
-52
-54
-47
-48
-44
-41
-43
-41
-40
-39
-39
-41
-38
-38
-37
-35
-33
-32
-32
-33
-31
-31
-32
-33
-35
-34
-29
-30
-32
-36
-34
-32
-31
-33
-35
-37
-35
-33
-34
-31
-31
-29
-30
-31
-32
-31
-30
-32
-34
-35
-34
-32
-33
-32
-33
-34
-34
-34
-32
-30
-30
-33
-35
-36
-36
-34
-33
-31
-32
-31
-30
-30
-28
-28
-28
-28
-29
-30
-31
-32
-32
-30
-31
-30
-32
-33
-33
-34
-32
-30
-28
-28
-29
-29
-27
-26
-24
-24
-24
-23
-23
-23
-25
-26
-25
-25
-26
-28
-26
-26
-26
-27
-29
-28
-26
-26
-24
-25
-27
-26
-26
-26
-25
-26
-27
-27
-28
-27
-27
-27
-28
-29
-30
-30
-30
-28
-29
-29
-29
-30
-30
-28
-28
-28
-30
-29
-29
-29
-29
-30
-28
-28
-27
-29
-30
-28
-27
-27
-26
-27
-27
-28
-28
-30
-31
-29
-29
-27
-25
-25
-27
-28
-27
-26
-23
-25
-26
-30
-31
-30
-30
-27
-26
-27
-27
-24
-24
-25
-28
-30
-29
-29
-27
-27
-28
-29
-29
-27
-26
-26
-28
-29
-28
-28
-27
-29
-32
-32
-28
-26
-25
-28
-32
-32
-31
-30
-32
-31
-31
-30
-29
-30
-30
-29
-28
-30
-31
-30
-27
-29
-30
-32
-33
-32
-30
-29
-30
-33
-34
-32
-33
-34
-34
-36
-36
-33
-32
-33
-34
-36
-36
-34
-32
-31
-31
-31
-32
-34
-32
-32
-33
-34
-33
-31
-30
-29
-31
-32
-32
-33
-33
-33
-32
-31
-30
-29
-30
-31
-32
-32
-31
-31
-30
-30
-31
-32
-32
-33
-32
-32
-32
-29
-29
-33
-36
-35
-35
-32
-31
-33
-32
-31
-32
-31
-33
-34
-32
-30
-30
-30
-29
-28
-29
-30
-31
-29
-29
-30
-31
-31
-29
-29
-30
-31
-30
-28
-24
-24
-25
-25
-25
-26
-28
-30
-30
-30
-30
-31
-32
-34
-33
-33
-34
-32
-32
-32
-29
-29
-29
-29
-29
-28
-29
-29
-29
-30
-33
-32
-33
-36
-36
-35
-34
-32
-33
-34
-33
-30
-30
-33
-35
-35
-31
-29
-29
-29
-30
-32
-32
-33
-32
-32
-33
-30
-28
-28
-28
-28
-30
-31
-30
-31
-32
-31
-29
-25
-24
-25
-27
-30
-29
-26
-26
-27
-26
-23
-23
-23
-23
-23
-25
-27
-25
-23
-22
-22
-23
-23
-23
-23
-24
-23
-23
-22
-21
-22
-22
-24
-22
-19
-20
-21
-24
-26
-26
-23
-22
-24
-25
-24
-21
-21
-21
-21
-21
-22
-22
-24
-24
-23
-23
-22
-22
-23
-22
-21
-21
-21
-20
-19
-21
-21
-21
-23
-22
-21
-22
-21
-23
-23
-22
-21
-23
-23
-20
-16
-17
-20
-22
-21
-18
-18
-19
-19
-20
-20
-21
-23
-23
-24
-24
-22
-21
-22
-24
-25
-25
-23
-22
-21
-20
-21
-20
-21
-22
-21
-21
-21
-20
-19
-22
-20
-22
-21
-21
-22
-23
-25
-26
-25
-23
-21
-21
-21
-21
-22
-21
-22
-22
-21
-19
-20
-21
-23
-23
-23
-22
-24
-25
-23
-21
-21
-24
-26
-24
-23
-19
-19
-20
-22
-22
-21
-20
-20
-20
-19
-20
-20
-22
-21
-21
-21
-18
-18
-21
-22
-23
-20
-22
-20
-20
-22
-23
-24
-25
-26
-27
-26
-26
-27
-26
-26
-25
-27
-26
-27
-29
-27
-27
-26
-25
-25
-27
-27
-26
-26
-27
-28
-30
-29
-26
-26
-26
-28
-29
-29
-30
-30
-29
-31
-30
-30
-29
-31
-32
-33
-32
-31
-33
-33
-33
-34
-29
-30
-31
-31
-30
-28
-28
-30
-30
-30
-29
-32
-33
-32
-28
-29
-29
-29
-26
-24
-24
-28
-31
-30
-29
-25
-24
-26
-26
-24
-24
-22
-21
-22
-24
-27
-29
-25
-24
-23
-23
-25
-23
-23
-23
-24
-26
-29
-26
-24
-24
-24
-24
-25
-24
-23
-23
-23
-24
-25
-26
-26
-24
-24
-24
-24
-24
-24
-24
-25
-27
-27
-26
-27
-27
-26
-25
-24
-25
-26
-25
-25
-25
-23
-23
-23
-23
-21
-22
-24
-24
-25
-25
-26
-25
-24
-23
-21
-22
-22
-22
-24
-25
-24
-22
-22
-23
-25
-23
-21
-20
-18
-20
-23
-25
-26
-25
-25
-24
-24
-25
-23
-24
-23
-21
-22
-23
-23
-24
-23
-19
-19
-19
-19
-21
-23
-23
-25
-23
-22
-22
-20
-22
-24
-23
-25
-23
-21
-20
-20
-20
-19
-20
-22
-23
-24
-22
-21
-22
-23
-25
-23
-22
-21
-23
-25
-25
-25
-24
-23
-22
-20
-21
-22
-24
-24
-22
-24
-24
-23
-21
-21
-21
-20
-21
-21
-24
-25
-25
-26
-24
-22
-24
-26
-27
-27
-24
-24
-22
-24
-25
-25
-26
-25
-25
-25
-26
-26
-25
-23
-24
-24
-25
-25
-25
-25
-25
-27
-26
-25
-25
-23
-23
-24
-26
-25
-25
-23
-24
-25
-25
-23
-22
-23
-25
-26
-27
-27
-27
-27
-26
-24
-23
-24
-25
-26
-25
-25
-25
-26
-25
-25
-25
-24
-24
-25
-24
-26
-27
-25
-26
-28
-27
-27
-27
-26
-27
-27
-27
-26
-27
-27
-28
-28
-29
-29
-30
-30
-29
-28
-24
-25
-24
-25
-26
-28
-26
-24
-24
-25
-26
-26
-25
-24
-26
-27
-28
-26
-24
-23
-24
-24
-25
-25
-28
-27
-25
-27
-26
-24
-25
-22
-20
-25
-29
-28
-25
-24
-28
-31
-29
-27
-25
-25
-27
-30
-29
-28
-30
-28
-28
-28
-29
-30
-31
-29
-26
-26
-27
-30
-31
-31
-33
-31
-30
-30
-30
-30
-32
-29
-28
-28
-29
-30
-30
-29
-28
-26
-25
-25
-24
-26
-26
-27
-27
-28
-30
-28
-31
-32
-32
-31
-29
-27
-28
-30
-31
-31
-29
-28
-26
-27
-30
-30
-28
-27
-28
-27
-29
-28
-26
-27
-29
-31
-31
-31
-31
-32
-30
-30
-31
-31
-30
-30
-29
-29
-30
-30
-28
-29
-30
-31
-32
-31
-27
-26
-28
-28
-29
-28
-29
-28
-30
-30
-33
-34
-33
-30
-31
-30
-28
-30
-28
-26
-28
-29
-31
-32
-30
-28
-28
-30
-31
-29
-29
-29
-29
-31
-33
-33
-31
-31
-30
-32
-32
-30
-29
-30
-29
-30
-31
-30
-30
-27
-27
-27
-28
-30
-31
-30
-32
-31
-30
-29
-28
-28
-32
-35
-35
-30
-27
-28
-30
-30
-29
-29
-30
-32
-32
-34
-33
-31
-30
-29
-29
-30
-29
-29
-29
-28
-28
-29
-30
-31
-31
-30
-28
-29
-28
-28
-27
-25
-25
-25
-26
-27
-28
-31
-31
-30
-29
-30
-30
-31
-30
-31
-29
-31
-28
-27
-27
-29
-30
-30
-29
-28
-28
-26
-25
-26
-28
-29
-28
-28
-29
-30
-30
-29
-28
-28
-28
-28
-30
-29
-28
-28
-29
-28
-26
-27
-28
-27
-27
-27
-28
-28
-27
-26
-26
-28
-29
-27
-26
-26
-26
-25
-27
-29
-30
-30
-29
-28
-27
-26
-27
-28
-26
-26
-23
-25
-25
-26
-26
-25
-26
-27
-27
-26
-24
-23
-22
-23
-24
-24
-24
-25
-24
-23
-24
-23
-24
-25
-24
-24
-25
-25
-25
-24
-23
-23
-23
-22
-23
-24
-26
-25
-25
-27
-30
-30
-28
-27
-26
-27
-28
-30
-29
-30
-28
-29
-29
-27
-27
-27
-29
-30
-30
-30
-32
-31
-31
-32
-30
-32
-31
-30
-31
-32
-32
-32
-29
-26
-30
-33
-35
-32
-30
-30
-30
-31
-30
-29
-31
-34
-35
-34
-31
-32
-34
-35
-34
-34
-32
-34
-35
-35
-35
-35
-35
-33
-34
-35
-34
-30
-29
-32
-33
-34
-34
-33
-32
-32
-33
-34
-33
-32
-31
-32
-33
-33
-33
-32
-34
-33
-35
-34
-33
-31
-33
-35
-34
-33
-33
-35
-37
-36
-36
-33
-34
-37
-40
-40
-37
-35
-35
-36
-35
-36
-37
-36
-37
-36
-36
-35
-35
-34
-33
-34
-35
-35
-34
-34
-34
-35
-35
-34
-33
-34
-35
-34
-33
-30
-28
-29
-32
-32
-32
-31
-30
-29
-30
-30
-27
-28
-26
-26
-26
-26
-26
-28
-28
-29
-29
-29
-28
-25
-25
-26
-25
-26
-25
-24
-24
-26
-26
-26
-26
-26
-28
-28
-26
-23
-20
-22
-26
-28
-27
-22
-21
-22
-23
-23
-23
-22
-22
-22
-24
-25
-24
-23
-23
-22
-22
-22
-23
-24
-24
-23
-22
-23
-24
-22
-19
-20
-20
-22
-24
-21
-20
-20
-21
-21
-18
-17
-17
-20
-21
-20
-20
-20
-20
-21
-20
-19
-20
-21
-20
-22
-21
-20
-20
-19
-19
-19
-19
-19
-21
-20
-20
-21
-20
-19
-18
-18
-19
-20
-22
-23
-21
-21
-21
-22
-23
-22
-22
-22
-21
-21
-22
-21
-20
-23
-22
-22
-23
-23
-23
-25
-26
-24
-25
-24
-23
-22
-21
-20
-22
-22
-22
-23
-24
-25
-25
-24
-21
-20
-22
-25
-26
-27
-28
-28
-28
-28
-27
-27
-28
-28
-28
-27
-24
-26
-25
-25
-25
-26
-26
-28
-29
-28
-29
-26
-26
-26
-28
-29
-29
-27
-27
-26
-26
-26
-25
-25
-25
-26
-28
-28
-27
-28
-27
-28
-28
-27
-27
-28
-28
-28
-28
-29
-30
-29
-29
-27
-28
-27
-28
-30
-31
-31
-30
-29
-28
-29
-30
-33
-34
-32
-33
-33
-34
-33
-32
-31
-31
-31
-30
-30
-30
-31
-32
-33
-32
-31
-31
-31
-33
-31
-30
-31
-30
-29
-32
-33
-32
-31
-30
-28
-30
-31
-31
-29
-28
-27
-28
-30
-31
-31
-29
-29
-31
-30
-31
-31
-29
-28
-29
-28
-31
-32
-28
-28
-31
-33
-33
-34
-33
-34
-33
-31
-31
-31
-31
-33
-34
-33
-33
-33
-33
-32
-31
-29
-30
-33
-35
-35
-35
-35
-35
-35
-35
-36
-35
-34
-36
-37
-37
-37
-34
-31
-31
-33
-37
-37
-34
-30
-29
-32
-35
-35
-33
-32
-33
-35
-34
-31
-31
-31
-33
-34
-34
-33
-35
-35
-34
-35
-37
-39
-37
-35
-32
-32
-33
-34
-36
-36
-37
-35
-34
-34
-33
-33
-32
-32
-34
-35
-36
-37
-37
-35
-34
-34
-33
-33
-34
-32
-32
-33
-32
-31
-31
-29
-30
-32
-34
-34
-33
-32
-32
-31
-31
-31
-30
-31
-32
-32
-31
-32
-32
-34
-33
-32
-33
-32
-30
-30
-31
-30
-32
-31
-30
-31
-32
-32
-32
-31
-31
-31
-31
-32
-32
-31
-30
-33
-32
-34
-33
-31
-31
-33
-35
-35
-34
-33
-35
-35
-34
-31
-33
-35
-36
-34
-33
-33
-32
-34
-35
-34
-34
-34
-33
-35
-36
-34
-33
-35
-35
-36
-37
-35
-35
-33
-30
-33
-32
-31
-32
-32
-32
-34
-34
-34
-34
-34
-35
-37
-36
-33
-34
-35
-36
-35
-34
-32
-30
-32
-33
-36
-37
-33
-32
-31
-31
-34
-34
-33
-34
-35
-37
-37
-36
-34
-34
-35
-34
-33
-32
-33
-35
-38
-36
-34
-35
-35
-35
-34
-32
-32
-35
-35
-36
-35
-32
-33
-34
-34
-33
-34
-34
-35
-35
-37
-37
-39
-37
-35
-33
-33
-33
-35
-35
-35
-36
-35
-35
-34
-34
-34
-34
-34
-34
-36
-36
-37
-35
-37
-39
-37
-37
-35
-35
-36
-36
-35
-35
-34
-35
-37
-39
-39
-39
-38
-36
-35
-35
-38
-40
-41
-43
-42
-41
-41
-41
-38
-40
-40
-41
-45
-45
-43
-41
-40
-41
-43
-41
-41
-42
-42
-43
-43
-41
-41
-46
-46
-46
-42
-40
-41
-42
-40
-37
-38
-39
-39
-37
-36
-37
-41
-42
-40
-35
-36
-40
-42
-43
-40
-39
-41
-42
-40
-37
-36
-39
-39
-39
-39
-38
-38
-39
-38
-36
-36
-37
-39
-39
-39
-42
-41
-40
-38
-37
-37
-37
-36
-38
-36
-35
-35
-33
-33
-33
-31
-30
-32
-33
-34
-32
-32
-32
-35
-35
-34
-32
-32
-32
-31
-29
-30
-32
-33
-34
-32
-29
-30
-32
-32
-31
-30
-32
-35
-35
-35
-32
-31
-30
-30
-28
-27
-28
-28
-28
-27
-25
-26
-28
-30
-30
-28
-28
-28
-31
-30
-30
-30
-28
-29
-28
-26
-26
-27
-27
-27
-25
-25
-26
-28
-30
-28
-25
-27
-27
-30
-30
-27
-24
-26
-27
-28
-28
-27
-28
-27
-26
-25
-26
-26
-27
-27
-27
-28
-28
-29
-28
-26
-25
-27
-29
-27
-24
-20
-22
-25
-27
-26
-24
-24
-23
-22
-22
-21
-21
-22
-25
-23
-22
-21
-20
-19
-20
-21
-21
-20
-19
-16
-17
-15
-15
-15
-14
-17
-18
-19
-19
-18
-18
-19
-18
-20
-20
-20
-17
-18
-17
-20
-22
-21
-19
-18
-20
-20
-22
-22
-22
-21
-21
-23
-26
-26
-24
-24
-22
-20
-21
-21
-22
-22
-21
-20
-17
-17
-18
-19
-20
-22
-23
-25
-24
-22
-23
-25
-25
-25
-25
-25
-26
-26
-24
-23
-23
-24
-26
-26
-26
-24
-23
-22
-23
-24
-24
-26
-24
-25
-24
-25
-25
-26
-24
-23
-22
-22
-21
-21
-22
-23
-22
-23
-23
-24
-23
-21
-21
-22
-23
-24
-23
-20
-19
-19
-19
-20
-21
-21
-23
-23
-24
-24
-25
-26
-28
-28
-27
-25
-24
-23
-24
-24
-24
-23
-22
-22
-23
-24
-24
-23
-23
-24
-26
-26
-26
-25
-26
-26
-25
-24
-24
-24
-24
-23
-23
-22
-22
-24
-25
-23
-21
-21
-23
-26
-28
-26
-23
-23
-24
-25
-24
-25
-26
-28
-28
-27
-29
-27
-25
-24
-24
-25
-27
-25
-26
-26
-29
-32
-31
-29
-29
-28
-28
-28
-28
-29
-30
-30
-31
-27
-27
-26
-28
-30
-29
-27
-26
-25
-25
-27
-26
-26
-23
-23
-22
-23
-26
-27
-30
-29
-29
-27
-25
-26
-28
-29
-30
-29
-27
-24
-23
-23
-24
-25
-26
-24
-24
-24
-24
-24
-24
-22
-24
-25
-25
-26
-22
-20
-19
-22
-25
-26
-25
-25
-26
-23
-23
-23
-22
-24
-23
-21
-20
-21
-23
-24
-21
-20
-21
-23
-24
-24
-23
-22
-24
-24
-23
-23
-24
-23
-22
-22
-23
-22
-21
-21
-23
-27
-28
-25
-22
-21
-21
-25
-27
-25
-23
-22
-23
-23
-21
-18
-19
-22
-23
-24
-22
-22
-23
-27
-27
-26
-25
-25
-26
-27
-27
-27
-27
-28
-29
-29
-25
-23
-23
-26
-26
-24
-25
-27
-26
-28
-27
-26
-26
-23
-20
-19
-21
-22
-25
-24
-20
-19
-20
-20
-21
-21
-22
-22
-23
-24
-24
-22
-21
-20
-20
-20
-21
-20
-21
-21
-21
-23
-23
-24
-21
-21
-20
-20
-20
-20
-20
-21
-21
-20
-19
-19
-19
-19
-20
-19
-18
-16
-16
-15
-16
-16
-16
-17
-16
-15
-14
-13
-12
-13
-12
-13
-16
-16
-15
-15
-14
-14
-18
-16
-17
-14
-14
-14
-15
-13
-14
-14
-15
-14
-15
-12
-16
-15
-15
-13
-11
-11
-12
-14
-14
-15
-14
-13
-11
-11
-10
-12
-14
-15
-15
-13
-13
-13
-13
-13
-12
-13
-12
-13
-15
-15
-13
-12
-13
-15
-14
-12
-11
-12
-13
-14
-15
-16
-16
-16
-14
-13
-14
-14
-14
-13
-13
-12
-12
-11
-12
-11
-11
-12
-14
-14
-11
-10
-9
-9
-10
-9
-8
-8
-9
-11
-10
-10
-10
-9
-9
-10
-12
-11
-11
-12
-14
-14
-12
-12
-13
-15
-14
-14
-11
-9
-9
-13
-14
-14
-12
-12
-13
-14
-17
-15
-14
-14
-15
-17
-16
-16
-15
-14
-15
-16
-17
-17
-16
-14
-12
-12
-13
-10
-10
-12
-12
-13
-12
-11
-12
-15
-16
-15
-16
-16
-16
-14
-14
-13
-12
-16
-18
-16
-14
-12
-14
-16
-17
-15
-15
-15
-16
-18
-18
-17
-16
-15
-17
-19
-19
-19
-19
-18
-19
-22
-22
-22
-23
-22
-24
-24
-24
-21
-20
-20
-22
-22
-23
-22
-24
-24
-23
-24
-23
-22
-20
-23
-25
-25
-24
-24
-25
-26
-27
-25
-24
-23
-24
-26
-25
-23
-21
-21
-22
-24
-26
-26
-25
-23
-24
-26
-28
-27
-27
-25
-25
-25
-25
-24
-23
-23
-24
-25
-26
-26
-25
-25
-27
-28
-27
-27
-26
-26
-26
-24
-22
-21
-20
-20
-23
-24
-23
-24
-21
-20
-20
-20
-21
-21
-20
-18
-19
-19
-21
-21
-22
-21
-21
-20
-19
-18
-20
-23
-21
-18
-18
-16
-17
-17
-19
-19
-22
-21
-22
-21
-21
-20
-20
-18
-18
-18
-19
-21
-21
-20
-22
-19
-21
-23
-22
-19
-19
-20
-20
-20
-20
-21
-22
-20
-20
-19
-17
-15
-15
-18
-21
-21
-21
-20
-19
-20
-20
-20
-19
-17
-17
-18
-20
-19
-18
-18
-18
-18
-16
-15
-16
-17
-20
-19
-20
-19
-18
-17
-16
-16
-18
-18
-20
-18
-15
-17
-20
-20
-20
-16
-15
-15
-15
-17
-15
-16
-18
-20
-21
-22
-20
-18
-20
-21
-21
-21
-19
-19
-20
-22
-23
-23
-24
-23
-22
-21
-21
-20
-20
-18
-20
-20
-22
-23
-20
-20
-20
-19
-22
-24
-24
-23
-22
-22
-24
-25
-23
-21
-19
-21
-23
-24
-24
-23
-24
-24
-25
-25
-24
-22
-23
-25
-26
-25
-23
-24
-24
-24
-24
-23
-25
-26
-28
-28
-25
-26
-26
-27
-27
-27
-26
-28
-27
-24
-23
-26
-28
-29
-28
-27
-26
-24
-22
-24
-25
-24
-27
-26
-25
-24
-23
-22
-19
-19
-19
-21
-25
-24
-26
-26
-27
-27
-27
-26
-25
-25
-24
-22
-22
-22
-24
-23
-24
-24
-22
-21
-21
-24
-26
-24
-24
-22
-24
-24
-25
-24
-22
-25
-26
-27
-26
-23
-22
-21
-22
-23
-25
-24
-23
-23
-22
-23
-23
-22
-20
-21
-22
-21
-20
-22
-22
-22
-20
-21
-25
-28
-29
-25
-22
-21
-22
-24
-24
-23
-23
-23
-22
-22
-23
-22
-23
-18
-18
-18
-20
-22
-22
-20
-19
-18
-18
-19
-20
-19
-20
-19
-19
-18
-18
-17
-17
-15
-16
-17
-17
-17
-14
-14
-16
-17
-17
-18
-17
-15
-17
-19
-18
-15
-13
-14
-17
-19
-18
-19
-20
-21
-19
-16
-15
-18
-22
-20
-17
-16
-17
-20
-22
-18
-15
-16
-19
-20
-22
-21
-20
-17
-18
-18
-17
-16
-14
-15
-16
-17
-17
-15
-16
-16
-17
-18
-18
-16
-15
-15
-14
-16
-15
-14
-14
-15
-15
-15
-15
-13
-13
-14
-16
-16
-15
-13
-12
-13
-13
-13
-13
-14
-16
-16
-16
-15
-14
-14
-15
-12
-12
-15
-18
-19
-17
-13
-13
-14
-16
-15
-12
-12
-13
-12
-12
-13
-14
-16
-14
-13
-11
-11
-13
-14
-13
-13
-13
-13
-14
-13
-14
-15
-13
-12
-12
-13
-13
-12
-12
-12
-12
-13
-13
-13
-12
-12
-12
-13
-13
-13
-13
-12
-13
-14
-13
-12
-14
-14
-16
-15
-14
-12
-12
-12
-13
-14
-15
-13
-13
-14
-10
-10
-10
-11
-13
-14
-15
-15
-16
-15
-15
-13
-13
-14
-15
-16
-14
-14
-15
-13
-13
-11
-12
-13
-14
-15
-14
-13
-13
-13
-13
-12
-11
-11
-12
-14
-12
-13
-12
-14
-14
-12
-10
-8
-10
-14
-15
-12
-10
-10
-10
-11
-13
-11
-10
-10
-12
-14
-14
-13
-12
-12
-12
-11
-12
-14
-14
-11
-12
-13
-16
-16
-14
-13
-11
-14
-16
-15
-13
-13
-13
-12
-11
-11
-11
-12
-13
-12
-11
-12
-13
-13
-11
-9
-8
-7
-9
-10
-10
-10
-9
-11
-10
-9
-7
-8
-10
-9
-10
-12
-12
-13
-12
-10
-9
-10
-10
-10
-11
-12
-12
-12
-10
-11
-11
-11
-13
-15
-16
-14
-13
-14
-12
-12
-15
-14
-15
-15
-14
-13
-13
-15
-16
-16
-16
-14
-14
-15
-16
-17
-15
-15
-16
-16
-16
-16
-16
-15
-14
-12
-14
-16
-17
-16
-15
-15
-18
-17
-18
-15
-14
-15
-18
-20
-17
-16
-15
-15
-17
-17
-18
-18
-17
-16
-19
-19
-19
-20
-20
-19
-18
-18
-16
-18
-20
-20
-20
-19
-21
-22
-21
-20
-18
-18
-20
-21
-18
-17
-16
-17
-18
-20
-18
-18
-19
-18
-19
-17
-16
-16
-16
-15
-13
-14
-14
-14
-13
-14
-14
-13
-13
-11
-9
-11
-12
-14
-14
-13
-13
-15
-17
-16
-14
-13
-15
-16
-16
-16
-17
-18
-17
-15
-15
-16
-17
-18
-18
-16
-15
-17
-19
-18
-17
-18
-19
-20
-16
-14
-15
-17
-17
-16
-15
-15
-16
-15
-15
-15
-16
-16
-16
-14
-12
-13
-14
-14
-15
-16
-15
-15
-14
-15
-15
-15
-15
-14
-15
-16
-17
-15
-12
-12
-14
-17
-20
-21
-19
-18
-19
-18
-17
-15
-13
-15
-16
-18
-17
-17
-16
-15
-16
-17
-16
-15
-13
-14
-17
-20
-21
-20
-18
-18
-18
-17
-15
-15
-16
-18
-19
-17
-16
-16
-16
-18
-17
-18
-18
-17
-14
-13
-12
-14
-17
-19
-19
-17
-16
-16
-15
-15
-16
-16
-16
-16
-14
-14
-14
-14
-15
-14
-14
-16
-15
-17
-19
-16
-17
-16
-16
-15
-16
-15
-15
-16
-17
-17
-17
-16
-15
-16
-18
-20
-20
-20
-20
-21
-21
-22
-21
-20
-20
-23
-24
-23
-22
-21
-20
-22
-23
-23
-21
-21
-22
-23
-22
-23
-21
-22
-23
-24
-25
-25
-23
-22
-22
-21
-22
-22
-24
-25
-26
-26
-27
-26
-25
-25
-26
-28
-29
-29
-27
-26
-26
-28
-30
-30
-30
-29
-27
-25
-24
-27
-28
-28
-28
-29
-30
-30
-33
-31
-30
-30
-31
-32
-32
-30
-29
-28
-28
-27
-26
-27
-27
-28
-28
-27
-27
-27
-28
-30
-29
-30
-29
-28
-28
-32
-31
-30
-30
-28
-28
-28
-29
-28
-27
-27
-30
-31
-31
-31
-30
-30
-30
-28
-27
-28
-29
-28
-27
-26
-26
-27
-28
-29
-28
-27
-28
-29
-29
-28
-27
-27
-27
-29
-30
-28
-29
-30
-29
-31
-30
-29
-29
-28
-29
-28
-29
-30
-30
-33
-31
-29
-27
-25
-28
-31
-31
-27
-25
-27
-30
-31
-31
-31
-31
-30
-28
-26
-26
-29
-30
-30
-28
-28
-26
-27
-26
-27
-26
-26
-29
-32
-33
-32
-30
-27
-27
-30
-33
-33
-32
-31
-33
-32
-29
-27
-28
-30
-30
-31
-29
-29
-29
-30
-30
-30
-31
-30
-29
-27
-26
-26
-26
-27
-25
-26
-27
-25
-25
-25
-24
-24
-26
-25
-26
-25
-26
-25
-24
-21
-22
-24
-26
-26
-27
-25
-25
-25
-22
-23
-23
-24
-24
-24
-26
-27
-28
-27
-24
-23
-23
-23
-24
-24
-24
-23
-23
-23
-23
-22
-22
-20
-21
-21
-21
-24
-23
-23
-22
-20
-19
-20
-20
-22
-23
-21
-20
-21
-18
-16
-15
-17
-18
-17
-17
-19
-22
-22
-22
-24
-23
-19
-18
-19
-19
-20
-20
-19
-20
-23
-23
-20
-17
-16
-20
-21
-20
-21
-22
-22
-20
-18
-19
-20
-22
-22
-21
-21
-21
-22
-20
-19
-18
-18
-19
-20
-19
-18
-21
-21
-20
-19
-18
-18
-17
-17
-18
-17
-16
-14
-13
-11
-14
-15
-15
-16
-16
-16
-16
-18
-17
-14
-13
-13
-16
-17
-16
-15
-15
-13
-14
-14
-14
-15
-14
-15
-19
-22
-21
-19
-21
-21
-21
-21
-20
-21
-21
-20
-19
-17
-18
-22
-18
-18
-17
-17
-19
-18
-17
-17
-18
-18
-18
-17
-18
-16
-16
-16
-17
-18
-17
-17
-16
-17
-17
-17
-16
-15
-17
-19
-20
-22
-22
-21
-21
-19
-19
-15
-18
-20
-22
-25
-22
-21
-21
-22
-20
-20
-20
-21
-22
-23
-23
-22
-22
-22
-21
-22
-25
-24
-21
-19
-20
-21
-22
-20
-18
-17
-19
-19
-17
-16
-17
-18
-18
-17
-17
-18
-21
-21
-19
-16
-15
-18
-17
-18
-17
-18
-18
-17
-18
-17
-15
-13
-12
-14
-16
-15
-15
-12
-13
-13
-12
-13
-11
-10
-9
-8
-9
-9
-10
-13
-14
-12
-9
-9
-13
-13
-13
-14
-13
-13
-11
-11
-10
-10
-9
-10
-11
-10
-9
-9
-9
-11
-12
-9
-7
-7
-8
-10
-12
-11
-9
-10
-11
-11
-9
-5
-4
-3
-4
-3
-4
-6
-8
-9
-8
-6
-6
-4
-3
-5
-6
-6
-7
-6
-6
-7
-9
-8
-6
-5
-3
-2
-4
-5
-4
-4
-2
-3
-3
-3
-4
-7
-8
-7
-3
-3
-5
-3
-3
-1
-3
-4
-3
-3
-2
-1
-1
-2
-2
0
0
1
2
-1
0
2
2
1
-2
-4
-5
-4
-2
-2
-4
-5
-3
0
1
1
0
-1
1
1
2
2
1
2
4
4
1
0
-2
0
1
2
2
3
1
1
1
2
1
2
1
1
4
4
4
3
3
1
-1
-1
1
3
2
3
1
2
3
1
-2
-1
0
1
-1
-2
-2
-3
0
1
2
1
0
0
1
2
2
3
5
5
3
1
1
1
-1
-2
-1
0
0
0
2
2
2
0
-2
0
0
1
1
1
2
2
1
0
0
0
0
-1
-3
-3
-5
-4
-2
-2
-3
-3
-2
-1
-2
-3
-2
-1
1
1
1
-1
0
0
-1
-2
-3
-3
-4
-3
-2
-1
0
1
-1
0
0
-2
-5
-7
-7
-6
-6
-6
-6
-6
-3
-3
-3
-4
-4
-4
-3
-4
-4
-6
-7
-7
-7
-9
-9
-7
-8
-7
-5
-5
-6
-6
-7
-7
-5
-6
-5
-6
-4
-4
-4
-3
-4
-4
-5
-6
-6
-6
-5
-6
-8
-7
-8
-7
-6
-8
-7
-6
-4
-4
-4
-5
-4
-3
-3
-3
-4
-6
-7
-5
-5
-4
-3
-4
-6
-5
-7
-8
-8
-8
-6
-5
-2
-2
-5
-6
-6
-5
-5
-7
-7
-7
-5
-5
-6
-8
-8
-9
-11
-11
-12
-9
-7
-8
-11
-10
-11
-11
-11
-12
-12
-10
-11
-14
-15
-13
-13
-12
-11
-12
-9
-10
-13
-13
-13
-11
-10
-10
-10
-11
-11
-9
-9
-10
-10
-9
-9
-9
-9
-11
-11
-10
-8
-7
-8
-10
-10
-12
-11
-11
-11
-11
-11
-10
-10
-9
-8
-10
-10
-9
-9
-6
-8
-9
-9
-7
-6
-5
-7
-8
-10
-10
-9
-11
-12
-11
-11
-8
-7
-9
-11
-10
-8
-6
-6
-8
-9
-5
-4
-7
-10
-12
-11
-8
-7
-7
-6
-5
-3
-3
-5
-7
-6
-4
-3
-5
-5
-4
-4
-3
-5
-7
-6
-4
-4
-5
-5
-5
-3
-5
-6
-8
-10
-9
-10
-9
-9
-9
-9
-12
-11
-12
-12
-12
-11
-9
-9
-10
-10
-9
-11
-9
-10
-11
-10
-10
-10
-7
-6
-7
-8
-8
-7
-5
-6
-5
-5
-4
-5
-6
-8
-7
-5
-5
-3
-4
-6
-6
-5
-4
-3
-4
-6
-6
-6
-7
-6
-5
-7
-8
-8
-8
-7
-8
-10
-9
-8
-7
-5
-4
-5
-5
-5
-5
-4
-6
-8
-8
-9
-8
-7
-8
-8
-7
-6
-3
-3
-2
-3
-6
-4
-6
-5
-4
-3
-3
-3
-4
-4
-5
-6
-6
-6
-5
-5
-7
-7
-6
-4
-2
-3
-4
-7
-9
-6
-5
-6
-6
-7
-7
-5
-7
-9
-9
-9
-8
-8
-9
-8
-6
-6
-6
-6
-6
-7
-6
-8
-10
-10
-9
-6
-6
-9
-10
-12
-11
-9
-9
-12
-10
-10
-7
-8
-8
-10
-12
-12
-9
-8
-8
-9
-10
-10
-9
-9
-10
-9
-8
-9
-9
-10
-11
-11
-9
-9
-8
-8
-6
-6
-5
-7
-8
-8
-8
-8
-7
-10
-8
-8
-6
-6
-10
-7
-6
-5
-5
-7
-7
-7
-6
-7
-8
-7
-4
-4
-6
-8
-9
-8
-8
-7
-7
-7
-6
-4
-5
-7
-8
-7
-6
-5
-4
-3
-3
-4
-6
-7
-4
-4
-3
-4
-7
-7
-7
-6
-7
-8
-8
-6
-4
-4
-5
-7
-7
-6
-7
-9
-9
-8
-8
-7
-7
-9
-9
-9
-6
-5
-3
-3
-4
-5
-6
-5
-6
-5
-5
-5
-7
-8
-8
-6
-5
-6
-7
-7
-7
-7
-4
-4
-5
-3
-2
-2
-2
-2
-3
-3
-5
-7
-8
-8
-5
-4
-2
-2
-3
-6
-7
-7
-7
-5
-3
-2
-1
-2
0
-1
-1
0
-3
-3
-4
-1
0
1
-2
-4
-4
-6
-6
-6
-3
-1
1
1
-3
-4
-5
-3
-3
-6
-5
-3
-2
1
0
-1
-1
-1
0
0
-2
-2
-1
1
1
2
4
2
1
0
-2
-1
2
4
6
6
7
3
3
4
5
6
6
5
5
3
4
3
3
4
5
7
4
5
3
5
4
3
3
3
3
3
1
0
1
3
2
0
2
2
1
1
-2
-2
0
2
1
1
-1
1
2
1
1
0
1
0
0
1
2
2
4
0
-2
-4
-5
-6
-5
-6
-4
-4
-6
-6
-5
-2
-4
-4
-3
-2
-1
-2
-6
-5
-4
-3
-1
-1
0
0
0
-3
-6
-7
-5
-3
-3
-5
-5
-3
0
1
-3
-4
-4
-3
-3
-4
-5
-6
-6
-6
-6
-8
-6
-4
-3
-6
-9
-6
-2
-5
-8
-10
-9
-5
-4
-6
-9
-9
-7
-8
-8
-5
-3
-3
-5
-9
-8
-8
-6
-4
-5
-7
-6
-5
-5
-7
-7
-7
-5
-5
-7
-10
-11
-9
-8
-10
-11
-12
-13
-12
-10
-10
-11
-11
-11
-10
-9
-10
-9
-12
-13
-12
-12
-11
-12
-12
-11
-9
-9
-11
-12
-13
-10
-10
-13
-13
-14
-11
-10
-11
-13
-15
-17
-13
-15
-16
-16
-14
-13
-15
-18
-15
-11
-8
-9
-11
-12
-13
-14
-17
-17
-18
-18
-18
-16
-14
-14
-14
-14
-14
-13
-13
-14
-14
-15
-15
-16
-16
-16
-15
-15
-11
-10
-13
-17
-16
-14
-10
-11
-11
-11
-9
-8
-11
-12
-14
-11
-11
-9
-8
-8
-8
-7
-5
-6
-9
-11
-12
-10
-8
-7
-7
-6
-6
-7
-9
-9
-8
-9
-10
-11
-13
-12
-11
-10
-9
-10
-8
-6
-6
-9
-10
-9
-7
-7
-7
-7
-8
-8
-7
-5
-6
-8
-10
-10
-9
-10
-9
-8
-7
-6
-4
-4
-3
-4
-5
-3
-3
-3
-2
-1
-2
0
-1
-2
-2
-1
0
2
2
1
0
1
3
4
3
4
4
2
1
1
1
3
5
3
3
3
3
1
1
-1
-1
1
2
1
1
1
2
3
2
1
0
2
2
4
4
3
2
2
2
3
4
3
3
5
6
5
3
1
1
2
3
4
4
2
2
2
1
3
2
1
3
2
2
2
0
-1
-1
-1
0
-1
-1
0
0
-3
-6
-6
-4
-2
0
-1
-1
-2
-5
-4
-3
-2
-4
-2
-4
-3
-3
-7
-7
-7
-6
-4
-5
-6
-5
-6
-4
-5
-5
-6
-5
-4
-4
-5
-4
-4
-4
-7
-8
-8
-6
-6
-8
-11
-10
-8
-6
-4
-5
-7
-6
-6
-7
-6
-7
-6
-6
-9
-10
-9
-10
-9
-9
-11
-12
-10
-10
-8
-9
-9
-7
-9
-9
-8
-8
-9
-10
-11
-9
-7
-6
-8
-9
-10
-8
-6
-7
-10
-9
-10
-12
-10
-11
-10
-8
-9
-11
-11
-11
-10
-11
-13
-15
-15
-15
-17
-19
-21
-20
-20
-20
-21
-22
-20
-21
-23
-23
-22
-21
-22
-22
-23
-24
-23
-22
-20
-22
-23
-22
-22
-23
-24
-25
-26
-26
-26
-27
-27
-26
-25
-24
-26
-26
-27
-25
-25
-25
-27
-25
-24
-22
-23
-27
-27
-25
-25
-27
-26
-25
-21
-19
-20
-20
-19
-17
-15
-14
-18
-18
-15
-14
-12
-11
-12
-14
-13
-14
-11
-9
-9
-11
-12
-11
-11
-10
-11
-12
-13
-11
-11
-12
-13
-16
-15
-17
-15
-16
-17
-19
-18
-18
-19
-21
-19
-20
-22
-23
-25
-25
-26
-26
-27
-25
-25
-27
-28
-30
-29
-28
-30
-30
-31
-31
-30
-29
-30
-31
-33
-33
-32
-32
-34
-34
-34
-33
-33
-33
-35
-34
-32
-30
-30
-30
-31
-33
-33
-32
-29
-27
-24
-25
-26
-27
-27
-25
-23
-24
-23
-24
-22
-20
-17
-18
-19
-18
-16
-14
-12
-12
-12
-11
-9
-8
-6
-5
-4
-2
-1
0
1
2
3
6
8
10
9
8
7
9
11
11
11
12
12
15
14
11
9
9
8
7
6
3
4
2
2
-1
-3
-6
-6
-5
-6
-9
-11
-14
-14
-15
-16
-18
-21
-24
-26
-29
-30
-31
-34
-37
-40
-41
-43
-44
-46
-47
-50
-49
-50
-49
-51
-53
-56
-56
-60
-63
-64
-65
-64
-65
-63
-62
-64
-62
-63
-63
-63
-62
-58
-53
-51
-51
-53
-54
-54
-53
-51
-47
-44
-40
-37
-35
-31
-30
-27
-23
-17
-10
-4
1
3
7
12
17
21
25
30
35
39
42
45
49
50
54
56
59
60
60
64
65
65
63
62
62
62
63
61
59
59
58
54
48
43
37
35
30
25
19
16
9
5
2
-4
-9
-17
-24
-33
-39
-46
-55
-66
-74
-81
-86
-90
-100
-109
-120
-126
-134
-141
-148
-155
-164
-172
-177
-185
-191
-199
-206
-211
-214
-216
-215
-214
-204
-192
-170
-149
-134
-119
-106
-92
-76
-56
-37
-18
-3
11
28
43
55
61
66
70
71
75
80
84
88
90
93
95
94
92
87
81
75
69
64
59
52
49
45
41
37
31
24
19
13
10
10
13
19
27
33
37
40
42
46
53
57
61
68
71
77
83
88
92
93
88
84
80
78
76
71
68
63
58
49
40
30
21
7
-6
-16
-27
-39
-49
-61
-71
-82
-89
-102
-115
-126
-140
-150
-157
-166
-177
-186
-197
-205
-214
-220
-227
-233
-241
-244
-244
-241
-230
-205
-176
-150
-127
-112
-100
-85
-63
-39
-17
2
15
29
