-20
-19
-19
-19
-20
-22
-22
-21
-20
-20
-21
-22
-23
-23
-21
-19
-19
-19
-16
-16
-15
-15
-15
-16
-15
-16
-16
-17
-20
-19
-20
-22
-21
-17
-13
-15
-17
-20
-18
-15
-17
-18
-19
-18
-17
-14
-13
-15
-16
-16
-16
-16
-17
-19
-18
-17
-17
-17
-16
-15
-16
-14
-15
-15
-16
-17
-17
-16
-16
-18
-18
-16
-15
-14
-12
-10
-11
-12
-13
-13
-14
-14
-16
-17
-17
-17
-17
-15
-16
-18
-17
-16
-17
-17
-19
-18
-16
-15
-16
-20
-23
-22
-22
-18
-17
-17
-17
-18
-17
-17
-17
-18
-18
-16
-16
-15
-15
-16
-17
-17
-16
-14
-15
-15
-16
-18
-19
-18
-18
-20
-22
-20
-17
-15
-15
-18
-20
-21
-19
-17
-15
-15
-17
-17
-20
-19
-18
-17
-15
-15
-15
-16
-16
-16
-13
-15
-15
-16
-15
-16
-15
-14
-12
-11
-12
-15
-13
-11
-11
-13
-14
-12
-12
-11
-12
-14
-14
-13
-12
-11
-13
-16
-18
-19
-17
-17
-19
-18
-18
-18
-17
-17
-16
-13
-13
-12
-14
-13
-14
-13
-12
-13
-11
-11
-14
-17
-17
-17
-16
-15
-17
-20
-21
-19
-19
-19
-21
-21
-21
-20
-19
-18
-17
-19
-21
-20
-18
-21
-23
-24
-24
-21
-19
-20
-19
-21
-21
-22
-23
-23
-22
-20
-20
-21
-22
-22
-21
-20
-24
-25
-27
-27
-27
-25
-25
-27
-27
-25
-25
-24
-24
-24
-24
-23
-24
-24
-22
-20
-19
-19
-21
-22
-24
-27
-27
-25
-22
-22
-22
-24
-25
-26
-24
-21
-21
-21
-20
-18
-20
-20
-21
-23
-22
-23
-25
-25
-24
-21
-21
-20
-19
-21
-20
-20
-22
-25
-24
-24
-21
-20
-18
-19
-21
-20
-20
-19
-18
-18
-17
-16
-16
-16
-16
-16
-17
-17
-17
-18
-17
-16
-15
-13
-12
-14
-15
-15
-17
-19
-21
-23
-22
-21
-19
-18
-16
-15
-13
-12
-13
-14
-15
-17
-14
-14
-17
-18
-18
-16
-15
-17
-17
-16
-13
-13
-15
-14
-15
-15
-14
-16
-16
-15
-11
-10
-11
-12
-15
-18
-18
-16
-16
-16
-15
-14
-13
-11
-12
-12
-10
-11
-12
-11
-11
-13
-14
-16
-16
-14
-14
-15
-17
-16
-12
-11
-10
-12
-16
-15
-14
-14
-13
-12
-14
-14
-13
-11
-10
-10
-10
-10
-11
-12
-12
-11
-11
-11
-11
-12
-13
-14
-14
-15
-14
-12
-11
-12
-12
-10
-9
-10
-11
-12
-11
-10
-7
-7
-9
-10
-10
-9
-7
-5
-5
-5
-8
-10
-11
-13
-14
-13
-13
-13
-10
-8
-9
-13
-13
-11
-8
-8
-10
-10
-11
-10
-9
-10
-10
-8
-8
-7
-9
-10
-12
-14
-15
-16
-17
-17
-16
-13
-10
-9
-11
-14
-13
-11
-13
-14
-18
-14
-12
-15
-16
-17
-15
-11
-10
-14
-17
-18
-18
-16
-16
-18
-19
-20
-19
-17
-17
-18
-19
-18
-18
-17
-17
-15
-16
-18
-20
-20
-18
-15
-14
-17
-21
-20
-17
-17
-17
-18
-18
-19
-19
-18
-18
-19
-20
-21
-20
-18
-16
-15
-14
-15
-17
-17
-16
-16
-14
-14
-13
-13
-15
-17
-16
-13
-14
-16
-18
-18
-15
-12
-14
-18
-19
-18
-16
-16
-18
-17
-16
-13
-13
-14
-15
-18
-17
-16
-15
-14
-10
-12
-13
-14
-13
-12
-13
-13
-13
-15
-16
-17
-15
-15
-16
-17
-18
-16
-12
-12
-13
-15
-14
-14
-13
-12
-13
-15
-16
-17
-16
-15
-15
-15
-16
-14
-14
-13
-14
-16
-17
-16
-16
-16
-15
-14
-14
-12
-10
-11
-12
-11
-12
-12
-13
-15
-16
-17
-15
-13
-10
-9
-10
-9
-9
-11
-13
-15
-17
-17
-16
-15
-12
-9
-9
-13
-13
-12
-10
-13
-14
-15
-16
-14
-13
-11
-12
-11
-12
-13
-15
-15
-13
-12
-11
-9
-8
-7
-8
-13
-14
-14
-14
-13
-13
-14
-14
-12
-13
-14
-14
-14
-12
-11
-14
-17
-16
-14
-11
-11
-12
-13
-14
-15
-15
-13
-14
-14
-15
-13
-10
-8
-11
-14
-13
-12
-12
-11
-14
-16
-15
-12
-11
-13
-12
-13
-14
-15
-15
-15
-14
-14
-14
-13
-14
-13
-15
-17
-17
-16
-16
-15
-14
-13
-11
-11
-12
-12
-13
-15
-16
-14
-11
-11
-13
-14
-15
-14
-13
-14
-17
-18
-16
-14
-15
-16
-18
-20
-18
-17
-15
-15
-15
-14
-14
-15
-16
-17
-17
-16
-15
-15
-15
-16
-17
-17
-18
-17
-14
-11
-12
-13
-16
-17
-16
-16
-13
-13
-13
-12
-10
-10
-10
-10
-11
-11
-13
-14
-13
-13
-12
-13
-13
-14
-14
-14
-12
-12
-12
-12
-10
-12
-11
-9
-8
-9
-11
-12
-12
-12
-11
-12
-13
-13
-13
-11
-11
-10
-12
-11
-11
-11
-9
-10
-7
-7
-8
-12
-12
-11
-9
-9
-10
-13
-17
-14
-9
-9
-10
-9
-11
-11
-11
-11
-10
-10
-12
-12
-9
-7
-8
-10
-11
-11
-10
-10
-10
-10
-9
-8
-7
-7
-8
-9
-9
-8
-10
-12
-13
-12
-10
-8
-7
-8
-9
-10
-10
-10
-8
-7
-5
-3
-4
-4
-5
-6
-7
-7
-5
-6
-7
-8
-5
-3
-3
-1
0
0
0
-1
-4
-3
-5
-5
-5
-4
-5
-6
-6
-6
-6
-5
-5
-5
-2
-1
-2
-2
-3
-4
-2
0
1
2
0
-2
-2
-2
-1
-4
-5
-7
-8
-8
-6
-4
-4
-4
-1
1
1
0
1
1
3
2
3
3
3
3
4
5
4
4
3
3
3
2
1
0
-3
-3
-3
-1
1
2
3
3
1
-1
-2
0
-1
1
1
3
5
4
1
-1
-1
-2
-1
-1
-1
-3
-4
-3
-3
-1
-1
0
2
2
2
1
1
0
0
2
4
2
2
4
3
3
3
2
1
2
4
5
8
8
7
7
6
4
2
3
5
6
6
7
8
10
9
9
8
6
5
5
7
8
9
7
6
6
7
6
5
5
6
7
7
9
9
11
9
8
7
7
7
8
8
7
6
5
4
3
2
2
2
3
2
2
3
4
7
7
4
2
1
3
6
5
5
4
3
4
4
1
1
1
2
3
3
3
1
0
0
1
3
4
2
0
-1
-1
2
5
4
4
5
5
3
2
2
2
4
3
-1
0
2
-1
-3
-5
-7
-5
-3
-3
-5
-6
-6
-5
-3
-1
-3
-5
-7
-8
-9
-9
-8
-8
-8
-8
-9
-12
-11
-10
-9
-8
-10
-11
-11
-9
-9
-10
-11
-11
-14
-14
-15
-16
-16
-14
-13
-11
-10
-12
-13
-13
-12
-11
-10
-11
-14
-15
-16
-15
-14
-14
-15
-18
-17
-17
-17
-18
-18
-17
-15
-12
-12
-18
-21
-22
-23
-23
-23
-23
-24
-25
-24
-22
-21
-21
-22
-23
-22
-22
-22
-24
-25
-26
-27
-26
-27
-27
-27
-28
-29
-29
-26
-25
-27
-30
-29
-30
-32
-34
-35
-33
-31
-33
-34
-34
-34
-30
-31
-34
-34
-34
-33
-35
-35
-36
-37
-37
-36
-39
-40
-41
-43
-42
-41
-41
-41
-42
-43
-43
-43
-45
-42
-39
-38
-39
-39
-39
-41
-41
-42
-43
-43
-44
-45
-44
-42
-43
-42
-43
-44
-44
-43
-43
-44
-44
-44
-43
-43
-42
-47
-50
-49
-48
-47
-47
-45
-48
-50
-48
-49
-50
-51
-50
-49
-48
-49
-50
-52
-56
-55
-53
-53
-54
-55
-53
-53
-53
-52
-51
-49
-51
-55
-56
-57
-55
-52
-52
-53
-53
-52
-53
-54
-56
-58
-57
-57
-59
-61
-59
-54
-52
-50
-52
-53
-53
-53
-54
-55
-57
-57
-54
-53
-53
-55
-56
-55
-55
-52
-51
-51
-54
-55
-54
-51
-51
-51
-51
-53
-54
-55
-57
-57
-57
-55
-57
-57
-53
-52
-51
-54
-53
-55
-55
-54
-55
-55
-55
-55
-56
-55
-55
-56
-58
-58
-56
-56
-58
-56
-54
-54
-54
-55
-57
-58
-57
-55
-54
-54
-55
-54
-53
-53
-54
-54
-53
-52
-54
-53
-51
-48
-48
-50
-51
-50
-48
-50
-52
-55
-56
-51
-49
-50
-54
-54
-55
-54
-55
-53
-53
-53
-52
-52
-52
-52
-52
-50
-51
-52
-53
-54
-53
-52
-53
-50
-49
-47
-47
-48
-51
-53
-54
-55
-53
-54
-54
-53
-53
-53
-53
-53
-52
-52
-53
-52
-51
-51
-51
-51
-51
-49
-48
-47
-47
-47
-47
-47
-47
-46
-47
-49
-49
-48
-48
-47
-47
-48
-49
-49
-49
-49
-49
-48
-49
-48
-48
-44
-41
-40
-41
-44
-43
-42
-43
-44
-47
-46
-43
-42
-43
-44
-45
-46
-46
-45
-47
-49
-50
-48
-46
-44
-43
-43
-44
-43
-43
-43
-43
-44
-44
-42
-41
-39
-41
-45
-44
-44
-45
-41
-40
-41
-41
-41
-40
-40
-40
-44
-45
-45
-44
-42
-42
-39
-38
-38
-42
-43
-45
-45
-46
-44
-44
-45
-43
-39
-37
-37
-39
-40
-41
-39
-37
-35
-37
-37
-36
-36
-37
-38
-39
-37
-35
-35
-36
-40
-40
-35
-31
-30
-32
-37
-40
-39
-38
-37
-34
-32
-31
-30
-28
-28
-29
-31
-32
-31
-33
-33
-32
-31
-29
-29
-31
-27
-26
-29
-29
-30
-31
-29
-27
-26
-25
-24
-24
-24
-24
-24
-24
-25
-26
-23
-22
-20
-20
-21
-21
-21
-21
-20
-20
-20
-20
-18
-17
-16
-15
-16
-16
-17
-17
-18
-17
-17
-14
-13
-12
-12
-11
-12
-13
-14
-14
-14
-13
-10
-9
-9
-12
-12
-11
-9
-8
-10
-10
-7
-6
-4
-8
-8
-9
-8
-5
-5
-6
-7
-8
-5
-3
-2
-3
-2
-2
-1
-1
-2
-2
-2
-4
-3
-1
1
0
1
1
1
1
0
0
-1
0
-1
1
3
5
6
6
7
7
6
6
7
4
6
8
7
5
2
1
3
6
7
8
9
8
8
6
6
4
4
6
9
12
11
9
7
8
10
12
14
15
15
16
15
14
13
15
15
18
18
15
16
14
13
13
13
13
12
11
12
12
15
15
14
14
14
15
15
16
17
16
16
18
17
15
15
15
18
18
16
18
20
21
18
15
16
18
21
22
21
21
24
24
23
23
24
26
27
25
23
21
20
20
19
21
23
23
21
22
22
24
27
25
23
23
22
22
22
23
23
24
23
20
21
23
23
23
24
22
21
20
18
18
21
24
23
24
25
25
25
23
23
23
24
26
27
28
26
26
26
24
26
26
26
26
24
27
27
25
27
26
25
25
25
26
26
25
25
24
25
26
26
26
27
30
29
27
27
29
29
29
28
29
30
33
35
33
33
31
31
31
29
31
28
28
29
29
32
35
35
34
31
28
29
30
32
34
32
30
33
33
33
32
31
33
36
36
34
31
31
32
34
34
34
35
34
31
31
30
30
33
36
37
36
38
38
38
38
37
38
35
34
34
38
39
39
39
38
37
37
36
34
35
32
33
35
37
39
39
39
39
41
42
42
41
41
40
42
44
46
46
45
45
47
47
45
41
38
41
45
47
48
47
45
44
42
43
44
43
44
45
48
49
50
50
49
51
53
52
51
47
46
48
50
51
52
51
49
50
49
48
49
50
49
50
51
52
54
55
56
56
54
54
54
55
59
62
60
60
62
62
61
59
58
59
61
62
62
61
60
62
62
62
62
61
62
62
64
65
64
63
64
65
65
65
64
62
62
61
62
65
66
65
65
63
63
63
63
62
62
62
61
60
62
64
65
65
67
66
64
63
61
62
63
63
65
67
68
69
66
61
62
64
65
67
67
68
68
68
69
69
71
73
71
69
68
68
71
72
71
69
70
70
69
67
69
72
75
75
72
71
73
76
76
75
74
75
75
76
75
73
74
76
78
80
80
80
79
78
75
75
77
78
77
75
75
75
78
75
73
73
72
72
73
74
78
79
79
78
79
80
78
74
73
73
71
75
79
80
78
73
70
68
70
76
77
76
78
76
76
75
75
75
76
76
75
75
79
80
80
79
79
79
79
78
76
76
76
75
75
79
80
82
80
78
76
77
79
77
75
75
77
79
80
76
76
76
77
78
79
82
80
80
80
80
78
79
79
77
76
77
78
79
81
81
80
81
82
83
85
84
86
87
86
88
87
85
85
83
84
82
82
80
81
83
84
84
84
85
84
82
85
85
85
87
86
87
89
89
87
87
90
93
94
94
91
90
90
92
91
90
92
92
93
92
93
95
96
95
92
89
92
95
96
95
95
95
96
97
94
93
95
96
98
99
97
98
99
99
98
99
99
98
95
92
93
94
97
99
98
96
98
100
97
94
95
98
100
101
103
104
105
103
101
100
102
103
104
105
103
102
102
103
102
102
101
101
103
105
105
103
102
103
106
109
112
110
107
107
108
110
110
109
109
111
113
116
116
116
114
114
114
114
115
114
115
114
115
116
116
116
116
115
116
116
116
116
116
119
122
123
121
121
122
123
124
124
124
123
124
122
122
122
123
125
125
127
126
126
126
126
128
130
130
131
129
128
128
130
132
131
131
131
133
135
136
134
133
134
135
133
134
136
137
137
136
136
138
140
140
138
139
141
142
143
141
138
136
137
139
143
145
145
145
143
143
142
140
140
140
142
146
147
145
147
146
147
146
146
146
145
145
145
146
146
148
149
150
151
151
149
148
148
148
148
149
149
149
148
149
151
155
157
158
156
152
151
152
154
155
153
153
156
158
158
158
157
155
157
157
159
159
159
158
157
159
160
163
163
164
163
162
161
160
160
161
163
167
166
165
163
164
163
164
165
164
163
164
164
164
165
166
166
167
167
169
169
171
169
169
168
166
165
164
164
166
167
165
164
163
163
163
164
165
164
165
166
167
167
166
164
165
165
165
165
161
160
160
162
165
166
165
161
161
164
168
170
167
167
167
165
165
164
164
165
168
166
164
164
161
162
161
160
159
161
163
165
169
169
167
167
166
167
168
168
166
165
165
165
166
167
167
167
166
167
170
171
172
169
169
169
169
169
167
169
171
170
168
166
168
172
174
173
170
169
172
173
171
171
173
175
175
170
167
168
170
172
174
174
174
175
176
175
175
175
176
177
177
178
179
179
178
178
177
175
177
179
177
178
177
180
182
182
181
182
183
181
182
183
186
186
186
184
185
185
188
188
189
187
189
190
191
190
188
185
184
185
187
186
185
184
186
189
193
193
195
193
194
194
196
196
196
197
196
195
195
197
196
195
195
194
198
202
201
200
198
198
199
199
201
200
202
201
202
202
202
202
203
204
205
204
203
203
204
204
205
205
205
206
208
206
204
205
205
203
200
201
204
206
206
205
207
208
209
210
208
211
215
217
216
215
215
215
215
215
218
217
220
220
219
217
215
215
216
217
216
218
220
223
223
220
217
217
219
220
221
221
221
222
222
222
223
222
222
221
219
219
220
219
219
219
219
220
220
218
219
219
221
221
221
221
222
222
221
220
220
221
221
221
221
220
220
220
220
221
220
219
219
222
225
225
226
224
220
222
223
223
222
220
219
219
219
219
219
220
221
223
224
222
221
220
220
222
223
222
220
220
224
226
223
220
221
220
221
224
223
223
224
225
225
226
224
224
224
222
221
221
221
220
221
224
225
223
221
219
221
223
226
226
224
222
221
222
224
224
223
222
222
223
223
222
223
224
223
222
221
222
222
224
225
225
225
226
224
226
228
228
225
226
227
228
230
228
225
226
229
230
229
228
227
229
229
231
232
231
232
232
232
230
231
233
233
233
231
231
233
231
232
230
228
230
230
231
231
232
232
231
232
233
234
234
233
235
237
236
237
235
233
233
231
230
233
235
237
235
236
236
236
235
232
232
233
235
237
237
237
236
236
236
236
235
236
236
236
237
238
239
239
237
239
239
240
241
242
240
243
244
242
242
242
242
244
246
247
248
247
246
246
246
245
247
248
246
246
244
246
245
247
247
247
248
249
250
251
250
250
248
248
248
248
248
250
251
252
251
251
250
249
250
251
253
256
257
257
257
253
251
250
251
253
255
255
255
255
256
257
257
256
254
257
257
256
255
254
256
257
256
256
260
261
261
260
256
255
255
255
258
261
263
262
257
255
255
259
259
258
258
258
260
261
260
260
260
260
260
259
261
262
261
262
262
264
263
264
264
262
261
259
257
259
260
260
260
258
258
259
259
260
260
259
260
259
261
261
261
261
262
261
262
264
262
262
261
263
267
268
268
264
262
262
262
262
263
262
263
265
267
267
267
265
263
262
262
263
265
267
268
268
268
267
265
265
262
262
266
268
268
269
269
267
265
266
266
267
268
267
265
265
263
263
268
270
268
268
269
269
270
270
268
268
271
273
272
269
269
267
268
268
265
266
266
267
266
265
266
267
267
268
269
270
270
270
270
269
267
267
268
269
269
270
269
267
267
266
268
267
266
265
267
269
268
265
260
260
263
265
265
267
267
267
270
271
271
271
270
268
266
264
266
268
268
268
268
267
268
267
267
265
266
267
268
269
268
265
266
266
267
268
269
269
268
268
268
267
267
266
267
266
266
267
267
266
268
267
268
269
269
269
269
271
272
272
272
272
271
268
266
268
270
273
274
274
272
271
269
267
265
266
267
266
267
270
272
274
274
273
272
272
270
272
273
274
273
271
270
269
269
269
267
268
268
267
267
268
270
273
274
274
273
270
270
268
268
269
269
271
273
274
275
273
270
267
267
267
268
267
266
265
264
264
265
266
266
265
265
266
266
265
265
263
264
267
267
264
262
262
264
265
266
266
267
267
267
268
265
264
264
264
264
266
267
266
266
266
269
270
269
270
271
271
271
270
269
269
270
270
272
272
272
270
267
266
265
267
269
272
271
271
269
265
265
265
267
269
269
268
268
268
268
267
266
266
264
264
264
264
264
267
269
267
266
266
266
269
272
275
273
271
271
271
270
268
269
268
270
273
275
272
271
271
272
272
271
269
266
265
268
270
270
271
271
270
269
269
267
266
266
266
267
270
270
267
268
265
263
264
264
264
265
265
268
270
270
271
270
271
272
273
272
270
268
269
268
268
267
266
266
264
263
264
265
267
269
269
268
267
265
261
260
261
263
261
262
262
265
268
269
267
264
263
262
264
264
265
263
263
265
266
268
267
267
265
263
262
263
264
265
263
262
260
260
260
260
260
261
262
263
263
263
262
263
265
264
263
263
261
262
262
262
261
261
262
264
266
266
263
262
259
259
259
260
260
260
261
262
263
264
264
262
263
264
264
261
259
259
260
264
263
262
260
259
258
261
260
259
260
260
256
256
256
257
259
259
259
260
261
260
259
258
255
256
254
253
254
254
256
259
258
258
257
257
257
256
254
254
255
256
258
259
258
255
253
252
255
255
254
254
256
258
261
260
257
256
252
250
254
256
257
257
257
257
254
250
249
247
250
253
255
257
259
258
256
255
253
252
250
249
250
254
255
254
254
253
255
255
253
250
251
252
255
256
258
256
253
253
252
252
253
253
251
252
255
255
254
253
253
255
253
253
252
253
254
254
254
254
253
254
254
256
255
255
255
253
252
252
253
255
257
256
253
253
253
253
254
253
252
253
256
256
256
255
254
255
257
258
259
258
256
254
251
253
253
254
254
252
252
252
254
257
258
257
259
259
257
256
257
258
259
257
257
258
258
259
256
256
259
260
260
258
256
257
256
258
259
259
259
258
257
258
259
258
258
257
259
259
258
257
258
259
259
260
260
259
259
258
259
256
255
255
255
259
262
261
259
257
257
259
260
260
258
259
262
263
263
262
262
264
262
260
258
257
259
261
263
263
262
262
260
257
255
257
260
260
259
260
261
263
263
261
260
258
258
259
262
262
262
264
262
260
259
257
257
259
259
258
259
259
259
259
260
260
257
257
256
258
259
258
256
257
258
257
258
255
254
256
258
259
260
260
258
257
258
258
255
254
254
254
254
254
256
257
259
257
256
255
255
258
257
256
255
254
255
258
255
255
254
253
254
254
253
253
255
254
256
256
253
254
255
254
254
253
254
255
254
253
254
253
252
256
258
256
254
253
256
256
255
255
254
254
252
251
250
252
254
253
253
253
251
250
249
250
248
247
248
248
250
251
249
249
249
250
248
248
248
249
251
250
250
249
249
247
247
247
245
245
245
245
247
248
249
248
246
245
244
243
245
247
246
247
249
250
251
249
248
246
245
245
245
246
247
248
246
243
243
243
242
244
245
247
247
247
243
241
240
241
239
237
237
237
238
240
242
243
243
241
240
241
241
240
241
241
242
242
241
238
239
240
241
238
237
236
237
237
239
239
240
240
241
242
242
241
240
242
241
241
240
240
240
241
240
238
238
240
242
241
241
241
241
241
239
241
241
241
242
242
240
241
239
239
239
239
239
239
239
240
240
239
240
242
243
243
246
246
245
243
240
239
237
238
240
241
240
237
237
238
240
239
238
236
236
237
236
236
237
238
238
237
237
239
237
237
238
235
234
234
235
235
237
241
242
241
239
238
239
241
242
240
237
237
239
237
235
233
231
233
235
236
236
235
234
233
233
235
235
235
235
233
233
232
231
230
229
230
232
233
233
231
230
228
228
229
232
230
230
230
232
232
232
232
232
232
233
231
231
230
232
235
234
232
230
229
229
230
229
226
225
226
229
231
231
231
230
226
225
223
222
224
226
229
229
228
227
225
225
223
222
224
226
224
221
220
221
223
224
223
223
223
222
220
220
219
221
223
219
218
219
220
219
220
218
217
217
217
216
216
218
217
214
214
216
215
216
216
215
216
218
219
217
216
214
215
216
217
218
217
213
212
213
213
214
212
213
213
210
210
211
214
213
211
208
210
212
212
211
209
206
207
206
207
207
207
208
208
208
210
212
211
211
209
206
207
206
206
206
205
206
205
204
203
202
204
205
205
204
204
208
209
210
210
209
208
206
204
204
203
203
203
204
205
204
205
206
205
204
204
205
205
205
204
203
204
205
203
204
205
209
210
209
206
204
206
206
204
204
206
206
208
209
207
207
206
206
208
208
208
207
205
204
208
208
208
209
207
207
207
204
203
202
203
205
205
206
204
207
206
205
204
203
204
203
204
204
206
207
209
205
205
202
203
203
203
205
208
209
208
207
208
209
210
208
203
203
206
206
208
207
206
207
206
204
203
203
205
206
202
202
202
203
204
205
203
201
199
198
198
200
203
202
201
200
199
198
200
199
199
200
199
200
202
202
199
200
200
198
199
198
197
198
197
199
199
199
200
199
198
200
200
203
203
202
201
200
200
200
200
199
198
196
196
196
195
196
195
195
196
197
198
196
197
196
197
196
196
196
196
198
198
199
197
195
198
199
198
197
197
195
194
193
191
191
192
194
198
198
196
197
198
198
198
199
196
196
197
198
199
199
196
197
197
196
195
195
197
199
199
199
196
195
196
196
195
194
195
194
196
196
197
198
195
191
191
192
194
195
193
192
192
192
191
190
191
192
191
190
191
188
190
192
190
188
188
188
189
190
192
193
195
193
194
194
191
189
188
189
190
191
190
189
190
191
193
193
191
190
188
190
190
190
189
189
190
192
193
192
190
188
189
190
190
190
188
190
189
189
188
189
189
189
186
186
186
188
188
188
190
191
191
191
192
191
193
192
191
192
190
191
192
191
191
189
189
192
192
190
190
189
189
189
190
192
193
193
194
194
194
196
194
194
195
195
195
194
192
190
188
188
188
191
191
190
190
193
192
193
191
190
190
190
192
194
193
192
192
191
191
192
191
190
187
186
188
189
192
190
189
188
189
190
191
190
189
187
187
186
188
188
189
188
187
186
184
186
187
189
189
186
185
186
186
186
187
185
186
187
187
187
187
188
189
190
189
188
188
189
190
190
190
191
191
190
188
187
190
189
189
187
186
186
189
190
192
192
191
193
194
193
190
189
189
192
192
192
190
189
189
190
193
193
192
193
190
190
192
193
195
194
196
196
199
199
197
196
196
195
195
193
194
194
195
195
197
198
198
195
194
194
196
197
195
195
195
196
195
197
198
198
198
196
196
197
195
193
194
197
198
197
195
195
196
196
195
193
192
194
196
196
192
189
188
193
197
197
196
195
195
197
197
195
195
196
197
197
199
198
196
193
195
195
198
198
197
194
195
195
194
193
194
195
195
193
192
192
192
194
193
194
194
193
195
193
193
193
193
193
191
192
191
192
191
189
191
190
190
190
190
189
192
192
193
191
191
193
194
194
193
194
196
198
196
195
195
195
194
193
195
197
196
195
194
191
194
195
192
189
190
194
195
194
193
192
195
195
194
193
194
194
194
192
191
192
191
191
187
188
187
189
189
187
186
188
188
189
189
189
188
188
187
188
188
187
185
186
187
187
187
188
187
187
186
187
187
187
186
184
183
182
181
180
182
182
183
182
182
183
183
181
182
183
181
181
181
181
183
182
180
182
182
181
180
179
178
178
181
183
183
184
184
182
181
180
181
183
183
183
181
180
180
180
182
183
185
183
181
180
182
184
185
184
183
183
183
184
183
182
183
185
185
186
185
185
185
188
187
183
182
180
179
181
181
181
183
183
181
180
180
181
180
179
181
184
183
179
177
177
177
179
181
179
179
180
179
180
181
181
179
177
177
179
181
180
182
182
184
186
184
183
182
181
181
183
184
186
186
183
183
180
180
179
179
179
181
183
184
183
180
181
181
181
180
180
181
181
180
179
177
176
179
180
182
181
179
177
178
177
178
178
175
174
174
177
178
179
180
178
177
178
179
182
182
182
183
180
177
176
178
181
181
181
180
179
179
179
178
178
179
177
177
179
181
184
182
180
177
178
179
180
180
178
179
180
183
182
181
176
175
178
182
182
181
179
177
177
176
178
180
178
177
178
177
176
174
174
177
177
177
176
176
177
179
177
174
173
171
173
175
175
175
173
172
172
173
174
175
174
173
174
176
177
175
176
176
176
176
173
172
174
176
176
175
175
175
174
174
174
173
173
174
173
172
173
174
172
172
171
175
178
175
171
169
168
170
172
169
170
168
167
167
169
169
170
169
167
169
168
168
167
167
167
167
165
164
163
163
162
161
161
161
162
163
164
166
166
167
165
164
165
166
166
168
167
167
166
163
160
160
162
164
163
160
160
163
165
165
164
164
165
166
166
167
165
164
164
164
166
167
166
165
164
165
164
164
163
165
164
161
161
160
159
159
158
157
158
158
158
156
157
159
158
159
158
157
157
158
158
157
159
159
159
158
158
156
156
156
156
156
156
157
158
156
155
157
157
157
157
154
153
153
155
155
154
153
155
157
156
153
152
152
155
156
153
150
150
152
153
155
154
153
153
151
151
152
153
154
155
153
152
150
148
148
150
151
151
150
150
148
148
149
150
151
151
148
148
150
151
149
149
147
147
145
148
150
151
150
150
150
150
150
148
147
150
152
151
151
149
148
150
150
151
154
154
152
149
147
145
145
149
151
152
152
150
150
150
150
149
149
148
150
150
151
151
151
150
149
148
150
149
148
147
146
149
148
148
148
149
150
151
151
150
149
151
152
150
149
150
150
152
152
151
149
149
151
152
154
153
150
148
149
150
149
148
149
149
150
148
146
144
143
144
144
143
143
145
147
146
146
144
143
142
146
149
149
147
145
144
146
146
146
144
145
145
146
146
144
142
142
142
145
146
145
146
145
144
145
145
145
144
144
144
146
147
146
145
141
139
140
143
143
143
143
141
143
142
142
143
143
143
142
140
142
143
142
140
140
140
141
143
141
141
142
143
141
140
139
141
141
139
139
139
138
139
137
134
136
136
139
139
139
138
135
133
134
134
136
139
136
134
134
135
136
136
135
134
134
134
135
132
133
136
137
135
133
130
130
129
131
131
133
134
132
133
135
135
134
130
129
130
130
129
129
128
129
129
128
128
129
127
127
128
128
127
126
126
126
127
128
127
125
125
125
126
127
125
125
124
124
124
124
123
122
122
123
123
121
120
121
122
122
122
123
122
121
121
122
121
120
119
118
120
123
123
125
125
121
117
115
118
120
121
120
119
119
120
120
119
120
123
124
123
124
125
127
127
125
121
121
122
125
127
126
124
123
125
127
125
123
123
124
127
127
126
124
123
122
123
123
122
123
125
124
125
125
123
124
124
124
124
125
124
122
120
121
123
122
121
121
120
123
125
124
122
121
122
124
124
122
120
118
119
119
119
119
121
120
121
120
118
118
118
117
116
120
120
121
121
121
121
121
122
122
122
122
120
118
119
121
122
121
120
120
122
120
120
122
121
122
122
123
121
120
120
120
122
121
120
120
122
123
123
122
121
120
120
120
119
119
117
120
121
120
120
120
121
122
122
123
123
121
123
123
124
124
123
123
122
122
123
124
124
122
122
122
124
125
124
124
124
125
126
126
123
122
121
122
125
126
124
122
125
123
124
124
121
120
122
125
126
125
124
123
122
122
123
123
123
123
120
122
123
124
126
125
122
122
122
122
123
122
119
119
120
123
125
122
120
119
118
118
119
118
118
117
117
119
123
123
121
118
116
120
123
121
119
117
115
116
119
120
120
118
117
118
117
118
118
119
119
119
118
119
121
122
119
118
116
118
120
120
118
117
116
114
115
117
117
116
114
116
117
115
117
115
116
116
115
117
118
115
113
111
111
114
115
115
114
112
111
113
114
115
115
115
116
116
113
115
118
116
114
112
109
111
111
112
110
107
107
109
111
112
112
111
110
108
109
108
111
110
108
109
107
107
109
108
107
107
105
104
105
105
106
108
104
102
103
104
105
105
103
102
104
107
108
106
104
104
104
105
107
105
104
104
104
105
106
105
105
105
107
105
104
101
100
102
103
102
99
98
99
101
104
103
99
96
97
99
102
103
100
98
98
100
100
100
98
97
96
95
96
95
96
97
97
97
97
97
98
98
98
98
98
99
98
99
99
97
98
96
97
99
98
98
96
97
98
99
101
100
96
95
95
96
95
95
95
97
98
98
96
95
94
96
97
96
96
96
96
94
94
93
92
93
93
92
90
90
93
93
93
91
89
88
89
91
91
91
89
89
86
88
92
95
95
93
90
88
89
87
87
88
89
90
90
88
89
89
89
88
89
87
87
86
85
86
86
85
87
87
87
88
85
84
85
86
87
87
85
85
85
86
84
87
86
87
86
86
86
88
85
85
85
83
83
85
86
89
90
88
88
86
85
85
84
82
83
83
83
81
81
82
83
82
82
82
83
85
86
84
83
83
86
87
86
84
84
84
86
86
86
88
87
87
84
82
84
87
90
89
87
88
88
89
87
85
85
87
87
86
86
85
86
86
86
86
87
87
87
88
87
87
85
85
85
85
87
87
86
85
85
86
85
85
84
85
85
86
85
84
84
85
88
90
90
88
85
85
87
89
89
88
87
86
85
85
86
86
85
84
83
84
85
84
85
83
83
85
86
87
85
83
82
82
83
83
82
82
80
81
83
82
80
80
81
83
83
82
79
78
80
79
80
81
81
80
79
79
79
80
81
79
80
79
79
79
78
81
82
82
78
77
77
79
80
79
78
76
76
79
81
81
78
77
77
76
77
75
75
77
78
77
77
76
76
78
78
77
78
77
77
77
79
78
78
77
77
77
77
75
74
73
73
73
73
72
72
73
74
76
75
73
73
74
73
73
73
72
71
70
72
74
76
76
72
70
70
72
71
70
71
71
73
70
68
67
69
71
71
69
69
70
70
70
71
71
72
69
70
69
69
69
69
68
67
69
70
69
68
66
64
68
70
70
70
67
67
68
67
66
64
64
67
71
72
70
68
69
70
70
69
68
68
69
68
68
67
69
68
68
69
68
69
69
69
69
69
69
69
70
70
71
72
72
71
69
70
73
75
73
74
74
75
75
72
74
75
73
75
76
75
76
77
78
75
75
73
76
77
77
77
74
75
76
78
79
78
76
72
74
76
78
78
76
75
74
74
75
75
74
72
72
73
73
76
77
77
75
75
74
75
77
77
78
76
77
77
77
78
78
78
75
74
76
77
76
74
73
75
77
78
78
76
77
77
76
74
71
73
75
71
70
70
72
74
73
71
72
73
74
73
73
72
72
72
72
72
73
73
73
71
70
69
71
72
72
74
74
72
71
72
72
74
73
72
71
73
73
71
71
71
72
73
70
69
71
71
72
70
69
70
70
70
68
66
67
66
67
68
67
68
68
68
67
68
68
67
67
69
69
69
69
68
67
69
70
69
68
66
67
68
68
67
66
66
68
67
67
66
66
67
67
65
61
62
63
63
65
64
62
59
59
60
62
61
61
61
61
60
60
59
60
62
61
58
58
58
57
57
59
57
56
57
58
59
57
56
55
55
54
55
57
55
55
57
58
59
57
57
54
54
53
52
55
56
55
55
53
51
53
53
53
53
54
52
54
56
56
57
56
55
54
53
53
53
52
51
52
52
52
52
52
53
55
56
54
54
54
54
55
56
57
58
56
54
55
57
58
56
54
54
54
54
54
55
55
56
56
54
53
53
53
54
56
55
54
53
52
54
55
56
55
55
56
54
52
51
52
54
56
56
55
54
53
53
55
55
54
55
54
55
53
52
52
54
53
53
54
54
55
54
56
54
55
52
51
51
51
52
52
52
52
50
52
53
54
52
50
51
52
52
50
51
50
52
51
51
50
49
49
49
50
50
52
52
52
53
53
53
52
51
50
52
52
52
52
50
49
48
49
51
52
51
52
50
49
48
48
47
48
48
48
47
49
48
49
48
47
47
48
49
47
49
48
46
48
46
45
44
45
47
49
51
50
48
47
48
48
46
46
46
47
49
50
49
50
50
48
48
49
49
49
48
48
47
45
44
43
44
45
47
47
46
46
45
46
47
47
46
47
47
48
48
46
44
43
45
45
46
45
43
43
42
40
39
39
38
40
41
40
36
38
41
42
41
40
39
40
40
39
38
37
41
40
40
40
39
39
36
35
34
36
39
39
38
37
37
37
37
37
35
34
34
35
34
33
34
34
32
30
30
31
31
31
30
30
31
30
31
30
30
29
25
25
25
26
28
28
25
24
21
22
26
26
24
25
23
24
24
24
23
24
24
23
23
22
21
20
20
19
20
23
25
24
23
22
23
23
22
23
22
22
21
20
21
20
20
19
17
18
19
20
22
22
22
24
23
20
19
19
20
19
19
18
17
17
19
20
17
16
13
10
12
12
12
13
14
15
15
16
14
11
7
7
11
13
12
11
9
10
9
9
10
8
6
5
7
8
10
8
7
7
9
11
9
5
6
7
8
8
7
5
6
5
6
4
3
3
5
7
5
3
3
5
8
5
5
4
4
6
7
7
6
4
5
6
3
1
-2
-3
-2
-1
-2
0
2
3
1
1
3
1
1
0
1
3
1
1
0
1
2
1
-2
-2
1
4
4
1
-1
-1
-2
-2
-1
-1
1
2
2
-2
-2
-3
-3
-1
-3
-3
-2
-2
-1
-2
-1
0
-2
-3
-2
-3
-6
-4
-2
0
0
-2
-2
0
1
0
-1
-2
-1
-2
-3
-3
-3
-3
-3
-1
0
-2
-6
-8
-8
-8
-4
-4
-7
-6
-4
-3
-3
-5
-8
-7
-5
-2
-3
-5
-5
-6
-5
-4
-6
-5
-6
-5
-5
-7
-8
-7
-5
-6
-6
-7
-9
-8
-9
-10
-9
-10
-9
-7
-6
-8
-11
-10
-10
-10
-11
-8
-7
-9
-10
-11
-10
-9
-9
-10
-9
-9
-7
-7
-9
-11
-9
-6
-7
-9
-10
-9
-7
-5
-5
-7
-6
-4
-4
-5
-5
-8
-10
-8
-4
-2
-3
-6
-6
-4
-3
-5
-6
-7
-6
-6
-7
-9
-8
-6
-7
-6
-7
-9
-10
-10
-11
-11
-11
-13
-16
-17
-15
-15
-13
-10
-11
-15
-17
-16
-13
-10
-12
-14
-15
-17
-16
-17
-18
-17
-17
-17
-18
-20
-19
-19
-20
-19
-19
-20
-18
-18
-21
-20
-19
-15
-15
-18
-19
-20
-19
-19
-18
-18
-19
-17
-18
-17
-18
-18
-21
-22
-22
-19
-16
-18
-20
-20
-20
-19
-18
-18
-18
-20
-20
-20
-21
-21
-23
-23
-23
-23
-23
-23
-26
-27
-25
-24
-24
-24
-24
-25
-25
-23
-23
-24
-23
-24
-24
-24
-24
-26
-28
-27
-24
-23
-23
-26
-27
-26
-24
-26
-27
-27
-26
-27
-25
-25
-25
-26
-28
-28
-28
-27
-28
-30
-31
-30
-31
-30
-30
-33
-34
-32
-30
-28
-29
-31
-32
-31
-29
-30
-30
-31
-33
-30
-28
-28
-29
-30
-31
-32
-32
-33
-33
-33
-32
-33
-32
-31
-31
-33
-36
-35
-34
-32
-32
-34
-35
-35
-34
-34
-36
-38
-40
-40
-41
-39
-41
-41
-41
-39
-38
-39
-41
-41
-41
-41
-42
-44
-44
-43
-41
-40
-39
-41
-41
-42
-42
-42
-41
-39
-38
-39
-41
-44
-44
-41
-41
-43
-44
-43
-43
-42
-41
-40
-39
-41
-44
-45
-44
-43
-41
-39
-40
-43
-44
-45
-45
-45
-49
-50
-49
-48
-46
-46
-45
-44
-44
-44
-46
-44
-44
-44
-43
-43
-41
-42
-43
-45
-45
-44
-44
-45
-44
-44
-44
-44
-44
-42
-41
-41
-41
-40
-41
-43
-44
-46
-47
-44
-43
-44
-45
-46
-45
-45
-45
-47
-49
-47
-48
-48
-47
-48
-49
-47
-47
-46
-47
-47
-48
-50
-50
-51
-50
-48
-46
-46
-49
-51
-50
-51
-50
-49
-50
-50
-51
-52
-52
-49
-48
-48
-51
-51
-52
-51
-50
-48
-49
-50
-51
-51
-51
-51
-51
-51
-51
-52
-55
-57
-56
-56
-54
-55
-59
-60
-59
-57
-55
-55
-57
-56
-57
-57
-58
-57
-58
-56
-56
-56
-55
-57
-57
-57
-59
-61
-62
-62
-61
-58
-58
-58
-58
-58
-58
-60
-61
-59
-58
-60
-60
-61
-59
-59
-58
-58
-60
-60
-59
-58
-59
-61
-60
-60
-60
-61
-62
-62
-62
-60
-61
-62
-63
-61
-60
-61
-62
-64
-63
-63
-62
-62
-63
-62
-61
-63
-66
-67
-66
-65
-66
-68
-69
-68
-70
-69
-70
-68
-67
-68
-70
-72
-70
-68
-66
-66
-69
-71
-70
-71
-69
-68
-71
-71
-72
-73
-73
-74
-74
-74
-73
-71
-70
-70
-72
-74
-75
-74
-74
-76
-78
-79
-78
-75
-74
-75
-77
-77
-78
-78
-76
-77
-80
-82
-80
-75
-73
-76
-79
-82
-81
-79
-76
-76
-76
-77
-78
-78
-77
-77
-79
-80
-79
-78
-78
-78
-79
-81
-80
-78
-79
-80
-84
-85
-83
-83
-82
-80
-81
-83
-83
-84
-85
-84
-81
-82
-81
-81
-83
-80
-81
-82
-81
-83
-82
-84
-83
-80
-78
-76
-76
-79
-81
-83
-85
-84
-85
-81
-80
-79
-82
-83
-84
-86
-86
-87
-87
-82
-79
-77
-78
-82
-82
-83
-85
-84
-85
-88
-87
-89
-87
-87
-87
-87
-89
-88
-87
-86
-85
-83
-84
-82
-84
-88
-90
-92
-92
-87
-86
-86
-84
-87
-87
-91
-93
-94
-95
-96
-92
-88
-89
-90
-91
-92
-93
-95
-94
-94
-94
-93
-94
-90
-89
-89
-91
-92
-95
-94
-91
-91
-90
-89
-89
-88
-88
-89
-93
-95
-96
-95
-96
-95
-93
-91
-91
-92
-93
-94
-95
-95
-95
-97
-97
-98
-95
-91
-93
-94
-96
-97
-98
-97
-96
-97
-96
-95
-95
-96
-95
-93
-96
-98
-99
-98
-97
-96
-98
-97
-97
-96
-94
-96
-98
-100
-101
-99
-99
-99
-100
-101
-100
-102
-104
-105
-107
-106
-103
-102
-102
-102
-101
-100
-99
-99
-102
-103
-104
-103
-100
-98
-100
-101
-103
-105
-104
-106
-106
-105
-105
-103
-102
-101
-103
-106
-107
-105
-104
-105
-105
-102
-99
-99
-100
-101
-102
-102
-105
-108
-105
-104
-104
-103
-104
-105
-104
-102
-102
-104
-107
-107
-106
-103
-101
-102
-103
-104
-109
-109
-109
-109
-108
-109
-109
-108
-109
-109
-109
-107
-108
-109
-111
-108
-107
-106
-107
-111
-112
-114
-113
-113
-114
-115
-114
-112
-111
-112
-114
-115
-115
-114
-111
-111
-113
-112
-114
-113
-113
-114
-114
-114
-116
-116
-116
-117
-117
-116
-117
-115
-115
-115
-114
-116
-116
-119
-119
-117
-116
-117
-117
-117
-116
-115
-115
-115
-114
-115
-118
-118
-119
-118
-120
-120
-117
-116
-115
-118
-119
-120
-119
-117
-119
-119
-118
-118
-118
-120
-121
-120
-120
-119
-119
-118
-118
-115
-115
-117
-119
-119
-120
-121
-120
-118
-116
-117
-117
-118
-116
-119
-121
-119
-119
-118
-117
-117
-116
-115
-118
-118
-116
-118
-116
-115
-115
-116
-116
-115
-113
-114
-114
-115
-117
-118
-117
-116
-116
-114
-115
-116
-117
-115
-113
-115
-115
-116
-115
-113
-111
-112
-116
-115
-115
-114
-115
-115
-116
-115
-117
-118
-116
-115
-116
-116
-118
-119
-118
-117
-117
-116
-117
-119
-121
-122
-122
-119
-117
-116
-116
-115
-116
-116
-115
-118
-120
-118
-119
-118
-117
-118
-119
-120
-119
-118
-118
-120
-120
-120
-120
-120
-119
-119
-118
-120
-121
-120
-122
-120
-119
-121
-121
-120
-118
-119
-122
-123
-123
-122
-121
-123
-124
-122
-119
-118
-119
-122
-123
-123
-121
-119
-121
-124
-124
-123
-122
-121
-121
-121
-122
-120
-121
-121
-123
-122
-121
-121
-124
-125
-126
-124
-125
-127
-127
-127
-128
-128
-127
-127
-125
-124
-123
-125
-124
-125
-125
-125
-125
-127
-128
-126
-128
-129
-128
-128
-126
-125
-124
-124
-125
-126
-126
-125
-123
-122
-123
-123
-121
-121
-121
-120
-122
-125
-126
-125
-125
-126
-122
-122
-119
-122
-123
-124
-124
-123
-122
-121
-123
-122
-123
-121
-121
-119
-122
-122
-122
-118
-121
-124
-124
-124
-122
-122
-118
-120
-119
-118
-120
-121
-122
-121
-122
-123
-122
-122
-123
-122
-123
-123
-125
-124
-124
-124
-123
-124
-124
-127
-127
-125
-123
-124
-126
-125
-122
-120
-121
-123
-123
-125
-124
-124
-126
-128
-128
-128
-128
-128
-129
-129
-127
-127
-127
-128
-130
-130
-131
-130
-133
-133
-133
-129
-129
-129
-130
-130
-132
-133
-134
-135
-136
-137
-134
-132
-129
-130
-131
-133
-134
-132
-131
-130
-130
-129
-129
-128
-129
-130
-130
-130
-127
-125
-127
-129
-130
-129
-127
-130
-132
-133
-132
-129
-127
-128
-130
-129
-129
-131
-135
-137
-136
-134
-133
-132
-133
-133
-131
-130
-130
-130
-133
-134
-134
-133
-130
-129
-129
-130
-130
-129
-129
-129
-130
-130
-130
-129
-129
-132
-133
-134
-130
-128
-128
-130
-132
-132
-131
-132
-132
-133
-133
-131
-130
-130
-133
-135
-136
-137
-136
-136
-137
-137
-136
-135
-135
-137
-138
-138
-138
-138
-135
-137
-137
-138
-137
-138
-138
-140
-142
-140
-140
-140
-138
-137
-136
-137
-138
-139
-138
-138
-140
-140
-142
-142
-141
-141
-141
-140
-139
-138
-136
-134
-133
-134
-135
-137
-136
-137
-135
-135
-135
-134
-134
-134
-134
-133
-134
-133
-133
-134
-132
-132
-134
-133
-131
-130
-131
-134
-135
-134
-133
-130
-130
-132
-131
-129
-127
-129
-131
-133
-131
-130
-130
-130
-131
-132
-131
-131
-132
-132
-132
-129
-127
-129
-131
-129
-128
-125
-127
-127
-129
-128
-129
-128
-128
-128
-129
-131
-132
-131
-130
-129
-128
-129
-129
-133
-131
-131
-128
-129
-131
-132
-131
-130
-131
-130
-131
-131
-133
-133
-134
-133
-136
-133
-132
-133
-134
-134
-133
-129
-127
-128
-129
-132
-130
-131
-130
-131
-129
-131
-129
-131
-130
-130
-131
-131
-130
-129
-127
-126
-128
-129
-128
-126
-125
-125
-127
-127
-128
-125
-124
-124
-123
-123
-122
-124
-126
-128
-125
-123
-119
-119
-120
-122
-122
-119
-121
-117
-118
-118
-117
-120
-120
-120
-121
-120
-118
-119
-120
-123
-123
-125
-123
-125
-123
-125
-125
-126
-128
-128
-127
-128
-129
-129
-129
-126
-127
-128
-131
-133
-136
-137
-137
-134
-137
-136
-136
-137
-135
-135
-137
-140
-137
-140
-137
-140
-141
-143
-141
-144
-145
-146
-148
-146
-146
-146
-147
-145
-148
-148
-148
-150
-149
-148
-145
-147
-148
-151
-151
-151
-149
-150
-150
-147
-147
-145
-146
-147
-145
-142
-140
-139
-139
-139
-138
-137
-136
-136
-135
-136
-135
-135
-130
-129
-125
-123
-122
-122
-120
-119
-122
-118
-119
-115
-118
-114
-115
-112
-113
-111
-110
-108
-105
-107
-107
-109
-105
-105
-103
-108
-107
-108
-109
-111
-113
-113
-115
-116
-119
-120
-121
-122
-121
-124
-127
-128
-132
-134
-140
-141
-142
-141
-143
-151
-154
-162
-159
-163
-163
-167
-171
-174
-178
-181
-185
-188
-192
-193
-197
-198
-204
-202
-206
-207
-212
-213
-215
-219
-215
-218
-216
-220
-220
-222
-220
-219
-216
-217
-218
-217
-215
-212
-210
-204
-201
-193
-190
-186
-182
-174
-166
-155
-145
-139
-129
-120
-109
-102
-95
-85
-75
-67
-57
-50
-41
-36
-32
-31
-28
-22
-20
-13
-12
-8
-7
-6
-6
-8
-12
-13
-14
-16
-19
-24
-26
-30
-34
-42
-51
-57
-61
-67
-73
-81
-86
-92
-98
-105
-112
-119
-128
-136
-146
-151
-159
-167
-176
-185
-194
-200
-211
-222
-233
-243
-252
-260
-268
-277
-288
-296
-305
-316
-322
-331
-341
-352
-356
-366
-372
-378
-378
-370
-353
-328
-308
-286
-273
-261
-253
-234
-208
-184
-159
-142
-123
-102
-79
-62
-53
-50
-46
-40
-24
-11
-6
-3
-3
-1
5
7
6
2
-4
-7
-9
-14
-23
-33
-43
-53
-66
-81
-95
-108
-116
-121
-122
-126
-127
-128
-125
-122
-117
-113
-111
-105
-98
-87
-75
-64
-54
-49
-47
-44
-39
-34
-31
-27
-25
-20
-15
-13
-13
-17
-20
-24
-24
-27
-30
-37
-45
-52
-60
-67
-81
-93
-105
-114
-126
-138
-153
-168
-182
-191
-200
-209
-222
-236
-254
-265
-273
-280
-293
-308
-320
-330
-334
-347
-349
-359
-361
-367
-366
-362
-347
-317
-290
-265
-248
-236
-223
-206
-186
-158
-139
-115
-103
-81
-65
-52
-41
-43
-42
-45
-34
-28
-17
-19
-22
-22
-22
-22
-25
-33
-42
-44
-52
-54
-66
-74
-89
-105
-120
-135
-148
-158
-169
-182
-184
-183
-177
-174
-167
-156
-145
-138
-132
-124
-111
-94
-77
-61
-48
-34
-27
-19
-13
-7
-1
7
15
21
27
29
32
31
27
24
23
18
19
16
14
3
-6
-17
-32
-47
-62
-80
-97
-110
-126
-141
-158
-176
-190
-203
-217
-234
-256
-273
-289
-296
-312
-327
-347
-368
-381
-399
-411
-424
-434
-446
-443
-439
-418
-387
-353
-329
-311
-307
-297
-275
-249
-214
-188
-158
-147
-116
-99
-78
-72
-73
-70
-67
-48
-41
-26
-29
-24
-27
-18
-16
-14
-19
-23
-26
-33
-33
-47
-53
-74
-86
-103
-111
-128
-143
-159
-170
-169
-166
-160
-160
-155
-148
-136
-127
-115
-109
-94
-82
-62
-43
-29
-16
-11
-2
3
15
21
29
36
41
50
56
59
55
48
43
44
44
45
39
30
18
6
-7
-18
-38
-56
-73
-89
-106
-123
-142
-164
-183
-197
-211
-225
-240
-261
-278
-297
-309
-326
-342
-362
-383
-397
-415
-425
-440
-450
-460
-463
-461
-441
-403
-361
-330
-309
-300
-293
-268
-236
-197
-167
-133
-118
-89
-67
-48
-34
-35
-34
-34
-15
-6
11
7
3
4
10
17
16
10
-1
-7
-12
-12
-26
-37
-60
-78
-97
-112
-128
-148
-164
-181
-182
-185
-182
-180
-174
-167
-155
-147
-134
-125
-111
-94
-76
-52
-35
-22
-19
-12
-4
12
22
33
40
47
57
63
70
71
69
66
64
64
66
65
59
49
38
23
7
-10
-26
-46
-63
-76
-96
-115
-140
-159
-178
-197
-211
-231
-246
-269
-283
-301
-319
-333
-359
-379
-407
-423
-445
-457
-474
-487
-494
-496
-480
-456
-414
-376
-343
-332
-319
-306
-273
-230
-195
-156
-135
-106
-78
-61
-45
-35
-32
-30
-17
-4
9
20
14
13
14
18
23
20
17
13
7
0
-10
-26
-40
-60
-81
-98
-118
-137
-156
-172
-181
-177
-175
-172
-170
-168
-161
-153
-138
-124
-108
-88
-70
-49
-29
-15
-8
-4
2
10
30
41
52
55
62
71
78
84
82
78
73
74
75
74
66
53
37
21
3
-14
-29
-51
-73
-96
-120
-134
-154
-176
-195
-214
-231
-245
-265
-292
-312
-334
-347
-365
-384
-413
-436
-462
-482
-495
-515
-526
-540
-533
-511
-469
-420
-381
-357
-339
-331
-303
-268
-221
-177
-143
-115
-92
-55
-38
-15
-13
-14
-11
2
20
36
39
29
27
26
40
37
32
20
16
13
14
3
-19
-38
-66
-82
-103
-123
-150
-170
-179
-171
-161
-157
-162
-172
-170
-160
-142
-125
-108
-94
-77
-55
-28
-10
-2
1
5
19
38
59
66
73
77
84
94
100
97
88
82
81
80
79
71
56
39
22
7
-18
-41
-65
-88
-109
-129
-150
-170
-195
-218
-237
-260
-279
-300
-326
-350
-370
-389
-408
-424
-452
-471
-496
-521
-538
-560
-574
-580
-575
-553
-507
-451
-409
-374
-362
-355
-321
-285
-224
-183
-137
-115
-79
-38
-14
9
5
9
8
32
45
65
66
63
62
68
77
76
73
57
58
47
52
37
21
-1
-31
-50
-74
-94
-116
-131
-148
-142
-140
-140
-149
-159
-157
-144
-131
-119
-109
-99
-83
-66
-36
-16
-2
1
2
6
24
39
49
54
56
68
78
89
89
83
72
68
61
62
57
49
36
16
-4
-27
-49
-76
-100
-123
-148
-168
-187
-206
-226
-249
-279
-304
-334
-354
-376
-402
-429
-455
-477
-498
-522
-553
-577
-602
-616
-615
-599
-567
-509
-461
-425
-394
-387
-357
-322
-266
-222
-165
-129
-96
-44
-21
14
22
33
30
46
58
76
89
84
88
82
97
99
103
93
92
76
75
66
40
27
-6
-30
-55
-75
-98
-113
-136
-148
-155
-162
-162
-168
-170
-163
-153
-142
-122
-118
-101
-84
-66
-45
-28
-17
-10
1
8
20
30
43
48
59
67
77
87
88
86
80
82
76
72
64
48
32
15
-12
-34
-59
-95
-124
-156
-178
-198
-214
-243
-264
-303
-336
-365
-392
-416
-443
-471
-509
-530
-566
-588
-618
-642
-661
-668
-658
-626
-570
-524
-486
-465
-451
-428
-373
-318
-265
-202
-175
-132
-82
-52
-12
7
20
27
49
65
83
94
88
91
91
105
114
112
105
100
86
91
80
55
35
-4
-28
-48
-71
-95
-116
-143
-154
-159
-170
-176
-187
-190
-179
-175
-163
-149
-139
-124
-105
-83
-60
-41
-30
-21
-6
6
24
36
42
47
57
72
85
97
95
94
92
91
92
84
79
63
48
28
5
-27
-58
-95
-126
-154
-185
-205
-238
-265
-297
-336
-374
-408
-447
-476
-510
-546
-579
-610
-644
-672
-700
-720
-719
-710
-670
-620
-572
-547
-512
-506
-466
-416
-356
-293
-228
-193
-150
-86
-64
-5
2
22
28
61
82
105
121
112
122
121
142
145
145
136
134
119
122
105
76
57
18
1
-28
-55
-83
-110
-138
-149
-153
-167
-170
-188
-189
-180
-170
-162
-155
-151
-132
-110
-84
-56
-42
-26
-18
2
17
35
44
53
65
80
99
106
117
117
119
115
109
98
96
84
77
60
43
11
-12
-51
-88
-115
-152
-172
-211
-239
-278
-316
-358
-395
-436
-475
-520
-566
-611
-645
-681
-707
-728
-752
-748
-732
-686
-626
-589
-561
-546
-538
-488
-431
-360
-298
-232
-195
-134
-81
-50
-11
3
22
40
77
96
131
137
138
144
149
164
168
164
163
162
152
153
121
97
68
28
3
-30
-63
-97
-123
-149
-154
-166
-184
-193
-209
-203
-193
-190
-181
-176
-168
-146
-123
-99
-73
-53
-39
-27
-14
2
23
38
57
73
94
114
130
139
141
139
137
136
129
121
108
92
76
56
27
-4
-42
-80
-108
-140
-169
-205
-247
-290
-330
-370
-411
-451
-505
-546
-602
-642
-692
-735
-774
-796
-801
-778
-727
-676
-639
-622
-604
-595
-538
-482
-409
-352
-282
-243
-167
-102
-64
-23
-15
3
24
70
87
123
123
140
157
174
194
195
188
183
180
173
178
141
123
91
57
33
-3
-51
-92
-133
-163
-171
-191
-205
-222
-239
-234
-230
-228
-224
-227
-222
-199
-176
-138
-109
-96
-76
-68
-48
-30
-13
0
18
38
69
99
126
147
153
157
156
158
156
152
135
123
102
82
57
24
-13
-51
-84
-124
-152
-197
-235
-280
-326
-371
-415
-467
-524
-572
-630
-672
-721
-762
-796
-815
-810
-767
-723
-677
-657
-641
-629
-598
-538
-477
-403
-372
-341
-244
-132
-56
38
69
45
40
48
47
79
125
170
238
262
267
259
206
170
158
157
179
162
141
100
55
23
-8
-38
-79
-120
-173
-195
-218
-249
-256
-254
-231
-202
-191
-193
-207
-222
-222
-206
-171
-126
-96
-64
-40
-17
4
19
26
35
41
50
69
92
129
164
189
204
200
186
171
149
126
110
89
62
38
8
-22
-56
-103
-149
-198
-255
-305
-360
-406
-463
-519
-580
-631
-689
-743
-792
-828
-845
-825
-777
-688
-619
-581
-567
-570
-556
-513
-442
-369
-294
-214
-159
-58
12
52
84
81
82
95
112
115
132
133
150
180
196
207
201
174
163
139
120
108
54
33
5
-13
-23
-50
-92
-131
-168
-202
-201
-227
-242
-260
-263
-244
-212
-203
-184
-183
-165
-140
-124
-96
-82
-64
-42
-6
16
44
53
67
85
97
113
120
128
140
154
169
181
172
161
140
125
107
79
49
11
-22
-52
-73
-104
-141
-190
-241
-281
-327
-367
-417
-477
-542
-608
-668
-729
-785
-823
-843
-839
-797
-724
-624
-556
-520
-514
-499
-497
-450
-387
-333
-255
-172
-96
17
104
127
151
134
121
131
134
107
106
85
102
149
166
199
190
169
154
124
83
46
-40
-79
-102
-120
-112
-135
-164
-173
-183
-198
-187
-231
-257
-283
-279
-237
-202
-191
-168
-137
-92
-46
-31
-12
-8
-1
17
34
34
40
50
74
113
120
121
119
126
137
143
136
118
102
87
82
63
37
10
-17
-33
-56
-87
-126
-162
-206
-232
-286
-333
-392
-443
-498
-547
-609
-676
-740
-813
-868
-913
-931
-874
-751
-607
-478
-377
-314
-230
-281
-297
-223
-229
-116
26
111
214
312
404
495
438
427
330
178
75
5
-88
-100
-154
-143
-122
-120
-97
-135
-206
-283
-355
-462
-472
-500
-471
-427
-368
-262
-152
-77
1
11
17
53
49
76
111
161
233
317
387
437
430
402
370
298
221
122
40
-15
-47
-77
-83
-93
-114
-137
-156
-175
-191
-209
-207
-188
-180
-144
-137
-137
-141
-140
-142
-155
-175
-195
-222
-230
-281
-315
-376
-448
-512
-605
-696
-791
-843
-951
-974
-1012
-947
-838
-589
-318
-61
162
291
365
450
414
308
241
206
250
336
417
452
496
455
421
243
119
-126
-362
-560
-692
-768
-748
-739
-723
-626
-549
-433
-396
-380
-401
-389
-379
-312
-259
-141
-28
95
235
332
391
403
368
294
243
168
145
100
91
85
129
165
186
154
102
63
18
-21
-90
-127
-149
-128
-106
-69
-39
-1
17
37
46
55
37
18
18
30
43
43
5
-14
-58
-91
-135
-202
-259
-337
-379
-427
-445
-553
-554
-657
-678
-752
-814
-926
-957
-1034
-1079
-1101
-1079
-912
-765
-422
-106
260
545
732
750
861
774
660
521
399
392
449
445
448
440
399
345
119
-50
-320
-566
-804
-957
-1077
-1018
-1017
-923
-782
-610
-416
-297
-226
-191
-146
-130
-53
-31
94
163
279
382
491
507
519
415
351
245
116
16
-110
-169
-205
-205
-205
-138
-156
-108
-116
-54
-64
-68
-106
-75
-43
30
58
121
206
282
337
343
336
293
247
164
92
10
-57
-173
-227
-300
-333
-387
-475
-542
-593
-656
-729
-802
-890
-878
-945
-950
-1008
-1000
-1036
-990
-1046
-969
-830
-651
-277
62
413
740
950
1006
1169
1010
911
681
506
413
394
289
298
231
218
216
2
-84
-355
-576
-795
-968
-1125
-1073
-1143
-1014
-875
-645
-378
-178
-45
86
150
202
232
168
206
186
222
284
342
365
413
366
351
264
146
1
-166
-295
-399
-466
-472
-422
-360
-239
-145
-14
64
120
131
140
147
149
129
146
190
276
348
390
425
421
395
309
205
51
-87
-262
-381
-500
-556
-616
-669
-697
-681
-705
-697
-789
-842
-907
-973
-1015
-1099
-1109
-1133
-1105
-1059
-933
-755
-487
-118
245
645
907
1070
1137
1186
1046
919
649
524
398
393
252
258
168
211
105
-13
-173
-376
-569
-791
-964
-1065
-1035
-1073
-924
-803
-503
-270
-9
112
300
360
451
397
364
306
265
240
238
235
242
250
206
188
85
7
-134
-240
-367
-451
-548
-533
-515
-409
-307
-157
3
167
264
335
362
381
368
321
295
284
327
340
379
386
408
360
281
147
31
-146
-294
-485
-594
-679
-729
-778
-780
-759
-722
-717
-743
-764
-809
-828
-903
-975
-1019
-1044
-1043
-1000
-922
-726
-503
-144
228
592
923
1095
1169
1209
1106
922
688
412
302
186
97
40
0
25
61
-39
-102
-263
-417
-603
-809
-939
-971
-1009
-925
-782
-543
-210
54
286
482
624
705
689
583
498
361
267
175
102
73
75
60
86
73
43
-24
-142
-257
-384
-504
-597
-645
-614
-500
-342
-147
46
242
386
499
553
552
505
435
366
336
287
271
248
248
258
226
162
77
-53
-183
-348
-511
-617
-739
-801
-859
-851
-830
-763
-746
-691
-688
-658
-713
-752
-840
-877
-968
-986
-1022
-862
-717
-346
8
431
808
1091
1213
1332
1233
1061
771
450
241
59
-111
-202
-266
-218
-91
-118
-74
-155
-227
-373
-542
-745
-826
-983
-969
-937
-735
-433
-107
169
498
736
941
1007
938
815
627
432
229
33
-102
-159
-184
-131
-92
-50
-33
-46
-71
-147
-289
-420
-547
-567
-538
-465
-329
-126
114
360
509
633
672
654
588
471
349
241
122
63
39
38
47
13
0
-40
-107
-227
-382
-517
-615
-716
-783
-848
-829
-784
-717
-651
-611
-570
-545
-565
-626
-696
-826
-900
-987
-967
-897
-727
-397
14
425
823
1038
1227
1333
1245
1016
694
374
165
-90
-295
-405
-442
-319
-244
-210
-130
-122
-178
-291
-491
-617
-756
-897
-957
-922
-723
-421
-150
180
527
830
1064
1141
1106
1003
812
580
314
60
-117
-253
-313
-298
-249
-177
-102
-54
-38
-84
-182
-321
-453
-540
-578
-549
-432
-255
-36
196
424
608
724
754
724
646
532
371
210
78
6
-51
-90
-104
-90
-75
-95
-157
-232
-308
-404
-518
-631
-708
-742
-761
-750
-735
-680
-619
-567
-567
-559
-624
-655
-757
-850
-936
-899
-841
-541
-253
158
525
824
1052
1268
1251
1162
872
584
356
66
-190
-397
-542
-491
-425
-403
-272
-237
-163
-172
-270
-373
-482
-659
-739
-824
-723
-542
-345
-73
276
591
928
1099
1173
1172
1071
885
629
320
58
-169
-334
-403
-442
-410
-349
-265
-181
-114
-114
-152
-224
-282
-324
-320
-304
-245
-137
11
216
395
525
618
670
697
684
563
426
279
162
56
-60
-176
-219
-261
-243
-261
-269
-282
-298
-348
-384
-490
-547
-634
-681
-720
-731
-726
-683
-671
-628
-646
-646
-685
-734
-806
-814
-803
-637
-379
-78
258
534
784
1024
1168
1128
982
718
537
296
35
-250
-449
-544
-500
-536
-485
-423
-345
-292
-288
-341
-364
-472
-572
-664
-661
-547
-411
-244
14
311
631
903
1039
1132
1136
1066
892
648
362
107
-132
-304
-434
-496
-494
-455
-394
-317
-264
-248
-272
-311
-332
-340
-326
-304
-229
-99
84
260
420
540
669
737
771
713
611
483
367
207
70
-87
-175
-231
-239
-249
-245
-239
-224
-235
-269
-338
-441
-522
-601
-647
-687
-694
-678
-630
-597
-577
-588
-614
-662
-760
-839
-914
-879
-845
-640
-408
-37
290
598
793
1057
1123
1099
883
667
453
231
-70
-325
-520
-538
-540
-563
-498
-408
-304
-236
-254
-286
-311
-411
-503
-601
-574
-481
-359
-187
65
333
647
860
994
1068
1068
984
820
575
319
64
-160
-333
-486
-576
-608
-593
-547
-490
-446
-391
-341
-291
-259
-223
-162
-91
-29
53
153
286
409
514
584
664
723
718
650
556
451
332
179
29
-100
-172
-223
-265
-288
-279
-265
-280
-315
-381
-425
-495
-534
-575
-586
-572
-559
-555
-536
-544
-574
-627
-703
-786
-866
-945
-958
-929
-818
-575
-284
72
407
636
854
1025
1050
963
745
520
326
95
-146
-365
-497
-488
-488
-468
-384
-335
-244
-209
-237
-261
-308
-389
-450
-502
-451
-357
-251
-74
124
349
604
756
866
924
911
854
719
501
278
39
-170
-350
-536
-647
-700
-714
-677
-638
-574
-477
-344
-241
-136
-59
46
140
209
243
296
364
462
507
533
574
593
607
570
518
453
387
266
163
60
-14
-110
-219
-290
-341
-377
-419
-475
-485
-488
-473
-472
-457
-433
-409
-435
-454
-522
-580
-689
-784
-892
-967
-1031
-1057
-1043
-933
-747
-455
-123
207
487
698
889
1008
969
817
611
426
282
73
-147
-308
-346
-320
-316
-319
-259
-210
-155
-169
-211
-233
-271
-360
-431
-452
-392
-324
-244
-113
65
283
489
615
727
812
833
788
657
468
262
47
-169
-365
-538
-637
-701
-712
-682
-628
-544
-434
-334
-244
-151
-75
2
55
119
187
272
354
430
486
568
637
688
697
687
650
593
495
357
228
97
-16
-140
-224
-284
-292
-306
-297
-294
-277
-277
-290
-322
-354
-397
-441
-504
-545
-604
-651
-712
-764
-796
-843
-883
-933
-943
-951
-878
-840
-650
-440
-134
124
362
534
774
880
908
811
698
618
481
287
56
-100
-188
-244
-345
-341
-324
-253
-203
-190
-172
-140
-181
-247
-334
-354
-354
-357
-327
-240
-107
96
267
416
572
669
734
721
636
499
321
118
-85
-315
-500
-644
-748
-784
-791
-751
-664
-569
-449
-305
-157
6
117
212
317
414
501
546
563
611
676
716
716
684
670
640
570
456
335
230
145
30
-76
-154
-194
-221
-263
-287
-298
-308
-333
-369
-415
-433
-468
-499
-518
-535
-535
-559
-572
-605
-615
-668
-723
-815
-885
-972
-988
-999
-922
-745
-494
-197
116
377
639
876
1005
1014
931
812
687
503
290
61
-83
-155
-227
-279
-267
-240
-183
-149
-152
-154
-178
-246
-349
-435
-472
-496
-504
-457
-363
-190
7
187
366
545
681
765
745
659
517
336
131
-91
-325
-509
-658
-757
-802
-811
-762
-684
-574
-452
-322
-182
-33
76
194
293
401
511
598
653
714
771
819
813
782
751
708
650
541
401
274
163
27
-96
-220
-287
-338
-366
-378
-374
-359
-335
-339
-328
-317
-305
-317
-318
-334
-316
-352
-370
-443
-493
-551
-625
-738
-823
-918
-997
-1027
-1068
-1007
-923
-672
-455
-122
123
424
634
906
987
1028
971
917
799
650
423
211
77
-50
-157
-277
-298
-326
-313
-338
-337
-351
-332
-390
-442
-474
-457
-441
-419
-380
-279
-137
21
157
280
422
541
605
591
536
432
306
128
-72
-274
-445
-582
-707
-769
-776
-718
-642
-515
-378
-197
-17
141
254
362
459
533
581
597
616
644
687
700
699
688
692
661
609
508
404
297
176
24
-109
-212
-275
-327
-354
-334
-272
-207
-139
-88
-32
-3
-18
-59
-126
-173
-259
-342
-426
-491
-551
-613
-676
-747
-782
-848
-891
-952
-972
-995
-939
-893
-709
-502
-210
73
336
592
816
1002
1050
1061
978
925
767
609
363
192
22
-112
-255
-334
-379
-397
-398
-398
-386
-362
-364
-393
-411
-401
-381
-378
-356
-324
-239
-144
-40
42
140
226
305
346
356
327
266
186
84
-28
-149
-260
-362
-434
-485
-503
-498
-459
-383
-282
-157
-16
111
227
333
422
496
539
555
556
559
565
557
541
538
535
526
503
461
411
356
281
184
91
4
-69
-133
-171
-191
-200
-190
-163
-146
-113
-136
-161
-214
-248
-314
-371
-437
-476
-513
-538
-574
-598
-615
-643
-663
-697
-707
-753
-776
-804
-770
-733
-618
-457
-239
12
229
450
646
851
936
975
927
897
781
645
426
245
86
-57
-207
-318
-367
-399
-406
-413
-389
-371
-351
-388
-414
-435
-435
-465
-478
-477
-429
-359
-264
-161
-36
98
228
334
410
453
442
408
327
227
96
-29
-165
-276
-363
-405
-418
-401
-350
-280
-162
-39
80
164
262
342
431
472
495
514
542
570
568
565
568
577
560
532
480
442
378
296
193
105
21
-70
-164
-243
-277
-294
-297
-295
-260
-209
-149
-133
-114
-111
-116
-144
-184
-215
-240
-257
-295
-319
-342
-349
-386
-423
-476
-530
-584
-657
-740
-791
-808
-793
-726
-589
-399
-149
82
307
515
729
857
929
912
899
810
688
489
279
116
-61
-221
-386
-464
-533
-544
-587
-566
-539
-487
-472
-463
-433
-391
-363
-355
-330
-284
-207
-143
-71
14
122
223
309
372
435
460
442
391
324
245
152
37
-78
-159
-225
-265
-303
-301
-271
-200
-111
-5
95
197
289
364
429
456
468
451
447
422
397
352
316
268
233
193
164
126
85
34
-1
-20
-46
-78
-117
-129
-119
-104
-95
-73
-41
23
60
99
119
134
125
88
38
-21
-73
-143
-199
-270
-301
-352
-389
-453
-497
-550
-607
-669
-731
-769
-803
-813
-816
-771
-679
-513
-341
-122
58
260
428
575
642
661
643
609
514
396
229
86
-42
-172
-296
-384
-421
-444
-437
-431
-377
-332
-278
-278
-247
-223
-196
-201
-212
-198
-172
-125
-97
-37
30
129
207
278
332
380
394
378
341
287
225
143
56
-29
-93
-142
-179
-203
-196
-170
-129
-82
-33
24
77
113
139
151
156
149
130
118
101
94
88
91
99
114
126
150
174
195
202
203
212
212
201
175
157
147
140
127
113
120
134
146
140
135
123
118
78
32
-35
-88
-144
-205
-269
-315
-355
-384
-433
-467
-512
-538
-590
-634
-691
-731
-776
-813
-841
-849
-822
-767
-649
-520
-311
-155
68
227
423
521
617
642
678
642
573
466
338
247
104
13
-113
-148
-211
-213
-229
-192
-159
-128
-112
-107
-86
-98
-115
-168
-197
-239
-254
-270
-256
-221
-152
-79
15
106
212
294
356
388
398
381
334
255
153
61
-47
-145
-251
-313
-350
-350
-348
-308
-251
-171
-96
-27
41
110
163
184
192
202
220
221
219
216
235
257
280
289
307
317
321
310
298
279
257
219
175
133
98
63
27
1
-5
-8
-9
-8
-5
13
11
6
-6
-32
-70
-136
-193
-250
-305
-360
-422
-459
-499
-527
-558
-573
-594
-602
-634
-645
-676
-682
-697
-698
-667
-623
-510
-386
-204
-39
149
312
483
599
687
720
736
725
652
566
428
331
199
95
-29
-104
-167
-207
-240
-261
-256
-256
-248
-263
-258
-269
-266
-278
-277
-277
-266
-250
-221
-190
-144
-103
-53
3
51
102
139
174
196
207
200
192
159
121
69
17
-26
-67
-102
-129
-141
-130
-105
-77
-38
13
65
118
150
179
196
208
203
198
188
180
162
141
127
118
121
114
115
116
127
128
128
122
119
111
100
84
72
62
54
43
36
34
32
25
18
3
-6
-26
-51
-88
-116
-152
-170
-201
-214
-239
-251
-273
-285
-313
-329
-361
-394
-426
-475
-506
-565
-594
-632
-630
-622
-558
-478
-328
-177
1
162
313
454
546
613
632
640
591
528
417
317
212
104
-7
-105
-174
-230
-279
-323
-339
-349
-344
-351
-353
-340
-324
-312
-302
-288
-258
-238
-219
-202
-165
-119
-73
-32
24
90
149
196
225
266
289
291
253
199
145
87
13
-67
-131
-174
-189
-203
-197
-169
-122
-72
-22
30
77
117
136
148
150
151
136
109
82
58
47
36
24
9
14
20
40
50
72
99
125
150
165
182
206
230
245
259
266
276
273
265
250
223
199
146
112
46
-1
-74
-122
-177
-208
-257
-282
-320
-333
-364
-398
-420
-456
-470
-514
-533
-562
-564
-588
-574
-576
-527
-497
-436
-353
-240
-105
5
117
217
316
386
423
443
455
434
388
316
245
174
83
-9
-89
-154
-206
-263
-297
-307
-302
-297
-295
-282
-261
-236
-228
-212
-199
-187
-186
-182
-169
-143
-116
-95
-59
-16
36
75
111
143
174
193
189
176
146
108
54
-3
-66
-117
-171
-209
-236
-237
-216
-188
-142
-90
-23
45
106
158
211
249
279
286
293
287
279
261
245
229
227
223
228
238
254
276
287
304
307
309
295
278
251
221
184
145
102
62
26
-6
-30
-56
-77
-96
-120
-141
-168
-186
-208
-228
-245
-267
-287
-307
-334
-352
-379
-404
-434
-466
-492
-516
-534
-544
-553
-546
-522
-487
-427
-350
-252
-133
-20
88
187
270
335
368
377
382
357
316
251
184
126
60
-13
-81
-134
-172
-205
-240
-259
-272
-271
-281
-285
-284
-273
-263
-260
-252
-245
-235
-231
-223
-213
-191
-172
-151
-129
-100
-65
-36
-4
28
64
87
107
120
129
132
125
117
113
110
107
106
112
127
137
149
170
192
216
228
239
255
265
270
266
262
251
237
212
194
171
148
123
96
84
76
75
68
78
85
106
116
132
140
155
152
149
130
112
83
48
1
-45
-98
-143
-193
-236
-271
-300
-311
-320
-325
-322
-315
-317
-317
-337
-335
-353
-364
-383
-405
-415
-430
-438
-439
-433
-418
-391
-361
-291
-223
-125
-44
44
125
198
244
274
276
279
246
204
146
79
22
-51
-106
-163
-194
-229
-241
-252
-243
-237
-228
-222
-214
-206
-209
-214
-229
-224
-224
-217
-212
-199
-175
-142
-106
-68
-31
14
55
91
125
159
186
199
207
213
221
214
200
178
168
156
147
133
134
133
135
144
149
178
189
209
213
233
241
247
239
228
213
194
168
133
109
75
60
33
16
2
2
5
17
27
46
65
81
96
103
110
107
96
70
41
-4
-49
-108
-161
-212
-252
-292
-315
-340
-349
-357
-362
-357
-352
-346
-342
-339
-343
-343
-356
-363
-376
-383
-392
-395
-397
-382
-370
-324
-272
-192
-122
-35
34
114
161
202
224
233
224
188
153
94
54
-12
-60
-119
-149
-181
-193
-203
-195
-178
-159
-137
-122
-94
-84
-72
-80
-80
-91
-98
-119
-139
-154
-157
-158
-151
-135
-110
-69
-29
20
72
126
173
215
243
267
272
265
248
229
208
178
149
125
110
97
90
88
100
118
131
145
158
175
184
190
187
188
181
171
154
134
118
102
89
78
67
58
59
56
61
60
60
57
55
43
28
5
-18
-54
-89
-123
-154
-185
-218
-243
-257
-265
-270
-280
-286
-279
-274
-270
-268
-268
-267
-266
-277
-289
-302
-310
-324
-337
-348
-358
-366
-373
-363
-343
-301
-258
-186
-116
-28
47
126
191
243
277
285
275
240
199
140
81
5
-51
-115
-152
-192
-214
-223
-217
-204
-187
-164
-142
-123
-115
-103
-102
-96
-104
-110
-122
-126
-134
-138
-133
-121
-98
-70
-31
11
63
111
155
193
227
253
263
260
248
230
201
168
127
92
63
42
34
40
53
72
98
127
160
183
200
212
217
213
195
173
152
131
104
71
44
24
7
-7
-18
-26
-19
-16
-13
-11
-1
4
8
4
-2
-15
-28
-58
-85
-116
-148
-173
-203
-225
-240
-253
-251
-253
-251
-234
-229
-208
-201
-196
-191
-198
-193
-209
-214
-230
-235
-253
-255
-272
-268
-274
-258
-243
-209
-173
-132
-89
-53
-14
4
22
26
28
20
5
-23
-43
-75
-93
-121
-131
-140
-141
-140
-133
-119
-104
-89
-79
-62
-50
-36
-32
-26
-25
-23
-27
-32
-34
-38
-36
-40
-28
-18
-3
16
39
61
81
95
110
124
133
142
143
143
133
126
113
104
95
88
82
77
77
77
80
84
95
109
123
133
148
162
178
187
193
190
185
172
151
125
100
78
53
30
10
-4
-13
-18
-28
-38
-42
-42
-44
-44
-51
-55
-66
-73
-89
-104
-116
-128
-135
-140
-147
-141
-140
-130
-125
-124
-114
-118
-118
-125
-128
-140
-153
-170
-183
-197
-213
-230
-242
-252
-256
-256
-254
-241
-228
-207
-185
-160
-134
-112
-94
-67
-53
-30
-24
-11
-9
-10
-19
-30
-42
-62
-74
-87
-91
-100
-97
-97
-85
-73
-59
-44
-30
-12
1
12
17
19
18
15
12
7
0
-5
-10
-12
-8
-4
6
19
33
50
65
75
88
98
106
108
111
111
112
112
112
112
114
115
122
129
138
144
153
162
172
180
182
188
185
184
172
157
141
122
98
76
56
40
24
5
-9
-20
-32
-40
-44
-45
-42
-38
-41
-44
-53
-59
-70
-81
-92
-100
-105
-110
-113
-115
-116
-117
-113
-112
-103
-101
-98
-103
-109
-118
-130
-147
-160
-178
-200
-214
-236
-239
-253
-253
-261
-256
-253
-245
-239
-225
-214
-199
-182
-170
-148
-130
-114
-103
-95
-95
-95
-102
-110
-119
-129
-138
-146
-150
-146
-138
-126
-108
-88
-64
-41
-21
-3
17
30
39
42
40
34
26
13
7
-5
-8
-11
-6
3
14
33
51
69
87
99
112
121
125
126
125
125
123
114
111
112
115
116
119
127
134
142
145
149
156
158
159
155
146
131
116
99
86
74
62
53
42
33
23
16
8
4
3
2
5
5
2
-4
-12
-26
-35
-55
-69
-85
-101
-110
-123
-125
-134
-138
-138
-134
-128
-119
-116
-107
-101
-99
-98
-104
-108
-120
-138
-156
-178
-196
-219
-238
-255
-266
-275
-279
-286
-279
-276
-260
-248
-227
-204
-182
-161
-138
-122
-105
-93
-86
-81
-82
-87
-95
-97
-100
-99
-100
-95
-85
-74
-59
-47
-27
-10
5
9
18
18
23
13
9
2
1
-1
-1
4
12
27
40
61
75
100
118
133
147
157
158
160
155
150
141
129
121
111
109
109
108
111
117
127
141
151
159
164
170
169
164
156
145
131
114
95
74
57
40
28
12
3
-5
-5
-5
-5
1
4
9
6
2
-7
-14
-30
-43
-61
-75
-89
-106
-114
-124
-129
-130
-134
-132
-131
-128
-124
-116
-116
-117
-121
-129
-137
-151
-162
-175
-188
-200
-208
-223
-227
-235
-232
-232
-227
-218
-210
-199
-188
-178
-168
-160
-155
-151
-151
-150
-150
-148
-149
-151
-149
-149
-144
-139
-130
-125
-113
-100
-91
-83
-71
-63
-49
-38
-27
-20
-10
-1
12
21
29
29
38
49
63
74
84
96
106
120
127
135
138
139
137
136
132
126
113
101
90
80
70
59
53
53
55
59
65
73
83
94
105
112
119
125
128
126
121
111
103
91
82
70
59
46
29
15
2
-7
-14
-15
-17
-15
-17
-15
-23
-24
-31
-40
-47
-60
-73
-85
-97
-106
-114
-124
-125
-126
-121
-120
-115
-111
-107
-109
-110
-118
-122
-130
-140
-151
-161
-172
-178
-183
-187
-189
-189
-180
-177
-170
-167
-163
-164
-164
-162
-161
-156
-160
-161
-166
-166
-164
-160
-156
-150
-146
-138
-127
-116
-104
-92
-79
-64
-52
-43
-34
-24
-14
-8
-4
-1
6
12
12
14
13
13
11
16
20
27
33
40
46
58
66
73
79
87
94
98
99
97
98
97
89
84
79
73
69
70
69
69
74
79
86
93
100
109
112
116
116
114
111
110
104
97
88
77
67
59
52
44
37
27
21
11
7
1
-3
-8
-12
-22
-30
-39
-45
-53
-61
-66
-76
-81
-88
-94
-98
-100
-105
-108
-108
-113
-117
-123
-128
-137
-142
-149
-154
-157
-159
-158
-153
-149
-146
-140
-136
-129
-126
-122
-124
-124
-127
-125
-127
-131
-136
-137
-142
-144
-147
-151
-151
-144
-140
-135
-133
-129
-122
-118
-112
-108
-102
-92
-81
-74
-63
-56
-44
-35
-23
-15
0
11
23
30
35
35
37
38
38
37
37
40
38
39
39
41
43
48
50
56
60
65
67
65
69
68
72
68
68
67
69
71
74
75
85
93
99
105
112
120
119
119
113
107
99
88
72
61
48
33
19
6
3
-1
4
7
10
11
11
9
6
-3
-14
-27
-38
-47
-59
-69
-78
-84
-88
-89
-89
-84
-77
-68
-61
-59
-55
-53
-55
-60
-70
-85
-100
-116
-131
-146
-161
-175
-184
-192
-195
-195
-192
-185
-179
-167
-154
-144
-134
-128
-126
-120
-120
-117
-120
-117
-112
-109
-106
-99
-93
-82
-73
-68
-65
-63
-63
-66
-68
-72
-66
-66
-63
-59
-54
-49
-41
-36
-23
-19
-15
-6
0
11
13
15
17
18
20
25
26
33
37
40
37
32
30
30
25
23
20
17
23
22
25
30
38
45
57
64
79
88
94
99
103
106
107
104
103
99
93
86
72
66
55
49
45
44
39
40
40
41
39
36
29
24
16
11
6
-7
-18
-34
-43
-54
-63
-77
-86
-97
-101
-109
-116
-117
-118
-122
-122
-124
-128
-130
-132
-131
-133
-130
-128
-124
-121
-115
-111
-107
-104
-101
-99
-96
-98
-100
-103
-107
-109
-109
-111
-112
-112
-111
-111
-111
-110
-110
-110
-114
-114
-114
-111
-106
-99
-89
-77
-64
-49
-39
-30
-26
-24
-23
-20
-20
-19
-23
-23
-24
-22
-22
-21
-19
-13
-7
-2
2
2
7
5
6
8
8
10
10
12
13
15
17
22
28
34
42
48
59
68
80
90
100
110
119
124
126
126
121
114
105
96
87
74
60
43
33
25
20
16
14
14
14
15
12
11
9
5
-2
-7
-13
-16
-18
-21
-23
-31
-36
-39
-45
-49
-54
-60
-65
-71
-74
-80
-84
-89
-93
-93
-91
-89
-85
-85
-82
-80
-80
-79
-81
-79
-77
-78
-77
-78
-79
-81
-84
-90
-96
-104
-112
-117
-118
-119
-116
-114
-106
-99
-93
-86
-77
-70
-69
-63
-59
-56
-57
-60
-61
-58
-53
-47
-43
-36
-29
-21
-16
-13
-11
-8
-5
-4
0
-3
-3
0
2
8
12
20
26
30
38
39
41
40
33
36
34
33
32
25
22
21
23
28
30
32
34
37
39
40
40
42
46
49
51
52
50
51
52
52
50
46
42
37
35
30
22
15
10
6
3
4
4
1
-2
-9
-12
-20
-30
-38
-48
-55
-61
-70
-74
-77
-80
-82
-83
-84
-84
-85
-83
-82
-81
-82
-82
-81
-80
-81
-83
-86
-84
-82
-84
-85
-86
-87
-91
-92
-96
-98
-99
-102
-104
-104
-103
-101
-101
-101
-98
-100
-101
-101
-97
-93
-90
-86
-81
-74
-64
-58
-52
-46
-43
-33
-28
-25
-24
-20
-17
-14
-12
-14
-16
-16
-16
-15
-13
-11
-12
-13
-15
-18
-21
-18
-17
-15
-16
-14
-11
-9
-8
-7
-5
-2
0
3
6
11
18
22
26
31
36
40
44
41
40
38
41
42
39
32
28
25
25
25
21
18
18
18
13
8
4
1
-1
-6
-8
-12
-17
-24
-28
-36
-42
-49
-54
-61
-63
-68
-70
-73
-74
-73
-70
-66
-65
-63
-61
-58
-59
-61
-66
-65
-67
-68
-69
-70
-68
-66
-66
-64
-61
-57
-54
-55
-54
-53
-57
-61
-68
-76
-81
-87
-89
-92
-89
-87
-84
-82
-82
-77
-76
-75
-75
-71
-70
-67
-64
-60
-54
-45
-40
-34
-29
-22
-16
-12
-11
-11
-12
-11
-11
-13
-16
-21
-22
-24
-24
-20
-16
-13
-8
-7
-5
-1
2
3
5
6
8
9
9
10
11
16
19
21
22
24
27
32
35
35
33
32
29
25
20
16
11
8
6
4
2
2
0
-1
-2
-3
-2
-6
-11
-15
-18
-19
-20
-25
-30
-35
-39
-42
-45
-50
-57
-64
-66
-64
-64
-62
-59
-53
-46
-42
-37
-30
-25
-22
-21
-20
-22
-24
-34
-44
-51
-57
-63
-70
-76
-76
-76
-75
-78
-77
-77
-75
-74
-73
-73
-70
-69
-69
-68
-67
-68
-69
-68
-70
-68
-64
-61
-57
-54
-52
-50
-48
-43
-40
-38
-36
-35
-32
-29
-27
-23
-20
-18
-16
-15
-16
-15
-15
-13
-10
-6
-3
0
2
2
3
5
7
4
-1
-7
-13
-18
-18
-18
-18
-19
-17
-13
-8
-3
-2
-1
0
1
2
2
2
3
4
6
3
-1
-5
-8
-8
-9
-11
-12
-15
-17
-17
-16
-18
-20
-20
-17
-18
-20
-24
-31
-36
-39
-42
-46
-51
-56
-59
-59
-57
-55
-55
-56
-55
-52
-49
-51
-55
-58
-59
-59
-61
-66
-71
-69
-68
-69
-70
-70
-70
-69
-67
-68
-68
-68
-70
-71
-71
-70
-69
-71
-71
-72
-72
-71
-71
-71
-69
-69
-71
-71
-68
-65
-59
-55
-49
-44
-40
-38
-37
-34
-33
-29
-25
-26
-26
-27
-30
-30
-32
-30
-31
-32
-33
-33
-32
-28
-27
-24
-21
-20
-18
-16
-16
-13
-11
-7
-5
-5
-9
-6
-4
-3
-2
-4
-4
-2
0
1
0
3
5
5
4
0
-2
1
-2
-2
-4
-6
-10
-13
-13
-12
-11
-12
-12
-11
-13
-13
-14
-16
-18
-18
-21
-23
-27
-30
-35
-38
-40
-44
-46
-49
-53
-55
-57
-56
-57
-58
-57
-56
-49
-44
-42
-41
-41
-38
-33
-36
-39
-37
-32
-29
-29
-28
-29
-29
-33
-36
-40
-41
-42
-43
-45
-44
-44
-44
-44
-44
-43
-42
-42
-41
-40
-39
-40
-43
-44
-45
-46
-44
-38
-37
-35
-32
-28
-25
-24
-24
-25
-25
-26
-27
-26
-24
-20
-17
-12
-7
-2
3
9
13
15
17
17
15
13
11
6
0
-3
-8
-9
-10
-8
-8
-9
-8
-8
-10
-13
-12
-12
-13
-14
-16
-14
-11
-7
-5
-1
3
4
4
4
2
2
-1
-5
-10
-17
-22
-26
-29
-30
-29
-29
-29
-30
-30
-30
-29
-31
-33
-34
-34
-36
-39
-43
-47
-48
-48
-47
-45
-44
-43
-42
-43
-40
-37
-34
-34
-35
-36
-38
-40
-42
-47
-50
-52
-52
-50
-50
-51
-49
-46
-45
-43
-41
-41
-42
-42
-44
-47
-49
-51
-56
-58
-59
-61
-61
-63
-61
-56
-51
-43
-36
-33
-30
-27
-25
-22
-20
-19
-16
-16
-15
-13
-11
-10
-10
-8
-4
0
1
2
4
5
6
3
-3
-6
-8
-9
-13
-16
-15
-16
-15
-15
-14
-15
-14
-14
-14
-13
-13
-14
-14
-17
-21
-25
-26
-26
-26
-25
-24
-22
-17
-14
-12
-10
-8
-6
-7
-6
-6
-4
-6
-10
-13
-14
-15
-16
-19
-20
-23
-23
-27
-32
-34
-38
-40
-42
-49
-52
-54
-55
-56
-54
-52
-48
-42
-41
-41
-43
-43
-43
-41
-40
-42
-43
-45
-46
-48
-50
-50
-49
-48
-47
-46
-45
-46
-47
-44
-42
-44
-45
-44
-43
-39
-38
-36
-37
-36
-37
-37
-36
-37
-37
-37
-36
-33
-30
-29
-27
-24
-23
-25
-29
-29
-30
-30
-32
-33
-32
-29
-25
-23
-18
-15
-10
-10
-8
-6
-8
-9
-10
-13
-17
-20
-22
-24
-22
-20
-20
-21
-19
-18
-15
-12
-10
-9
-7
-6
-9
-14
-17
-19
-22
-23
-23
-19
-16
-14
-13
-10
-8
-9
-10
-12
-15
-19
-23
-25
-26
-28
-29
-30
-32
-35
-36
-37
-36
-38
-41
-44
-44
-45
-47
-51
-54
-56
-55
-51
-50
-50
-49
-50
-47
-44
-44
-44
-44
-45
-45
-45
-46
-45
-44
-42
-42
-41
-40
-40
-39
