-19
-18
-18
-20
-21
-22
-20
-18
-17
-19
-22
-24
-26
-26
-23
-24
-26
-27
-26
-23
-23
-24
-25
-26
-27
-26
-26
-27
-24
-25
-25
-27
-28
-25
-23
-24
-26
-27
-26
-24
-23
-23
-25
-25
-26
-28
-27
-27
-25
-24
-22
-22
-22
-21
-23
-25
-27
-27
-26
-26
-24
-23
-24
-23
-23
-27
-27
-30
-29
-29
-27
-26
-26
-26
-23
-24
-23
-23
-26
-29
-29
-31
-31
-28
-26
-27
-26
-24
-25
-24
-25
-26
-26
-24
-25
-24
-25
-26
-27
-27
-27
-25
-25
-25
-26
-26
-27
-27
-26
-26
-24
-23
-23
-23
-23
-23
-22
-24
-25
-26
-28
-26
-24
-22
-23
-23
-25
-24
-25
-26
-26
-24
-22
-21
-23
-24
-26
-27
-26
-26
-27
-27
-27
-26
-25
-25
-25
-26
-24
-24
-22
-21
-23
-23
-25
-28
-27
-27
-25
-23
-24
-24
-27
-29
-27
-27
-26
-26
-25
-25
-25
-26
-24
-24
-24
-25
-26
-24
-23
-20
-21
-22
-23
-22
-21
-20
-20
-22
-23
-24
-22
-22
-21
-23
-24
-24
-21
-22
-24
-24
-21
-19
-20
-20
-20
-18
-17
-19
-20
-22
-21
-21
-21
-20
-17
-16
-15
-17
-18
-17
-16
-16
-17
-16
-18
-19
-18
-17
-17
-17
-16
-17
-17
-19
-17
-16
-16
-18
-17
-17
-16
-17
-16
-17
-17
-17
-18
-16
-18
-17
-17
-17
-17
-16
-13
-13
-15
-16
-16
-15
-13
-13
-15
-14
-13
-13
-13
-12
-13
-14
-12
-12
-11
-12
-12
-12
-11
-11
-10
-9
-11
-12
-13
-13
-12
-12
-11
-13
-13
-14
-13
-14
-14
-14
-13
-11
-11
-10
-12
-14
-16
-15
-15
-11
-11
-13
-16
-16
-15
-15
-15
-15
-14
-14
-15
-17
-17
-16
-15
-14
-14
-15
-14
-12
-12
-11
-11
-13
-15
-17
-15
-16
-15
-14
-16
-14
-14
-16
-16
-14
-13
-13
-13
-9
-8
-7
-10
-14
-13
-14
-13
-14
-13
-11
-9
-7
-10
-12
-13
-14
-16
-14
-14
-12
-13
-13
-15
-15
-16
-16
-19
-18
-18
-18
-16
-16
-17
-18
-17
-16
-16
-17
-19
-21
-20
-18
-17
-17
-18
-18
-15
-16
-17
-21
-23
-21
-18
-18
-19
-17
-17
-16
-17
-17
-18
-18
-17
-17
-19
-20
-20
-21
-20
-20
-20
-20
-18
-19
-18
-19
-21
-23
-23
-22
-20
-20
-19
-19
-17
-17
-17
-17
-19
-21
-19
-16
-15
-15
-16
-15
-17
-18
-21
-22
-20
-17
-16
-16
-17
-18
-18
-17
-19
-18
-21
-22
-21
-21
-17
-16
-15
-17
-19
-20
-20
-17
-15
-15
-17
-21
-21
-18
-16
-16
-16
-17
-16
-14
-15
-17
-17
-19
-20
-21
-18
-15
-14
-14
-14
-15
-15
-14
-14
-14
-14
-14
-15
-16
-15
-13
-11
-11
-13
-12
-13
-14
-14
-15
-16
-16
-17
-15
-15
-14
-14
-15
-16
-18
-17
-17
-18
-16
-16
-17
-16
-17
-16
-16
-16
-15
-12
-12
-14
-16
-17
-17
-16
-15
-16
-17
-16
-16
-16
-17
-18
-19
-18
-18
-18
-17
-17
-18
-17
-16
-16
-14
-14
-13
-12
-14
-16
-17
-17
-19
-22
-23
-22
-20
-20
-19
-20
-19
-17
-16
-16
-17
-18
-17
-16
-15
-16
-14
-14
-14
-14
-15
-17
-15
-16
-19
-20
-20
-18
-16
-19
-20
-19
-18
-18
-20
-20
-19
-19
-19
-17
-14
-12
-11
-12
-14
-15
-15
-16
-15
-17
-15
-14
-15
-14
-14
-12
-13
-13
-14
-16
-17
-19
-18
-16
-14
-12
-12
-14
-15
-16
-16
-16
-16
-15
-17
-17
-15
-13
-13
-11
-11
-11
-13
-16
-19
-21
-20
-17
-16
-15
-15
-16
-16
-13
-13
-17
-17
-17
-17
-16
-14
-16
-16
-16
-18
-18
-16
-14
-16
-17
-17
-16
-15
-17
-19
-19
-19
-18
-18
-19
-21
-21
-20
-18
-17
-18
-18
-20
-22
-22
-20
-19
-17
-18
-18
-20
-21
-22
-23
-23
-22
-22
-22
-20
-17
-19
-20
-21
-20
-18
-19
-21
-21
-22
-22
-22
-21
-21
-20
-18
-19
-20
-20
-21
-22
-21
-21
-22
-22
-23
-21
-20
-19
-17
-19
-22
-23
-23
-23
-21
-22
-23
-23
-22
-19
-19
-21
-23
-24
-22
-22
-20
-23
-23
-22
-23
-21
-22
-24
-24
-23
-25
-24
-25
-26
-27
-26
-26
-24
-24
-25
-26
-26
-26
-24
-23
-23
-24
-23
-25
-26
-24
-22
-23
-25
-25
-25
-26
-25
-27
-28
-28
-26
-27
-27
-27
-28
-26
-26
-25
-25
-26
-26
-25
-26
-26
-26
-24
-24
-24
-27
-29
-27
-27
-24
-25
-27
-26
-24
-25
-25
-26
-26
-26
-25
-24
-26
-28
-28
-28
-24
-25
-27
-28
-29
-27
-26
-25
-25
-25
-25
-26
-27
-28
-29
-29
-28
-30
-29
-29
-27
-26
-26
-26
-27
-27
-28
-26
-28
-27
-28
-26
-26
-27
-27
-28
-28
-28
-28
-27
-26
-24
-24
-25
-26
-28
-26
-25
-24
-24
-26
-27
-24
-24
-24
-25
-24
-24
-25
-24
-25
-26
-26
-26
-27
-26
-25
-23
-25
-28
-29
-27
-23
-22
-25
-24
-24
-25
-24
-25
-25
-25
-25
-27
-26
-24
-24
-23
-23
-23
-24
-27
-27
-25
-23
-21
-22
-23
-25
-29
-30
-28
-25
-24
-22
-24
-25
-26
-27
-29
-28
-26
-26
-24
-25
-24
-24
-24
-26
-27
-27
-28
-26
-25
-26
-26
-26
-25
-25
-26
-26
-25
-26
-23
-23
-23
-23
-20
-20
-21
-21
-22
-23
-23
-22
-21
-21
-21
-21
-20
-20
-23
-25
-25
-25
-21
-21
-23
-24
-24
-21
-21
-23
-26
-26
-26
-22
-22
-21
-24
-24
-24
-21
-20
-22
-21
-21
-21
-22
-23
-23
-26
-26
-26
-22
-20
-20
-22
-21
-19
-20
-19
-22
-22
-19
-18
-18
-17
-18
-20
-22
-24
-21
-21
-22
-26
-29
-30
-28
-26
-27
-27
-26
-25
-25
-23
-27
-29
-29
-26
-26
-24
-25
-25
-25
-26
-25
-24
-23
-26
-26
-25
-25
-27
-27
-26
-26
-26
-25
-26
-26
-27
-29
-28
-27
-27
-26
-26
-26
-27
-28
-28
-26
-25
-23
-25
-27
-27
-27
-26
-27
-26
-28
-31
-30
-27
-25
-23
-24
-24
-24
-23
-22
-25
-25
-25
-25
-24
-27
-27
-27
-24
-24
-23
-23
-25
-24
-25
-25
-24
-22
-21
-22
-24
-26
-27
-27
-26
-26
-27
-25
-25
-25
-24
-22
-22
-22
-23
-22
-25
-24
-21
-21
-20
-20
-20
-20
-22
-22
-20
-19
-17
-16
-16
-16
-18
-20
-19
-20
-19
-18
-17
-17
-16
-18
-18
-22
-24
-22
-21
-19
-19
-19
-20
-20
-18
-17
-17
-18
-20
-20
-23
-22
-20
-20
-21
-22
-20
-20
-18
-18
-19
-16
-13
-13
-11
-11
-12
-13
-14
-13
-10
-10
-12
-14
-14
-15
-15
-15
-14
-14
-12
-10
-9
-11
-13
-14
-13
-12
-13
-13
-14
-14
-13
-10
-12
-11
-13
-12
-11
-10
-11
-12
-13
-15
-15
-13
-15
-14
-13
-11
-8
-9
-12
-14
-14
-10
-9
-8
-10
-12
-15
-16
-14
-13
-11
-8
-9
-8
-9
-9
-11
-13
-13
-12
-12
-11
-12
-13
-12
-11
-11
-10
-10
-10
-10
-9
-10
-10
-12
-11
-11
-9
-10
-10
-10
-12
-13
-13
-12
-14
-15
-13
-13
-13
-14
-13
-14
-14
-14
-15
-12
-11
-13
-15
-15
-15
-14
-15
-16
-17
-15
-14
-12
-13
-16
-17
-16
-16
-19
-20
-17
-16
-17
-18
-18
-16
-15
-15
-15
-15
-15
-16
-15
-14
-15
-16
-18
-18
-17
-15
-17
-18
-17
-17
-17
-18
-18
-17
-16
-17
-18
-19
-20
-19
-17
-16
-16
-16
-17
-18
-19
-19
-16
-18
-19
-20
-20
-17
-17
-19
-19
-19
-19
-19
-17
-16
-18
-19
-19
-17
-18
-20
-21
-22
-20
-18
-19
-21
-22
-21
-20
-18
-18
-19
-20
-22
-22
-21
-21
-20
-20
-19
-20
-21
-21
-21
-21
-19
-16
-16
-19
-21
-21
-18
-16
-16
-17
-20
-19
-19
-19
-18
-19
-19
-17
-17
-16
-18
-20
-23
-22
-21
-19
-19
-18
-17
-18
-18
-19
-18
-18
-18
-17
-18
-17
-17
-17
-19
-22
-26
-26
-26
-23
-21
-20
-18
-18
-16
-20
-18
-16
-19
-20
-21
-21
-20
-22
-22
-22
-21
-19
-19
-21
-24
-28
-27
-25
-23
-21
-20
-21
-23
-24
-22
-23
-22
-23
-23
-23
-24
-23
-24
-22
-24
-26
-26
-24
-22
-20
-22
-25
-27
-23
-19
-17
-17
-18
-21
-22
-22
-24
-24
-23
-21
-20
-22
-22
-23
-21
-20
-21
-23
-22
-21
-20
-20
-21
-22
-24
-22
-22
-22
-22
-23
-25
-25
-25
-26
-26
-29
-29
-27
-24
-23
-23
-23
-24
-24
-25
-25
-25
-24
-23
-24
-25
-27
-28
-27
-25
-24
-24
-24
-24
-24
-26
-28
-27
-26
-25
-24
-25
-25
-24
-23
-25
-26
-29
-28
-26
-26
-26
-27
-27
-28
-28
-28
-28
-26
-25
-23
-25
-27
-27
-26
-25
-25
-28
-28
-30
-29
-26
-26
-27
-28
-28
-29
-29
-28
-29
-30
-30
-28
-27
-28
-27
-26
-26
-28
-29
-31
-32
-30
-28
-26
-23
-24
-26
-27
-29
-28
-27
-28
-28
-29
-28
-27
-25
-24
-24
-24
-26
-26
-26
-27
-30
-28
-26
-27
-27
-27
-27
-28
-30
-33
-31
-29
-27
-28
-30
-29
-27
-27
-29
-29
-29
-26
-27
-29
-29
-28
-25
-26
-29
-31
-30
-26
-25
-26
-25
-24
-23
-25
-26
-24
-24
-23
-22
-23
-22
-21
-26
-27
-28
-27
-26
-27
-26
-26
-27
-28
-27
-27
-26
-26
-27
-27
-28
-26
-26
-26
-27
-28
-28
-26
-26
-28
-31
-31
-31
-28
-26
-25
-26
-24
-27
-26
-26
-24
-24
-24
-25
-23
-22
-23
-24
-28
-27
-25
-23
-25
-25
-27
-26
-26
-25
-26
-27
-27
-28
-27
-26
-25
-24
-23
-27
-27
-27
-25
-24
-25
-27
-28
-27
-26
-25
-26
-25
-22
-20
-20
-24
-27
-25
-25
-24
-25
-25
-26
-24
-24
-23
-23
-25
-24
-23
-21
-21
-22
-24
-25
-26
-26
-25
-23
-23
-23
-23
-25
-25
-25
-24
-24
-25
-25
-25
-23
-22
-25
-26
-27
-25
-24
-22
-23
-24
-23
-21
-21
-22
-23
-25
-25
-23
-21
-21
-21
-22
-24
-25
-24
-23
-20
-21
-22
-21
-18
-19
-22
-27
-28
-27
-25
-22
-22
-23
-26
-26
-24
-24
-24
-24
-25
-25
-24
-25
-28
-29
-29
-26
-24
-25
-24
-24
-27
-29
-31
-29
-27
-26
-26
-25
-24
-25
-26
-29
-28
-28
-29
-29
-30
-30
-28
-31
-29
-25
-25
-25
-29
-31
-32
-27
-26
-27
-29
-30
-28
-26
-24
-25
-25
-25
-25
-27
-27
-25
-23
-26
-27
-27
-28
-29
-31
-31
-31
-27
-25
-24
-24
-26
-23
-22
-22
-23
-24
-24
-23
-21
-21
-21
-21
-22
-22
-22
-23
-24
-25
-24
-23
-20
-19
-18
-20
-20
-20
-17
-16
-16
-18
-19
-18
-19
-19
-18
-16
-16
-16
-17
-18
-18
-18
-17
-17
-18
-17
-19
-19
-20
-19
-18
-17
-17
-17
-18
-17
-16
-16
-16
-15
-14
-14
-15
-17
-18
-17
-17
-17
-19
-19
-18
-16
-17
-17
-19
-18
-16
-13
-14
-16
-17
-18
-16
-16
-17
-20
-19
-17
-16
-18
-18
-17
-17
-17
-19
-18
-18
-18
-16
-17
-18
-19
-21
-21
-19
-19
-18
-18
-18
-17
-16
-18
-19
-18
-16
-14
-14
-13
-14
-13
-13
-12
-14
-13
-12
-12
-11
-13
-12
-12
-12
-11
-12
-11
-8
-10
-12
-11
-11
-9
-10
-13
-14
-18
-15
-14
-13
-12
-13
-12
-11
-11
-12
-13
-13
-13
-14
-15
-13
-12
-11
-12
-12
-13
-13
-14
-10
-10
-11
-13
-13
-11
-8
-8
-7
-8
-8
-8
-7
-8
-10
-13
-13
-12
-9
-8
-12
-15
-15
-13
-13
-17
-16
-15
-14
-14
-16
-15
-15
-16
-15
-15
-14
-13
-15
-17
-17
-15
-14
-13
-16
-17
-17
-16
-17
-16
-13
-13
-13
-14
-15
-16
-16
-14
-14
-14
-16
-19
-17
-17
-16
-17
-17
-16
-15
-14
-15
-17
-20
-21
-19
-17
-16
-16
-15
-17
-19
-20
-21
-20
-17
-15
-16
-18
-17
-14
-15
-17
-18
-17
-18
-17
-17
-19
-20
-20
-20
-18
-14
-14
-15
-17
-17
-17
-16
-16
-17
-16
-16
-17
-18
-19
-16
-14
-15
-17
-18
-16
-13
-14
-17
-17
-15
-13
-13
-16
-18
-17
-15
-12
-13
-13
-15
-16
-15
-13
-14
-14
-14
-12
-12
-12
-12
-12
-13
-14
-14
-14
-14
-15
-14
-14
-12
-12
-12
-15
-17
-16
-13
-13
-14
-18
-17
-14
-13
-16
-19
-18
-16
-13
-15
-16
-16
-18
-17
-16
-16
-17
-17
-15
-15
-14
-16
-17
-18
-15
-14
-14
-15
-16
-17
-18
-17
-17
-16
-16
-16
-18
-17
-15
-16
-15
-17
-18
-16
-16
-15
-14
-14
-15
-16
-16
-15
-17
-17
-18
-16
-17
-15
-13
-12
-15
-16
-16
-15
-16
-15
-15
-15
-13
-13
-15
-14
-14
-15
-16
-17
-17
-17
-13
-10
-12
-13
-13
-13
-12
-12
-12
-12
-14
-16
-17
-16
-15
-14
-13
-11
-9
-9
-9
-12
-13
-11
-9
-10
-12
-13
-11
-9
-11
-11
-12
-12
-10
-9
-12
-14
-15
-14
-13
-11
-11
-14
-15
-15
-14
-13
-13
-13
-14
-15
-15
-14
-15
-16
-20
-19
-19
-18
-18
-19
-20
-20
-17
-16
-16
-15
-15
-17
-17
-15
-14
-13
-14
-14
-15
-16
-17
-17
-18
-17
-16
-17
-18
-17
-15
-15
-14
-15
-14
-14
-13
-12
-12
-15
-14
-16
-17
-17
-15
-15
-16
-15
-15
-15
-15
-14
-15
-13
-13
-12
-12
-11
-10
-11
-11
-10
-11
-12
-13
-12
-13
-13
-14
-14
-10
-9
-10
-11
-12
-13
-13
-13
-14
-14
-14
-15
-16
-14
-16
-18
-19
-19
-15
-12
-11
-14
-15
-17
-15
-14
-15
-14
-14
-16
-17
-17
-17
-17
-16
-16
-14
-14
-16
-14
-14
-14
-15
-16
-17
-14
-13
-15
-17
-18
-18
-16
-17
-16
-15
-16
-18
-19
-19
-16
-14
-12
-14
-16
-15
-14
-15
-17
-17
-17
-16
-16
-20
-20
-18
-16
-15
-16
-17
-15
-14
-15
-17
-19
-18
-18
-18
-20
-20
-20
-18
-17
-18
-19
-18
-17
-17
-19
-22
-22
-22
-21
-23
-22
-20
-18
-18
-20
-21
-20
-19
-20
-20
-23
-22
-21
-18
-17
-17
-17
-21
-20
-22
-23
-22
-20
-17
-16
-17
-20
-20
-20
-20
-19
-18
-17
-18
-14
-13
-15
-17
-18
-18
-17
-14
-16
-16
-17
-18
-17
-19
-20
-18
-17
-15
-11
-11
-13
-14
-13
-13
-14
-14
-15
-15
-15
-16
-16
-17
-17
-17
-15
-16
-16
-19
-20
-18
-19
-17
-19
-19
-19
-18
-18
-17
-17
-18
-17
-16
-17
-19
-18
-16
-15
-17
-19
-19
-18
-18
-17
-15
-17
-20
-20
-18
-17
-15
-15
-17
-16
-14
-16
-16
-14
-15
-16
-16
-14
-14
-14
-15
-17
-16
-17
-17
-17
-16
-16
-19
-21
-20
-19
-17
-18
-19
-22
-22
-20
-20
-18
-19
-19
-19
-22
-24
-24
-21
-19
-19
-23
-25
-22
-19
-19
-20
-21
-22
-20
-19
-20
-20
-21
-20
-20
-18
-19
-20
-20
-20
-18
-17
-17
-18
-19
-19
-20
-21
-21
-19
-19
-19
-20
-20
-19
-17
-18
-20
-21
-21
-19
-17
-18
-21
-18
-19
-20
-20
-20
-20
-21
-21
-22
-20
-22
-22
-22
-23
-21
-19
-18
-19
-18
-19
-21
-21
-22
-20
-19
-19
-18
-19
-21
-22
-21
-21
-21
-22
-21
-21
-20
-20
-21
-21
-20
-21
-22
-22
-20
-19
-18
-19
-21
-21
-22
-23
-22
-21
-20
-19
-21
-22
-22
-21
-18
-17
-18
-19
-18
-18
-19
-20
-21
-20
-19
-21
-21
-19
-20
-20
-20
-20
-19
-18
-20
-22
-23
-22
-18
-16
-17
-17
-19
-18
-18
-17
-17
-18
-17
-15
-14
-15
-16
-17
-15
-14
-14
-14
-13
-14
-16
-16
-15
-14
-13
-12
-13
-14
-16
-15
-15
-14
-15
-13
-12
-12
-11
-11
-11
-10
-10
-10
-12
-15
-15
-14
-14
-12
-14
-14
-13
-10
-11
-11
-12
-12
-11
-11
-10
-10
-12
-12
-11
-13
-14
-13
-13
-12
-12
-13
-12
-11
-12
-14
-13
-14
-13
-13
-12
-14
-15
-16
-15
-12
-12
-11
-14
-16
-14
-14
-13
-13
-13
-12
-12
-14
-15
-14
-15
-15
-14
-14
-13
-11
-12
-12
-13
-13
-14
-16
-17
-17
-16
-15
-14
-15
-14
-15
-14
-12
-12
-13
-15
-15
-16
-14
-14
-15
-15
-15
-15
-15
-16
-17
-19
-16
-14
-12
-12
-13
-12
-13
-11
-12
-12
-13
-10
-7
-7
-9
-12
-12
-12
-10
-9
-10
-11
-11
-11
-9
-7
-9
-10
-12
-15
-13
-11
-8
-8
-7
-8
-10
-10
-9
-8
-10
-10
-11
-9
-7
-6
-7
-8
-10
-11
-12
-11
-10
-9
-9
-12
-11
-9
-7
-6
-6
-9
-9
-8
-6
-7
-8
-9
-9
-9
-8
-9
-7
-7
-7
-7
-8
-8
-7
-7
-6
-7
-8
-7
-7
-7
-7
-5
-6
-4
-3
-5
-6
-6
-5
-8
-8
-4
-3
-4
-4
-4
-3
-4
-5
-5
-5
-5
-3
-4
-4
-4
-3
-3
-4
-5
-4
-2
1
0
-1
-5
-5
-4
-3
-2
-2
-2
-2
-3
-4
-5
-6
-4
-3
-2
-3
-3
-2
-1
1
1
0
-1
-3
-1
-2
-2
-2
-2
-4
-3
-4
-5
-3
-2
-2
0
1
2
0
1
2
3
3
3
2
1
0
-1
0
0
1
0
-2
-3
-1
1
3
3
0
-1
-2
-1
2
6
6
2
-1
0
2
4
2
0
2
2
3
3
2
0
0
-1
-1
0
-2
-4
-7
-6
-5
-4
-4
-4
-2
-2
-3
-6
-7
-6
-6
-6
-6
-6
-5
-5
-6
-8
-8
-7
-9
-8
-8
-8
-8
-8
-9
-9
-9
-10
-12
-11
-11
-12
-12
-12
-11
-8
-7
-8
-9
-11
-11
-11
-11
-12
-11
-10
-11
-11
-11
-11
-12
-13
-13
-14
-13
-12
-11
-10
-11
-11
-9
-6
-5
-7
-8
-9
-8
-10
-9
-12
-11
-10
-10
-11
-11
-9
-10
-11
-11
-12
-11
-9
-10
-9
-11
-10
-9
-10
-11
-10
-9
-11
-11
-11
-11
-12
-12
-12
-10
-9
-10
-9
-10
-11
-9
-9
-9
-8
-9
-8
-6
-6
-5
-4
-4
-4
-6
-8
-9
-8
-8
-7
-7
-9
-10
-8
-8
-7
-8
-10
-10
-9
-6
-6
-7
-12
-12
-11
-10
-10
-11
-13
-13
-12
-12
-11
-10
-12
-13
-14
-13
-12
-8
-7
-9
-9
-9
-9
-8
-8
-8
-10
-11
-12
-12
-11
-10
-10
-10
-7
-8
-9
-9
-8
-11
-12
-13
-13
-11
-9
-7
-9
-9
-9
-12
-13
-14
-14
-14
-13
-14
-12
-13
-16
-16
-13
-11
-11
-11
-11
-12
-13
-14
-16
-16
-13
-9
-10
-12
-16
-16
-14
-12
-11
-12
-13
-15
-14
-15
-16
-14
-15
-15
-12
-12
-11
-12
-14
-14
-15
-12
-10
-10
-10
-11
-10
-8
-9
-10
-12
-12
-10
-12
-11
-10
-10
-10
-13
-15
-15
-13
-13
-14
-14
-12
-10
-11
-12
-12
-12
-13
-14
-13
-13
-12
-12
-13
-14
-15
-14
-13
-15
-17
-18
-18
-18
-17
-17
-17
-15
-16
-16
-17
-18
-19
-21
-20
-18
-17
-16
-16
-18
-19
-20
-17
-15
-15
-17
-18
-18
-15
-15
-18
-18
-16
-16
-15
-17
-17
-17
-17
-18
-18
-17
-15
-15
-18
-18
-18
-18
-18
-18
-17
-14
-14
-15
-16
-15
-16
-18
-18
-18
-18
-18
-17
-18
-19
-19
-17
-18
-18
-21
-20
-19
-18
-17
-16
-16
-18
-20
-20
-20
-20
-20
-18
-17
-17
-17
-18
-17
-18
-18
-18
-17
-15
-16
-17
-18
-19
-19
-17
-15
-15
-16
-16
-18
-19
-19
-17
-17
-17
-18
-19
-20
-19
-19
-18
-18
-19
-19
-20
-21
-22
-22
-23
-24
-26
-27
-27
-27
-27
-26
-22
-19
-20
-23
-26
-29
-26
-24
-23
-21
-21
-22
-22
-22
-24
-26
-28
-30
-30
-27
-26
-26
-28
-30
-31
-30
-29
-27
-27
-26
-24
-25
-27
-27
-26
-26
-26
-27
-26
-26
-28
-29
-32
-30
-28
-27
-29
-31
-29
-27
-25
-26
-27
-27
-28
-29
-28
-28
-28
-27
-28
-30
-27
-26
-24
-24
-27
-26
-27
-27
-28
-28
-26
-24
-25
-24
-24
-24
-24
-24
-22
-23
-24
-25
-26
-27
-29
-28
-27
-25
-23
-23
-23
-23
-23
-22
-24
-25
-22
-20
-20
-20
-21
-24
-24
-24
-23
-24
-25
-25
-26
-25
-26
-25
-22
-22
-22
-23
-23
-23
-23
-25
-26
-23
-21
-21
-24
-26
-25
-25
-25
-24
-24
-23
-21
-24
-24
-23
-23
-24
-25
-25
-23
-22
-23
-24
-25
-25
-24
-24
-24
-24
-23
-22
-20
-19
-20
-22
-24
-24
-22
-23
-24
-26
-26
-26
-24
-22
-21
-21
-22
-24
-25
-25
-24
-23
-21
-21
-22
-23
-21
-23
-24
-25
-26
-25
-24
-24
-23
-24
-27
-25
-24
-21
-21
-22
-23
-22
-21
-22
-25
-25
-24
-23
-22
-20
-21
-20
-23
-21
-19
-20
-20
-20
-22
-21
-19
-18
-18
-19
-21
-21
-20
-19
-20
-20
-20
-21
-20
-18
-18
-20
-20
-20
-19
-20
-20
-20
-22
-22
-20
-20
-20
-17
-15
-17
-16
-18
-21
-19
-17
-14
-15
-18
-20
-19
-19
-20
-20
-17
-17
-18
-22
-22
-20
-18
-17
-17
-19
-20
-18
-17
-17
-17
-16
-15
-15
-15
-15
-15
-17
-19
-18
-16
-16
-16
-18
-18
-17
-17
-16
-16
-15
-14
-13
-13
-14
-14
-15
-14
-11
-11
-13
-17
-17
-18
-16
-14
-15
-16
-17
-17
-18
-18
-15
-14
-14
-15
-14
-12
-12
-13
-16
-15
-14
-11
-10
-11
-14
-15
-13
-10
-10
-13
-16
-14
-14
-13
-12
-12
-11
-11
-14
-12
-11
-11
-13
-13
-11
-12
-10
-10
-12
-11
-12
-12
-9
-8
-9
-11
-11
-10
-9
-10
-13
-14
-13
-12
-10
-10
-11
-11
-15
-15
-14
-14
-13
-13
-13
-11
-13
-12
-13
-13
-12
-13
-13
-10
-10
-9
-12
-15
-15
-13
-13
-13
-14
-14
-12
-11
-10
-9
-11
-10
-10
-10
-11
-11
-13
-11
-11
-13
-16
-16
-16
-14
-14
-13
-12
-11
-13
-15
-15
-13
-11
-12
-12
-13
-14
-15
-17
-18
-16
-16
-16
-16
-17
-18
-19
-17
-15
-15
-16
-14
-16
-15
-18
-19
-17
-17
-17
-15
-14
-13
-13
-16
-19
-19
-18
-16
-16
-17
-17
-16
-16
-18
-20
-19
-18
-16
-15
-16
-16
-16
-15
-16
-17
-17
-13
-13
-15
-17
-17
-15
-14
-14
-16
-18
-15
-14
-14
-15
-15
-18
-18
-19
-21
-19
-17
-15
-16
-19
-19
-18
-16
-15
-16
-17
-16
-17
-17
-17
-17
-18
-20
-20
-19
-17
-17
-20
-20
-21
-22
-19
-19
-18
-18
-19
-20
-20
-19
-17
-17
-17
-17
-18
-17
-20
-23
-26
-25
-23
-20
-19
-21
-21
-21
-21
-22
-20
-22
-22
-22
-21
-20
-22
-23
-24
-23
-24
-23
-24
-26
-25
-23
-22
-23
-23
-23
-23
-22
-22
-23
-23
-25
-24
-23
-22
-22
-24
-24
-22
-20
-20
-20
-21
-20
-20
-19
-21
-22
-22
-21
-20
-21
-20
-20
-23
-24
-24
-24
-22
-22
-24
-24
-24
-23
-22
-22
-23
-25
-24
-23
-21
-19
-19
-21
-22
-22
-22
-20
-19
-19
-20
-21
-22
-22
-22
-20
-21
-23
-25
-23
-21
-20
-19
-19
-20
-19
-19
-19
-21
-22
-19
-18
-19
-20
-22
-23
-23
-22
-23
-21
-19
-18
-19
-21
-21
-20
-20
-19
-21
-22
-22
-22
-22
-23
-22
-20
-20
-20
-23
-23
-24
-25
-24
-26
-26
-25
-25
-26
-27
-26
-25
-24
-25
-28
-29
-28
-29
-30
-30
-30
-27
-26
-27
-28
-26
-27
-27
-28
-30
-29
-28
-28
-29
-29
-29
-29
-30
-33
-33
-33
-31
-30
-30
-29
-27
-26
-25
-25
-27
-27
-29
-30
-29
-29
-28
-28
-30
-30
-29
-28
-27
-29
-30
-29
-28
-28
-29
-28
-28
-27
-27
-27
-28
-27
-27
-27
-27
-29
-30
-28
-27
-25
-25
-26
-26
-25
-24
-25
-28
-28
-27
-25
-24
-24
-25
-27
-28
-26
-25
-24
-24
-23
-22
-21
-22
-21
-21
-21
-23
-24
-25
-25
-25
-24
-25
-26
-23
-22
-22
-22
-25
-27
-26
-25
-24
-24
-25
-24
-22
-21
-21
-23
-23
-23
-21
-22
-22
-23
-22
-22
-20
-17
-19
-19
-20
-21
-22
-22
-21
-20
-20
-18
-19
-22
-23
-23
-21
-20
-21
-22
-22
-21
-19
-19
-19
-20
-19
-19
-20
-19
-19
-19
-20
-22
-24
-22
-18
-19
-17
-16
-13
-12
-14
-16
-17
-16
-17
-18
-16
-14
-13
-14
-16
-15
-14
-15
-15
-14
-13
-13
-12
-13
-13
-12
-12
-13
-13
-12
-12
-10
-11
-11
-11
-11
-10
-9
-10
-11
-11
-13
-12
-10
-11
-10
-9
-9
-10
-9
-9
-9
-8
-7
-8
-8
-10
-11
-8
-6
-6
-5
-5
-3
-5
-6
-9
-10
-12
-10
-9
-10
-7
-5
-7
-6
-8
-8
-8
-5
-5
-7
-8
-8
-7
-7
-8
-10
-11
-11
-12
-9
-8
-7
-7
-8
-8
-7
-10
-11
-12
-11
-10
-10
-11
-12
-12
-12
-11
-10
-8
-10
-12
-13
-13
-11
-12
-11
-11
-12
-12
-14
-14
-14
-14
-14
-13
-9
-8
-7
-10
-10
-10
-13
-13
-12
-11
-11
-13
-15
-16
-14
-14
-13
-15
-15
-12
-11
-8
-10
-12
-14
-13
-11
-11
-12
-12
-12
-9
-10
-13
-15
-15
-13
-12
-12
-11
-12
-11
-8
-8
-8
-10
-11
-11
-9
-9
-9
-11
-12
-12
-10
-8
-10
-11
-10
-10
-10
-9
-9
-9
-8
-7
-8
-9
-10
-12
-13
-13
-14
-14
-12
-12
-12
-12
-11
-9
-10
-12
-13
-14
-11
-11
-13
-15
-15
-14
-13
-16
-17
-16
-13
-13
-13
-13
-14
-12
-12
-14
-13
-11
-9
-10
-14
-16
-15
-14
-14
-12
-12
-12
-10
-11
-15
-16
-16
-14
-12
-10
-11
-11
-13
-12
-11
-12
-13
-14
-14
-15
-15
-16
-15
-16
-15
-13
-13
-14
-14
-13
-13
-12
-14
-15
-13
-11
-12
-13
-16
-17
-12
-10
-10
-11
-10
-9
-7
-8
-10
-12
-12
-10
-8
-7
-8
-8
-6
-5
-7
-9
-12
-10
-8
-8
-8
-8
-7
-6
-7
-8
-11
-11
-9
-7
-8
-9
-8
-7
-6
-5
-7
-8
-10
-12
-11
-10
-7
-7
-9
-10
-11
-8
-8
-9
-11
-11
-10
-11
-12
-12
-12
-11
-10
-9
-9
-10
-11
-11
-13
-14
-14
-13
-12
-10
-12
-11
-11
-12
-12
-13
-12
-14
-13
-15
-15
-16
-16
-16
-15
-16
-15
-16
-14
-14
-15
-16
-13
-14
-14
-14
-13
-11
-11
-11
-11
-10
-9
-9
-12
-15
-17
-15
-12
-11
-11
-13
-13
-13
-12
-14
-15
-15
-13
-11
-10
-11
-13
-15
-15
-13
-12
-14
-15
-15
-14
-13
-14
-14
-16
-15
-14
-14
-15
-16
-14
-13
-15
-18
-17
-19
-16
-15
-14
-15
-15
-16
-16
-15
-15
-16
-17
-16
-16
-18
-18
-19
-17
-15
-15
-16
-17
-16
-16
-17
-18
-20
-20
-20
-19
-15
-13
-15
-17
-18
-20
-19
-18
-19
-19
-19
-18
-19
-20
-18
-17
-17
-18
-19
-20
-17
-17
-17
-18
-18
-19
-19
-21
-21
-19
-17
-18
-21
-23
-24
-22
-21
-23
-22
-23
-21
-20
-20
-21
-22
-24
-24
-23
-23
-23
-23
-22
-24
-25
-23
-22
-21
-22
-21
-23
-24
-25
-25
-23
-22
-22
-23
-24
-25
-26
-26
-26
-27
-27
-26
-23
-21
-22
-24
-26
-26
-25
-23
-24
-27
-27
-26
-23
-20
-22
-25
-27
-27
-25
-24
-27
-25
-25
-24
-24
-25
-24
-24
-23
-24
-24
-24
-23
-22
-23
-25
-24
-22
-22
-22
-24
-26
-26
-22
-22
-23
-24
-22
-22
-23
-25
-26
-23
-21
-20
-22
-23
-24
-23
-24
-26
-27
-27
-25
-25
-24
-24
-25
-27
-28
-28
-26
-24
-24
-24
-26
-27
-26
-27
-28
-27
-28
-27
-27
-27
-28
-26
-26
-24
-26
-27
-26
-27
-25
-24
-27
-28
-27
-27
-26
-28
-29
-27
-26
-29
-30
-30
-26
-22
-25
-27
-28
-25
-23
-23
-26
-28
-26
-25
-27
-28
-29
-28
-27
-26
-26
-26
-27
-26
-27
-25
-25
-25
-24
-25
-26
-27
-24
-25
-25
-27
-28
-25
-26
-27
-28
-29
-29
-28
-26
-25
-26
-26
-27
-25
-25
-24
-26
-28
-26
-22
-22
-24
-26
-25
-27
-25
-25
-25
-27
-26
-22
-21
-21
-23
-24
-23
-22
-23
-25
-25
-24
-25
-27
-29
-28
-26
-25
-25
-24
-26
-27
-29
-30
-30
-28
-28
-29
-29
-29
-26
-27
-28
-27
-28
-28
-29
-30
-30
-32
-31
-30
-30
-28
-28
-28
-29
-30
-28
-27
-28
-28
-28
-27
-26
-27
-30
-32
-31
-30
-28
-27
-28
-31
-32
-30
-28
-29
-29
-30
-32
-30
-29
-29
-30
-31
-32
-32
-30
-31
-31
-29
-28
-28
-28
-27
-27
-27
-29
-28
-28
-28
-25
-25
-26
-28
-29
-30
-29
-27
-26
-27
-26
-27
-25
-27
-28
-30
-30
-30
-30
-30
-33
-30
-28
-26
-27
-27
-28
-28
-28
-29
-32
-33
-32
-30
-28
-28
-28
-27
-29
-28
-27
-27
-26
-25
-26
-28
-27
-26
-23
-23
-23
-24
-25
-25
-24
-26
-25
-25
-25
-24
-23
-22
-23
-25
-24
-23
-23
-24
-26
-27
-24
-22
-24
-27
-28
-26
-26
-26
-27
-26
-25
-28
-26
-25
-24
-24
-25
-27
-27
-27
-27
-28
-27
-28
-27
-25
-26
-30
-31
-30
-28
-28
-29
-29
-27
-27
-27
-26
-27
-25
-25
-28
-29
-27
-25
-23
-25
-28
-29
-27
-25
-26
-28
-29
-32
-34
-34
-31
-29
-28
-28
-29
-27
-28
-27
-26
-26
-26
-27
-27
-26
-26
-28
-28
-28
-27
-27
-29
-30
-31
-30
-29
-29
-28
-27
-26
-26
-27
-30
-31
-27
-24
-26
-27
-28
-27
-25
-24
-25
-26
-28
-28
-27
-28
-26
-26
-25
-25
-24
-26
-26
-26
-27
-27
-26
-25
-25
-25
-27
-26
-24
-24
-22
-25
-27
-26
-25
-25
-24
-23
-25
-23
-23
-25
-24
-24
-24
-25
-27
-29
-25
-23
-20
-22
-26
-28
-29
-28
-24
-23
-23
-26
-26
-25
-23
-24
-27
-28
-27
-25
-23
-21
-21
-22
-26
-26
-28
-29
-27
-26
-26
-27
-25
-25
-25
-24
-25
-25
-25
-25
-24
-23
-23
-25
-26
-26
-24
-22
-22
-26
-27
-24
-24
-27
-26
-25
-22
-22
-23
-25
-24
-23
-24
-26
-26
-25
-23
-24
-25
-24
-25
-25
-26
-26
-27
-26
-27
-27
-25
-24
-24
-25
-25
-26
-26
-26
-28
-26
-24
-24
-26
-28
-26
-24
-27
-28
-30
-28
-25
-22
-20
-21
-23
-22
-21
-19
-21
-26
-26
-25
-23
-23
-24
-24
-23
-23
-23
-22
-22
-22
-22
-22
-23
-22
-23
-23
-23
-24
-21
-21
-23
-25
-29
-28
-25
-24
-23
-24
-24
-23
-23
-25
-25
-24
-21
-20
-20
-20
-21
-21
-23
-25
-25
-24
-23
-21
-21
-23
-22
-21
-19
-21
-24
-26
-25
-24
-24
-26
-26
-23
-20
-19
-21
-22
-23
-23
-23
-23
-25
-25
-25
-26
-27
-28
-28
-26
-26
-28
-27
-26
-23
-22
-25
-25
-25
-24
-26
-24
-24
-25
-24
-24
-25
-24
-23
-25
-25
-25
-24
-24
-23
-22
-21
-18
-20
-22
-24
-25
-25
-23
-23
-23
-25
-25
-26
-25
-25
-24
-24
-23
-22
-23
-23
-23
-25
-25
-25
-25
-26
-27
-27
-27
-26
-27
-28
-27
-26
-27
-27
-27
-28
-27
-27
-27
-28
-26
-30
-29
-28
-29
-27
-27
-28
-30
-30
-29
-30
-29
-28
-31
-33
-34
-30
-26
-25
-26
-26
-28
-29
-29
-28
-29
-30
-29
-27
-26
-26
-28
-31
-32
-30
-28
-27
-24
-25
-26
-27
-26
-28
-28
-29
-31
-31
-28
-29
-29
-29
-29
-31
-29
-29
-30
-27
-26
-27
-29
-28
-29
-28
-30
-30
-27
-27
-27
-30
-30
-29
-28
-29
-31
-32
-32
-31
-28
-29
-29
-29
-29
-29
-31
-31
-30
-29
-29
-28
-28
-29
-28
-27
-29
-30
-30
-27
-25
-26
-25
-26
-26
-25
-26
-25
-24
-24
-24
-24
-22
-23
-23
-25
-24
-21
-20
-19
-20
-22
-22
-20
-19
-20
-20
-21
-21
-21
-24
-24
-23
-20
-16
-15
-16
-17
-17
-18
-16
-15
-17
-18
-18
-18
-20
-21
-23
-24
-21
-20
-19
-19
-19
-19
-20
-18
-18
-18
-19
-23
-22
-19
-18
-18
-17
-19
-22
-22
-21
-18
-17
-18
-18
-18
-17
-19
-19
-19
-19
-19
-18
-18
-19
-22
-22
-23
-22
-22
-22
-19
-17
-18
-20
-21
-21
-20
-21
-23
-21
-18
-18
-18
-19
-20
-19
-18
-20
-21
-21
-21
-19
-18
-20
-23
-21
-17
-16
-16
-19
-23
-23
-21
-20
-20
-20
-22
-25
-24
-26
-26
-26
-26
-25
-25
-25
-26
-25
-25
-25
-24
-23
-23
-23
-26
-26
-26
-25
-24
-25
-26
-26
-27
-26
-26
-25
-25
-25
-26
-28
-27
-26
-25
-24
-25
-26
-25
-24
-24
-24
-24
-26
-27
-27
-28
-27
-25
-26
-25
-26
-26
-26
-25
-24
-26
-25
-25
-27
-28
-28
-26
-26
-28
-28
-29
-29
-28
-28
-27
-27
-27
-26
-26
-26
-27
-28
-30
-29
-30
-29
-28
-28
-29
-28
-26
-26
-27
-30
-30
-30
-28
-27
-30
-29
-29
-26
-24
-25
-29
-29
-25
-26
-26
-27
-29
-29
-28
-27
-27
-26
-27
-29
-30
-30
-28
-28
-28
-27
-28
-29
-30
-29
-28
-29
-30
-30
-27
-26
-25
-27
-26
-26
-24
-25
-27
-26
-25
-24
-23
-24
-25
-24
-24
-26
-26
-25
-26
-26
-25
-23
-23
-23
-24
-23
-22
-22
-22
-21
-22
-23
-23
-23
-24
-23
-24
-24
-23
-21
-22
-22
-22
-23
-22
-24
-27
-27
-25
-22
-20
-21
-22
-23
-22
-21
-21
-23
-23
-24
-23
-22
-23
-23
-21
-22
-24
-24
-24
-22
-20
-22
-24
-24
-22
-22
-23
-22
-20
-21
-21
-23
-25
-24
-21
-20
-22
-21
-22
-23
-21
-21
-21
-21
-22
-22
-22
-22
-20
-19
-18
-21
-22
-20
-20
-19
-21
-22
-21
-20
-23
-24
-25
-22
-19
-15
-16
-18
-20
-21
-19
-18
-18
-19
-18
-17
-18
-16
-16
-19
-20
-22
-22
-21
-20
-20
-21
-19
-19
-19
-17
-19
-18
-18
-18
-18
-20
-16
-15
-15
-14
-14
-16
-15
-15
-17
-17
-18
-17
-17
-17
-18
-18
-18
-17
-16
-15
-15
-17
-17
-16
-14
-12
-13
-12
-15
-16
-18
-20
-19
-18
-19
-18
-18
-18
-17
-17
-19
-21
-20
-20
-19
-17
-17
-18
-20
-21
-22
-22
-20
-18
-19
-20
-20
-20
-18
-17
-18
-20
-22
-21
-19
-18
-19
-20
-18
-19
-18
-18
-18
-17
-19
-19
-20
-20
-19
-19
-20
-21
-19
-20
-21
-21
-20
-19
-18
-18
-22
-24
-25
-23
-21
-20
-20
-20
-20
-21
-22
-22
-20
-18
-19
-20
-21
-20
-20
-20
-22
-23
-21
-19
-19
-22
-22
-22
-21
-20
-19
-19
-19
-20
-19
-19
-21
-23
-22
-19
-21
-22
-23
-24
-23
-24
-27
-29
-28
-25
-22
-23
-24
-26
-25
-23
-23
-24
-25
-24
-22
-22
-24
-25
-22
-23
-26
-26
-25
-28
-28
-27
-28
-24
-23
-24
-27
-29
-31
-29
-27
-26
-25
-25
-25
-24
-24
-27
-27
-27
-27
-28
-28
-29
-30
-29
-26
-27
-28
-30
-31
-30
-28
-29
-28
-29
-29
-27
-27
-27
-28
-28
-29
-28
-30
-30
-32
-33
-33
-31
-29
-27
-27
-28
-29
-31
-30
-29
-28
-28
-28
-29
-30
-31
-32
-33
-31
-29
-28
-27
-27
-30
-30
-30
-30
-31
-30
-30
-30
-31
-30
-29
-28
-26
-26
-26
-28
-30
-31
-30
-29
-28
-26
-27
-28
-26
-24
-25
-25
-28
-28
-28
-27
-25
-23
-23
-23
-24
-25
-26
-25
-25
-25
-25
-26
-26
-26
-23
-23
-24
-24
-25
-25
-24
-25
-25
-25
-23
-21
-23
-24
-26
-25
-22
-20
-20
-21
-23
-21
-21
-22
-21
-23
-21
-20
-21
-21
-22
-21
-23
-22
-20
-19
-20
-20
-22
-21
-18
-17
-18
-20
-21
-21
-19
-21
-21
-21
-19
-19
-20
-20
-21
-21
-21
-21
-20
-21
-22
-22
-22
-23
-23
-22
-23
-23
-22
-21
-19
-17
-20
-20
-21
-24
-23
-22
-19
-19
-19
-22
-22
-22
-21
-22
-22
-24
-22
-19
-18
-19
-20
-20
-20
-22
-24
-24
-23
-21
-20
-19
-20
-20
-20
-21
-20
-21
-23
-23
-23
-23
-22
-22
-22
-23
-25
-24
-25
-24
-25
-25
-24
-23
-24
-25
-24
-22
-21
-20
-23
-23
-22
-20
-19
-19
-18
-18
-19
-22
-24
-24
-23
-22
-21
-20
-18
-18
-20
-21
-22
-21
-18
-18
-18
-18
-18
-18
-20
-21
-20
-21
-20
-20
-22
-22
-21
-23
-23
-21
-19
-20
-20
-25
-27
-25
-24
-22
-22
-23
-24
-26
-27
-26
-24
-21
-24
-27
-26
-23
-21
-21
-24
-24
-25
-24
-24
-25
-25
-26
-27
-27
-26
-23
-22
-24
-26
-25
-22
-22
-22
-25
-24
-24
-26
-28
-28
-28
-28
-28
-27
-27
-28
-26
-26
-26
-25
-25
-26
-27
-27
-27
-27
-27
-28
-29
-30
-31
-34
-32
-27
-24
-24
-27
-28
-29
-29
-28
-28
-28
-29
-31
-30
-30
-30
-30
-29
-27
-26
-26
-28
-29
-30
-29
-26
-25
-27
-29
-29
-28
-27
-24
-24
-24
-26
-27
-25
-24
-27
-28
-26
-26
-25
-26
-25
-25
-25
-27
-26
-25
-25
-24
-24
-25
-26
-27
-28
-28
-28
-28
-27
-25
-22
-23
-27
-30
-28
-27
-27
-30
-32
-30
-27
-27
-29
-30
-30
-28
-27
-28
-29
-26
-24
-24
-26
-28
-29
-29
-31
-31
-28
-25
-24
-26
-27
-28
-28
-26
-25
-27
-26
-26
-27
-27
-27
-28
-29
-27
-26
-24
-23
-23
-26
-25
-25
-24
-24
-24
-24
-23
-22
-22
-22
-22
-24
-24
-23
-22
-25
-27
-26
-24
-20
-20
-22
-22
-23
-24
-25
-25
-26
-25
-23
-20
-20
-22
-25
-25
-23
-24
-21
-21
-21
-21
-21
-20
-21
-22
-22
-23
-23
-23
-21
-17
-18
-20
-20
-21
-20
-19
-19
-18
-16
-16
-16
-16
-17
-18
-19
-19
-19
-19
-18
-16
-16
-17
-18
-18
-19
-20
-21
-23
-22
-22
-21
-18
-16
-16
-19
-19
-20
-20
-19
-19
-20
-21
-23
-21
-22
-19
-18
-20
-20
-19
-19
-20
-21
-20
-19
-19
-20
-23
-22
-22
-21
-21
-22
-22
-23
-22
-21
-20
-18
-18
-21
-22
-21
-20
-21
-22
-22
-22
-21
-23
-24
-25
-23
-23
-23
-23
-22
-19
-17
-19
-21
-24
-23
-22
-22
-23
-24
-24
-24
-22
-23
-25
-24
-22
-21
-21
-22
-21
-22
-21
-22
-21
-19
-18
-17
-18
-18
-20
-20
-19
-19
-15
-15
-16
-16
-19
-22
-25
-25
-22
-19
-18
-18
-21
-22
-22
-24
-25
-23
-21
-20
-20
-20
-18
-19
-20
-20
-21
-23
-24
-24
-23
-23
-22
-24
-26
-28
-28
-27
-27
-26
-25
-25
-27
-24
-26
-26
-26
-28
-29
-29
-30
-29
-28
-27
-28
-29
-30
-30
-28
-29
-29
-30
-31
-31
-31
-31
-30
-29
-30
-30
-29
-30
-31
-28
-28
-27
-29
-31
-33
-34
-33
-32
-30
-31
-32
-34
-35
-34
-35
-33
-34
-36
-38
-37
-38
-38
-37
-36
-35
-36
-35
-34
-32
-32
-33
-34
-35
-34
-34
-35
-36
-35
-31
-32
-32
-33
-32
-29
-29
-30
-34
-35
-34
-29
-27
-29
-30
-29
-30
-29
-32
-33
-34
-32
-31
-27
-26
-28
-31
-32
-31
-28
-26
-28
-28
-29
-26
-24
-26
-28
-30
-29
-28
-25
-25
-26
-26
-26
-28
-28
-26
-25
-27
-28
-27
-25
-24
-24
-26
-29
-29
-29
-29
-28
-26
-23
-24
-26
-27
-28
-28
-27
-25
-25
-26
-27
-27
-25
-23
-24
-25
-25
-24
-24
-25
-23
-24
-24
-24
-24
-25
-26
-24
-25
-24
-24
-24
-25
-25
-24
-23
-23
-24
-24
-25
-25
-24
-23
-23
-23
-21
-23
-22
-21
-21
-21
-23
-25
-22
-20
-17
-18
-18
-21
-20
-19
-21
-21
-21
-21
-21
-22
-22
-21
-17
-16
-17
-19
-20
-19
-17
-16
-17
-20
-21
-22
-21
-21
-21
-22
-21
-21
-24
-26
-27
-24
-23
-21
-19
-18
-19
-18
-18
-17
-17
-19
-18
-19
-19
-17
-19
-21
-22
-22
-21
-21
-19
-18
-19
-19
-20
-19
-22
-24
-22
-21
-21
-19
-21
-24
-23
-23
-24
-27
-28
-27
-25
-24
-24
-25
-27
-28
-27
-27
-26
-27
-29
-29
-29
-28
-29
-26
-27
-27
-27
-28
-25
-25
-28
-29
-29
-27
-25
-25
-26
-26
-28
-27
-26
-28
-27
-29
-31
-30
-29
-28
-30
-31
-30
-28
-28
-29
-30
-32
-33
-31
-30
-31
-32
-32
-33
-32
-31
-33
-35
-36
-35
-33
-34
-35
-35
-35
-34
-33
-34
-35
-34
-34
-34
-34
-36
-36
-35
-36
-36
-35
-34
-34
-32
-30
-31
-32
-37
-39
-40
-40
-38
-37
-37
-37
-35
-34
-33
-33
-36
-37
-37
-38
-40
-39
-37
-37
-37
-38
-38
-39
-39
-42
-42
-41
-39
-37
-37
-37
-38
-40
-40
-39
-38
-37
-38
-40
-40
-38
-38
-39
-40
-44
-42
-42
-40
-39
-39
-38
-37
-37
-38
-38
-40
-41
-41
-41
-40
-39
-39
-41
-40
-40
-37
-36
-37
-38
-37
-37
-37
-38
-38
-37
-37
-37
-39
-39
-39
-40
-38
-38
-41
-41
-39
-35
-37
-37
-37
-35
-33
-35
-39
-41
-40
-37
-35
-33
-36
-36
-35
-35
-36
-35
-35
-36
-36
-35
-34
-33
-31
-30
-31
-33
-35
-36
-31
-32
-32
-33
-32
-30
-32
-31
-30
-27
-25
-25
-25
-24
-25
-28
-27
-29
-29
-28
-30
-31
-29
-27
-23
-23
-25
-25
-26
-28
-28
-28
-28
-28
-26
-25
-24
-24
-25
-26
-27
-26
-25
-24
-24
-22
-21
-23
-24
-27
-27
-27
-27
-28
-29
-28
-28
-25
-25
-24
-25
-27
-29
-28
-28
-27
-26
-25
-23
-24
-24
-25
-27
-27
-26
-26
-25
-26
-28
-28
-26
-26
-26
-27
-29
-29
-28
-25
-24
-24
-24
-23
-23
-24
-23
-25
-25
-25
-27
-27
-27
-26
-24
-25
-26
-26
-25
-25
-25
-29
-29
-27
-26
-26
-27
-27
-27
-27
-28
-27
-27
-25
-22
-25
-25
-24
-23
-22
-21
-22
-22
-23
-23
-22
-22
-20
-20
-21
-23
-24
-25
-24
-24
-23
-23
-23
-23
-23
-23
-23
-22
-23
-27
-27
-25
-24
-24
-23
-25
-26
-24
-23
-22
-21
-22
-21
-21
-22
-26
-24
-23
-23
-24
-25
-25
-23
-22
-21
-24
-24
-23
-21
-20
-20
-17
-19
-20
-21
-23
-24
-25
-26
-25
-24
-22
-22
-22
-23
-23
-22
-23
-24
-24
-22
-21
-22
-23
-23
-22
-22
-22
-22
-23
-23
-23
-24
-24
-23
-24
-22
-20
-17
-18
-19
-22
-23
-22
-19
-19
-21
-20
-21
-18
-18
-19
-22
-19
-19
-19
-21
-21
-22
-20
-16
-15
-18
-21
-21
-19
-18
-16
-19
-23
-21
-19
-16
-15
-18
-19
-20
-17
-15
-15
-17
-18
-18
-17
-15
-18
-19
-19
-17
-20
-20
-20
-19
-18
-20
-20
-22
-22
-21
-21
-21
-22
-22
-21
-19
-21
-22
-22
-23
-22
-22
-21
-22
-20
-21
-20
-20
-18
-18
-18
-19
-19
-19
-21
-22
-23
-22
-23
-22
-22
-21
-20
-22
-22
-22
-20
-17
-15
-14
-14
-15
-16
-17
-17
-19
-21
-21
-21
-20
-21
-21
-22
-19
-17
-18
-16
-18
-16
-18
-17
-16
-16
-14
-14
-17
-16
-17
-17
-18
-21
-20
-20
-19
-17
-17
-17
-17
-18
-18
-15
-15
-13
-13
-15
-15
-15
-14
-14
-15
-17
-18
-18
-18
-18
-15
-14
-14
-16
-16
-18
-18
-17
-16
-16
-15
-15
-17
-17
-16
-16
-18
-16
-16
-17
-13
-14
-15
-15
-13
-11
-10
-12
-17
-17
-18
-18
-17
-16
-17
-17
-18
-16
-17
-15
-16
-18
-20
-17
-14
-13
-14
-15
-18
-16
-17
-16
-18
-20
-18
-16
-14
-13
-15
-16
-16
-13
-13
-13
-15
-15
-13
-10
-11
-10
-12
-12
-12
-11
-11
-9
-9
-9
-8
-6
-7
-8
-12
-12
-9
-8
-7
-9
-9
-8
-6
-5
-7
-9
-10
-10
-9
-8
-8
-7
-9
-10
-10
-7
-7
-7
-9
-10
-10
-9
-10
-10
-12
-12
-14
-14
-15
-15
-14
-14
-13
-14
-16
-17
-19
-17
-19
-19
-19
-18
-17
-19
-22
-24
-23
-21
-20
-22
-23
-21
-23
-25
-26
-26
-24
-22
-25
-26
-25
-25
-25
-29
-29
-27
-24
-24
-23
-25
-26
-26
-24
-27
-27
-28
-27
-25
-23
-22
-21
-22
-23
-23
-24
-22
-18
-16
-17
-20
-22
-20
-20
-19
-19
-21
-20
-17
-17
-16
-14
-13
-10
-9
-9
-9
-8
-6
-4
-3
-2
-1
-2
-4
2
4
3
3
2
2
2
3
6
6
6
6
4
2
3
1
-2
-2
-3
-3
-3
-4
-6
-7
-9
-12
-14
-13
-16
-15
-19
-21
-25
-26
-28
-31
-33
-39
-41
-44
-44
-46
-46
-48
-52
-55
-59
-62
-66
-68
-70
-73
-76
-78
-79
-83
-86
-89
-90
-92
-94
-94
-95
-95
-96
-96
-99
-97
-96
-96
-95
-93
-91
-92
-93
-89
-90
-91
-92
-88
-82
-78
-72
-65
-58
-47
-39
-29
-20
-10
0
12
24
37
47
56
64
73
84
91
94
99
103
111
116
121
122
126
128
131
134
136
135
135
132
130
126
120
116
110
102
94
87
77
67
57
47
36
26
16
9
-2
-12
-22
-32
-45
-57
-71
-84
-95
-107
-115
-126
-133
-148
-158
-177
-187
-203
-214
-230
-242
-254
-260
-268
-278
-288
-300
-304
-308
-291
-267
-234
-212
-195
-183
-169
-150
-124
-100
-74
-50
-28
2
27
44
56
66
78
90
101
114
120
127
138
148
156
161
162
164
157
146
138
129
121
108
99
89
73
54
34
17
4
-7
-14
-20
-22
-23
-17
-14
-7
-5
0
4
11
22
33
43
54
66
78
89
90
92
93
99
108
115
121
128
132
134
132
129
125
119
114
108
105
100
91
80
69
58
43
26
10
-12
-32
-45
-56
-68
-80
-95
-111
-127
-149
-167
-188
-204
-218
-227
-242
-251
-266
-280
-293
-303
-313
-315
-323
-315
-290
-253
-211
-192
-174
-169
-148
-123
-93
-67
-38
-17
8
38
61
77
83
86
92
102
107
120
123
129
136
142
145
143
137
128
111
98
87
71
55
35
20
5
-17
-44
-68
-86
-98
-110
-114
-118
-114
-108
-97
-85
-80
-79
-71
-60
-43
-21
-4
11
29
47
68
78
85
94
106
123
143
157
167
175
180
189
197
198
191
187
181
180
179
172
161
149
133
122
107
87
62
37
14
-6
-24
-42
-59
-78
-98
-124
-154
-181
-206
-229
-254
-275
-301
-323
-348
-367
-387
-402
-414
-416
-412
-386
-349
-316
-294
-284
-268
-241
-209
-169
-137
-106
-77
-46
-10
14
34
46
49
64
76
87
101
110
122
140
151
161
160
156
150
135
122
111
92
77
61
49
32
0
-28
-56
-76
-92
-108
-117
-120
-120
-112
-107
-94
-85
-81
-75
-68
-55
-34
-16
5
25
47
72
91
103
113
125
144
161
177
193
203
213
225
232
233
229
224
220
215
209
198
187
175
162
155
142
126
105
78
51
24
0
-21
-43
-60
-80
-103
-128
-162
-198
-230
-256
-279
-302
-327
-357
-381
-399
-416
-423
-436
-442
-441
-414
-375
-332
-305
-284
-270
-235
-201
-156
-119
-90
-54
-23
22
52
71
87
95
111
130
133
144
147
159
180
192
202
204
202
194
182
160
147
123
102
81
65
49
21
-16
-43
-69
-87
-107
-123
-129
-128
-116
-106
-96
-93
-91
-82
-64
-44
-22
-9
7
32
66
94
116
128
138
156
175
194
208
218
229
240
256
269
273
271
262
257
249
243
232
215
202
188
177
160
132
102
69
39
14
-8
-33
-57
-86
-114
-151
-181
-221
-255
-289
-318
-345
-381
-406
-436
-452
-469
-484
-484
-480
-443
-399
-359
-332
-312
-288
-251
-210
-158
-121
-73
-42
2
53
81
113
123
130
144
157
171
186
190
208
226
244
259
257
251
243
217
196
175
147
129
101
84
65
33
-4
-37
-70
-97
-123
-137
-145
-144
-138
-127
-116
-104
-100
-85
-70
-51
-33
-19
4
33
64
98
119
138
155
172
198
213
226
239
255
270
284
292
294
291
288
281
272
259
244
229
214
197
178
156
126
94
59
25
-2
-27
-55
-84
-120
-158
-199
-232
-268
-297
-338
-366
-406
-430
-462
-487
-506
-524
-527
-520
-493
-446
-394
-361
-329
-313
-277
-237
-185
-136
-89
-39
8
70
115
147
167
181
189
205
207
227
230
246
267
284
297
299
293
290
270
240
213
178
152
124
97
72
43
4
-30
-59
-88
-125
-157
-178
-185
-181
-174
-163
-149
-132
-112
-83
-58
-38
-17
2
32
62
94
125
146
173
199
228
253
266
279
289
299
304
309
316
316
315
313
311
305
285
262
238
209
178
140
102
65
30
4
-21
-53
-90
-138
-185
-233
-277
-323
-363
-402
-437
-476
-505
-541
-565
-587
-602
-608
-597
-559
-506
-453
-423
-394
-375
-329
-276
-215
-163
-101
-51
17
83
132
174
194
212
223
238
246
260
270
296
316
347
364
367
365
351
322
289
251
212
177
144
122
105
77
40
3
-33
-67
-102
-134
-160
-180
-190
-185
-178
-158
-140
-107
-77
-45
-25
-7
9
35
62
90
110
132
156
189
227
259
282
293
303
309
314
315
312
301
297
297
302
304
290
267
238
203
168
127
83
39
5
-24
-50
-84
-130
-181
-228
-271
-316
-369
-420
-466
-517
-553
-583
-616
-647
-672
-682
-659
-615
-557
-505
-457
-410
-421
-436
-365
-284
-228
-141
-33
87
166
256
340
378
413
427
423
386
364
363
373
375
379
392
394
383
354
300
225
144
69
-13
-66
-79
-110
-134
-130
-110
-98
-109
-112
-116
-136
-144
-154
-146
-121
-80
-21
52
118
175
211
248
272
290
285
278
274
260
260
272
294
306
308
306
308
283
301
250
227
165
166
113
132
128
119
84
72
28
-26
-70
-121
-163
-227
-272
-345
-385
-438
-484
-540
-589
-665
-686
-763
-796
-843
-828
-796
-711
-564
-286
-154
36
107
208
302
300
220
243
215
300
320
362
435
452
447
425
316
237
85
-75
-162
-265
-275
-268
-245
-185
-130
-66
-7
-68
-90
-161
-164
-176
-182
-153
-61
-6
86
124
207
218
174
109
76
46
21
-40
-2
52
129
180
215
263
273
229
197
151
133
110
98
147
185
233
278
307
335
317
271
250
205
182
158
152
174
187
208
238
230
230
187
143
113
46
-16
-70
-108
-103
-136
-150
-165
-216
-262
-330
-411
-507
-629
-707
-819
-851
-921
-929
-884
-838
-749
-624
-491
-214
-64
84
179
253
364
397
350
380
363
422
451
435
462
434
371
306
171
73
-57
-200
-277
-354
-366
-343
-342
-281
-235
-180
-98
-96
-81
-80
-68
-32
-14
25
98
138
203
221
254
259
217
145
77
25
-21
-97
-118
-105
-48
18
56
124
160
188
204
178
188
194
189
228
265
329
393
439
493
497
486
464
414
377
322
277
250
231
225
212
201
167
112
54
-5
-70
-143
-219
-262
-298
-321
-366
-407
-444
-499
-567
-649
-729
-788
-858
-905
-905
-871
-789
-661
-498
-231
20
206
335
409
479
493
421
340
270
265
284
285
308
324
333
298
192
65
-78
-241
-371
-494
-531
-509
-452
-354
-241
-98
35
100
113
120
126
131
113
100
123
181
240
283
321
352
342
276
187
91
-2
-116
-211
-253
-232
-191
-150
-83
2
80
126
138
152
172
185
207
231
277
336
393
459
505
525
527
501
464
397
322
244
172
127
100
75
67
30
17
-23
-50
-125
-194
-273
-317
-376
-417
-466
-488
-510
-548
-599
-642
-704
-755
-810
-818
-759
-686
-533
-298
-28
236
395
493
593
612
543
406
261
203
170
130
118
127
187
214
166
76
-30
-161
-290
-454
-541
-575
-538
-460
-341
-183
24
164
257
281
311
325
297
226
185
185
223
227
239
276
321
314
264
174
101
-8
-138
-260
-321
-338
-315
-274
-181
-60
64
145
204
248
286
292
268
256
280
320
364
384
405
433
447
434
389
323
257
184
112
56
6
-29
-55
-73
-64
-61
-70
-102
-132
-153
-180
-249
-322
-400
-444
-504
-567
-629
-664
-692
-693
-682
-613
-538
-405
-204
28
231
364
435
518
559
513
395
267
201
165
107
59
35
61
84
50
-17
-94
-183
-275
-395
-473
-502
-477
-426
-344
-200
-9
142
248
303
364
407
391
317
243
211
211
186
170
173
209
228
203
155
111
34
-66
-187
-271
-308
-320
-308
-263
-164
-24
93
184
257
321
367
368
334
319
320
330
326
319
330
353
357
345
307
272
223
164
95
37
-15
-59
-88
-102
-98
-95
-106
-108
-121
-127
-169
-237
-314
-380
-460
-527
-630
-681
-722
-705
-695
-615
-526
-337
-114
129
310
444
518
602
599
529
382
252
172
126
59
10
-12
24
48
27
-39
-106
-198
-279
-394
-484
-518
-507
-460
-361
-219
-24
146
281
386
463
528
511
431
347
287
249
195
139
133
163
193
175
128
93
68
-4
-116
-230
-299
-304
-293
-278
-217
-119
27
159
261
348
417
453
450
409
390
372
335
288
265
270
281
257
233
216
210
179
119
56
11
-31
-67
-109
-128
-126
-122
-116
-121
-119
-136
-179
-238
-303
-380
-450
-551
-625
-689
-701
-696
-645
-550
-386
-150
99
307
466
567
653
668
581
430
279
184
105
8
-71
-90
-50
-11
-24
-71
-106
-156
-228
-326
-431
-481
-500
-478
-410
-296
-126
44
188
328
438
540
561
517
447
372
293
183
74
22
18
42
34
23
38
45
26
-43
-133
-201
-251
-273
-278
-250
-173
-63
69
206
329
431
502
541
552
536
496
423
337
281
249
217
183
151
165
192
192
163
118
81
36
-34
-97
-158
-190
-217
-214
-199
-173
-163
-170
-196
-225
-288
-367
-477
-573
-659
-708
-732
-722
-657
-541
-356
-98
164
401
558
663
758
791
698
523
342
230
146
24
-89
-127
-86
-21
-39
-69
-88
-111
-153
-259
-372
-438
-475
-470
-454
-365
-203
-34
127
255
391
526
568
541
468
406
335
196
57
-37
-62
-54
-82
-94
-64
-18
-1
-45
-99
-133
-159
-186
-215
-212
-153
-71
26
135
267
399
492
536
572
598
591
519
413
341
302
255
188
134
139
169
178
162
150
156
137
86
13
-45
-95
-150
-196
-220
-225
-218
-244
-258
-270
-289
-330
-426
-496
-560
-605
-651
-687
-669
-586
-485
-295
-56
200
425
573
696
807
815
717
543
376
277
138
-6
-121
-164
-108
-66
-72
-58
-48
-23
-65
-170
-258
-319
-352
-381
-394
-316
-189
-48
61
179
332
464
507
477
423
395
308
169
17
-73
-110
-148
-202
-215
-178
-113
-93
-100
-103
-94
-82
-103
-140
-141
-110
-48
17
94
201
318
423
505
570
619
621
565
492
432
368
280
196
149
139
141
132
135
154
169
161
124
82
26
-45
-122
-177
-215
-228
-244
-260
-255
-250
-246
-280
-334
-396
-444
-501
-562
-628
-626
-609
-547
-462
-277
-48
189
365
512
654
781
759
639
489
383
298
156
-27
-118
-119
-53
-46
-66
-32
19
44
-1
-107
-155
-207
-266
-331
-359
-305
-221
-145
-57
62
226
332
366
377
397
399
319
176
64
9
-36
-132
-221
-241
-189
-153
-159
-163
-113
-48
-13
-29
-29
1
44
60
70
121
211
284
326
367
443
518
527
484
456
454
434
350
248
192
179
159
114
68
84
113
124
98
63
41
20
-33
-89
-134
-161
-181
-210
-236
-238
-250
-282
-332
-379
-414
-459
-531
-587
-601
-578
-554
-519
-403
-193
24
198
309
440
595
664
610
497
405
371
282
142
20
-5
30
36
-9
-11
22
56
24
-56
-110
-126
-167
-231
-288
-267
-204
-162
-139
-86
32
161
215
239
283
345
352
271
171
117
68
-16
-130
-197
-200
-187
-198
-204
-164
-86
-24
-1
8
47
94
122
131
155
208
268
296
328
380
451
493
481
476
494
495
453
361
295
268
216
143
64
41
49
38
20
6
16
33
9
-20
-45
-42
-70
-101
-139
-151
-170
-205
-280
-325
-371
-415
-487
-554
-604
-606
-624
-608
-583
-468
-274
-102
62
211
357
532
608
599
568
532
517
444
315
220
166
143
112
43
24
34
24
0
-61
-100
-116
-176
-235
-297
-306
-276
-266
-244
-187
-90
36
104
154
222
296
328
283
215
171
136
62
-53
-146
-180
-191
-211
-233
-211
-142
-68
-18
20
68
128
172
192
207
231
254
264
273
307
364
401
422
444
488
522
501
435
372
327
272
181
87
36
26
30
28
37
72
112
137
140
126
109
81
45
-3
-50
-103
-153
-213
-266
-336
-384
-450
-509
-569
-617
-656
-679
-708
-696
-673
-594
-455
-273
-71
117
298
492
668
746
749
715
680
641
527
369
261
190
154
78
-7
-32
-50
-68
-123
-195
-213
-247
-293
-335
-363
-331
-297
-277
-240
-180
-72
18
72
132
208
280
296
249
197
164
116
26
-77
-139
-147
-153
-177
-184
-139
-51
17
56
93
146
212
239
238
244
263
288
296
294
331
378
405
402
397
419
431
397
348
309
295
276
220
182
174
181
185
171
169
190
192
176
137
107
75
17
-51
-122
-170
-212
-272
-341
-391
-439
-479
-549
-610
-665
-692
-722
-732
-735
-680
-624
-528
-372
-179
44
233
382
558
708
800
802
735
700
644
551
390
237
150
94
13
-87
-155
-170
-178
-212
-267
-284
-278
-286
-313
-339
-314
-262
-234
-216
-186
-102
-22
16
44
88
160
209
196
176
177
192
166
95
34
8
-17
-66
-132
-155
-126
-74
-49
-18
39
127
199
239
253
280
308
312
295
288
301
322
329
341
377
423
455
453
446
453
450
417
356
291
252
213
162
108
81
72
64
43
27
12
-14
-67
-125
-167
-210
-261
-343
-406
-439
-455
-493
-529
-572
-563
-553
-549
-559
-544
-503
-433
-389
-315
-205
-51
117
240
358
489
609
679
671
645
625
579
474
309
184
102
15
-84
-193
-229
-229
-235
-256
-277
-250
-213
-216
-231
-256
-245
-227
-233
-247
-236
-177
-106
-51
12
92
187
252
271
280
293
278
217
124
52
0
-61
-128
-176
-174
-133
-93
-49
13
94
176
239
289
334
376
409
418
425
437
451
457
454
460
483
487
472
445
428
410
360
284
215
161
118
65
16
-15
-22
-21
-15
-13
-13
-20
-33
-62
-94
-140
-171
-203
-224
-238
-250
-264
-271
-276
-273
-282
-300
-330
-361
-393
-427
-456
-478
-475
-451
-392
-270
-116
43
188
326
471
595
626
610
565
529
475
344
191
82
-4
-49
-141
-224
-241
-244
-229
-242
-264
-235
-220
-213
-216
-218
-176
-155
-156
-142
-112
-42
0
16
61
125
189
207
188
195
212
197
141
73
44
35
9
-29
-50
-22
34
84
130
188
266
341
389
420
447
474
481
460
445
433
420
387
342
324
311
287
239
193
178
165
128
88
49
42
31
10
-11
-23
-19
-7
0
21
38
60
78
90
91
84
57
29
-1
-27
-59
-111
-164
-198
-228
-272
-319
-372
-387
-407
-430
-460
-478
-473
-453
-444
-411
-351
-226
-94
28
131
241
361
448
454
439
408
398
332
226
113
52
4
-45
-134
-173
-184
-173
-187
-207
-206
-169
-156
-150
-162
-149
-123
-117
-134
-139
-116
-69
-49
-32
7
84
154
190
214
263
313
330
301
272
258
236
187
131
103
106
122
135
162
203
255
295
321
338
351
352
330
286
252
224
195
144
100
94
103
101
88
78
100
118
110
97
92
104
103
92
92
96
109
114
119
145
166
179
180
170
168
147
100
43
-14
-56
-95
-149
-192
-230
-248
-267
-294
-319
-337
-358
-381
-413
-442
-453
-469
-473
-468
-434
-373
-274
-183
-57
53
173
273
358
388
417
400
394
347
273
189
123
58
14
-66
-115
-148
-163
-167
-179
-185
-157
-136
-106
-88
-68
-27
11
40
62
81
113
137
145
156
170
192
203
205
215
235
247
243
224
221
215
206
178
153
134
127
114
105
94
95
99
114
125
133
132
144
153
172
174
173
165
170
175
178
163
144
129
132
131
125
108
105
114
130
139
144
149
166
180
192
194
197
199
200
193
184
155
122
81
34
-8
-59
-114
-160
-203
-232
-259
-284
-315
-337
-358
-370
-394
-417
-448
-460
-471
-474
-488
-476
-454
-395
-310
-215
-103
20
137
261
357
423
478
493
508
475
411
339
268
189
120
26
-27
-65
-84
-91
-94
-79
-39
-14
20
41
65
87
85
66
49
29
14
-15
-36
-34
-15
7
29
56
105
152
182
196
209
219
210
179
135
95
56
17
-10
-20
-10
9
28
61
104
154
190
207
220
239
250
241
208
181
160
144
118
93
72
77
78
84
87
104
119
137
146
164
176
184
183
178
178
174
161
140
115
91
62
20
-32
-80
-120
-153
-195
-231
-259
-275
-292
-308
-336
-349
-362
-374
-389
-407
-421
-420
-416
-394
-364
-329
-275
-220
-121
-11
107
210
309
394
489
520
535
499
473
421
354
255
176
108
69
14
-24
-46
-47
-38
-31
-28
-19
-11
-15
-25
-40
-51
-66
-85
-104
-113
-112
-97
-88
-63
-39
-4
17
44
65
98
109
120
117
127
120
113
93
88
81
84
76
83
91
105
110
119
133
154
164
169
167
169
178
182
174
161
155
154
148
129
110
101
101
90
74
69
75
86
86
82
84
89
91
81
71
63
59
44
29
9
-5
-28
-52
-85
-103
-122
-125
-135
-133
-131
-120
-118
-114
-120
-111
-109
-115
-119
-133
-136
-145
-156
-169
-168
-174
-161
-157
-119
-71
-15
42
108
168
236
280
309
322
319
309
278
237
192
144
96
52
9
-17
-38
-57
-69
-68
-57
-44
-45
-42
-38
-34
-40
-54
-68
-74
-85
-94
-105
-99
-84
-65
-48
-20
13
50
77
101
125
151
169
175
167
160
154
146
130
119
118
121
124
126
137
150
160
161
163
168
175
165
153
134
117
93
63
32
9
-9
-21
-36
-42
-41
-31
-21
-11
3
29
52
77
98
125
146
164
172
181
184
182
167
151
136
124
115
96
79
68
58
48
24
2
-23
-46
-80
-114
-152
-173
-196
-210
-233
-239
-238
-230
-226
-210
-190
-153
-113
-67
-21
29
77
115
154
175
197
200
203
187
177
151
140
103
81
49
32
8
-10
-38
-38
-48
-45
-46
-44
-41
-39
-41
-36
-42
-52
-65
-76
-77
-79
-79
-74
-62
-42
-9
18
48
68
104
135
161
164
170
164
166
151
134
112
100
82
72
60
53
49
42
42
43
44
40
34
28
27
24
26
26
31
42
53
70
92
114
140
159
179
197
213
225
233
243
252
255
258
256
249
238
224
207
185
156
129
101
72
43
15
-7
-24
-43
-62
-77
-88
-101
-120
-142
-160
-179
-203
-224
-243
-253
-263
-267
-267
-258
-246
-218
-188
-140
-95
-42
7
51
94
132
159
174
181
181
186
171
156
133
113
88
62
32
10
-15
-29
-44
-48
-51
-54
-54
-46
-41
-37
-42
-49
-55
-60
-65
-73
-80
-81
-72
-59
-45
-30
-5
19
47
71
89
103
113
114
112
100
87
68
53
44
31
26
26
37
53
71
84
103
129
156
172
180
188
198
205
202
191
187
189
184
174
168
168
176
179
185
193
208
220
228
232
238
235
219
197
170
140
108
65
28
2
-12
-26
-38
-54
-58
-60
-68
-81
-97
-105
-123
-144
-167
-182
-200
-211
-236
-245
-251
-247
-248
-234
-223
-195
-173
-129
-95
-47
-2
34
66
102
124
143
135
125
116
104
86
56
30
18
5
-9
-19
-29
-24
-25
-28
-32
-32
-31
-27
-36
-45
-55
-64
-75
-84
-85
-81
-80
-71
-54
-27
0
23
47
73
97
112
121
126
124
120
115
109
103
94
91
95
104
117
125
136
151
171
187
197
203
205
207
208
206
202
198
192
183
171
165
161
160
157
158
163
171
177
181
190
200
208
207
194
180
158
139
109
82
55
36
17
9
2
-2
-11
-22
-30
-40
-46
-64
-74
-96
-102
-127
-142
-163
-168
-179
-182
-192
-188
-190
-188
-186
-182
-168
-151
-137
-121
-97
-71
-43
-25
-4
16
37
49
56
58
61
59
53
41
32
25
21
9
2
-3
2
2
3
0
6
13
17
8
1
-3
-5
-13
-18
-20
-14
-9
3
16
34
54
72
87
102
114
125
130
130
135
138
145
147
147
148
151
154
155
154
154
154
153
150
145
143
140
140
140
140
147
151
154
154
153
158
163
166
170
172
177
182
186
190
197
200
201
196
185
170
151
131
109
84
64
41
23
9
-1
-23
-37
-51
-57
-62
-69
-80
-95
-105
-120
-130
-149
-155
-176
-184
-197
-198
-204
-204
-211
-206
-201
-188
-173
-162
-142
-125
-96
-76
-52
-34
-12
2
18
20
31
36
45
42
41
43
46
42
36
29
31
34
31
23
18
17
18
13
9
3
4
5
6
8
16
22
33
43
57
72
83
89
91
91
94
93
88
84
79
79
76
78
80
85
89
95
103
116
123
130
135
142
150
157
162
166
169
170
168
164
159
159
162
164
167
171
178
184
187
186
184
180
169
152
136
119
99
73
46
29
18
11
-1
-10
-19
-20
-25
-32
-39
-47
-51
-58
-71
-84
-94
-106
-115
-126
-126
-130
-122
-123
-116
-110
-99
-99
-100
-106
-108
-114
-122
-132
-135
-136
-129
-121
-111
-96
-83
-67
-51
-29
-9
8
21
38
52
67
72
73
72
75
73
68
55
50
41
35
25
17
11
13
10
11
13
22
24
27
28
33
41
43
43
46
50
51
56
57
61
65
77
89
98
104
114
123
135
143
144
145
148
149
148
142
137
134
135
132
133
135
138
139
143
147
152
160
162
163
161
158
149
139
125
111
98
83
63
46
33
26
18
15
12
15
18
23
24
29
26
32
30
29
23
17
8
-1
-14
-28
-39
-48
-56
-70
-80
-94
-97
-106
-107
-117
-118
-127
-131
-140
-146
-148
-145
-143
-136
-126
-111
-89
-74
-59
-44
-22
-6
6
17
32
40
47
45
44
40
32
20
8
1
-3
-6
-6
-6
0
5
12
18
24
23
23
20
18
17
21
21
19
17
16
20
24
24
21
23
29
36
45
53
60
73
84
91
96
100
106
109
113
112
109
106
103
105
105
104
102
101
105
111
113
115
113
117
116
113
110
109
108
108
107
105
105
104
101
98
98
99
93
87
80
75
68
59
47
40
30
20
7
0
-7
-11
-22
-28
-34
-35
-38
-47
-56
-60
-63
-67
-75
-79
-84
-91
-96
-98
-99
-99
-102
-107
-107
-107
-103
-104
-99
-92
-79
-67
-52
-40
-23
-9
10
23
34
38
43
38
36
25
16
3
-7
-14
-15
-18
-21
-26
-28
-25
-22
-18
-19
-18
-23
-22
-21
-16
-20
-16
-16
-8
-5
-1
1
10
12
22
30
37
45
54
63
72
76
77
81
83
86
90
95
97
101
105
112
115
119
124
129
136
139
141
142
142
138
135
131
127
118
105
97
92
87
81
74
69
71
70
69
65
64
65
64
61
59
56
55
52
47
40
36
32
26
23
18
14
6
-8
-19
-28
-34
-46
-55
-60
-63
-64
-66
-66
-65
-62
-65
-65
-62
-58
-59
-62
-63
-61
-57
-58
-56
-52
-44
-39
-31
-26
-21
-17
-15
-15
-17
-19
-24
-30
-40
-46
-52
-53
-62
-65
-67
-61
-60
-57
-56
-49
-43
-38
-36
-34
-33
-31
-31
-29
-23
-17
-9
-7
-1
9
16
30
40
54
67
79
90
98
104
110
116
123
128
124
122
123
124
121
115
108
103
102
103
102
103
102
103
103
104
106
104
101
99
99
98
98
97
99
102
107
111
113
119
121
122
121
121
120
116
105
93
84
78
72
65
56
48
41
34
27
15
6
-4
-14
-25
-33
-42
-46
-51
-56
-60
-61
-62
-62
-63
-65
-67
-62
-59
-54
-51
-46
-41
-32
-28
-23
-23
-18
-20
-24
-30
-37
-41
-44
-49
-57
-62
-66
-70
-73
-75
-77
-76
-76
-74
-73
-69
-67
-63
-56
-49
-39
-31
-23
-14
-5
3
9
12
16
23
26
31
32
35
40
43
47
53
60
69
73
74
80
84
89
86
82
79
77
73
70
66
68
70
73
77
87
95
101
105
112
123
133
139
143
147
150
151
152
150
149
151
148
147
141
136
128
120
108
98
86
79
68
58
48
39
28
20
12
2
-5
-15
-20
-26
-29
-33
-36
-36
-32
-27
-25
-25
-25
-24
-27
-29
-33
-32
-34
-33
-35
-35
-37
-34
-33
-33
-34
-33
-35
-36
-41
-48
-54
-60
-64
-69
-70
-72
-70
-68
-60
-56
-50
-50
-49
-50
-47
-49
-50
-60
-64
-66
-63
-65
-64
-63
-59
-53
-46
-38
-32
-25
-19
-13
-8
-3
0
5
9
19
24
36
42
51
58
67
72
81
85
91
93
98
98
102
105
109
109
109
110
113
116
119
119
123
129
132
135
140
142
144
143
140
137
131
124
116
108
98
90
83
84
82
83
79
78
73
73
67
65
59
56
48
44
36
32
25
18
11
6
2
-1
-8
-13
-13
-10
-8
-9
-8
-6
-5
-4
-8
-12
-12
-14
-12
-11
-9
-8
-9
-14
-16
-18
-22
-25
-27
-34
-36
-43
-47
-49
-49
-55
-62
-68
-69
-70
-73
-77
-81
-84
-87
-91
-86
-83
-76
-74
-69
-65
-54
-49
-44
-40
-34
-27
-22
-13
-8
1
8
19
24
37
42
48
48
51
51
55
55
56
55
60
60
59
58
57
55
57
58
65
70
72
76
80
82
84
84
86
91
96
102
105
111
116
121
121
123
120
119
115
110
100
91
78
71
62
57
51
49
47
47
46
48
49
48
48
46
44
43
44
40
39
37
35
33
34
30
28
24
23
19
12
1
-5
-9
-16
-23
-28
-28
-28
-30
-32
-35
-40
-45
-49
-50
-47
-46
-49
-51
-53
-53
-55
-57
-60
-62
-63
-65
-68
-70
-70
-71
-70
-69
-65
-63
-61
-55
-48
-37
-28
-24
-20
-18
-16
-18
-21
-25
-27
-29
-32
-37
-39
-38
-37
-36
-33
-30
-21
-14
-7
-1
6
12
20
23
26
31
35
39
48
52
59
65
67
72
75
77
80
82
86
87
85
82
81
78
78
75
74
70
67
62
64
67
69
72
73
72
74
79
82
81
79
73
70
67
63
58
54
48
41
37
35
32
30
26
24
21
17
13
9
7
3
-1
-2
-1
1
0
0
-2
-4
-5
-7
-4
-2
-5
-11
-15
-17
-20
-24
-27
-32
-33
-39
-39
-41
-39
-42
-42
-42
-42
-43
-43
-47
-53
-55
-59
-60
-62
-62
-66
-67
-69
-68
-65
-61
-57
-56
-56
-56
-56
-56
-56
-52
-49
-43
-38
-33
-28
-23
-19
-15
-6
4
13
19
23
26
30
33
35
40
42
44
46
49
51
52
55
57
60
62
67
72
74
75
74
76
76
74
72
72
72
71
73
73
76
78
79
80
80
79
74
72
69
66
60
55
52
51
49
48
46
45
44
44
43
44
45
44
44
42
43
45
47
47
46
47
51
54
54
55
56
55
52
48
41
36
30
21
14
7
-2
-9
-15
-18
-23
-27
-30
-32
-31
-32
-34
-37
-41
-43
-46
-49
-51
-46
-44
-43
-43
-42
-38
-38
-38
-38
-38
-38
-39
-39
-40
-39
-38
-37
-36
-31
-25
-17
-12
-3
4
12
20
25
30
33
36
36
35
34
34
30
27
26
25
24
25
27
33
39
44
44
48
54
58
60
61
59
61
62
60
56
57
57
58
61
62
64
63
65
67
70
70
70
66
66
64
63
62
62
63
61
59
58
57
60
59
61
64
67
69
70
69
68
69
70
64
60
59
57
51
45
40
39
38
34
27
20
14
8
3
-1
-4
-5
-11
-16
-17
-17
-21
-26
-30
-33
-33
-35
-40
-42
-42
-43
-41
-41
-39
-38
-36
-34
-34
-30
-28
-26
-24
-23
-22
-21
-20
-19
-17
-16
-18
-18
-19
-17
-13
-10
-9
-8
-7
-6
-6
-5
-2
-1
2
3
7
10
12
12
13
12
13
18
22
24
26
31
34
38
40
40
42
45
48
52
55
60
63
67
68
69
69
66
62
59
59
59
57
54
54
55
56
58
56
55
56
58
62
64
65
66
67
67
67
64
62
60
60
58
58
56
52
51
50
46
42
39
35
33
27
25
23
23
24
24
22
20
18
16
17
16
13
12
13
12
11
8
8
7
6
4
1
-1
-3
-7
-11
-14
-16
-15
-15
-15
-18
-18
-17
-17
-15
-14
-13
-14
-13
-12
-12
-10
-10
-8
-7
-7
-9
-8
-7
-3
0
0
1
1
4
9
14
18
23
23
27
29
34
39
44
48
52
55
57
59
60
61
61
59
58
57
55
50
46
47
48
49
48
48
52
55
56
57
55
58
61
60
58
59
61
65
66
66
66
67
68
63
61
60
57
57
56
55
55
54
54
54
53
51
49
47
47
46
44
44
43
48
49
49
49
50
52
49
45
40
38
36
31
28
24
23
20
17
13
10
9
8
8
3
0
-2
-5
-6
-8
-8
-9
-11
-11
-10
-11
-14
-17
-18
-15
-13
-12
-15
-15
-16
-14
-10
-6
-4
-4
-3
-1
1
4
5
6
8
10
17
22
27
29
31
32
33
32
35
34
34
35
31
25
22
22
22
22
21
23
25
27
32
33
34
36
37
39
40
41
41
41
40
37
35
35
36
40
40
42
45
48
52
57
58
58
57
56
53
51
51
47
47
47
49
53
53
54
54
55
56
56
55
51
49
47
46
45
43
41
40
38
35
32
28
26
23
19
17
15
13
11
8
8
8
6
2
3
3
3
2
-1
-1
-1
1
1
-1
-4
-6
-9
-9
-14
-16
-18
-17
-16
-17
-17
-13
-7
-5
-4
-2
-1
3
5
7
7
9
11
17
16
15
12
10
14
15
11
8
7
7
5
2
-1
-2
-1
1
1
-1
3
7
9
9
12
17
21
22
24
26
29
31
30
28
29
31
31
33
31
30
32
34
36
36
36
40
43
43
42
41
40
39
38
38
39
42
43
43
41
40
37
36
35
34
32
28
25
24
25
23
21
21
19
20
20
21
21
19
19
19
19
20
20
19
20
19
18
17
16
14
11
11
8
6
1
-2
-3
-3
-3
-5
-8
-8
-9
-11
-11
-9
-8
-7
-7
-9
-10
-7
-5
-3
-3
-6
-8
-7
-6
-6
-8
-11
-14
-15
-17
-16
-15
-16
-15
-11
-6
-1
0
-3
-3
-2
-3
-3
-4
-5
-2
0
1
4
6
10
14
17
20
20
20
20
21
20
17
15
15
16
18
19
22
24
27
30
31
30
29
27
24
21
19
17
18
18
19
20
21
20
21
23
24
21
21
22
25
27
26
26
25
25
27
26
25
25
25
25
24
24
21
23
21
20
18
14
13
13
11
11
8
11
10
7
1
-3
-7
-7
-6
-7
-10
-12
-16
-19
-20
-18
-18
-20
-20
-21
-21
-21
-19
-22
-22
-24
-24
-25
-26
-26
-24
-21
-20
-18
-17
-15
-13
-14
-15
-14
-11
-9
-10
-10
-8
-4
0
0
-2
-3
-3
-3
-2
-1
-1
0
2
5
8
6
6
6
6
9
8
6
3
1
1
-1
0
1
2
4
5
5
8
10
9
8
8
7
9
8
8
8
11
14
17
18
17
17
16
17
21
22
24
24
23
25
29
31
32
32
31
30
29
26
25
24
24
23
20
19
16
12
9
6
4
3
3
-1
-3
-4
-5
-8
-9
-10
-9
-6
-7
-10
-10
-10
-9
-11
-13
-12
-12
-11
-10
-10
-9
-7
-7
-8
-11
-11
-10
-10
-13
-15
-16
-14
-12
-10
-9
-8
-5
-3
-1
1
1
-1
-4
-5
-5
-4
-3
-5
-6
-7
-11
-12
-13
-11
-9
-6
-4
-2
-1
0
1
0
1
2
5
4
4
4
6
4
5
7
6
6
5
5
6
8
11
12
15
18
20
21
24
26
27
29
28
27
27
28
30
30
27
26
25
25
24
24
22
20
19
18
17
19
21
18
15
14
16
16
15
13
13
11
10
9
9
9
9
7
6
4
1
-2
-3
-5
-5
-2
-1
4
5
4
3
3
2
3
1
3
4
5
4
1
1
3
5
3
1
0
-1
0
1
0
-1
-2
-4
-7
-7
-4
0
1
1
0
0
-1
1
1
2
3
4
2
1
2
3
4
7
8
8
6
5
6
6
8
7
8
9
11
16
17
18
19
23
24
24
20
19
20
19
19
18
19
20
19
19
18
19
19
18
18
16
14
12
13
13
15
17
17
21
21
22
21
23
24
25
24
24
23
23
22
20
18
18
17
17
15
15
17
15
14
12
12
13
15
15
13
12
10
9
8
10
10
11
10
10
11
9
5
4
0
-2
-3
-5
-7
-7
-5
-8
-7
-6
-5
-5
-6
-9
-11
-11
-9
-9
-11
-10
-10
-11
-13
-15
-16
-13
-10
-11
-11
-9
-8
-7
-7
-7
-7
-7
-6
-5
-3
-3
0
-1
-2
-2
-1
-1
-3
-5
-8
-7
-6
-4
-2
-1
-3
-2
-1
-2
-2
-3
-3
0
-1
-1
-1
1
2
1
0
0
3
5
5
2
-1
-3
-2
-1
-2
-2
-3
-3
-1
3
5
6
6
6
8
9
10
8
9
9
9
7
5
4
4
6
7
7
8
5
4
2
1
2
-2
-4
-4
-4
-4
-5
-7
-5
-6
-9
-9
-10
-9
-10
-12
-12
-12
-11
-10
-12
-12
-13
-12
-11
-9
-10
-11
-12
-12
-12
-12
-14
-13
-10
-7
-7
-6
-6
-7
-4
-4
-3
-4
-6
-8
-10
-10
-10
-9
-11
-10
-11
-11
-11
-11
-10
-8
-8
-7
-7
-10
-10
-10
-7
-4
-5
-7
-6
-4
-5
-6
-6
-5
-5
-5
-3
-5
-5
-4
-2
-3
-3
-5
-4
-3
0
3
6
8
8
8
6
5
6
9
11
11
11
12
14
15
15
14
15
14
12
11
10
9
7
6
3
1
1
4
5
7
6
8
10
9
5
2
-2
-2
-2
-4
-4
-4
-5
-6
-7
-9
-10
-9
-9
-11
-11
-9
-7
-6
-4
-4
-3
-1
0
-1
-2
-3
-4
-4
-5
-6
-5
-5
-7
-10
-12
-10
-9
-9
-10
-13
-15
-15
-16
-13
-12
-12
-12
-14
-15
-12
-11
-12
-14
-13
-12
-12
-12
-13
-12
-11
-12
-11
-12
-9
-8
-9
-8
-8
-6
-6
-8
-9
-9
-7
-5
-6
-8
-7
-7
-3
0
-2
0
-1
0
0
0
2
2
3
2
0
1
-1
-1
-2
-1
-2
-2
-2
1
0
0
-1
-2
1
3
5
5
5
5
4
5
4
3
5
5
2
2
4
4
3
2
0
1
1
-1
-5
-7
-6
-4
-3
-6
-8
-8
-8
-10
-11
-11
-11
-9
-9
-7
-9
-7
-7
-7
-9
-11
-10
-10
-10
-13
-14
-16
-16
-18
-20
-22
-24
-23
-23
-20
-18
-18
-18
-16
-15
-14
-16
-17
-18
-17
-14
-13
-15
-17
-15
-12
-9
-10
-14
-14
-11
-8
-6
-6
-7
-8
-7
-8
-10
-11
-12
-10
-10
-11
-12
-12
-13
-12
-11
-8
-7
-6
-7
-6
-6
-5
-6
-8
-7
-5
-4
-5
-3
-4
-4
-5
-3
-1
2
4
5
5
6
8
7
7
7
8
10
11
9
8
8
7
7
7
6
5
5
3
3
4
4
2
2
1
0
0
2
2
0
-4
-4
-4
-2
-2
-4
-4
-5
-7
-6
-8
-8
-6
-6
-7
-6
-5
-3
-2
-1
-2
-4
-5
-5
-2
-1
-1
-2
-5
-3
-2
-2
-4
-6
-7
-6
-7
-8
-7
-5
-1
1
0
-1
-1
0
0
0
-2
-4
-4
-3
-4
-4
-5
-6
-4
-5
-4
-6
-7
-5
0
2
4
3
0
-1
0
1
0
1
2
1
3
3
2
4
8
8
9
8
7
9
12
13
11
11
11
13
13
15
14
14
14
15
15
14
13
12
11
12
11
10
10
12
15
18
19
17
15
16
15
15
15
14
12
10
7
6
4
4
6
8
8
7
6
5
6
6
5
2
2
1
2
1
3
3
2
1
1
3
2
2
1
2
2
4
3
3
1
1
2
0
0
-1
-2
-4
-4
-2
-2
-2
-6
-8
-7
-5
-2
-1
0
1
2
1
-1
-5
-5
-5
-4
-2
-1
1
1
-1
-1
1
1
2
1
2
4
6
7
7
5
5
5
4
5
8
9
10
9
11
13
11
10
9
10
12
11
9
9
9
12
12
11
10
10
10
11
11
12
14
15
15
13
11
13
15
16
17
17
18
18
17
17
15
15
15
14
12
11
10
10
10
11
13
11
10
8
7
7
7
5
4
6
9
10
7
6
5
7
7
6
5
3
4
4
4
4
3
0
2
4
2
1
0
1
0
0
2
4
3
1
0
1
2
0
0
1
3
5
5
5
3
1
-1
-2
-3
1
4
3
2
3
2
6
9
10
8
8
9
11
12
11
9
10
9
9
7
6
4
5
5
5
6
10
11
13
12
12
13
15
12
12
9
9
12
14
15
12
12
12
11
11
12
13
12
13
13
15
16
14
16
15
16
16
16
15
16
15
14
13
15
15
15
15
10
7
7
10
10
8
7
8
8
8
6
4
2
1
2
1
2
1
4
5
6
6
6
9
8
7
6
7
7
4
4
5
4
3
2
0
1
3
3
2
4
5
5
6
4
5
5
3
1
1
1
1
2
3
3
3
3
4
4
4
2
1
1
3
4
4
4
4
6
7
6
5
4
2
-1
1
3
6
6
6
7
5
5
6
9
9
8
7
4
6
7
9
9
11
10
8
7
6
6
6
6
9
10
14
17
17
15
15
14
12
13
12
11
12
12
12
11
8
9
11
10
8
7
8
10
10
10
8
9
8
5
3
2
2
1
0
0
0
1
3
3
3
4
7
8
10
11
12
12
11
8
6
6
6
5
3
0
1
3
5
5
5
4
1
1
2
1
1
0
1
1
1
-2
-3
-3
-3
0
1
1
3
3
2
1
1
1
2
-2
-4
-2
-1
0
-1
-2
0
1
1
2
3
4
5
5
3
1
1
1
0
0
0
-1
1
2
3
3
4
3
2
2
4
4
6
7
9
10
10
9
5
5
6
5
5
5
5
5
4
3
3
4
6
6
7
8
9
8
7
6
6
7
9
6
6
5
6
8
8
7
5
5
6
6
5
4
5
6
4
3
4
4
5
5
5
4
3
4
4
5
3
1
0
0
1
1
0
-1
-1
1
2
3
1
1
0
-1
0
2
2
-1
-6
-8
-9
-6
-5
-4
-3
1
3
4
2
-1
-1
-1
-2
-2
-5
-1
3
2
0
1
0
0
-3
-5
-3
-5
-4
-2
-1
0
0
1
2
2
3
3
4
3
4
4
4
5
7
7
4
3
4
6
7
8
6
6
9
10
10
8
6
6
5
4
4
4
8
12
12
12
11
8
10
11
11
11
10
11
14
14
14
14
12
10
9
9
9
8
7
7
7
6
7
6
6
8
9
7
6
7
9
10
11
12
13
13
12
11
10
9
8
5
3
3
3
4
5
5
6
6
7
7
5
4
4
6
9
10
10
10
10
11
11
9
6
5
7
6
7
8
8
9
9
9
10
9
10
12
11
8
7
8
10
11
10
9
8
10
9
10
12
14
17
17
17
16
14
13
12
12
12
13
14
14
16
15
14
12
11
11
9
9
8
8
10
12
14
14
13
11
11
12
12
14
14
12
12
10
10
11
10
9
9
8
7
5
6
7
10
13
13
11
9
9
8
8
10
12
14
13
11
8
9
9
11
11
8
7
8
9
9
10
9
7
7
6
6
6
10
10
6
4
2
3
2
1
0
2
3
3
4
5
4
4
2
2
1
-1
-3
-3
-3
-2
0
-2
-4
-5
-3
-1
1
1
0
-1
-2
0
2
4
6
5
5
5
5
6
6
5
5
5
7
7
5
2
1
3
4
4
5
6
5
6
6
7
6
7
4
2
3
5
7
8
10
12
11
10
9
8
8
9
9
8
8
9
10
7
5
6
7
9
9
8
6
7
6
6
6
5
5
6
7
7
8
7
8
11
11
11
9
8
9
8
6
7
8
10
11
11
10
9
8
9
9
9
11
8
5
5
7
8
7
4
4
6
7
8
6
3
3
5
6
6
6
5
7
9
7
6
7
8
10
9
7
8
9
9
9
6
5
7
9
9
9
9
8
8
9
9
9
7
7
9
10
11
9
7
6
4
4
3
4
4
5
4
6
6
6
6
5
4
3
3
2
5
5
5
6
6
4
2
0
3
4
4
4
3
3
3
3
5
6
9
10
10
9
7
5
6
5
1
1
-1
0
2
1
0
2
3
5
7
6
6
4
3
5
6
6
5
5
6
6
5
4
2
2
4
3
0
-1
-2
1
3
3
0
1
2
2
3
3
1
1
1
3
2
2
2
2
1
2
2
2
3
3
5
4
1
2
0
1
2
1
-1
-3
-1
0
-1
-1
-1
-1
1
5
5
1
2
1
3
4
6
5
5
2
2
2
2
0
-1
1
2
2
2
1
