-46
-44
-42
-43
-46
-47
-47
-45
-47
-46
-47
-47
-48
-48
-48
-47
-44
-43
-44
-44
-42
-45
-46
-45
-44
-44
-44
-46
-45
-44
-45
-46
-45
-47
-46
-45
-44
-44
-45
-44
-43
-42
-43
-45
-48
-48
-47
-45
-45
-45
-46
-46
-46
-46
-46
-49
-47
-45
-44
-44
-45
-47
-48
-47
-46
-45
-43
-42
-43
-41
-38
-38
-41
-41
-43
-42
-40
-40
-39
-40
-41
-41
-42
-40
-40
-41
-41
-40
-37
-36
-36
-38
-40
-39
-39
-38
-37
-38
-38
-43
-43
-41
-37
-36
-40
-42
-43
-39
-36
-36
-37
-37
-36
-37
-35
-37
-39
-39
-40
-40
-39
-37
-39
-40
-39
-37
-37
-38
-38
-39
-38
-39
-39
-39
-39
-38
-38
-37
-39
-41
-41
-41
-43
-44
-44
-45
-46
-45
-43
-42
-41
-40
-41
-43
-44
-44
-45
-44
-43
-42
-42
-39
-37
-37
-39
-40
-39
-36
-36
-38
-38
-37
-34
-32
-33
-36
-36
-36
-35
-35
-34
-36
-36
-35
-34
-31
-31
-36
-38
-39
-38
-38
-37
-35
-35
-35
-35
-37
-39
-39
-39
-37
-35
-35
-36
-39
-37
-35
-35
-36
-38
-38
-37
-36
-37
-38
-38
-38
-38
-37
-37
-38
-39
-38
-38
-39
-37
-36
-35
-34
-33
-34
-33
-32
-31
-32
-33
-34
-33
-30
-29
-29
-32
-36
-36
-36
-36
-33
-34
-34
-32
-32
-33
-33
-33
-29
-29
-30
-32
-34
-34
-34
-33
-31
-32
-32
-31
-34
-34
-34
-35
-37
-37
-34
-32
-33
-35
-34
-33
-33
-34
-33
-35
-36
-36
-35
-37
-36
-35
-36
-37
-39
-37
-34
-31
-33
-37
-36
-34
-35
-33
-36
-35
-35
-34
-33
-34
-36
-35
-30
-27
-26
-31
-34
-36
-35
-31
-31
-29
-28
-28
-29
-31
-33
-32
-33
-33
-30
-28
-27
-31
-32
-34
-33
-32
-30
-32
-31
-31
-31
-28
-26
-26
-29
-32
-32
-29
-28
-29
-32
-32
-32
-32
-30
-30
-30
-28
-27
-27
-28
-29
-26
-25
-28
-28
-29
-28
-30
-31
-31
-31
-29
-28
-27
-27
-29
-31
-30
-27
-25
-27
-31
-33
-32
-30
-28
-27
-25
-24
-27
-28
-29
-28
-29
-28
-28
-26
-24
-26
-25
-28
-30
-30
-30
-30
-32
-31
-31
-31
-31
-32
-33
-32
-32
-32
-32
-31
-32
-30
-29
-27
-27
-28
-30
-31
-32
-31
-30
-32
-34
-34
-30
-28
-28
-31
-33
-32
-29
-29
-28
-28
-27
-25
-24
-25
-26
-28
-27
-26
-27
-25
-24
-27
-30
-29
-28
-27
-29
-31
-32
-31
-32
-32
-30
-26
-24
-25
-26
-27
-25
-23
-23
-22
-22
-21
-21
-21
-22
-23
-24
-24
-24
-22
-22
-23
-23
-23
-24
-25
-25
-26
-25
-23
-22
-24
-23
-24
-23
-24
-23
-23
-22
-22
-21
-22
-21
-20
-21
-22
-24
-23
-21
-21
-21
-20
-20
-20
-19
-20
-22
-21
-19
-18
-18
-19
-19
-20
-20
-19
-20
-21
-22
-21
-21
-22
-23
-25
-24
-22
-22
-23
-21
-20
-19
-20
-22
-21
-21
-23
-23
-22
-22
-21
-20
-22
-24
-23
-21
-19
-18
-17
-17
-17
-18
-18
-18
-18
-17
-18
-18
-18
-20
-22
-23
-19
-19
-17
-17
-17
-16
-16
-18
-20
-22
-19
-18
-16
-17
-19
-20
-18
-19
-19
-20
-20
-19
-16
-17
-18
-18
-18
-18
-17
-16
-17
-17
-18
-19
-20
-20
-18
-19
-19
-20
-21
-19
-18
-18
-17
-19
-20
-19
-18
-16
-17
-19
-17
-16
-16
-17
-14
-14
-15
-18
-20
-19
-19
-18
-20
-20
-20
-20
-18
-18
-18
-19
-19
-21
-22
-22
-19
-17
-18
-21
-20
-19
-20
-22
-23
-24
-23
-21
-23
-24
-26
-26
-25
-22
-23
-23
-21
-21
-20
-19
-22
-23
-23
-21
-22
-22
-23
-25
-26
-27
-27
-26
-25
-23
-23
-23
-22
-22
-22
-21
-22
-23
-23
-24
-23
-22
-23
-26
-26
-26
-25
-23
-24
-24
-23
-24
-26
-28
-28
-28
-26
-25
-28
-28
-30
-26
-25
-26
-28
-30
-31
-30
-30
-30
-31
-31
-32
-30
-31
-30
-32
-31
-30
-31
-31
-32
-31
-31
-29
-29
-28
-29
-31
-30
-29
-28
-30
-28
-28
-30
-31
-31
-31
-31
-33
-35
-32
-29
-30
-31
-34
-34
-33
-32
-33
-34
-33
-31
-28
-26
-28
-30
-30
-29
-28
-29
-30
-30
-31
-30
-28
-29
-30
-31
-32
-32
-32
-32
-31
-31
-29
-29
-28
-30
-31
-30
-30
-28
-28
-28
-29
-29
-30
-31
-32
-33
-33
-33
-32
-30
-31
-33
-33
-34
-32
-32
-32
-31
-30
-29
-31
-31
-31
-32
-31
-30
-30
-30
-31
-32
-31
-29
-29
-30
-29
-28
-29
-28
-28
-26
-26
-24
-24
-23
-23
-23
-23
-25
-28
-29
-30
-29
-28
-26
-25
-25
-26
-27
-26
-27
-27
-27
-28
-31
-32
-34
-33
-31
-29
-29
-28
-29
-28
-29
-28
-28
-29
-30
-31
-29
-27
-26
-27
-27
-28
-27
-25
-26
-27
-24
-25
-26
-25
-25
-25
-26
-28
-27
-25
-25
-24
-27
-29
-30
-30
-31
-32
-32
-31
-31
-30
-30
-30
-31
-33
-36
-34
-33
-31
-33
-38
-38
-36
-33
-30
-31
-33
-35
-36
-33
-31
-31
-33
-35
-33
-32
-33
-34
-34
-33
-32
-32
-34
-35
-32
-31
-35
-36
-35
-35
-35
-35
-35
-34
-32
-34
-34
-36
-35
-35
-36
-35
-35
-35
-33
-33
-34
-35
-37
-38
-37
-37
-38
-37
-35
-35
-37
-34
-34
-35
-35
-35
-35
-34
-32
-32
-33
-34
-36
-35
-36
-35
-35
-37
-36
-34
-33
-34
-35
-36
-36
-34
-34
-34
-34
-33
-31
-32
-32
-33
-33
-35
-35
-32
-31
-32
-33
-33
-32
-28
-28
-30
-32
-32
-30
-31
-33
-34
-32
-31
-31
-35
-39
-38
-36
-34
-35
-37
-36
-35
-33
-33
-35
-35
-34
-33
-32
-34
-35
-34
-34
-32
-33
-34
-31
-30
-33
-35
-36
-36
-34
-34
-36
-38
-35
-33
-34
-34
-35
-35
-35
-34
-34
-34
-32
-33
-33
-34
-36
-37
-37
-37
-34
-33
-34
-35
-36
-38
-38
-38
-38
-36
-36
-36
-35
-36
-38
-39
-40
-37
-37
-36
-36
-36
-38
-40
-40
-40
-40
-41
-42
-42
-38
-36
-37
-36
-36
-34
-34
-37
-39
-39
-41
-38
-37
-38
-37
-37
-38
-38
-37
-37
-35
-35
-36
-36
-34
-35
-37
-39
-38
-37
-37
-37
-39
-38
-35
-33
-32
-31
-31
-34
-34
-36
-33
-33
-33
-32
-33
-33
-31
-30
-32
-33
-33
-32
-32
-34
-34
-34
-33
-33
-32
-33
-34
-34
-35
-36
-33
-31
-29
-30
-29
-29
-29
-30
-32
-34
-32
-31
-31
-31
-31
-31
-31
-32
-31
-29
-27
-28
-28
-29
-27
-26
-25
-26
-25
-24
-23
-22
-26
-28
-29
-29
-26
-27
-29
-31
-30
-29
-30
-31
-29
-29
-27
-27
-28
-28
-28
-29
-28
-27
-27
-27
-26
-25
-26
-26
-25
-26
-25
-26
-24
-24
-23
-23
-22
-21
-21
-22
-23
-22
-21
-22
-23
-24
-24
-24
-21
-23
-27
-29
-28
-27
-25
-24
-25
-24
-23
-23
-24
-24
-25
-26
-24
-23
-23
-24
-26
-27
-26
-27
-29
-28
-27
-25
-25
-26
-24
-24
-23
-23
-25
-26
-25
-23
-22
-23
-25
-23
-22
-22
-25
-26
-25
-23
-25
-25
-26
-24
-20
-19
-19
-22
-25
-24
-25
-26
-24
-24
-23
-24
-23
-20
-20
-23
-28
-25
-22
-20
-22
-25
-24
-23
-23
-24
-26
-26
-24
-25
-23
-25
-25
-23
-24
-23
-24
-26
-27
-27
-28
-27
-26
-28
-29
-27
-26
-23
-24
-26
-29
-31
-30
-30
-29
-30
-30
-30
-33
-33
-31
-29
-29
-31
-34
-35
-31
-29
-29
-29
-32
-30
-29
-28
-29
-30
-31
-30
-31
-30
-27
-26
-25
-26
-28
-28
-28
-25
-26
-25
-26
-26
-26
-25
-25
-26
-28
-28
-27
-27
-26
-27
-26
-28
-29
-28
-27
-26
-28
-29
-28
-26
-26
-26
-27
-27
-30
-31
-29
-28
-27
-28
-29
-29
-28
-27
-23
-20
-21
-25
-25
-24
-23
-23
-24
-27
-26
-25
-24
-22
-21
-21
-22
-23
-23
-18
-18
-17
-18
-19
-19
-20
-21
-20
-21
-22
-22
-22
-21
-21
-20
-20
-23
-23
-21
-19
-18
-20
-24
-27
-25
-22
-21
-22
-23
-21
-19
-20
-21
-24
-26
-25
-25
-25
-22
-21
-20
-22
-25
-26
-24
-24
-24
-26
-26
-23
-20
-18
-18
-20
-21
-21
-21
-24
-24
-23
-23
-23
-24
-23
-22
-22
-22
-25
-25
-23
-22
-22
-22
-22
-23
-24
-23
-24
-22
-20
-20
-21
-23
-21
-20
-21
-21
-22
-23
-23
-22
-23
-22
-22
-23
-20
-20
-20
-23
-23
-21
-20
-20
-21
-24
-24
-23
-22
-22
-22
-23
-24
-24
-25
-23
-24
-24
-23
-25
-26
-25
-24
-24
-23
-24
-25
-24
-25
-25
-27
-28
-26
-26
-26
-26
-25
-26
-26
-25
-25
-26
-27
-29
-28
-28
-28
-29
-31
-31
-31
-30
-30
-29
-29
-31
-32
-32
-31
-31
-31
-31
-30
-30
-31
-29
-29
-30
-31
-31
-34
-35
-35
-37
-35
-35
-35
-35
-34
-34
-33
-35
-35
-36
-37
-36
-34
-31
-32
-32
-36
-36
-35
-35
-34
-32
-31
-30
-29
-29
-31
-34
-34
-34
-32
-30
-30
-30
-33
-34
-34
-32
-30
-31
-32
-33
-35
-37
-34
-32
-30
-29
-29
-30
-30
-30
-30
-31
-33
-34
-33
-30
-28
-29
-31
-31
-31
-31
-34
-34
-33
-31
-30
-29
-28
-28
-29
-31
-31
-31
-29
-28
-28
-28
-28
-29
-29
-30
-31
-32
-33
-33
-33
-33
-36
-38
-35
-33
-32
-32
-32
-32
-32
-31
-33
-36
-35
-34
-33
-35
-36
-37
-36
-35
-34
-35
-37
-38
-39
-41
-42
-41
-39
-37
-38
-38
-39
-40
-39
-38
-40
-40
-39
-37
-36
-35
-39
-39
-39
-38
-39
-39
-35
-33
-32
-34
-35
-35
-34
-32
-33
-35
-36
-35
-34
-35
-35
-34
-34
-34
-36
-36
-37
-35
-35
-35
-34
-33
-34
-36
-37
-37
-36
-37
-39
-39
-42
-41
-38
-36
-36
-34
-34
-34
-35
-37
-38
-37
-38
-37
-37
-34
-33
-33
-35
-36
-36
-37
-37
-38
-38
-35
-34
-34
-35
-37
-37
-36
-36
-38
-38
-39
-38
-37
-36
-36
-36
-37
-36
-36
-35
-34
-35
-36
-35
-35
-34
-35
-34
-33
-32
-33
-34
-36
-38
-36
-35
-36
-35
-35
-35
-34
-33
-34
-34
-37
-37
-34
-33
-33
-33
-32
-30
-31
-34
-35
-36
-36
-36
-36
-36
-35
-33
-33
-35
-35
-36
-35
-34
-33
-33
-33
-33
-33
-35
-35
-32
-32
-32
-33
-34
-33
-31
-31
-30
-29
-29
-29
-28
-28
-28
-26
-25
-28
-27
-27
-26
-26
-28
-29
-28
-29
-26
-27
-27
-27
-27
-25
-25
-25
-26
-27
-28
-28
-25
-26
-26
-28
-29
-25
-23
-23
-23
-25
-26
-26
-25
-25
-24
-25
-24
-22
-24
-22
-21
-20
-19
-20
-21
-20
-19
-21
-23
-24
-22
-18
-16
-16
-17
-18
-18
-19
-21
-22
-23
-21
-19
-19
-18
-19
-18
-19
-18
-19
-18
-21
-23
-25
-25
-24
-25
-26
-25
-25
-23
-22
-24
-25
-24
-24
-24
-25
-22
-22
-21
-22
-24
-26
-25
-25
-24
-24
-24
-25
-24
-22
-22
-23
-23
-25
-26
-26
-27
-26
-25
-22
-21
-22
-23
-24
-23
-22
-21
-20
-19
-21
-23
-23
-22
-20
-20
-18
-18
-18
-19
-19
-19
-16
-15
-17
-16
-17
-18
-20
-19
-20
-21
-23
-23
-20
-17
-14
-14
-16
-19
-20
-21
-20
-18
-17
-18
-19
-20
-17
-18
-19
-20
-22
-21
-18
-20
-20
-19
-18
-15
-15
-16
-17
-16
-18
-18
-19
-20
-20
-19
-17
-18
-18
-19
-18
-18
-18
-18
-17
-16
-16
-17
-16
-15
-13
-13
-15
-15
-16
-14
-14
-15
-18
-19
-19
-19
-17
-17
-17
-17
-16
-16
-15
-16
-17
-17
-17
-17
-18
-18
-18
-18
-16
-15
-16
-17
-17
-16
-16
-16
-16
-17
-18
-16
-15
-14
-15
-16
-17
-15
-13
-13
-12
-13
-11
-12
-14
-15
-13
-11
-10
-10
-11
-11
-12
-13
-15
-16
-15
-14
-11
-14
-16
-16
-16
-16
-15
-13
-12
-15
-16
-18
-18
-16
-14
-14
-14
-13
-13
-10
-8
-10
-10
-11
-12
-11
-11
-12
-12
-13
-12
-11
-9
-8
-9
-10
-11
-9
-8
-7
-8
-5
-5
-8
-13
-14
-14
-12
-12
-12
-12
-10
-7
-6
-9
-12
-14
-16
-17
-17
-16
-17
-17
-18
-19
-18
-18
-18
-17
-18
-17
-16
-15
-17
-19
-19
-19
-17
-15
-15
-16
-16
-16
-15
-18
-18
-16
-17
-15
-16
-18
-16
-16
-16
-14
-15
-16
-17
-18
-17
-16
-16
-16
-14
-14
-14
-14
-16
-16
-18
-20
-19
-19
-19
-19
-21
-19
-21
-21
-24
-26
-24
-22
-20
-22
-23
-23
-22
-21
-22
-23
-22
-20
-19
-18
-20
-21
-20
-22
-24
-24
-23
-22
-24
-25
-23
-22
-22
-22
-23
-23
-24
-22
-24
-25
-22
-23
-20
-20
-21
-23
-21
-21
-21
-21
-22
-23
-21
-22
-24
-25
-23
-21
-19
-19
-20
-22
-23
-22
-23
-21
-18
-18
-19
-19
-20
-21
-19
-19
-22
-22
-21
-21
-20
-21
-21
-19
-19
-22
-22
-22
-21
-21
-23
-22
-21
-20
-19
-22
-24
-24
-24
-24
-23
-21
-18
-18
-18
-20
-20
-20
-21
-20
-22
-21
-23
-24
-26
-26
-24
-22
-25
-27
-28
-26
-23
-23
-23
-26
-26
-25
-26
-25
-26
-26
-27
-26
-23
-23
-26
-27
-24
-23
-21
-21
-23
-24
-23
-24
-24
-24
-24
-25
-25
-25
-26
-26
-24
-23
-23
-22
-21
-21
-20
-20
-20
-17
-18
-18
-19
-21
-21
-22
-24
-25
-25
-25
-24
-23
-24
-26
-26
-26
-25
-24
-24
-23
-23
-25
-25
-25
-26
-26
-25
-24
-23
-23
-23
-22
-24
-24
-23
-24
-26
-27
-27
-26
-27
-28
-29
-29
-29
-28
-26
-26
-27
-27
-28
-28
-29
-28
-27
-28
-28
-29
-29
-30
-30
-30
-30
-30
-31
-29
-28
-29
-29
-30
-31
-29
-29
-28
-29
-29
-28
-27
-27
-29
-27
-28
-28
-27
-28
-27
-26
-24
-26
-26
-28
-28
-28
-29
-28
-26
-26
-24
-26
-27
-28
-28
-28
-28
-29
-30
-28
-29
-27
-27
-28
-29
-29
-28
-29
-29
-29
-30
-30
-29
-30
-32
-32
-31
-29
-27
-28
-32
-31
-29
-30
-30
-29
-29
-29
-29
-30
-30
-31
-31
-30
-28
-26
-27
-27
-29
-29
-28
-26
-28
-28
-29
-31
-33
-33
-32
-30
-28
-29
-31
-32
-31
-29
-28
-30
-33
-33
-31
-30
-29
-30
-31
-29
-29
-29
-30
-32
-32
-31
-32
-34
-32
-31
-31
-31
-35
-36
-35
-32
-31
-32
-33
-34
-33
-31
-33
-34
-33
-32
-34
-35
-34
-31
-31
-35
-35
-34
-32
-30
-29
-31
-31
-33
-33
-33
-35
-34
-33
-33
-34
-36
-37
-35
-35
-37
-39
-39
-36
-33
-33
-36
-39
-40
-39
-37
-35
-35
-35
-36
-37
-36
-37
-37
-35
-35
-35
-37
-37
-34
-34
-36
-38
-40
-39
-38
-37
-40
-40
-37
-35
-32
-33
-37
-37
-35
-34
-33
-33
-34
-33
-35
-35
-34
-33
-33
-33
-36
-36
-34
-34
-33
-33
-32
-31
-31
-32
-32
-32
-30
-30
-30
-32
-33
-33
-33
-32
-31
-31
-32
-32
-31
-30
-31
-32
-32
-31
-30
-31
-32
-31
-32
-33
-33
-34
-34
-32
-32
-32
-32
-29
-31
-32
-36
-37
-35
-34
-33
-33
-34
-32
-32
-32
-32
-33
-34
-33
-32
-31
-30
-31
-32
-32
-32
-33
-35
-34
-32
-32
-31
-32
-33
-33
-31
-32
-33
-34
-35
-34
-33
-33
-35
-39
-38
-36
-34
-34
-37
-35
-33
-32
-32
-35
-35
-33
-33
-33
-37
-37
-34
-31
-31
-35
-38
-36
-33
-32
-33
-31
-31
-30
-31
-33
-33
-31
-31
-33
-34
-32
-32
-30
-32
-33
-33
-34
-34
-33
-33
-33
-33
-32
-30
-30
-30
-31
-31
-30
-29
-26
-26
-27
-27
-27
-25
-28
-30
-31
-28
-26
-28
-31
-31
-29
-29
-26
-25
-26
-26
-25
-23
-23
-25
-25
-25
-24
-25
-28
-29
-29
-28
-28
-26
-24
-23
-26
-29
-31
-30
-30
-30
-28
-27
-25
-25
-26
-27
-27
-26
-25
-26
-26
-26
-24
-24
-23
-24
-25
-25
-24
-23
-21
-21
-21
-21
-23
-25
-23
-20
-21
-23
-24
-23
-23
-22
-21
-22
-22
-19
-19
-20
-23
-25
-26
-24
-23
-21
-21
-22
-23
-22
-21
-24
-24
-26
-25
-21
-17
-19
-21
-21
-21
-19
-19
-21
-22
-22
-18
-15
-15
-15
-17
-20
-22
-20
-19
-18
-19
-20
-16
-15
-13
-16
-18
-20
-19
-16
-15
-13
-12
-14
-18
-19
-18
-15
-15
-16
-15
-14
-11
-11
-11
-11
-11
-12
-12
-12
-11
-8
-10
-12
-11
-8
-6
-8
-12
-15
-15
-13
-14
-13
-14
-16
-14
-14
-14
-15
-13
-12
-13
-14
-16
-16
-14
-13
-13
-17
-19
-19
-21
-20
-21
-22
-19
-19
-19
-17
-19
-17
-18
-20
-18
-19
-19
-20
-19
-18
-18
-16
-15
-16
-15
-18
-17
-16
-16
-15
-16
-16
-17
-17
-17
-15
-13
-15
-16
-17
-17
-15
-12
-11
-11
-11
-11
-13
-15
-17
-16
-16
-14
-13
-13
-14
-13
-14
-14
-15
-13
-12
-12
-12
-14
-14
-13
-11
-10
-11
-14
-16
-14
-13
-12
-16
-19
-19
-17
-16
-14
-13
-13
-11
-12
-14
-15
-15
-15
-14
-12
-12
-12
-12
-12
-13
-12
-13
-14
-15
-15
-13
-14
-15
-17
-17
-16
-14
-14
-15
-14
-12
-13
-13
-13
-13
-11
-13
-13
-12
-12
-12
-12
-13
-14
-16
-19
-20
-19
-17
-16
-16
-17
-16
-16
-19
-20
-19
-17
-16
-18
-22
-22
-22
-21
-19
-17
-17
-17
-19
-22
-21
-20
-20
-22
-21
-21
-19
-18
-19
-22
-21
-22
-21
-20
-23
-24
-22
-20
-18
-16
-19
-21
-23
-24
-23
-23
-22
-22
-22
-20
-20
-23
-22
-21
-21
-20
-23
-26
-27
-24
-22
-20
-20
-21
-23
-22
-23
-22
-21
-20
-21
-22
-23
-22
-23
-24
-23
-22
-19
-20
-22
-24
-23
-23
-25
-29
-31
-30
-27
-24
-25
-28
-28
-27
-27
-28
-30
-28
-26
-25
-26
-27
-27
-26
-26
-25
-24
-25
-27
-28
-30
-28
-27
-29
-29
-26
-26
-26
-26
-27
-29
-28
-28
-25
-22
-25
-26
-28
-28
-26
-25
-26
-27
-28
-27
-28
-28
-28
-26
-24
-26
-27
-29
-28
-26
-27
-27
-24
-26
-27
-25
-24
-24
-24
-25
-28
-27
-26
-24
-23
-24
-25
-26
-25
-24
-24
-27
-28
-29
-30
-27
-26
-27
-29
-32
-30
-30
-28
-29
-31
-32
-32
-31
-32
-33
-33
-32
-32
-31
-33
-34
-34
-36
-36
-36
-34
-33
-34
-34
-35
-35
-34
-33
-33
-32
-31
-31
-33
-32
-35
-32
-32
-30
-32
-32
-33
-33
-33
-32
-30
-30
-31
-32
-32
-34
-35
-34
-32
-31
-31
-31
-33
-35
-35
-32
-32
-31
-33
-32
-32
-32
-32
-33
-32
-32
-34
-36
-35
-34
-33
-35
-38
-38
-39
-38
-39
-37
-37
-37
-37
-38
-38
-38
-40
-40
-38
-39
-38
-39
-40
-41
-41
-39
-36
-39
-39
-39
-40
-40
-39
-38
-36
-36
-35
-35
-36
-36
-36
-37
-37
-35
-34
-35
-36
-36
-34
-34
-34
-34
-35
-34
-34
-35
-38
-37
-36
-37
-36
-36
-36
-37
-37
-38
-39
-35
-36
-37
-35
-33
-32
-33
-34
-34
-34
-34
-35
-34
-36
-36
-33
-30
-30
-34
-37
-36
-36
-35
-36
-37
-36
-35
-34
-33
-34
-36
-37
-39
-37
-37
-37
-36
-35
-36
-36
-35
-33
-33
-35
-36
-38
-37
-37
-36
-35
-35
-35
-35
-34
-34
-35
-36
-35
-34
-33
-32
-32
-32
-32
-31
-31
-30
-29
-28
-29
-30
-29
-29
-30
-29
-28
-27
-28
-27
-29
-29
-26
-26
-29
-29
-28
-27
-24
-26
-27
-27
-26
-25
-26
-25
-24
-24
-24
-25
-25
-23
-22
-23
-24
-25
-23
-24
-25
-28
-29
-28
-27
-26
-28
-27
-28
-28
-28
-28
-30
-28
-27
-26
-29
-30
-31
-33
-33
-34
-35
-35
-33
-35
-33
-35
-37
-38
-39
-37
-38
-38
-40
-40
-39
-39
-37
-36
-38
-38
-38
-40
-40
-40
-39
-40
-38
-37
-36
-36
-39
-39
-39
-39
-37
-35
-34
-32
-34
-33
-28
-27
-28
-30
-28
-25
-25
-24
-24
-23
-21
-20
-18
-16
-15
-14
-14
-11
-7
-5
-5
-9
-11
-8
-7
-3
-2
-2
-2
-2
0
-1
-2
-2
0
0
4
5
3
-1
-1
-1
-2
-3
-5
-4
-4
-5
-7
-9
-9
-6
-8
-12
-16
-18
-19
-19
-20
-23
-25
-26
-25
-28
-31
-33
-34
-37
-41
-44
-43
-44
-47
-51
-53
-58
-59
-60
-65
-68
-70
-71
-73
-73
-77
-80
-82
-83
-86
-86
-90
-92
-95
-95
-97
-97
-94
-93
-91
-93
-90
-87
-79
-77
-75
-71
-61
-50
-42
-30
-21
-11
-2
6
13
22
32
42
49
56
63
69
77
84
90
95
101
105
108
108
109
110
113
115
113
111
108
103
99
94
89
85
76
69
61
56
51
46
38
31
24
16
10
2
-4
-12
-19
-24
-30
-37
-46
-57
-65
-76
-84
-94
-102
-110
-121
-130
-140
-147
-154
-163
-173
-186
-191
-203
-209
-219
-228
-235
-243
-243
-245
-230
-216
-194
-178
-168
-156
-146
-129
-109
-86
-62
-44
-28
-6
8
27
37
46
56
66
77
93
100
102
106
111
118
119
122
122
121
117
112
104
97
88
77
67
53
39
24
10
-1
-10
-18
-24
-35
-40
-42
-41
-37
-38
-34
-31
-23
-15
-4
2
9
12
20
28
32
38
40
48
55
62
74
79
81
82
79
82
86
89
88
85
85
82
80
76
67
59
50
45
39
36
28
19
10
5
-1
-10
-24
-39
-54
-62
-69
-76
-87
-99
-111
-123
-136
-148
-156
-169
-176
-185
-190
-200
-207
-213
-221
-221
-221
-216
-199
-183
-161
-149
-135
-125
-114
-97
-77
-57
-38
-18
-9
9
25
35
45
47
50
57
63
69
74
74
80
81
82
78
74
70
62
55
47
38
29
15
0
-10
-26
-37
-50
-62
-72
-78
-77
-75
-74
-72
-63
-53
-42
-30
-24
-14
-6
9
25
37
49
55
65
75
87
94
101
109
118
130
141
149
152
154
155
157
155
151
148
146
142
136
130
120
105
88
71
57
47
36
23
5
-13
-31
-41
-54
-70
-87
-109
-129
-150
-163
-181
-193
-216
-227
-246
-261
-277
-291
-299
-312
-315
-319
-314
-293
-265
-238
-220
-211
-200
-180
-161
-129
-107
-81
-62
-42
-17
1
17
29
30
41
53
64
79
84
92
100
106
109
111
114
115
108
97
93
86
79
63
46
32
16
-5
-19
-36
-45
-54
-64
-69
-74
-76
-77
-75
-68
-60
-48
-30
-18
-3
9
18
26
40
56
72
81
90
100
110
120
130
138
145
146
150
154
158
164
163
162
156
154
152
145
137
125
112
98
86
77
67
51
37
17
1
-17
-36
-54
-71
-86
-98
-111
-125
-148
-165
-187
-201
-218
-235
-252
-269
-278
-294
-300
-311
-322
-324
-318
-299
-268
-242
-223
-208
-205
-187
-165
-130
-98
-80
-62
-50
-22
4
22
34
40
41
53
63
76
84
90
96
101
106
111
109
106
101
88
84
74
63
48
32
18
2
-21
-40
-58
-73
-83
-91
-95
-98
-100
-99
-99
-92
-79
-66
-53
-41
-30
-9
3
19
34
50
66
79
87
100
114
127
145
156
168
174
177
181
185
188
192
189
186
185
185
181
168
154
138
122
105
92
80
65
46
30
13
-7
-28
-50
-73
-91
-110
-125
-144
-167
-187
-205
-217
-240
-259
-284
-305
-318
-333
-340
-345
-352
-346
-329
-299
-261
-241
-228
-219
-209
-181
-149
-112
-84
-59
-43
-16
11
29
47
52
55
70
81
96
106
112
119
123
129
133
137
137
132
125
116
107
98
82
67
49
29
8
-16
-35
-53
-68
-78
-84
-92
-99
-101
-102
-97
-88
-74
-57
-42
-31
-14
-1
11
28
42
60
72
87
98
111
121
133
151
164
174
181
184
192
198
200
203
202
198
196
194
186
178
164
147
132
119
106
95
80
62
43
23
3
-18
-41
-58
-74
-86
-106
-123
-147
-171
-193
-210
-228
-247
-269
-289
-306
-321
-330
-341
-345
-346
-335
-306
-273
-243
-229
-219
-213
-187
-156
-118
-86
-65
-45
-23
8
33
50
58
63
74
88
102
115
121
125
132
136
143
147
149
143
133
122
119
111
99
81
61
44
24
1
-18
-36
-52
-59
-66
-73
-78
-81
-78
-72
-61
-49
-37
-27
-16
-3
17
29
43
58
67
82
90
103
115
125
139
153
165
178
183
186
189
191
197
197
197
195
193
191
185
170
153
133
116
100
88
76
57
37
17
-1
-19
-36
-59
-87
-108
-126
-134
-155
-177
-200
-227
-242
-269
-289
-314
-339
-353
-370
-375
-382
-386
-376
-352
-319
-283
-260
-242
-233
-213
-184
-145
-100
-71
-42
-24
3
32
55
75
83
90
105
121
138
148
149
155
160
168
171
173
167
157
149
141
133
122
103
78
52
27
1
-24
-47
-71
-84
-96
-103
-110
-115
-116
-113
-102
-94
-83
-75
-62
-48
-27
-10
3
18
29
43
54
69
85
100
116
132
147
160
170
179
185
190
200
203
205
202
201
199
195
187
172
154
132
118
106
93
75
52
29
6
-13
-31
-51
-77
-101
-125
-140
-161
-188
-211
-240
-259
-285
-310
-330
-361
-378
-400
-411
-412
-414
-391
-369
-327
-295
-274
-253
-243
-220
-186
-139
-97
-60
-35
-12
24
48
77
92
93
106
124
142
167
175
185
192
192
197
200
200
196
180
168
157
145
133
105
78
51
26
1
-30
-58
-81
-93
-101
-104
-109
-107
-110
-114
-106
-101
-89
-75
-64
-44
-22
-3
13
28
45
57
71
85
102
116
134
157
173
188
197
204
211
221
225
227
228
223
221
220
209
193
172
151
131
112
95
74
48
21
-5
-29
-49
-71
-98
-127
-156
-179
-204
-227
-255
-284
-309
-337
-364
-387
-416
-437
-459
-469
-473
-468
-450
-415
-369
-329
-305
-283
-267
-233
-194
-142
-96
-55
-22
11
53
81
106
124
132
152
167
186
208
219
226
237
244
253
255
249
239
224
211
199
183
158
130
101
72
44
11
-20
-51
-77
-93
-104
-108
-114
-114
-115
-119
-113
-108
-97
-79
-69
-45
-26
-7
10
23
41
56
69
81
99
117
138
160
181
194
198
203
207
214
219
218
215
211
208
209
201
180
154
128
105
86
63
39
7
-25
-46
-68
-88
-116
-151
-186
-222
-246
-278
-298
-332
-360
-390
-419
-444
-475
-495
-517
-524
-523
-502
-461
-416
-377
-352
-322
-298
-254
-210
-155
-106
-64
-26
15
59
96
129
147
159
169
188
208
230
246
262
275
284
294
297
296
286
269
244
227
204
184
156
116
82
42
10
-26
-55
-82
-101
-117
-129
-134
-131
-128
-128
-128
-126
-112
-101
-80
-54
-32
-15
-2
17
39
60
74
85
99
119
146
176
197
212
218
223
227
234
237
237
231
225
223
220
209
188
162
134
109
81
56
24
-7
-38
-62
-81
-110
-145
-196
-234
-275
-305
-330
-366
-400
-438
-472
-499
-529
-547
-565
-570
-566
-536
-492
-445
-417
-383
-364
-323
-273
-219
-158
-105
-61
-24
32
74
113
145
157
179
200
224
253
271
284
304
317
333
342
342
339
329
312
298
279
249
218
179
142
106
67
25
-13
-47
-78
-94
-109
-125
-131
-136
-139
-133
-135
-130
-118
-102
-80
-55
-33
-18
0
16
38
59
77
95
114
138
166
192
211
227
238
246
256
260
269
270
265
258
253
242
228
203
173
142
115
82
53
24
-10
-37
-64
-98
-136
-179
-221
-265
-299
-335
-369
-415
-460
-498
-536
-559
-583
-607
-605
-610
-564
-522
-480
-453
-434
-406
-359
-306
-233
-179
-124
-82
-39
25
75
114
141
149
176
205
237
267
290
298
321
337
353
368
365
363
351
333
325
309
280
252
209
172
134
92
51
8
-25
-51
-73
-91
-108
-114
-117
-122
-125
-125
-119
-103
-82
-62
-37
-21
-3
19
38
59
76
87
107
132
163
197
218
236
251
261
271
278
284
282
280
280
279
276
263
236
208
171
137
105
72
42
13
-19
-46
-80
-122
-170
-220
-265
-304
-343
-381
-423
-473
-506
-555
-584
-611
-636
-635
-626
-596
-551
-515
-487
-459
-431
-383
-324
-257
-200
-139
-100
-45
19
57
112
135
154
184
206
237
274
292
311
336
351
371
378
373
365
356
338
331
308
289
260
223
184
138
99
54
15
-23
-51
-63
-76
-85
-91
-105
-117
-123
-123
-111
-93
-78
-56
-28
-9
21
41
57
80
90
106
127
147
183
216
246
268
279
289
292
295
296
299
300
295
297
290
278
256
221
181
143
108
76
47
14
-21
-55
-99
-146
-193
-250
-297
-346
-394
-434
-485
-525
-570
-599
-626
-640
-650
-633
-597
-557
-522
-506
-480
-446
-392
-323
-255
-191
-138
-96
-27
33
79
130
138
169
202
232
273
303
324
349
374
393
416
412
409
397
378
367
355
320
301
261
223
189
135
91
42
2
-35
-53
-67
-79
-88
-92
-100
-104
-101
-102
-92
-84
-69
-44
-12
13
44
66
97
120
134
151
164
186
223
256
291
312
330
345
354
357
348
340
328
321
317
313
302
275
239
197
162
127
96
52
9
-32
-75
-112
-158
-212
-264
-325
-377
-427
-484
-535
-592
-636
-672
-683
-692
-676
-648
-608
-567
-556
-520
-500
-454
-387
-320
-245
-168
-120
-63
8
53
110
138
161
193
227
260
307
329
358
389
403
438
441
445
434
415
388
376
350
328
300
251
209
157
108
56
10
-42
-72
-98
-108
-122
-129
-133
-136
-127
-129
-118
-112
-105
-89
-63
-34
1
33
72
109
130
152
165
190
219
253
284
311
331
356
376
392
395
380
364
340
331
323
313
289
253
218
183
154
118
71
19
-34
-82
-128
-172
-228
-282
-345
-408
-461
-525
-582
-638
-692
-725
-746
-746
-719
-681
-636
-613
-594
-570
-536
-474
-403
-333
-250
-182
-127
-43
15
62
114
131
171
220
249
300
335
359
405
429
463
487
484
488
475
453
440
414
379
356
306
263
222
165
113
55
1
-41
-81
-114
-141
-164
-170
-181
-176
-169
-166
-151
-142
-130
-110
-92
-67
-35
0
49
87
121
147
169
199
233
261
284
303
323
352
383
406
412
401
389
374
366
349
319
281
241
218
191
160
122
66
4
-54
-110
-165
-223
-293
-359
-426
-489
-543
-605
-662
-715
-759
-771
-764
-735
-693
-675
-658
-640
-618
-568
-510
-447
-365
-290
-232
-156
-69
-13
48
66
94
141
176
227
268
307
364
415
455
493
500
511
504
487
461
446
417
406
387
347
316
264
201
136
73
16
-28
-73
-106
-132
-143
-155
-161
-161
-164
-159
-155
-150
-139
-124
-106
-78
-44
-1
43
75
105
129
157
193
219
241
255
274
307
349
379
401
406
400
399
394
381
353
318
279
258
232
207
166
112
55
-3
-56
-117
-185
-264
-333
-406
-471
-538
-604
-664
-708
-724
-716
-682
-652
-635
-645
-642
-632
-595
-540
-489
-425
-351
-286
-198
-107
-49
13
37
68
110
139
167
208
243
295
358
412
474
502
516
527
518
501
484
440
421
397
372
363
338
297
249
190
136
84
21
-30
-75
-101
-119
-121
-114
-111
-113
-106
-104
-101
-101
-103
-88
-71
-41
-16
19
51
87
128
167
192
206
220
236
260
284
294
305
325
339
355
365
368
346
314
289
259
231
194
141
101
55
17
-31
-88
-155
-238
-297
-383
-456
-536
-609
-716
-683
-683
-655
-589
-576
-556
-560
-531
-550
-496
-464
-416
-346
-265
-219
-113
-36
8
66
82
76
126
121
141
194
193
257
309
349
415
425
445
442
428
408
376
342
319
283
258
232
186
160
124
97
79
26
-12
-42
-84
-96
-120
-134
-117
-126
-95
-57
-37
-7
8
22
47
57
55
60
66
80
105
138
176
197
217
236
257
267
257
256
239
242
241
235
239
232
210
194
179
145
110
57
5
-37
-83
-151
-210
-277
-346
-443
-563
-807
-819
-895
-909
-740
-562
-482
-368
-237
-238
-171
-162
-154
-198
-154
-42
92
182
416
507
583
603
547
497
379
258
149
65
17
4
44
105
118
123
130
84
-25
-138
-271
-353
-366
-400
-372
-301
-208
-120
-66
-7
39
19
-20
-46
-39
21
90
149
271
393
503
620
665
689
655
603
563
496
424
361
304
282
288
265
248
226
165
100
50
9
-35
-100
-129
-126
-98
-84
-59
-59
-53
-75
-119
-160
-200
-269
-329
-371
-417
-432
-458
-504
-562
-619
-705
-775
-806
-838
-794
-693
-458
-130
145
385
540
644
754
725
647
583
522
525
570
597
698
722
701
664
504
365
132
-150
-360
-555
-671
-657
-652
-556
-471
-399
-270
-224
-240
-283
-373
-366
-347
-331
-222
-106
44
196
308
409
488
422
359
253
174
129
56
18
50
128
271
359
443
478
463
475
414
338
286
220
225
256
304
379
415
450
436
366
312
222
109
29
-43
-61
-67
-58
-6
6
41
30
-29
-78
-144
-244
-342
-385
-439
-449
-449
-440
-480
-502
-602
-667
-771
-900
-992
-1039
-1003
-813
-584
-221
169
487
743
856
960
988
868
729
628
555
635
645
706
790
815
795
670
444
235
-92
-389
-625
-803
-828
-810
-736
-574
-424
-289
-156
-126
-128
-206
-269
-266
-236
-190
-66
57
240
387
484
574
576
494
367
209
101
-6
-126
-146
-75
67
204
311
370
453
464
432
355
278
209
194
200
282
352
450
531
590
603
562
460
350
206
78
-17
-112
-140
-133
-101
-78
-81
-115
-164
-249
-357
-497
-595
-693
-762
-797
-810
-817
-855
-879
-907
-871
-911
-870
-827
-617
-305
49
355
681
862
1071
1177
1147
1076
925
802
748
704
647
644
582
624
532
427
265
46
-211
-422
-675
-747
-832
-831
-742
-626
-439
-235
-109
9
55
51
95
66
72
68
77
143
240
292
404
420
448
401
320
226
124
-43
-134
-223
-232
-179
-118
-23
97
217
337
419
459
485
454
437
422
410
422
451
479
522
522
522
486
420
328
191
52
-48
-168
-231
-296
-343
-358
-382
-407
-418
-485
-520
-619
-690
-755
-832
-903
-991
-1060
-1060
-1039
-1013
-933
-807
-563
-228
156
487
782
942
1104
1203
1190
1079
930
784
765
720
666
645
611
610
556
402
266
54
-194
-410
-640
-728
-777
-785
-690
-545
-338
-95
51
205
272
281
314
297
257
229
163
190
250
286
350
371
373
373
291
197
89
-72
-185
-278
-330
-304
-262
-172
-19
110
265
391
477
550
568
545
538
507
502
502
502
516
520
522
519
468
374
244
82
-52
-190
-293
-397
-461
-496
-489
-480
-462
-471
-493
-517
-569
-636
-721
-819
-916
-962
-1045
-1034
-1012
-896
-706
-445
-76
339
671
930
1081
1199
1278
1149
976
752
626
554
470
368
387
391
476
418
322
191
9
-208
-408
-626
-721
-791
-764
-632
-453
-196
70
286
460
564
610
667
600
496
355
268
241
227
175
210
235
294
288
236
154
42
-114
-227
-355
-403
-421
-406
-292
-128
33
228
382
541
658
689
702
661
603
569
503
446
398
340
328
314
279
211
102
12
-92
-195
-301
-414
-502
-552
-583
-580
-593
-585
-552
-530
-522
-540
-603
-665
-749
-853
-918
-966
-940
-845
-643
-283
128
496
814
1033
1257
1361
1279
1083
822
611
461
241
114
54
77
187
230
239
245
150
28
-178
-402
-557
-727
-820
-798
-707
-465
-186
77
369
602
786
912
900
822
681
513
389
238
126
93
90
157
231
252
281
241
163
66
-83
-217
-329
-404
-362
-281
-151
29
220
437
622
718
774
751
705
629
516
389
271
160
120
89
81
59
23
-20
-66
-119
-189
-313
-419
-500
-551
-586
-625
-648
-612
-550
-494
-464
-472
-483
-533
-597
-674
-749
-794
-770
-671
-382
-58
299
599
863
1122
1322
1293
1190
948
752
563
309
78
-65
-143
-66
-39
-3
64
55
44
-52
-211
-329
-500
-656
-716
-737
-588
-408
-199
78
350
625
879
977
1038
976
864
744
552
352
228
96
77
75
83
162
197
219
237
172
105
-11
-145
-197
-240
-241
-180
-83
97
302
452
602
699
762
782
722
606
460
286
156
35
-55
-129
-184
-206
-193
-193
-185
-230
-271
-324
-371
-434
-499
-591
-620
-638
-633
-628
-650
-629
-616
-636
-638
-644
-624
-552
-484
-241
44
342
585
751
949
1164
1171
1093
892
735
636
431
205
31
-79
-49
-86
-125
-97
-121
-117
-178
-291
-347
-445
-539
-571
-602
-486
-347
-189
12
207
433
702
827
907
906
874
839
703
517
388
249
188
115
54
86
103
111
134
122
138
110
28
-1
-33
-31
-7
24
129
284
408
548
614
694
752
748
674
548
381
266
113
-27
-163
-263
-310
-344
-362
-351
-361
-360
-362
-369
-359
-398
-444
-477
-477
-476
-505
-552
-575
-607
-625
-674
-700
-685
-634
-547
-376
-106
197
475
674
850
1015
1129
1080
947
760
652
512
353
160
57
17
55
6
-10
-40
-58
-129
-227
-352
-439
-544
-609
-653
-611
-492
-347
-173
13
225
445
638
745
810
830
838
771
656
511
411
311
229
130
83
78
95
91
99
97
98
76
55
43
40
32
64
134
249
374
472
569
661
731
753
722
629
510
374
251
115
-14
-133
-203
-254
-267
-281
-280
-294
-299
-310
-321
-339
-373
-408
-407
-396
-386
-401
-429
-424
-478
-524
-637
-727
-782
-781
-803
-705
-571
-250
85
394
626
846
1033
1182
1113
976
813
674
552
343
146
57
32
36
4
-44
-4
-31
-74
-183
-300
-387
-470
-590
-627
-633
-541
-407
-259
-73
143
355
582
730
819
889
880
845
731
577
439
309
171
67
-44
-72
-79
-79
-57
-29
24
106
139
167
150
147
187
211
241
295
346
466
560
636
695
710
692
641
543
459
326
179
40
-83
-164
-230
-289
-308
-321
-310
-296
-273
-254
-264
-275
-290
-282
-315
-370
-454
-509
-617
-699
-835
-895
-933
-913
-871
-762
-554
-203
133
447
683
872
1093
1189
1125
976
814
712
596
386
232
136
130
137
68
23
27
-32
-96
-224
-342
-415
-524
-612
-643
-628
-512
-381
-241
-41
144
376
593
725
817
878
892
881
742
599
477
343
212
60
-62
-77
-106
-119
-111
-81
-5
51
76
114
120
137
166
197
263
319
372
472
572
664
723
724
706
667
598
507
360
213
91
-19
-93
-159
-204
-207
-207
-200
-174
-162
-149
-169
-193
-212
-224
-274
-345
-430
-484
-566
-675
-804
-878
-935
-952
-938
-860
-677
-387
-85
240
524
749
968
1089
1111
1040
898
779
676
490
331
176
124
121
56
-18
-29
-81
-101
-209
-313
-372
-445
-506
-531
-541
-448
-353
-249
-83
66
261
465
611
728
808
847
898
822
710
578
439
313
158
-30
-123
-207
-236
-235
-240
-186
-115
-52
27
53
77
127
159
221
260
299
382
480
573
663
706
738
738
704
640
535
396
257
127
26
-67
-149
-182
-175
-150
-127
-106
-72
-58
-68
-93
-126
-187
-269
-368
-445
-527
-639
-764
-872
-928
-985
-1006
-975
-862
-705
-445
-178
172
457
679
847
1014
1067
1042
883
770
674
536
359
188
90
75
16
-68
-103
-149
-162
-222
-284
-329
-366
-410
-403
-413
-355
-299
-200
-71
60
203
397
550
683
766
834
897
854
741
607
469
326
148
-67
-184
-275
-323
-356
-356
-304
-221
-168
-86
-34
33
80
118
163
219
256
334
404
499
588
669
734
765
747
727
663
564
429
280
173
87
4
-62
-94
-88
-42
-12
27
42
43
15
-11
-68
-144
-266
-359
-465
-549
-692
-806
-936
-981
-1062
-1070
-1063
-943
-803
-545
-254
75
368
582
778
938
1040
1000
920
777
726
565
410
219
133
57
18
-105
-118
-148
-143
-178
-213
-229
-221
-260
-284
-301
-288
-221
-182
-87
10
163
331
507
594
717
773
839
782
681
549
449
286
121
-82
-190
-253
-333
-404
-430
-390
-314
-251
-202
-113
-49
38
87
149
204
268
311
394
459
568
648
718
753
780
780
770
678
576
468
384
295
194
107
69
66
72
82
97
118
119
116
95
53
-21
-123
-215
-309
-423
-551
-693
-788
-883
-965
-1034
-1065
-1059
-967
-889
-729
-525
-260
50
319
497
698
859
976
975
866
781
719
589
415
212
114
92
20
-51
-86
-61
-9
-22
-67
-73
-91
-95
-144
-197
-196
-161
-115
-58
-16
96
254
379
470
517
594
666
637
532
432
340
258
89
-105
-242
-321
-385
-448
-503
-473
-397
-301
-204
-123
-34
80
175
246
294
343
404
452
472
502
556
614
644
651
687
739
761
724
666
618
577
494
389
286
211
163
117
76
43
21
7
-1
-55
-122
-202
-255
-330
-409
-513
-578
-647
-705
-791
-845
-900
-926
-961
-954
-898
-807
-674
-453
-192
91
337
508
704
859
912
888
798
733
679
522
371
248
184
169
97
46
67
70
88
59
7
5
-32
-87
-149
-226
-231
-199
-197
-162
-135
-19
139
232
291
375
453
532
486
394
341
270
172
27
-132
-201
-267
-355
-411
-448
-405
-332
-270
-181
-86
11
135
209
283
337
378
431
457
476
528
577
635
672
708
782
826
834
805
765
727
657
532
403
272
166
63
-30
-107
-155
-174
-152
-145
-137
-145
-148
-143
-163
-215
-268
-323
-369
-449
-547
-636
-703
-793
-853
-933
-929
-921
-873
-787
-607
-383
-110
120
321
549
737
896
932
929
893
894
798
697
531
454
383
314
207
145
88
81
34
-31
-83
-137
-177
-242
-298
-339
-336
-335
-296
-284
-190
-79
48
126
222
313
424
440
421
378
349
294
181
34
-62
-126
-204
-275
-349
-339
-302
-237
-175
-87
6
131
218
316
386
446
492
533
565
611
645
677
689
704
739
753
728
674
620
576
515
408
299
198
131
71
10
-30
-38
-25
24
65
105
119
122
106
79
11
-64
-170
-259
-369
-456
-564
-653
-763
-860
-934
-985
-1042
-1064
-1018
-933
-760
-583
-301
-11
306
533
773
957
1126
1153
1131
1081
1041
934
765
583
460
372
242
103
-12
-67
-124
-183
-267
-293
-304
-284
-303
-314
-319
-266
-221
-193
-189
-138
-45
45
95
136
230
320
369
350
356
362
353
248
138
57
20
-71
-171
-256
-251
-214
-176
-148
-75
45
189
293
367
445
531
590
604
588
586
595
583
542
515
526
546
541
515
508
514
512
466
417
374
359
323
272
224
199
184
162
118
79
44
12
-53
-131
-200
-256
-327
-404
-476
-527
-556
-627
-683
-748
-751
-787
-801
-852
-802
-765
-656
-577
-387
-157
140
356
562
759
982
1110
1116
1063
1006
974
824
623
409
314
213
111
-57
-119
-151
-143
-202
-248
-271
-236
-229
-251
-283
-286
-250
-240
-244
-262
-204
-130
-43
-16
74
176
308
347
378
403
471
450
371
257
196
141
34
-98
-190
-210
-208
-200
-201
-128
-35
87
180
276
365
463
513
554
580
618
648
635
614
622
657
673
645
600
596
598
567
487
400
342
299
228
153
76
32
-3
-34
-56
-74
-90
-99
-118
-135
-152
-179
-212
-248
-275
-286
-311
-349
-386
-417
-424
-459
-519
-578
-621
-640
-653
-663
-610
-483
-302
-97
113
319
556
752
907
976
1012
1002
969
850
706
536
399
258
111
-30
-117
-165
-204
-253
-288
-282
-266
-255
-268
-266
-252
-222
-215
-205
-193
-141
-81
-25
24
92
179
264
314
343
383
407
398
333
260
193
135
37
-65
-152
-181
-187
-177
-160
-101
-2
136
264
387
498
617
721
788
811
824
812
772
696
611
550
489
415
332
276
250
238
195
169
145
149
128
98
53
33
9
-1
-27
-36
-39
-17
2
24
31
48
52
45
23
-4
-45
-93
-162
-232
-306
-377
-457
-531
-600
-649
-686
-697
-685
-634
-534
-375
-173
52
253
459
632
800
877
906
874
841
761
634
464
319
199
90
-32
-138
-182
-199
-208
-232
-232
-208
-172
-166
-166
-167
-149
-137
-144
-157
-160
-134
-102
-80
-51
16
94
165
212
272
343
398
400
382
367
359
311
222
146
114
100
77
54
70
134
200
265
324
410
491
552
569
580
576
568
520
445
360
296
239
169
99
47
38
33
35
24
62
92
132
131
162
186
218
205
201
200
224
225
207
193
192
191
159
114
66
46
0
-42
-121
-155
-208
-255
-342
-398
-463
-502
-580
-645
-679
-680
-654
-634
-548
-399
-194
-13
154
308
494
646
714
731
726
730
681
562
425
335
248
151
17
-73
-104
-134
-183
-233
-250
-217
-202
-222
-224
-205
-153
-121
-127
-112
-58
23
87
117
174
277
360
400
403
429
481
485
432
372
337
314
240
143
94
84
75
48
16
44
91
116
129
147
191
240
252
241
244
257
277
262
233
230
239
245
221
199
205
229
222
203
188
213
228
214
203
220
252
259
249
251
289
311
312
292
302
318
316
267
216
158
116
39
-50
-139
-209
-260
-328
-396
-462
-486
-528
-548
-606
-609
-619
-602
-616
-594
-536
-413
-285
-150
-14
131
302
440
539
588
645
671
695
627
555
472
419
330
224
108
56
9
-42
-100
-135
-118
-103
-98
-98
-59
-14
41
46
70
92
133
151
148
134
160
186
195
175
172
211
244
239
211
209
229
233
176
132
109
110
75
26
-11
-1
-3
-5
-4
37
104
151
181
218
284
338
370
355
353
354
356
319
268
223
209
191
165
142
145
171
183
192
208
253
289
310
318
348
377
387
364
347
336
318
262
190
120
63
-13
-102
-190
-239
-289
-320
-376
-401
-431
-443
-489
-517
-549
-569
-592
-624
-626
-623
-567
-524
-397
-268
-58
104
302
457
652
778
871
900
906
903
825
723
570
459
318
202
55
-19
-88
-105
-136
-126
-99
-44
-6
22
56
78
99
74
42
0
-19
-52
-79
-110
-89
-62
-29
0
52
123
192
222
253
278
304
295
247
203
166
128
70
21
-9
6
11
34
66
135
202
253
277
314
351
368
366
330
317
299
282
230
195
170
175
153
143
139
166
195
216
228
259
292
312
305
299
299
294
262
215
172
141
107
55
2
-40
-74
-124
-176
-221
-237
-258
-271
-293
-290
-286
-284
-298
-306
-303
-302
-309
-321
-319
-297
-270
-247
-207
-113
12
151
261
370
489
607
672
686
688
682
665
570
475
371
311
214
117
18
-16
-54
-87
-131
-142
-121
-98
-84
-82
-56
-31
-6
-21
-39
-56
-52
-63
-82
-102
-84
-54
-25
-8
39
106
167
187
208
242
280
280
246
219
212
204
166
138
126
143
140
135
143
181
216
236
248
266
303
324
320
296
280
264
242
190
135
100
81
61
25
12
19
44
44
47
59
97
114
118
114
134
158
157
150
146
161
156
138
105
92
79
57
25
-2
-2
-3
1
-17
-17
-31
-29
-62
-82
-124
-146
-184
-219
-250
-266
-263
-262
-239
-206
-122
-51
53
126
237
316
410
443
486
496
497
463
400
345
277
224
145
82
19
-4
-44
-58
-84
-74
-72
-58
-58
-49
-40
-35
-40
-56
-57
-66
-73
-87
-88
-76
-44
-30
-2
32
89
141
180
208
246
283
309
304
301
300
298
279
248
224
210
201
181
175
174
196
198
200
191
199
193
180
146
114
91
60
34
-10
-26
-45
-43
-51
-39
-17
17
46
81
125
173
226
265
309
340
367
375
372
362
345
319
283
244
203
171
140
106
79
49
34
8
-15
-53
-78
-114
-147
-186
-224
-248
-281
-290
-310
-299
-302
-276
-255
-187
-131
-45
22
111
188
263
315
350
383
396
407
371
337
283
246
195
146
88
56
31
23
6
-5
-3
2
5
-6
-18
-25
-29
-47
-72
-88
-97
-91
-91
-80
-60
-29
4
40
83
128
167
196
226
243
268
271
275
257
247
231
224
203
181
157
144
135
120
106
88
87
74
66
52
55
55
60
62
68
76
86
98
110
124
133
153
168
192
203
222
238
256
269
283
291
304
307
309
308
303
297
281
267
236
208
163
130
81
44
-9
-43
-86
-116
-160
-185
-217
-226
-259
-268
-292
-294
-291
-290
-285
-274
-254
-226
-171
-129
-63
-8
68
128
193
243
292
324
337
347
338
331
296
262
214
181
134
98
54
27
-1
-18
-34
-48
-43
-45
-38
-39
-36
-34
-32
-37
-44
-45
-42
-39
-46
-47
-37
-15
3
15
30
57
92
119
146
166
196
214
231
235
234
232
214
196
168
149
123
111
90
82
76
82
86
98
106
127
141
157
165
171
178
178
177
176
177
181
183
178
186
189
204
214
225
234
254
259
274
269
269
255
238
207
176
136
95
49
-2
-39
-79
-100
-142
-165
-192
-191
-199
-201
-216
-216
-217
-210
-219
-225
-238
-236
-235
-219
-188
-147
-87
-25
37
96
162
214
262
286
304
310
299
276
235
202
168
120
79
38
17
-8
-23
-36
-38
-34
-29
-26
-17
-7
-5
-7
-19
-28
-40
-44
-59
-62
-66
-62
-57
-46
-25
5
34
68
102
141
174
195
202
210
212
217
202
182
164
152
140
134
124
127
130
132
141
152
165
181
186
186
185
177
167
145
130
112
100
86
78
72
84
96
112
125
144
166
192
208
224
235
236
240
225
210
180
149
109
78
35
11
-29
-48
-77
-88
-102
-108
-119
-130
-135
-147
-143
-167
-167
-188
-186
-200
-210
-218
-209
-193
-173
-145
-111
-51
-18
32
59
109
138
155
159
161
164
153
131
100
84
61
52
23
11
0
3
9
11
18
25
42
42
44
33
33
26
9
-11
-24
-31
-43
-56
-67
-58
-43
-23
-2
27
70
109
146
169
193
214
231
233
222
212
194
187
164
154
140
136
124
120
111
119
124
124
121
113
117
109
103
86
82
77
78
68
63
63
71
81
87
96
111
128
144
156
169
184
193
197
197
187
180
157
133
107
80
59
28
4
-29
-45
-72
-78
-105
-105
-127
-129
-146
-155
-161
-171
-172
-179
-179
-184
-174
-180
-164
-162
-138
-117
-90
-63
-29
8
46
76
97
127
138
149
142
126
112
93
68
47
25
5
-11
-24
-20
-15
-10
3
14
41
57
71
80
91
95
96
86
74
67
57
55
49
47
53
65
83
102
115
134
151
163
168
169
171
165
148
135
119
110
95
80
71
69
71
72
76
83
96
103
115
119
126
128
126
124
117
109
103
103
101
102
102
112
120
130
141
157
172
179
189
198
203
194
177
154
134
105
82
51
28
-3
-22
-44
-59
-78
-91
-100
-102
-105
-114
-113
-118
-107
-112
-105
-112
-105
-108
-103
-102
-92
-86
-76
-59
-46
-21
-13
3
11
26
37
43
47
44
43
40
38
27
20
9
8
4
4
8
18
31
48
65
87
110
130
141
147
148
149
137
126
106
92
76
59
47
39
43
51
66
77
95
114
129
139
141
144
140
135
119
105
87
77
66
56
51
53
62
69
82
94
115
133
148
158
162
166
163
158
144
129
113
101
86
79
75
79
82
93
108
121
130
133
133
133
123
111
89
73
50
29
6
-11
-25
-36
-44
-52
-52
-53
-46
-46
-44
-41
-42
-40
-47
-53
-60
-66
-71
-76
-80
-76
-69
-60
-56
-49
-38
-34
-26
-24
-19
-13
-13
-8
-8
0
1
4
1
10
12
20
23
27
32
32
42
47
59
63
73
76
88
90
99
101
107
107
108
110
106
105
96
94
90
93
89
90
91
96
96
99
100
103
103
98
90
82
77
69
67
58
54
49
52
55
60
68
75
88
99
105
109
114
111
110
100
90
78
70
66
59
56
54
57
63
70
75
84
90
96
103
104
109
105
101
93
87
80
66
53
39
33
26
21
12
6
-5
-11
-22
-31
-39
-50
-57
-63
-63
-62
-63
-64
-57
-54
-43
-41
-34
-28
-23
-16
-14
-13
-16
-17
-19
-20
-28
-32
-35
-36
-39
-38
-40
-35
-34
-29
-20
-12
-5
2
13
32
49
63
75
89
104
117
121
126
130
132
128
120
109
106
98
89
80
74
72
64
59
55
54
58
56
54
55
56
59
55
53
55
59
60
61
58
62
61
61
57
55
56
56
55
57
60
63
68
66
69
74
81
82
86
91
101
111
118
122
128
131
131
126
120
112
100
90
76
65
50
40
27
25
14
9
-1
-5
-8
-13
-15
-22
-25
-26
-27
-30
-25
-28
-22
-22
-16
-12
-5
-1
0
1
3
1
-4
-13
-22
-30
-41
-42
-44
-46
-49
-50
-45
-36
-29
-24
-22
-15
-7
-2
0
-1
2
2
6
2
1
6
16
20
30
33
47
56
75
81
97
103
109
108
108
102
99
90
74
62
47
44
31
24
15
18
16
22
18
27
27
33
30
31
35
36
40
42
48
56
64
64
71
75
81
82
86
87
91
94
97
97
102
106
109
106
101
95
89
87
83
78
73
71
70
69
65
60
52
49
46
43
35
27
17
12
7
3
-1
1
2
6
7
15
22
30
36
44
51
56
58
57
56
49
44
33
25
10
-3
-21
-33
-47
-61
-77
-88
-95
-98
-99
-97
-92
-83
-73
-62
-51
-37
-22
-10
3
11
22
29
38
41
45
46
55
57
63
64
67
71
74
75
74
75
71
65
56
50
40
37
30
31
27
29
32
36
39
43
44
47
53
54
55
53
49
46
44
41
40
41
43
48
51
57
60
69
77
84
91
96
100
103
100
93
87
82
76
68
64
60
61
64
70
72
75
80
84
88
90
89
84
76
69
60
54
44
35
26
23
24
27
29
32
34
37
39
40
43
41
39
32
25
14
7
-6
-18
-31
-36
-44
-46
-56
-61
-61
-62
-58
-59
-53
-49
-43
-45
-43
-44
-36
-40
-37
-38
-35
-32
-28
-24
-16
-2
10
23
29
42
54
62
65
66
67
66
58
50
44
39
35
26
21
20
22
26
25
29
31
37
38
44
42
44
42
38
29
24
17
11
7
-2
-5
-7
-2
2
12
19
30
39
54
64
76
86
93
99
106
107
109
106
102
97
97
94
99
98
100
100
101
98
92
81
71
65
56
48
35
29
18
19
17
19
16
20
26
32
33
36
38
39
43
45
49
47
44
35
27
18
13
3
-4
-10
-9
-10
-14
-19
-24
-25
-27
-29
-38
-39
-42
-42
-44
-43
-43
-40
-39
-35
-33
-28
-24
-19
-11
-4
8
14
23
28
36
38
40
39
39
38
36
27
20
15
11
8
1
-2
-6
-3
-4
-1
3
10
12
14
14
16
17
12
8
5
4
1
1
0
6
15
25
31
45
58
70
79
86
95
103
106
107
109
110
110
106
99
96
92
85
80
76
72
67
59
50
44
39
36
34
29
26
26
25
27
26
27
28
34
36
42
45
52
57
65
69
74
77
77
74
66
62
51
45
35
25
13
2
-5
-13
-20
-24
-26
-28
-28
-28
-26
-23
-19
-15
-12
-7
-3
0
1
2
2
0
-4
-6
-7
-5
-4
-2
2
5
11
14
15
13
12
13
12
11
8
7
5
4
3
4
7
7
10
11
15
16
18
19
21
21
17
14
14
11
7
7
8
12
13
16
23
33
42
47
51
54
56
57
56
57
57
55
54
54
51
51
48
47
42
40
38
38
39
40
41
41
43
44
47
50
51
51
49
51
54
56
56
57
59
62
66
68
74
76
78
78
80
78
71
65
56
49
43
37
28
20
14
10
10
8
5
5
8
10
13
12
11
11
9
4
0
-5
-9
-16
-20
-23
-28
-27
-25
-21
-19
-18
-16
-6
0
2
3
4
5
7
7
7
7
10
11
14
13
17
18
19
19
21
22
23
23
22
19
18
13
9
5
1
-1
-4
-9
-11
-13
-12
-8
-9
-9
-10
-6
1
8
10
15
18
23
24
26
30
37
39
40
37
34
32
30
28
26
26
25
27
28
30
33
36
40
43
42
44
45
48
53
57
59
62
65
70
74
76
73
72
72
69
64
59
54
52
48
44
39
38
35
33
30
28
25
26
22
22
19
18
16
13
11
8
5
4
2
-1
-5
-8
-10
-11
-10
-11
-11
-10
-6
-3
-1
-1
3
5
9
10
12
15
16
18
23
30
35
40
41
42
39
39
35
29
20
11
4
-2
-10
-13
-15
-15
-15
-14
-14
-18
-21
-21
-19
-19
-18
-18
-16
-17
-14
-12
-8
0
7
11
16
17
17
17
20
23
24
22
18
19
19
21
22
23
26
31
37
40
38
38
42
48
52
53
50
48
45
43
41
39
35
33
31
30
29
31
33
36
39
42
45
48
47
43
39
35
34
29
25
25
27
29
31
32
34
35
39
39
35
31
27
23
19
15
10
6
6
5
6
5
5
9
11
10
10
12
14
17
16
16
17
19
18
19
21
22
21
20
18
18
15
9
6
2
1
-3
-10
-17
-17
-14
-12
-16
-21
-27
-30
-32
-32
-36
-37
-39
-39
-35
-35
-31
-27
-24
-21
-18
-13
-7
-4
-2
1
6
9
12
13
13
12
12
12
11
9
8
4
2
-3
-4
-3
-1
2
3
5
6
12
15
18
19
20
18
17
16
17
15
15
15
14
12
14
18
21
27
30
32
34
38
39
41
42
41
42
40
39
41
39
35
31
24
19
14
8
4
2
-2
-5
-7
-8
-5
-3
-3
-4
-6
-7
-6
-4
-3
-1
1
2
3
8
12
13
14
9
8
5
3
0
-3
-8
-13
-18
-23
-26
-27
-28
-31
-34
-41
-42
-40
-35
-34
-32
-30
-26
-22
-19
-18
-19
-19
-19
-17
-15
-15
-17
-19
-21
-20
-22
-21
-23
-24
-22
-20
-19
-18
-19
-20
-21
-19
-18
-15
-13
-15
-15
-15
-12
-10
-9
-11
-13
-12
-8
-5
-4
-4
-3
-1
-1
3
6
7
13
16
20
25
31
34
37
37
38
40
42
44
44
42
39
37
33
27
20
12
7
4
-2
-4
-8
-8
-5
-4
-5
-4
-1
4
10
12
9
7
3
1
1
1
-1
-3
-5
-6
-6
-1
-1
1
2
4
5
5
4
-1
-3
-6
-6
-8
-14
-17
-19
-19
-19
-21
-21
-19
-16
-13
-12
-13
-14
-16
-21
-26
-32
-37
-41
-44
-46
-45
-45
-45
-45
-44
-42
-38
-37
-40
-40
-37
-34
-34
-32
-31
-32
-32
-30
-29
-27
-25
-26
-26
-25
-22
-21
-20
-18
-17
-15
-13
-10
-8
-5
-1
1
0
1
1
5
8
9
8
10
14
17
20
24
27
32
34
34
31
30
28
22
14
6
2
0
-4
-7
-12
-12
-13
-11
-10
-6
-5
-3
-5
-5
-2
0
-2
-2
-3
-2
1
-1
1
1
4
5
8
5
6
7
7
8
5
4
2
0
-3
-5
-6
-5
-4
-8
-10
-12
-10
-8
-11
-14
-17
-19
-21
-22
-25
-27
-26
-29
-32
-36
-38
-41
-44
-46
-46
-49
-46
-44
-41
-38
-35
-33
-31
-27
-22
-20
-19
-19
-23
-24
-25
-27
-26
-26
-28
-33
-35
-36
-36
-35
-35
-34
-32
-27
-22
-19
-21
-21
-20
-14
-9
-8
-6
-5
-6
-4
-2
1
6
8
8
7
6
3
2
-1
-3
-6
-7
-7
-8
-11
-12
-12
-12
-13
-12
-13
-12
-6
-2
0
-1
-2
0
3
6
7
6
3
0
-1
-2
-5
-11
-14
-15
-14
-13
-11
-10
-8
-7
-4
-4
-5
-7
-8
-12
-11
-14
-15
-19
-23
-25
-26
-27
-30
-31
-34
-35
-34
-30
-30
-32
-35
-36
-34
-33
-34
-36
-38
-38
-35
-30
-30
-29
-27
-28
-26
-25
-26
-26
-28
-29
-29
-29
-28
-29
-31
-35
-35
-37
-42
-45
-45
-46
-44
-42
-41
-40
-37
-33
-29
-25
-23
-20
-18
-15
-13
-13
-10
-10
-12
-15
-17
-17
-18
-21
-21
-18
-15
-12
-9
-8
-5
-3
-5
-4
-1
-2
-3
-4
-6
-3
0
0
1
3
4
8
10
13
14
14
12
9
9
7
6
3
1
-1
-2
-2
-2
0
4
4
5
3
0
-1
-3
-5
-6
-5
-6
-6
-7
-7
-6
-6
-8
-9
-9
-10
-11
-12
-11
-10
-11
-14
-16
-15
-16
-15
-15
-13
-10
-6
-3
-4
-9
-7
-3
-5
-10
-11
-13
-15
-15
-17
-18
-17
-21
-24
-26
-27
-28
-32
-34
-32
-33
-35
-36
-38
-35
-34
-34
-34
-32
-31
-29
-27
-25
-21
-18
-16
-16
-15
-12
-7
-7
-9
-9
-10
-7
-5
-7
-8
-5
-4
-4
-5
-7
-5
-4
-6
-5
-4
-1
-2
-4
-5
-5
-5
-6
-7
-5
-3
-3
-3
-4
-6
-8
-9
-10
-8
-7
-7
-7
-7
-7
-6
-6
-9
-12
-13
-15
-13
-12
-12
-12
-15
-12
-9
-5
-6
-5
-6
-6
-10
-12
-12
-12
-10
-12
-12
-10
-7
-5
-3
-4
-5
-2
-3
-6
-8
-13
-15
-19
-21
-25
-26
-26
-28
-28
-30
-33
-36
-37
-37
-36
-36
-39
-39
-40
-39
-40
-43
-43
-43
-45
-45
-45
-43
-41
-40
-38
-37
-37
-37
-36
-35
-32
-31
-31
-31
-30
-27
-26
-25
-24
-24
-23
-23
-22
-22
-21
-21
-19
-19
-17
-14
-14
-16
-19
-20
-20
-17
-18
-24
-27
-28
-26
-25
-24
-23
-22
-19
-18
-15
-15
-15
-17
-16
-17
-16
-18
-18
-21
-22
-21
-18
-18
-19
-19
-17
-13
-10
-9
-11
-10
-10
-10
-10
-8
-7
-7
-9
-12
-11
-10
-10
-12
-15
-17
-19
-19
-17
-19
-20
-24
-26
-27
-27
-26
-27
-28
-26
-27
-26
-24
-25
-27
-29
-30
-32
-31
-30
-29
-32
-32
-32
-34
-35
-34
-35
-36
-37
-40
-41
-41
-40
-41
-40
-40
-38
-40
-40
-40
-36
-34
-34
-32
-31
-29
-29
-30
-30
-30
-30
-31
-33
-33
-34
-37
-37
-36
-33
-30
-30
-28
-26
-25
-25
-25
-25
-23
-23
-24
-25
-26
-26
-25
-25
-28
-29
-27
-24
-22
-19
-18
-17
-15
-11
-9
-5
-5
-3
-4
-5
-5
-8
-7
-7
-8
-11
-11
-12
-12
-10
-10
-10
-11
-13
-13
-14
-15
-13
-11
-10
-11
-12
-13
-11
-11
-14
-15
-14
-14
-12
-12
-12
-12
-12
-12
-13
-14
-14
-16
-20
-24
-23
-22
-19
-16
-16
-16
-15
-15
-14
-15
-17
-17
-15
-15
-17
-19
-23
-22
-23
-22
-21
-21
-21
-22
-22
-23
-25
-23
-24
-27
-28
-29
-31
-32
-31
-30
-30
-29
-28
-28
-24
-22
-21
-22
-23
-23
-22
-22
-24
-24
-24
-21
-19
-19
-19
-17
-15
-14
-11
-7
-5
-5
-7
-8
-5
-2
-2
-5
-8
-11
-14
-15
-18
-21
-21
-21
-17
-14
-14
-14
-14
-13
-16
-15
-17
-16
-13
-13
-12
-11
-12
-11
-12
-15
-15
-13
-14
-17
-21
-26
-28
-27
-30
-28
-28
-25
-24
-25
-23
-19
-16
-17
-17
-19
-19
-20
-22
-22
-23
-23
-21
-21
-20
-19
-22
-26
-29
-28
-28
-27
-27
-30
-30
-31
-30
-29
-28
-28
-29
-29
-30
-32
-34
-34
-36
-37
-39
-38
-40
-40
-40
-41
-42
-44
-43
-41
-37
-38
-38
-39
-37
-37
-36
-34
-33
-30
-30
-30
-32
-33
-32
-33
-33
-32
-30
-29
-30
-31
-33
-32
-33
-32
-35
-37
-36
-35
-36
-40
-41
-41
-37
-35
-37
-36
-35
-31
-29
-28
-27
-26
-26
-26
-26
-27
-28
-28
-30
-30
-30
-30
-29
-31
-29
-27
-27
-27
-30
-32
-32
-34
-32
-30
-27
-28
-30
-32
-31
-28
-26
-29
-28
-26
-21
-17
-19
-23
-25
-26
-26
-25
-24
-25
-28
-30
-33
-35
-32
-31
-32
-36
-39
-36
-31
-27
-26
-26
-27
-26
-27
-28
-26
-28
-31
-32
-32
-31
-30
-31
-28
-29
-29
-32
-34
-36
-36
-34
-35
-36
-37
-34
-29
-28
-27
-28
-29
-27
-23
-23
-23
-21
-19
-18
-17
-19
-21
-22
-20
-18
-21
-24
-27
-28
-27
-28
-29
-30
-30
-30
-29
-27
-24
-24
-23
-24
-24
-22
-22
-21
-22
-23
-20
-17
-17
-17
-17
-18
-16
-13
-12
-15
-16
-16
-15
-17
-18
-17
-18
-19
-21
-21
-21
-22
-22
-22
-19
-17
-15
-15
-14
-15
-19
-20
-19
-17
-17
-19
-18
-17
-17
-18
-21
-21
-21
-20
-18
-17
-18
-18
-19
-19
-16
-15
-15
-15
-16
-16
-16
-16
-17
-16
-16
-17
-19
-17
-16
-14
-15
-19
-22
-23
-23
-22
-20
-22
-25
-25
-24
-24
-23
-22
-21
-20
-18
-20
-21
-20
-18
-18
-20
-21
-18
-18
-20
-23
-26
-27
-26
-24
-25
-26
-27
-27
-28
-27
-27
-26
-24
-25
-26
-26
-27
-26
-24
-21
-19
-18
-18
-22
-21
-20
-18
-17
-14
-18
-20
-19
-20
-20
-21
-25
-25
-27
-27
-26
-26
-27
-27
-29
-32
-31
-30
-29
-26
-25
-26
-26
-27
-27
-28
-29
-30
-29
-30
-30
-30
-30
-27
-26
-29
-28
-27
-25
-24
-24
-24
-23
-21
-19
-18
-17
-17
-19
-20
-21
-21
-23
-23
-23
-23
-23
-23
-24
-27
-26
-24
-23
-23
-23
-22
-20
-21
-20
-21
-21
-22
-23
-25
-27
-29
-28
-25
-26
-28
-29
-29
-27
-27
-26
-26
-24
-22
-20
-21
-23
-24
-25
-27
-27
-27
-27
-26
-26
-24
-21
-18
-18
-17
-18
-19
-19
-21
-22
-24
-28
-28
-28
-27
-30
-31
-30
-29
-27
-25
-23
-22
-22
-22
-23
-23
-24
-25
-30
-32
-33
-32
-29
-26
-25
-23
-23
-22
-23
-23
-23
-24
-21
-18
-17
-18
-21
-22
-21
-20
-20
-19
-16
-15
-15
-16
-17
-17
-15
-14
-14
-14
-14
-16
-16
-17
-16
-17
-20
-21
-21
-22
-21
-22
-23
-24
-22
-21
-20
-18
-17
-16
-16
-14
-18
-18
-18
-17
-18
-21
-22
-22
-19
-18
-21
-22
-20
-20
-16
-15
-16
-17
-16
-17
-19
-21
-21
-20
-18
-19
-22
-22
-20
-17
-14
-13
-15
-16
-15
-15
-14
-16
-16
-17
-17
-15
-15
-15
-15
-16
-16
-18
-18
-18
-18
-17
-17
-17
-16
-16
-16
-16
-16
-15
-13
-12
-12
-13
-15
-14
-13
-12
-13
-12
-10
-11
-10
-11
-11
-12
-11
-11
-10
-9
-10
-10
-7
-4
-5
-5
-5
-4
-5
-7
-10
-10
-10
-10
-13
-14
-13
-12
-11
-11
-13
-14
-14
-15
-13
-13
-13
-15
-16
-16
-15
-14
-12
-12
-11
-9
-9
-10
-10
-9
-8
-10
-12
-13
-13
-15
-16
-18
-18
-17
-16
-16
-15
-16
-18
-18
-19
-16
-14
-13
-14
-15
-15
-15
-16
-19
-21
-22
-22
-22
-23
-21
-21
-23
-24
-24
-24
-23
-22
-19
-19
-19
-20
-21
-23
-25
-27
-28
-26
-25
-22
-21
-22
-22
-22
-22
-21
-22
-24
-23
-23
-22
-26
-29
-27
-25
-26
-27
-27
-26
-26
-27
-28
-28
-29
-28
-28
-30
-30
-29
-26
-27
-27
-25
-27
-27
-28
-29
-28
-26
-26
-30
-34
-35
-33
-32
-28
-31
-30
-29
-28
-28
-29
-29
-31
-30
-30
-31
-33
-34
-35
-33
-33
-35
-34
-32
-29
-27
-28
-27
-25
-27
-27
-30
-30
-28
-30
-30
-31
-34
-32
-30
-34
-38
-37
-35
-33
-32
-32
-32
-32
-31
-32
-30
-29
-26
-25
-28
-30
-33
-31
-29
-28
-26
-29
-28
-29
-28
-29
-28
-27
-25
-25
-25
-25
-25
-25
-25
-24
-25
-27
-29
-27
-24
-24
-25
-28
-27
-27
-27
-27
-29
-29
-26
-25
-28
-29
-31
-32
-30
-31
-32
-32
-33
-33
-33
-31
-27
-24
-23
-22
-24
-25
-27
-26
-25
-26
-25
-25
-26
-24
-24
-26
-26
-26
-22
-20
-21
-22
-24
-21
-18
-16
-17
-19
-20
-20
-18
-17
-17
-18
-18
-16
-13
-12
-13
-13
-13
-12
-13
-14
-16
-15
-15
-17
-21
-22
-22
-22
-21
-23
-23
-21
-17
-15
-15
-18
-18
-18
-16
-18
-21
-21
-20
-20
-20
-22
-25
-25
-25
-24
-20
-16
-14
-14
-16
-16
-15
-16
-15
-16
-17
-18
-19
-18
-19
-20
-23
-23
-24
-24
-25
-26
-23
-23
-22
-21
-21
-19
-20
-22
-22
-21
-23
-24
-24
-23
-23
-23
-24
-24
-23
-24
-25
-25
-24
-22
-21
-19
-19
-16
-15
-16
-15
-16
-15
-13
-12
-14
-14
-14
-14
-16
-17
-19
-18
-17
-18
-19
-20
-18
-17
-19
-23
-23
-24
-24
-23
-22
-23
-23
-22
-23
-25
-25
-23
-21
-18
-17
-17
-16
-18
-20
-21
-24
-24
-23
-25
-27
-28
-25
-22
-23
-25
-26
-25
-22
-19
-20
-21
-20
-22
-23
-25
-26
-24
-25
-27
-26
-25
-29
-29
-31
-30
-29
-27
-26
-28
-30
-32
-31
-30
-30
-29
-31
-33
-31
-30
-29
-29
-30
-29
-29
-26
-25
-25
-25
-24
-23
-23
-23
-26
-27
-30
-30
-33
-33
-34
-33
-32
-31
-32
-32
-32
-30
-28
-27
-28
-29
-27
-27
-28
-28
-30
-31
-32
-33
-34
-33
-34
-34
-33
-33
-32
-31
-32
-33
-32
-32
-32
-33
-33
-34
-35
-36
-35
-34
-32
-30
-30
-30
-29
-29
-28
-29
-28
-26
-27
-29
-30
-30
-31
-33
-34
-33
-33
-34
-37
-37
-34
-31
-30
-31
-31
-29
-30
-32
-34
-33
-31
-33
-34
-37
-38
-34
-33
-35
-37
-36
-35
-33
-33
-34
-34
-38
-38
-37
-36
-33
-31
-31
-32
-31
-30
-31
-30
-33
-34
-32
-29
-26
-29
-33
-37
-36
-34
-33
-30
-32
-33
-35
-35
-36
-36
-37
-36
-34
-34
-34
-35
-37
-37
-36
-35
-34
-35
-36
-34
-31
-27
-28
-30
-30
-32
-31
-31
-31
-30
-30
-31
-33
-33
-29
-29
-29
-29
-27
-25
-25
-26
-28
-26
-24
-23
-22
-23
-26
-26
-26
-25
-23
-21
-20
-19
-20
-19
-19
-20
-21
-22
-20
-21
-20
-22
-26
-27
-28
-29
-28
-27
-24
-22
-21
-23
-23
-22
-21
-21
-23
-25
-25
-24
-22
-22
-25
-26
-25
-24
-23
-23
-26
-29
-29
-28
-27
-26
-27
-27
-25
-26
-28
-31
-30
-27
-25
-26
-28
-29
-28
-25
-26
-27
-26
-25
-28
-30
-31
-33
-32
-31
-30
-30
-29
-29
-32
-32
-32
-33
-33
-34
-34
-32
-29
-28
-29
-28
-29
-31
-32
-32
-32
-31
-32
-32
-32
-31
-33
-35
-35
-34
-31
-30
-31
-28
-27
-27
-28
-31
-31
-30
-28
-26
-27
-29
-31
-29
-28
-26
-26
-29
-30
-31
-31
-30
-31
-31
-30
-29
-29
-29
-30
-31
-32
-32
-31
-30
-30
-30
-32
-32
-30
-28
-29
-30
-32
-31
-29
-32
-33
-33
-35
-35
-33
-34
-35
-37
-37
-38
-38
-35
-37
-38
-41
-43
-42
-41
-41
-41
-42
-41
-39
-37
-38
-40
-40
-40
-39
-39
-39
-38
-37
-36
-37
-39
-40
-40
-37
-37
-39
-42
-38
-37
-34
-37
-40
-42
-41
-39
-40
-44
-46
-43
-40
-39
-41
-45
-43
-41
-40
-39
-39
-40
-41
-42
-41
-42
-41
-39
-37
-37
-39
-41
-41
-39
-36
-36
-35
-34
-33
-34
-34
-35
-34
-32
-32
-35
-36
-35
-33
-33
-35
-36
-34
-31
-30
-32
-31
-29
-28
-28
-29
-29
-29
-29
-30
-30
-32
-32
-31
-32
-30
-28
-28
-31
-34
-32
-31
-30
-31
-35
-36
-32
-31
-30
-33
-34
-34
-31
-29
-32
-32
-31
-31
-30
-30
-31
-33
-33
-32
-31
-31
-32
-29
-30
-32
-33
-36
-35
-33
-31
-29
-31
-32
-32
-31
-31
-30
-29
-27
-29
-28
-29
-29
-31
-31
-30
-29
-29
-30
-31
-31
-31
-30
-29
-28
-30
-32
-33
-31
-30
-28
-29
-30
-28
-30
-32
-31
-32
-32
-28
-28
-28
-27
-28
-27
-26
-27
-29
-29
-28
-29
-28
-28
-28
-29
-30
-29
-28
-26
-26
-23
-24
-24
-25
-24
-23
-22
-21
-22
-19
-20
-20
-21
-24
-21
-18
-18
-17
-18
-21
-22
-22
-21
-20
-21
-22
-21
-20
-19
-18
-18
-19
-19
-20
-21
-21
-20
-20
-19
-19
-20
-22
-21
-22
-22
-23
-23
-23
-23
-25
-27
-30
-29
-27
-24
-24
-26
-28
-29
-29
-29
-29
-27
-25
-23
-23
-24
-24
-24
-25
-26
-25
-24
-25
-26
-27
-28
-29
-28
-27
-26
-27
-30
-31
-31
-29
-27
-27
-27
-28
-28
-28
-27
-29
-30
-29
-28
-26
-28
-28
-28
-29
-29
-29
-29
-28
-26
-26
-27
-28
-29
-29
-29
-28
-28
-29
-31
-31
-29
-30
-29
-26
-25
-26
-27
-27
-27
-25
-25
-27
-26
-27
-26
-25
-28
-29
-28
-28
-25
-24
-23
-25
-27
-27
-27
-25
-24
-24
-26
-26
-25
-23
-25
-25
-28
-28
-27
-28
-30
-33
-33
-31
-28
-29
-29
-31
-31
-32
-31
-31
-33
-35
-37
-34
-33
-31
-30
-32
-33
-32
-32
-31
-30
-31
-30
-33
-33
-33
-32
-33
-33
-34
-34
-33
-32
-33
-33
-34
-35
-37
-37
-35
-32
-32
-30
-31
-30
-31
-31
-30
-29
-29
-33
-34
-32
-32
-32
-35
-35
-33
-31
-29
-30
-29
-29
-28
-30
-31
-30
-29
-31
-30
-31
-33
-34
-33
-35
-36
-37
-34
-31
-31
-29
-29
-29
-28
-27
-27
-28
-32
-32
-32
-32
-33
-33
-32
-32
-30
-32
-33
-33
-35
-34
-33
-32
-30
-29
-28
-28
-30
-33
-33
-30
-29
-28
-29
-29
-29
-29
-29
-27
-27
-28
-28
-30
-30
-30
-32
-31
-30
-28
-29
-29
-30
-29
-28
-27
-29
-27
-26
-26
-26
-27
-24
-23
-22
-22
-22
-23
-25
-27
-26
-26
-27
-28
-26
-27
-27
-28
-27
-27
-25
-25
-26
-27
-28
-26
-23
-23
-22
-22
-21
-21
-22
-25
-26
-24
-22
-19
-19
-19
-17
-19
-19
-18
-19
-20
-18
-19
-21
-22
-23
-24
-23
-21
-19
-20
-21
-21
-20
-19
-17
-17
-19
-20
-20
-19
-18
-20
-22
-24
-25
-26
-25
-27
-26
-25
-24
-25
-24
-25
-23
-21
-21
-20
-18
-17
-16
-16
-17
-17
-19
-18
-19
-20
-20
-20
-20
-19
-17
-16
-16
-17
-19
-19
-19
-19
-19
-17
-16
-15
-15
-18
-20
-20
-21
-21
-21
-20
-20
-20
-18
-17
-16
-17
-19
-20
-20
-18
-18
-20
-21
-22
-22
-20
-21
-21
-23
-23
-21
-22
-21
-21
-21
-19
-19
-20
-19
-22
-20
-18
-18
-21
-22
-21
-22
-23
-24
-27
-27
-26
-23
-22
-24
-26
-27
-28
-25
-22
-24
-25
-26
-24
-24
-22
-22
-22
-24
-26
-25
-23
-22
-24
-26
-25
-23
-21
-21
-23
-23
-23
-22
-23
-25
-25
-23
-21
-19
-21
-22
-20
-20
-21
-21
-20
-20
-20
-21
-19
-17
-19
-22
-26
-26
-24
-23
-23
-23
-21
-19
-17
-18
-20
-20
-19
-18
-19
-20
-18
-17
-18
-18
-20
-20
-16
-16
-17
-17
-18
-19
-19
-20
-20
-18
-19
-21
-19
-19
-18
-18
-20
-20
-20
-19
-17
-18
-19
-20
-19
-20
-21
-20
-19
-19
-22
-22
-21
-20
-19
-19
-18
-19
-19
-21
-22
-20
-20
-20
-20
-21
-21
-21
-21
-20
-20
-20
-21
-24
-24
-23
-21
-19
-20
-21
-21
-20
-21
-23
-22
-21
-17
-16
-19
-20
-20
-20
-19
-21
-22
-21
-23
-21
-20
-19
-22
-22
-24
-24
-26
-24
-25
-26
-24
-24
-24
-25
-25
-23
-21
-22
-21
-22
-23
-22
-21
-24
-27
-26
-25
-25
-25
-25
-23
-22
-22
-23
-22
-21
-20
-20
-21
-22
-20
-19
-19
-19
-20
-22
-24
-24
-23
-21
-17
-17
-17
-17
-18
-19
-20
-20
-20
-20
-20
-22
-21
-18
-18
-19
-18
-18
-19
-19
-23
-25
-24
-22
-22
-20
-21
-25
-26
-25
-24
-24
-26
-26
-26
-26
-24
-24
-23
-22
-21
-20
-20
-21
-22
-23
-22
-19
-17
-20
-23
-23
-24
-22
-23
-23
-23
-21
-19
-18
-16
-19
-20
-21
-18
-17
-16
-21
-21
-22
-22
-21
-20
-20
-20
-20
-22
-23
-23
-23
-22
-21
-19
-17
-19
-19
-20
-20
-23
-23
-22
-19
-19
-21
-22
-21
-22
-24
-23
-23
-21
-21
-21
-21
-19
-20
-20
-20
-21
-22
-23
-22
-23
-21
-20
-20
-22
-23
-21
-19
-17
-17
-18
-18
-17
-18
-22
-23
-21
-20
-20
-22
-24
-26
-24
-22
-22
-22
-24
-24
-23
-22
-21
-20
-20
-21
-21
-20
-20
-20
-21
-23
-23
-23
-23
-23
-24
-23
-22
-21
-22
-22
-22
-22
-22
-21
-20
-19
-19
-19
-19
-18
-20
-22
-24
-26
-24
-21
-22
-22
-24
-25
-26
-25
-23
-22
-23
-23
-25
-24
-23
-25
-25
-24
-27
-27
-28
-30
-28
-28
-26
-25
-23
-23
-26
-27
-29
-31
-30
-28
-27
-25
-24
-26
-25
-23
-22
-20
-21
-22
-21
-20
-20
-19
-21
-23
-22
-24
-25
-26
-28
-25
-26
-26
-25
-25
-26
-26
-26
-24
-24
-24
-23
-25
-25
-24
-25
-27
-27
-27
-26
-24
-25
-27
-30
-30
-29
-26
-23
-24
-25
-26
-26
-24
-23
-22
-24
-27
-28
-24
-24
-22
-21
-22
-22
-23
-25
-23
-22
-24
-25
-22
-23
-25
-25
-25
-23
-24
-24
-24
-23
-22
-22
-23
-25
-24
-21
-18
-18
-19
-21
-21
-20
-20
-20
-19
-17
-17
-18
-17
-19
-20
-22
-20
-20
-19
-21
-21
-21
-21
-20
-19
-19
-18
-16
-15
-16
-18
-20
-20
-20
-20
-21
-23
-20
-20
-17
-20
-20
-21
-21
-21
-21
-20
-19
-19
-20
-19
-20
-21
-24
-23
-21
-20
-20
-18
-19
-23
-23
-22
-20
-19
-21
-23
-23
-22
-21
-19
-18
-17
-18
-20
-20
-20
-18
-18
-19
-20
-20
-18
-18
-20
-21
-19
-18
-18
-20
-22
-20
-18
-16
-18
-21
-21
-19
-20
-22
-24
-25
-23
-21
-22
-23
-25
-24
-23
-24
-24
-25
-24
-25
-24
-22
-21
-21
-23
-25
-23
-22
-22
-22
-22
-23
-23
-22
-20
-20
-20
-20
-18
-20
-21
-23
-22
-22
-23
-23
-23
-23
-21
-22
-22
-21
-20
-21
-21
-23
-25
-25
-26
-24
-25
-23
-23
-23
-23
-23
-24
-26
-27
-27
-26
-26
-25
-25
-23
-22
-20
-19
-22
-22
-24
-25
-25
-24
-22
-21
-20
-20
-20
-23
-24
-23
-23
-23
-24
-26
-27
-26
-24
-26
-27
-25
-23
-22
-24
-24
-22
-22
-25
-26
-27
-25
-24
-24
-24
-24
-25
-28
-29
-28
-27
-27
-29
-31
-33
-31
-29
-30
-31
-30
-29
-29
-29
-32
-33
-33
-31
-31
-30
-30
-29
-28
-28
-31
-33
-34
-33
-32
-31
-31
-32
-32
-32
-29
-29
-29
-30
-31
-31
-28
-27
-25
-25
-27
-29
-31
-30
-28
-28
-28
-30
-31
-28
-29
-28
-28
-31
-31
-29
-28
-29
-33
-33
-34
-34
-34
-33
-32
-31
-32
-33
-32
-31
-33
-33
-34
-34
-33
-32
-32
-35
-37
-36
-36
-34
-33
-33
-34
-33
-33
-34
-35
-35
-36
-36
-36
-33
-33
-35
-36
-38
-36
-35
-34
-35
-35
-36
-36
-38
-38
-35
-37
-39
-39
-41
-41
-40
-39
-37
-36
-35
-36
-37
-37
-37
-39
-40
-41
-40
-39
-39
-41
-41
-41
-41
-40
-38
-37
-35
-33
-36
-37
-36
-36
-37
-38
-37
-37
-37
-38
-40
-38
-37
-37
-39
-38
-37
-35
-36
-37
-38
-36
-36
-34
-35
-34
-33
-34
-35
-35
-34
-33
-34
-33
-35
-36
-38
-37
-37
-37
-37
-35
-35
-35
-34
-35
-36
-37
-36
-36
-37
-34
-34
-35
-36
-40
-40
-39
-36
-34
-35
-36
-37
-35
-34
-35
-36
-37
-36
-36
-35
-37
-38
-39
-38
-36
-33
-31
-30
-30
-32
-32
-33
-32
-32
-33
-33
-32
-32
-32
-32
-31
-32
-31
-30
-31
-31
-31
-31
-31
-31
-32
-33
-35
-35
-32
-32
-30
-31
-32
-32
-31
-32
-34
-34
-34
-34
-33
-33
-33
-33
-33
-33
-36
-35
-35
-33
-33
-33
-32
-31
-32
-35
-35
-36
-33
-33
-34
-34
-38
-38
-37
-34
-33
-32
-32
-31
-31
-30
-31
-32
-35
-33
-32
-33
-31
-32
-33
-33
-34
-34
-36
-36
-36
-37
-39
-37
-33
-32
-32
-34
-34
-31
-31
-33
-33
-34
-33
-31
-30
-31
-33
-31
-29
-30
-30
-31
-33
-31
-29
-25
-26
-28
-27
-26
-27
-29
-31
-32
-29
-29
-29
-27
-25
-25
-26
-29
-30
-30
-29
-30
-30
-31
-27
-25
-23
-26
-27
-26
-24
-23
-22
-25
-27
-26
-26
-25
-25
-25
-24
-24
-26
-27
-30
-31
-30
-30
-31
-30
-30
-29
-26
-25
-26
-27
-28
-27
-26
-28
-29
-28
-27
-27
-26
-27
-27
-25
-25
-26
-26
-23
-23
-26
-27
-29
-29
-27
-26
-25
-23
-23
-23
-22
-23
-24
-23
-21
-22
-22
-23
-23
-24
-24
-26
-26
-25
-23
-23
-24
-25
-26
-25
-26
-28
-26
-26
-28
-28
-27
-25
-25
-26
-27
-27
-26
-24
-26
-26
-26
-23
-20
-21
-22
-25
-26
-28
-28
-27
-27
-26
-24
-23
-24
-22
-23
-25
-25
-23
-21
-21
-22
-24
-25
-24
-23
-20
-20
-22
-25
-27
-27
-26
-24
-25
-25
-24
-22
-22
-23
-25
-23
-24
-22
-22
-24
-25
-25
-26
-28
-27
-25
-25
-26
-28
-27
-27
-27
-26
-25
-23
-22
-22
-22
-23
-23
-21
-22
-21
-25
-27
-27
-26
-24
-24
-24
-22
-23
-22
-21
-22
-23
-24
-26
-26
-26
-26
-24
-22
-22
-21
-21
-22
-22
-22
-20
-20
-20
-21
-23
-24
-22
-21
-22
-21
-21
-21
-22
-23
-24
-24
-24
-26
-22
-22
-23
-23
-23
-23
-23
-24
-25
-25
-25
-23
-23
-24
-25
-25
-26
-26
-26
-27
-26
-25
-23
-24
-28
-28
-25
-26
-24
-22
-22
-23
-21
-20
-19
-21
-23
-23
-22
-21
-21
-21
-23
-26
-26
-27
-26
-25
-24
-25
-24
-23
-22
-24
-25
-26
-25
-24
-24
-25
-26
-26
-25
-23
-23
-25
-25
-25
-22
-20
-25
-29
-30
-29
-28
-27
-28
-29
-28
-26
-26
-27
-27
-26
-27
-26
-24
-23
-24
-26
-24
-24
-24
-25
-28
-29
-28
-27
-27
-27
-27
-27
-27
-27
-25
-26
-27
-27
-25
-24
-23
-24
-26
-27
-27
-26
-26
-28
-25
-26
-28
-30
-30
-29
-27
-30
-30
-30
-30
-30
-31
-32
-33
-32
-31
-31
-33
-35
-35
-35
-33
-34
-33
-31
-30
-28
-28
-30
-31
-31
-31
-31
-31
-28
-28
-29
-31
-32
-31
-28
-29
-26
-28
-29
-30
-30
-30
-29
-28
-29
-28
-26
-25
-26
-28
-31
-31
-27
-26
-28
-30
-30
-30
-31
-31
-32
-32
-31
-31
-32
-33
-34
-34
-35
-33
-32
-31
-32
-33
-32
-31
-30
-29
-30
-32
-31
-33
-34
-33
-32
-30
-31
-32
-34
-32
-33
-32
-31
-32
-31
-30
-30
-30
-34
-34
-33
-31
-30
-31
-31
-29
-28
-29
-31
-31
-32
-34
-32
-31
-30
-30
-30
-32
-33
-32
-33
-32
-31
-29
-28
-28
-29
-30
-30
-28
-27
-29
-31
-33
-33
-34
-33
-34
-34
-35
-35
-34
-34
-34
-32
-32
-33
-33
-30
-31
-31
-31
-33
-35
-33
-33
-35
-37
-39
-40
-38
-35
-34
-34
-34
-35
-33
-32
-31
-31
-31
-35
-35
-35
-33
-33
-34
-34
-33
-32
-32
-33
-35
-35
-32
-31
-32
-33
-34
-34
-34
-33
-34
-35
-36
-34
-36
-36
-33
-33
-34
-34
-35
-36
-35
-34
-34
-35
-34
-34
-33
-35
-36
-36
-36
-35
-35
-34
-33
-33
-32
-31
-32
-33
-32
-33
-33
-33
-30
-30
-31
-31
-31
-33
-32
-33
-33
-32
-34
-34
-36
-36
-35
-31
-32
-33
-33
-31
-31
-29
-30
-30
-29
-28
-28
-29
-28
-29
-29
-29
-30
-31
-30
-31
-33
-34
-34
-33
-34
-35
-36
-35
-35
-35
-34
-34
-35
-34
-34
-34
-32
-31
-33
-34
-36
-35
-32
-32
-33
-35
-35
-35
-35
-35
-33
-33
-32
-31
-30
-31
-31
-30
-30
-31
-32
-32
-34
-35
-31
-28
-28
-29
-29
-28
-27
-27
-29
-30
-29
-28
-28
-31
-32
-33
-33
-29
-28
-28
-29
-31
-32
-32
-32
-32
-32
-31
-30
-29
-32
-31
-33
-33
-33
-32
-28
-27
-28
-30
-32
-33
-33
-32
-32
-33
-32
-32
-34
-35
-34
-34
-34
-33
-33
-31
-32
-31
-32
-32
-32
-31
-32
-32
-32
-32
-31
-29
-29
-30
-31
-32
-33
-31
-32
-35
-36
-34
-32
-31
-32
-34
-35
-36
-35
-34
-34
-32
-33
-32
-33
-33
-33
-34
-34
-35
-34
-31
-30
-30
-33
-34
-34
-32
-30
-29
-32
-31
-31
-29
-28
-29
-31
-30
-28
-30
-29
-29
-30
-29
-28
-26
-26
-28
-29
-29
-28
-28
-28
-27
-27
-25
-26
-28
-30
-30
-26
-25
-26
-27
-26
-25
-22
-22
-25
-26
-28
-28
-28
-26
-26
-26
-26
-28
-28
-28
-32
-33
-33
-32
-30
-28
-27
-27
-26
-28
-28
-28
-30
-32
-30
-30
-28
-28
-30
-32
-32
-31
-30
-31
-31
-33
-34
-33
-31
-32
-34
-34
-32
-31
-31
-30
-31
-31
-31
-30
-29
-29
-28
-29
-29
-32
-33
-34
-31
-32
-33
-36
-36
-35
-35
-35
-37
-36
-36
-33
-32
-33
-32
-34
-33
-33
-33
-34
-34
-34
-32
-32
-32
-33
-33
-33
-32
-34
-35
-33
-32
-31
-30
-31
-31
-31
-31
-30
-30
-31
-31
-30
-29
-26
-26
-28
-29
-31
-31
-31
-32
-31
-29
-29
-29
-29
-29
-28
-27
-29
-31
-30
-30
-30
-27
-28
-29
-27
-26
-29
-30
-31
-27
-24
-24
-27
-29
-28
-29
-29
-28
-27
-28
-29
-31
-31
-29
-26
-26
-27
-26
-25
-26
-27
-29
-28
-25
-25
-25
-28
-30
-30
-29
-29
-28
-28
-29
-29
-29
-28
-28
-27
-26
-25
-25
-26
-24
-23
-21
-23
-25
-25
-24
-23
-24
-27
-28
-27
-28
-28
-28
-27
-26
-24
-25
-24
-24
-24
-26
-26
-27
-28
-26
-24
-24
-24
-24
-26
-27
-30
-30
-31
-28
-28
-28
-29
-28
-25
-26
-28
-29
-30
-30
-29
-28
-30
-31
-31
-28
-27
-26
-26
-28
-30
-30
-30
-29
-30
-28
-26
-26
-26
-27
-27
-26
-25
-26
-25
-23
-21
-21
-23
-24
-23
-24
-27
-25
-25
-23
-23
-24
-23
-24
-26
-27
-25
-24
-22
-23
-25
-27
-28
-29
-29
-30
-29
-29
-29
-26
-26
-27
-28
-31
-29
-27
-28
-28
-25
-24
-23
